00	14	19	v	 0	 1	 0	 1	 1	 1	 1	 1	 1	 1	 1	 1	  1.31	  0.00
01	14	19	v	 0	 1	 0	 2	 2	 1	 1	 1	 0	 2	 2	 1	  0.73	  0.00
02	14	19	v	 0	 1	 0	 1	 2	 1	 1	 2	 0	 2	 2	 1	  0.46	  0.00
03	14	19	v	 0	 1	 0	 3	 1	 1	 1	 1	 1	 1	 1	 1	  0.46	  0.00
04	14	19	v	 0	 1	 0	 3	 2	 1	 1	 1	 0	 2	 2	 1	  0.34	  0.00
05	14	19	v	 0	 1	 0	 1	 1	 1	 1	 1	 1	 1	 2	 0	  0.56	  0.00
06	14	19	v	 0	 1	 0	 3	 2	 1	 1	 2	 0	 2	 2	 1	  0.45	  0.00
07	14	19	v	 0	 1	 0	 1	 2	 1	 1	 1	 0	 2	 2	 1	  0.47	  0.00
08	14	19	v	 0	 1	 0	 2	 2	 1	 1	 1	 0	 2	 2	 1	  0.46	  0.00
09	14	19	v	 0	 1	 0	 2	 2	 1	 1	 2	 0	 2	 2	 1	  0.37	  0.00
10	14	19	v	 0	 1	 0	 3	 1	 1	 1	 2	 1	 1	 2	 0	  1.47	  0.00
11	14	19	v	 0	 1	 0	 1	 2	 1	 1	 2	 0	 2	 2	 1	  0.55	  0.00
12	14	19	v	 0	 1	 0	 1	 1	 1	 1	 1	 1	 1	 2	 0	  0.75	  0.00
13	14	19	v	 0	 1	 0	 3	 2	 1	 1	 2	 0	 2	 1	 0	  0.49	  0.00
14	14	19	v	 0	 1	 0	 1	 2	 1	 1	 2	 0	 2	 2	 1	  0.56	  0.00
15	14	19	v	 0	 1	 0	 2	 1	 1	 1	 1	 1	 1	 1	 1	  0.55	  0.00
16	14	19	v	 0	 1	 0	 3	 1	 1	 1	 2	 1	 1	 1	 1	  0.62	  0.00
17	14	19	v	 0	 1	 0	 2	 2	 1	 1	 2	 0	 2	 2	 1	  0.55	  0.00
18	14	19	v	 0	 1	 0	 1	 1	 1	 1	 1	 1	 1	 1	 1	  0.67	  0.00
19	14	19	v	 0	 1	 0	 1	 2	 1	 1	 1	 0	 2	 1	 0	  0.44	  0.00
20	14	19	v	 0	 1	 0	 1	 2	 1	 1	 2	 0	 2	 1	 0	  0.49	  0.00
21	14	19	v	 0	 1	 0	 1	 1	 1	 1	 2	 1	 1	 1	 1	  1.04	  0.00
22	14	19	v	 0	 1	 0	 3	 1	 1	 1	 1	 1	 1	 1	 1	  0.59	  0.00
23	14	19	v	 0	 1	 0	 1	 1	 1	 1	 1	 1	 1	 2	 0	  0.63	  0.00
24	14	19	v	 0	 1	 0	 2	 2	 1	 1	 1	 0	 2	 2	 1	  0.75	  0.00
25	14	19	v	 0	 1	 0	 1	 2	 1	 1	 2	 0	 2	 1	 0	  0.49	  0.00
26	14	19	v	 0	 1	 0	 2	 1	 1	 1	 2	 1	 1	 1	 1	  0.97	  0.00
27	14	19	v	 0	 1	 0	 1	 2	 1	 1	 2	 0	 2	 2	 1	  0.94	  0.00
28	14	19	v	 0	 1	 0	 2	 1	 1	 1	 1	 1	 1	 2	 0	  0.97	  0.00
29	14	19	v	 0	 1	 0	 3	 2	 1	 1	 1	 0	 2	 1	 0	  0.80	  0.00
30	14	19	v	 0	 1	 0	 1	 1	 1	 1	 1	 1	 1	 2	 0	  0.60	  0.00
31	14	19	v	 0	 1	 0	 3	 2	 1	 1	 2	 0	 2	 1	 0	  0.58	  0.00
32	14	19	v	 0	 1	 0	 1	 1	 1	 1	 2	 1	 1	 2	 0	  0.83	  0.00
33	14	19	v	 0	 1	 0	 1	 1	 1	 1	 2	 1	 1	 1	 1	  0.90	  0.00
34	14	19	v	 0	 1	 0	 3	 1	 1	 1	 1	 1	 1	 2	 0	  0.66	  0.00
35	14	19	v	 0	 1	 0	 2	 2	 1	 1	 1	 0	 2	 2	 1	  0.72	  0.00
36	14	19	v	 0	 1	 0	 2	 2	 1	 1	 1	 0	 2	 1	 0	  0.67	  0.00
37	14	19	v	 0	 1	 0	 2	 1	 1	 1	 1	 1	 1	 2	 0	  0.48	  0.00
38	14	19	v	 0	 1	 0	 3	 2	 1	 1	 1	 0	 2	 2	 1	  0.80	  0.00
39	14	19	v	 0	 1	 0	 2	 2	 1	 1	 1	 0	 2	 1	 0	  0.54	  0.00
40	14	19	v	 0	 1	 0	 2	 1	 1	 1	 2	 1	 1	 1	 1	  1.38	  0.00
41	14	19	v	 0	 1	 0	 3	 2	 1	 1	 2	 0	 2	 2	 1	  0.72	  0.00
42	14	19	v	 0	 1	 0	 1	 1	 1	 1	 2	 1	 1	 2	 0	  0.43	  0.00
43	14	19	v	 0	 1	 0	 1	 1	 1	 1	 2	 1	 1	 2	 0	  0.61	  0.00
44	14	19	v	 0	 1	 0	 2	 1	 1	 1	 1	 1	 1	 1	 1	  0.69	  0.00
45	14	19	v	 0	 1	 0	 2	 1	 1	 1	 1	 1	 1	 1	 1	  0.49	  0.00
46	14	19	v	 0	 1	 0	 2	 2	 1	 1	 2	 0	 2	 2	 1	  0.44	  0.00
47	14	19	v	 0	 1	 0	 3	 2	 1	 1	 1	 0	 2	 2	 1	  0.44	  0.00
48	14	19	v	 0	 1	 0	 1	 2	 1	 1	 1	 0	 2	 2	 1	  0.46	  0.00
49	14	19	v	 0	 1	 0	 2	 2	 1	 1	 1	 0	 2	 2	 1	  0.45	  0.00
50	14	19	v	 0	 1	 0	 3	 1	 1	 1	 1	 1	 1	 2	 0	  0.46	  0.00
51	14	19	v	 0	 1	 0	 3	 2	 1	 1	 2	 0	 2	 2	 1	  0.45	  0.00
52	14	19	v	 0	 1	 0	 2	 2	 1	 1	 1	 0	 2	 2	 1	  0.40	  0.00
53	14	19	v	 0	 1	 0	 1	 1	 1	 1	 2	 1	 1	 1	 1	  0.44	  0.00
54	14	19	v	 0	 1	 0	 2	 2	 1	 1	 2	 0	 2	 2	 1	  0.38	  0.00
55	14	19	v	 0	 1	 0	 2	 1	 1	 1	 2	 1	 1	 2	 0	  0.44	  0.00
56	14	19	v	 0	 1	 0	 2	 1	 1	 1	 1	 1	 1	 1	 1	  0.69	  0.00
57	14	19	v	 0	 1	 0	 2	 1	 1	 1	 2	 1	 1	 1	 1	  0.49	  0.00
58	14	19	v	 0	 1	 0	 3	 1	 1	 1	 2	 1	 1	 1	 1	  0.42	  0.00
59	14	19	v	 0	 1	 0	 2	 2	 1	 1	 2	 0	 2	 2	 1	  0.38	  0.00
60	14	19	v	 0	 1	 0	 3	 2	 1	 1	 2	 0	 2	 2	 1	  0.33	  0.00
61	14	19	v	 0	 1	 0	 1	 2	 1	 1	 1	 0	 2	 2	 1	  0.40	  0.00
62	14	19	v	 0	 1	 0	 3	 1	 1	 1	 1	 1	 1	 1	 1	  0.44	  0.00
63	14	19	v	 0	 1	 0	 3	 1	 1	 1	 2	 1	 1	 1	 1	  0.44	  0.00
64	14	19	v	 0	 1	 0	 3	 2	 1	 1	 1	 0	 2	 2	 1	  0.32	  0.00
65	14	19	v	 0	 1	 0	 2	 1	 1	 1	 1	 1	 1	 1	 1	  0.38	  0.00
66	14	19	v	 0	 1	 0	 3	 1	 1	 1	 1	 1	 1	 1	 1	  0.46	  0.00
67	14	19	v	 0	 1	 0	 1	 2	 1	 1	 1	 0	 2	 2	 1	  0.40	  0.00
68	14	19	v	 0	 1	 0	 3	 2	 1	 1	 1	 0	 2	 2	 1	  0.51	  0.00
69	14	19	v	 0	 1	 0	 3	 1	 1	 1	 1	 1	 1	 1	 1	  0.49	  0.00
70	14	19	v	 0	 1	 0	 1	 2	 1	 1	 2	 0	 2	 2	 1	  0.43	  0.00
71	14	19	v	 0	 1	 0	 2	 2	 1	 1	 2	 0	 2	 2	 1	  0.46	  0.00
72	14	19	v	 0	 1	 0	 1	 2	 1	 1	 1	 0	 2	 2	 1	  0.42	  0.00
73	14	19	v	 0	 1	 0	 2	 1	 1	 1	 2	 1	 1	 1	 1	  0.41	  0.00
74	14	19	v	 0	 1	 0	 3	 1	 1	 1	 1	 1	 1	 1	 1	  0.50	  0.00
75	14	19	v	 0	 1	 0	 2	 1	 1	 1	 2	 1	 1	 1	 1	  0.36	  0.00
76	14	19	v	 0	 1	 0	 2	 2	 1	 1	 2	 0	 2	 2	 1	  0.53	  0.00
77	14	19	v	 0	 1	 0	 3	 1	 1	 1	 2	 1	 1	 1	 1	  0.44	  0.00
78	14	19	v	 0	 1	 0	 3	 2	 1	 1	 1	 0	 2	 2	 1	  0.38	  0.00
79	14	19	v	 0	 1	 0	 1	 1	 1	 1	 1	 1	 1	 1	 1	  0.85	  0.00
80	14	19	v	 0	 1	 0	 1	 1	 1	 1	 1	 1	 1	 1	 1	  0.51	  0.00
81	14	19	v	 0	 1	 0	 1	 1	 1	 1	 2	 1	 1	 1	 1	  0.38	  0.00
82	14	19	v	 0	 1	 0	 2	 2	 1	 1	 2	 0	 2	 2	 1	  0.45	  0.00
83	14	19	v	 0	 1	 0	 3	 2	 1	 1	 2	 0	 2	 2	 1	  0.53	  0.00
84	14	19	v	 0	 1	 0	 3	 1	 1	 1	 2	 1	 1	 1	 1	  0.45	  0.00
85	14	19	v	 0	 1	 0	 2	 1	 1	 1	 2	 1	 1	 1	 1	  0.39	  0.00
86	14	19	v	 0	 1	 0	 2	 1	 1	 1	 2	 1	 1	 1	 1	  0.38	  0.00
87	14	19	v	 0	 1	 0	 3	 1	 1	 1	 2	 1	 1	 2	 0	  0.32	  0.00
88	14	19	v	 0	 1	 0	 1	 2	 1	 1	 1	 0	 2	 2	 1	  0.32	  0.00
89	14	19	v	 0	 1	 0	 3	 2	 1	 1	 2	 0	 2	 2	 1	  0.43	  0.00
90	14	19	v	 0	 1	 0	 3	 2	 1	 1	 1	 0	 2	 2	 1	  0.53	  0.00
91	14	19	v	 0	 1	 0	 1	 2	 1	 1	 1	 0	 2	 2	 1	  0.42	  0.00
92	14	19	v	 0	 1	 0	 2	 1	 1	 1	 1	 1	 1	 1	 1	  0.39	  0.00
93	14	19	v	 0	 1	 0	 1	 2	 1	 1	 2	 0	 2	 2	 1	  0.53	  0.00
94	14	19	v	 0	 1	 0	 3	 1	 1	 1	 2	 1	 1	 1	 1	  0.48	  0.00
95	14	19	v	 0	 1	 0	 1	 1	 1	 1	 2	 1	 1	 1	 1	  0.44	  0.00
96	14	19	v	 0	 1	 1	 1	 2	 2	 2	 2	 1	 2	 2	 1	  0.48	  0.00
97	14	19	v	 0	 1	 1	 2	 1	 2	 2	 1	 0	 1	 1	 1	  0.32	  0.00
98	14	19	v	 0	 1	 1	 1	 2	 2	 2	 1	 1	 2	 2	 1	  0.35	  0.00
99	14	19	v	 0	 1	 1	 3	 2	 2	 2	 2	 1	 2	 2	 1	  0.34	  0.00
100	14	19	v	 0	 1	 1	 3	 1	 2	 2	 1	 0	 1	 1	 1	  0.39	  0.00
101	14	19	v	 0	 1	 1	 3	 2	 2	 2	 1	 1	 2	 2	 1	  0.35	  0.00
102	14	19	v	 0	 1	 1	 1	 2	 2	 2	 1	 1	 2	 2	 1	  0.36	  0.00
103	14	19	v	 0	 1	 1	 3	 1	 2	 2	 1	 0	 1	 1	 1	  0.42	  0.00
104	14	19	v	 0	 1	 1	 3	 1	 2	 2	 2	 0	 1	 1	 1	  0.39	  0.00
105	14	19	v	 0	 1	 1	 3	 2	 2	 2	 1	 1	 2	 2	 1	  0.29	  0.00
106	14	19	v	 0	 1	 1	 1	 1	 2	 2	 2	 0	 1	 1	 1	  0.33	  0.00
107	14	19	v	 0	 1	 1	 1	 1	 2	 2	 2	 0	 1	 1	 1	  0.39	  0.00
108	14	19	v	 0	 1	 1	 1	 1	 2	 2	 1	 0	 1	 1	 1	  0.33	  0.00
109	14	19	v	 0	 1	 1	 3	 1	 2	 2	 2	 0	 1	 1	 1	  0.36	  0.00
110	14	19	v	 0	 1	 1	 1	 2	 2	 2	 2	 1	 2	 2	 1	  0.47	  0.00
111	14	19	v	 0	 1	 1	 2	 2	 2	 2	 2	 1	 2	 2	 1	  0.36	  0.00
112	14	19	v	 0	 1	 1	 1	 1	 2	 2	 1	 0	 1	 1	 1	  0.32	  0.00
113	14	19	v	 0	 1	 1	 3	 1	 2	 2	 1	 0	 1	 2	 0	  0.32	  0.00
114	14	19	v	 0	 1	 1	 3	 1	 2	 2	 1	 0	 1	 1	 1	  0.37	  0.00
115	14	19	v	 0	 1	 1	 2	 2	 2	 2	 2	 1	 2	 2	 1	  0.67	  0.00
116	14	19	v	 0	 1	 1	 2	 1	 2	 2	 2	 0	 1	 1	 1	  0.73	  0.00
117	14	19	v	 0	 1	 1	 2	 2	 2	 2	 1	 1	 2	 2	 1	  0.39	  0.00
118	14	19	v	 0	 1	 1	 3	 1	 2	 2	 2	 0	 1	 1	 1	  0.33	  0.00
119	14	19	v	 0	 1	 1	 1	 1	 2	 2	 1	 0	 1	 1	 1	  0.65	  0.00
120	14	19	v	 0	 1	 1	 2	 2	 2	 2	 2	 1	 2	 2	 1	  0.84	  0.00
121	14	19	v	 0	 1	 1	 1	 1	 2	 2	 1	 0	 1	 1	 1	  0.36	  0.00
122	14	19	v	 0	 1	 1	 1	 2	 2	 2	 1	 1	 2	 2	 1	  0.33	  0.00
123	14	19	v	 0	 1	 1	 2	 2	 2	 2	 1	 1	 2	 2	 1	  0.51	  0.00
124	14	19	v	 0	 1	 1	 2	 2	 2	 2	 1	 1	 2	 2	 1	  0.39	  0.00
125	14	19	v	 0	 1	 1	 3	 1	 2	 2	 1	 0	 1	 1	 1	  0.47	  0.00
126	14	19	v	 0	 1	 1	 1	 2	 2	 2	 1	 1	 2	 2	 1	  0.45	  0.00
127	14	19	v	 0	 1	 1	 3	 2	 2	 2	 1	 1	 2	 2	 1	  0.52	  0.00
128	14	19	v	 0	 1	 1	 3	 2	 2	 2	 2	 1	 2	 2	 1	  0.41	  0.00
129	14	19	v	 0	 1	 1	 3	 2	 2	 2	 2	 1	 2	 2	 1	  0.40	  0.00
130	14	19	v	 0	 1	 1	 2	 1	 2	 2	 1	 0	 1	 1	 1	  0.43	  0.00
131	14	19	v	 0	 1	 1	 2	 1	 2	 2	 2	 0	 1	 1	 1	  0.43	  0.00
132	14	19	v	 0	 1	 1	 2	 2	 2	 2	 2	 1	 2	 2	 1	  0.38	  0.00
133	14	19	v	 0	 1	 1	 3	 2	 2	 2	 1	 1	 2	 2	 1	  0.44	  0.00
134	14	19	v	 0	 1	 1	 1	 2	 2	 2	 2	 1	 2	 2	 1	  0.42	  0.00
135	14	19	v	 0	 1	 1	 1	 1	 2	 2	 2	 0	 1	 1	 1	  0.45	  0.00
136	14	19	v	 0	 1	 1	 1	 2	 2	 2	 2	 1	 2	 2	 1	  0.34	  0.00
137	14	19	v	 0	 1	 1	 3	 2	 2	 2	 1	 1	 2	 2	 1	  0.36	  0.00
138	14	19	v	 0	 1	 1	 2	 2	 2	 2	 1	 1	 2	 2	 1	  0.39	  0.00
139	14	19	v	 0	 1	 1	 3	 1	 2	 2	 1	 0	 1	 1	 1	  0.41	  0.00
140	14	19	v	 0	 1	 1	 3	 1	 2	 2	 2	 0	 1	 1	 1	  0.41	  0.00
141	14	19	v	 0	 1	 1	 2	 1	 2	 2	 2	 0	 1	 1	 1	  0.41	  0.00
142	14	19	v	 0	 1	 1	 1	 2	 2	 2	 2	 1	 2	 2	 1	  0.39	  0.00
143	14	19	v	 0	 1	 1	 1	 1	 2	 2	 2	 0	 1	 1	 1	  0.43	  0.00
144	14	19	v	 0	 1	 1	 3	 2	 2	 2	 2	 1	 2	 2	 1	  0.41	  0.00
145	14	19	v	 0	 1	 1	 2	 1	 2	 2	 2	 0	 1	 1	 1	  0.43	  0.00
146	14	19	v	 0	 1	 1	 1	 2	 2	 2	 2	 1	 2	 2	 1	  0.48	  0.00
147	14	19	v	 0	 1	 1	 1	 1	 2	 2	 1	 0	 1	 1	 1	  0.39	  0.00
148	14	19	v	 0	 1	 1	 2	 2	 2	 2	 1	 1	 2	 2	 1	  0.59	  0.00
149	14	19	v	 0	 1	 1	 3	 1	 2	 2	 2	 0	 1	 1	 1	  0.39	  0.00
150	14	19	v	 0	 1	 1	 2	 1	 2	 2	 2	 0	 1	 1	 1	  0.50	  0.00
151	14	19	v	 0	 1	 1	 3	 2	 2	 2	 1	 1	 2	 2	 1	  0.37	  0.00
152	14	19	v	 0	 1	 1	 1	 1	 2	 2	 2	 0	 1	 1	 1	  0.44	  0.00
153	14	19	v	 0	 1	 1	 1	 2	 2	 2	 1	 1	 2	 2	 1	  0.36	  0.00
154	14	19	v	 0	 1	 1	 2	 2	 2	 2	 1	 1	 2	 2	 1	  0.48	  0.00
155	14	19	v	 0	 1	 1	 1	 1	 2	 2	 1	 0	 1	 1	 1	  0.43	  0.00
156	14	19	v	 0	 1	 1	 3	 2	 2	 2	 1	 1	 2	 2	 1	  0.39	  0.00
157	14	19	v	 0	 1	 1	 2	 1	 2	 2	 2	 0	 1	 1	 1	  0.38	  0.00
158	14	19	v	 0	 1	 1	 1	 1	 2	 2	 2	 0	 1	 1	 1	  0.45	  0.00
159	14	19	v	 0	 1	 1	 1	 2	 2	 2	 2	 1	 2	 2	 1	  0.36	  0.00
160	14	19	v	 0	 1	 1	 1	 1	 2	 2	 1	 0	 1	 1	 1	  0.35	  0.00
161	14	19	v	 0	 1	 1	 3	 1	 2	 2	 2	 0	 1	 1	 1	  0.39	  0.00
162	14	19	v	 0	 1	 1	 3	 2	 2	 2	 2	 1	 2	 2	 1	  0.45	  0.00
163	14	19	v	 0	 1	 1	 3	 2	 2	 2	 2	 1	 2	 2	 1	  0.44	  0.00
164	14	19	v	 0	 1	 1	 1	 1	 2	 2	 2	 0	 1	 1	 1	  0.34	  0.00
165	14	19	v	 0	 1	 1	 2	 1	 2	 2	 1	 0	 1	 1	 1	  0.42	  0.00
166	14	19	v	 0	 1	 1	 3	 1	 2	 2	 1	 0	 1	 1	 1	  0.49	  0.00
167	14	19	v	 0	 1	 1	 3	 2	 2	 2	 1	 1	 2	 2	 1	  0.43	  0.00
168	14	19	v	 0	 1	 1	 2	 1	 2	 2	 2	 0	 1	 1	 1	  0.42	  0.00
169	14	19	v	 0	 1	 1	 1	 2	 2	 2	 1	 1	 2	 2	 1	  0.36	  0.00
170	14	19	v	 0	 1	 1	 3	 1	 2	 2	 2	 0	 1	 1	 1	  0.42	  0.00
171	14	19	v	 0	 1	 1	 1	 2	 2	 2	 2	 1	 2	 2	 1	  0.35	  0.00
172	14	19	v	 0	 1	 1	 2	 2	 2	 2	 1	 1	 2	 2	 1	  0.48	  0.00
173	14	19	v	 0	 1	 1	 2	 1	 2	 2	 1	 0	 1	 1	 1	  0.38	  0.00
174	14	19	v	 0	 1	 1	 2	 1	 2	 2	 1	 0	 1	 1	 1	  0.46	  0.00
175	14	19	v	 0	 1	 1	 1	 2	 2	 2	 1	 1	 2	 2	 1	  0.46	  0.00
176	14	19	v	 0	 1	 1	 2	 2	 2	 2	 2	 1	 2	 2	 1	  0.42	  0.00
177	14	19	v	 0	 1	 1	 2	 1	 2	 2	 2	 0	 1	 1	 1	  0.59	  0.00
178	14	19	v	 0	 1	 1	 2	 2	 2	 2	 1	 1	 2	 2	 1	  0.65	  0.00
179	14	19	v	 0	 1	 1	 3	 1	 2	 2	 2	 0	 1	 1	 1	  0.46	  0.00
180	14	19	v	 0	 1	 1	 2	 1	 2	 2	 1	 0	 1	 1	 1	  0.38	  0.00
181	14	19	v	 0	 1	 1	 2	 2	 2	 2	 2	 1	 2	 2	 1	  0.39	  0.00
182	14	19	v	 0	 1	 1	 1	 2	 2	 2	 1	 1	 2	 2	 1	  0.45	  0.00
183	14	19	v	 0	 1	 1	 1	 1	 2	 2	 2	 0	 1	 1	 1	  0.37	  0.00
184	14	19	v	 0	 1	 1	 2	 2	 2	 2	 2	 1	 2	 2	 1	  0.44	  0.00
185	14	19	v	 0	 1	 1	 2	 1	 2	 2	 1	 0	 1	 1	 1	  0.77	  0.00
186	14	19	v	 0	 1	 1	 2	 1	 2	 2	 1	 0	 1	 1	 1	  0.46	  0.00
187	14	19	v	 0	 1	 1	 3	 2	 2	 2	 2	 1	 2	 2	 1	  0.38	  0.00
188	14	19	v	 0	 1	 1	 3	 1	 2	 2	 1	 0	 1	 1	 1	  0.33	  0.00
189	14	19	v	 0	 1	 1	 3	 2	 2	 2	 2	 1	 2	 2	 1	  0.32	  0.00
190	14	19	v	 0	 1	 1	 2	 2	 2	 2	 2	 1	 2	 2	 1	  0.42	  0.00
191	14	19	v	 0	 1	 1	 1	 1	 2	 2	 1	 0	 1	 1	 1	  0.38	  0.00
192	14	19	v	 0	 1	 2	 3	 1	 1	 1	 1	 1	 1	 1	 1	  0.44	  0.00
193	14	19	v	 0	 1	 2	 2	 2	 1	 1	 1	 0	 2	 2	 1	  0.44	  0.00
194	14	19	v	 0	 1	 2	 1	 1	 1	 1	 1	 1	 1	 1	 1	  0.37	  0.00
195	14	19	v	 0	 1	 2	 1	 2	 1	 1	 1	 0	 2	 2	 1	  0.33	  0.00
196	14	19	v	 0	 1	 2	 1	 2	 1	 1	 1	 0	 2	 2	 1	  0.42	  0.00
197	14	19	v	 0	 1	 2	 1	 1	 1	 1	 2	 1	 1	 1	 1	  0.43	  0.00
198	14	19	v	 0	 1	 2	 3	 2	 1	 1	 1	 0	 2	 2	 1	  0.36	  0.00
199	14	19	v	 0	 1	 2	 3	 2	 1	 1	 2	 0	 2	 2	 1	  0.45	  0.00
200	14	19	v	 0	 1	 2	 2	 2	 1	 1	 1	 0	 2	 2	 1	  0.39	  0.00
201	14	19	v	 0	 1	 2	 2	 1	 1	 1	 2	 1	 1	 1	 1	  0.50	  0.00
202	14	19	v	 0	 1	 2	 2	 2	 1	 1	 1	 0	 2	 2	 1	  0.43	  0.00
203	14	19	v	 0	 1	 2	 2	 2	 1	 1	 1	 0	 2	 2	 1	  0.51	  0.00
204	14	19	v	 0	 1	 2	 2	 2	 1	 1	 1	 0	 2	 2	 1	  0.51	  0.00
205	14	19	v	 0	 1	 2	 1	 1	 1	 1	 1	 1	 1	 1	 1	  0.58	  0.00
206	14	19	v	 0	 1	 2	 3	 1	 1	 1	 2	 1	 1	 1	 1	  0.35	  0.00
207	14	19	v	 0	 1	 2	 3	 1	 1	 1	 2	 1	 1	 1	 1	  0.61	  0.00
208	14	19	v	 0	 1	 2	 3	 2	 1	 1	 2	 0	 2	 2	 1	  0.52	  0.00
209	14	19	v	 0	 1	 2	 1	 1	 1	 1	 1	 1	 1	 1	 1	  0.45	  0.00
210	14	19	v	 0	 1	 2	 2	 1	 1	 1	 2	 1	 1	 1	 1	  0.48	  0.00
211	14	19	v	 0	 1	 2	 2	 1	 1	 1	 2	 1	 1	 1	 1	  0.41	  0.00
212	14	19	v	 0	 1	 2	 3	 1	 1	 1	 1	 1	 1	 1	 1	  0.39	  0.00
213	14	19	v	 0	 1	 2	 2	 2	 1	 1	 1	 0	 2	 2	 1	  0.39	  0.00
214	14	19	v	 0	 1	 2	 2	 2	 1	 1	 2	 0	 2	 2	 1	  0.47	  0.00
215	14	19	v	 0	 1	 2	 3	 1	 1	 1	 1	 1	 1	 1	 1	  0.95	  0.00
216	14	19	v	 0	 1	 2	 3	 1	 1	 1	 2	 1	 1	 1	 1	  0.69	  0.00
217	14	19	v	 0	 1	 2	 2	 1	 1	 1	 2	 1	 1	 1	 1	  0.54	  0.00
218	14	19	v	 0	 1	 2	 3	 1	 1	 1	 2	 1	 1	 1	 1	  0.35	  0.00
219	14	19	v	 0	 1	 2	 1	 2	 1	 1	 1	 0	 2	 2	 1	  0.49	  0.00
220	14	19	v	 0	 1	 2	 1	 2	 1	 1	 1	 0	 2	 2	 1	  0.58	  0.00
221	14	19	v	 0	 1	 2	 1	 1	 1	 1	 2	 1	 1	 1	 1	  0.58	  0.00
222	14	19	v	 0	 1	 2	 3	 1	 1	 1	 2	 1	 1	 1	 1	  0.43	  0.00
223	14	19	v	 0	 1	 2	 1	 1	 1	 1	 1	 1	 1	 1	 1	  0.34	  0.00
224	14	19	v	 0	 1	 2	 3	 2	 1	 1	 1	 0	 2	 2	 1	  0.39	  0.00
225	14	19	v	 0	 1	 2	 1	 2	 1	 1	 2	 0	 2	 2	 1	  0.46	  0.00
226	14	19	v	 0	 1	 2	 1	 1	 1	 1	 2	 1	 1	 1	 1	  0.44	  0.00
227	14	19	v	 0	 1	 2	 1	 2	 1	 1	 1	 0	 2	 2	 1	  0.44	  0.00
228	14	19	v	 0	 1	 2	 1	 1	 1	 1	 1	 1	 1	 1	 1	  0.44	  0.00
229	14	19	v	 0	 1	 2	 2	 2	 1	 1	 1	 0	 2	 2	 1	  0.60	  0.00
230	14	19	v	 0	 1	 2	 2	 2	 1	 1	 2	 0	 2	 2	 1	  0.53	  0.00
231	14	19	v	 0	 1	 2	 2	 1	 1	 1	 2	 1	 1	 1	 1	  0.46	  0.00
232	14	19	v	 0	 1	 2	 2	 1	 1	 1	 2	 1	 1	 1	 1	  0.51	  0.00
233	14	19	v	 0	 1	 2	 3	 1	 1	 1	 1	 1	 1	 1	 1	  0.63	  0.00
234	14	19	v	 0	 1	 2	 1	 2	 1	 1	 2	 0	 2	 2	 1	  0.52	  0.00
235	14	19	v	 0	 1	 2	 1	 2	 1	 1	 1	 0	 2	 2	 1	  0.46	  0.00
236	14	19	v	 0	 1	 2	 2	 1	 1	 1	 1	 1	 1	 1	 1	  0.66	  0.00
237	14	19	v	 0	 1	 2	 3	 2	 1	 1	 1	 0	 2	 2	 1	  0.42	  0.00
238	14	19	v	 0	 1	 2	 2	 2	 1	 1	 2	 0	 2	 2	 1	  0.38	  0.00
239	14	19	v	 0	 1	 2	 1	 1	 1	 1	 1	 1	 1	 1	 1	  0.45	  0.00
240	14	19	v	 0	 1	 2	 1	 1	 1	 1	 1	 1	 1	 1	 1	  0.36	  0.00
241	14	19	v	 0	 1	 2	 1	 2	 1	 1	 1	 0	 2	 2	 1	  0.65	  0.00
242	14	19	v	 0	 1	 2	 1	 2	 1	 1	 2	 0	 2	 2	 1	  0.42	  0.00
243	14	19	v	 0	 1	 2	 1	 1	 1	 1	 2	 1	 1	 1	 1	  0.53	  0.00
244	14	19	v	 0	 1	 2	 1	 2	 1	 1	 2	 0	 2	 2	 1	  0.46	  0.00
245	14	19	v	 0	 1	 2	 2	 1	 1	 1	 2	 1	 1	 1	 1	  1.16	  0.00
246	14	19	v	 0	 1	 2	 2	 1	 1	 1	 1	 1	 1	 1	 1	  0.69	  0.00
247	14	19	v	 0	 1	 2	 3	 1	 1	 1	 2	 1	 1	 1	 1	  0.51	  0.00
248	14	19	v	 0	 1	 2	 2	 2	 1	 1	 2	 0	 2	 2	 1	  0.86	  0.00
249	14	19	v	 0	 1	 2	 3	 2	 1	 1	 2	 0	 2	 2	 1	  0.37	  0.00
250	14	19	v	 0	 1	 2	 3	 2	 1	 1	 1	 0	 2	 2	 1	  0.53	  0.00
251	14	19	v	 0	 1	 2	 3	 1	 1	 1	 2	 1	 1	 1	 1	  0.40	  0.00
252	14	19	v	 0	 1	 2	 1	 1	 1	 1	 1	 1	 1	 1	 1	  0.41	  0.00
253	14	19	v	 0	 1	 2	 1	 1	 1	 1	 2	 1	 1	 1	 1	  0.37	  0.00
254	14	19	v	 0	 1	 2	 1	 2	 1	 1	 2	 0	 2	 2	 1	  0.44	  0.00
255	14	19	v	 0	 1	 2	 3	 2	 1	 1	 1	 0	 2	 2	 1	  0.38	  0.00
256	14	19	v	 0	 1	 2	 1	 1	 1	 1	 2	 1	 1	 1	 1	  0.37	  0.00
257	14	19	v	 0	 1	 2	 2	 2	 1	 1	 1	 0	 2	 2	 1	  0.37	  0.00
258	14	19	v	 0	 1	 2	 3	 1	 1	 1	 1	 1	 1	 1	 1	  0.36	  0.00
259	14	19	v	 0	 1	 2	 1	 2	 1	 1	 2	 0	 2	 2	 1	  0.42	  0.00
260	14	19	v	 0	 1	 2	 3	 1	 1	 1	 1	 1	 1	 1	 1	  0.31	  0.00
261	14	19	v	 0	 1	 2	 3	 2	 1	 1	 2	 0	 2	 2	 1	  0.33	  0.00
262	14	19	v	 0	 1	 2	 2	 1	 1	 1	 1	 1	 1	 1	 1	  0.37	  0.00
263	14	19	v	 0	 1	 2	 2	 1	 1	 1	 1	 1	 1	 1	 1	  0.36	  0.00
264	14	19	v	 0	 1	 2	 1	 1	 1	 1	 2	 1	 1	 1	 1	  0.36	  0.00
265	14	19	v	 0	 1	 2	 2	 2	 1	 1	 2	 0	 2	 2	 1	  0.43	  0.00
266	14	19	v	 0	 1	 2	 3	 2	 1	 1	 2	 0	 2	 2	 1	  0.38	  0.00
267	14	19	v	 0	 1	 2	 2	 1	 1	 1	 2	 1	 1	 1	 1	  0.37	  0.00
268	14	19	v	 0	 1	 2	 3	 1	 1	 1	 1	 1	 1	 1	 1	  0.41	  0.00
269	14	19	v	 0	 1	 2	 3	 2	 1	 1	 1	 0	 2	 2	 1	  0.40	  0.00
270	14	19	v	 0	 1	 2	 2	 2	 1	 1	 2	 0	 2	 2	 1	  0.46	  0.00
271	14	19	v	 0	 1	 2	 2	 1	 1	 1	 1	 1	 1	 2	 0	  0.53	  0.00
272	14	19	v	 0	 1	 2	 3	 2	 1	 1	 2	 0	 2	 2	 1	  0.42	  0.00
273	14	19	v	 0	 1	 2	 2	 2	 1	 1	 2	 0	 2	 2	 1	  0.43	  0.00
274	14	19	v	 0	 1	 2	 3	 2	 1	 1	 1	 0	 2	 2	 1	  0.39	  0.00
275	14	19	v	 0	 1	 2	 3	 1	 1	 1	 2	 1	 1	 1	 1	  0.40	  0.00
276	14	19	v	 0	 1	 2	 1	 2	 1	 1	 1	 0	 2	 2	 1	  0.50	  0.00
277	14	19	v	 0	 1	 2	 1	 1	 1	 1	 2	 1	 1	 1	 1	  0.35	  0.00
278	14	19	v	 0	 1	 2	 2	 1	 1	 1	 1	 1	 1	 1	 1	  0.40	  0.00
279	14	19	v	 0	 1	 2	 3	 2	 1	 1	 2	 0	 2	 2	 1	  0.45	  0.00
280	14	19	v	 0	 1	 2	 1	 2	 1	 1	 2	 0	 2	 2	 1	  0.43	  0.00
281	14	19	v	 0	 1	 2	 3	 1	 1	 1	 1	 1	 1	 1	 1	  0.63	  0.00
282	14	19	v	 0	 1	 2	 2	 1	 1	 1	 1	 1	 1	 1	 1	  0.32	  0.00
283	14	19	v	 0	 1	 2	 1	 2	 1	 1	 2	 0	 2	 2	 1	  0.61	  0.00
284	14	19	v	 0	 1	 2	 2	 1	 1	 1	 1	 1	 1	 1	 1	  0.52	  0.00
285	14	19	v	 0	 1	 2	 2	 2	 1	 1	 2	 0	 2	 2	 1	  0.35	  0.00
286	14	19	v	 0	 1	 2	 3	 2	 1	 1	 2	 0	 2	 2	 1	  0.47	  0.00
287	14	19	v	 0	 1	 2	 3	 2	 1	 1	 1	 0	 2	 2	 1	  0.36	  0.00
288	14	19	v	 0	 1	 3	 1	 1	 2	 2	 2	 0	 1	 1	 1	  0.44	  0.00
289	14	19	v	 0	 1	 3	 2	 2	 2	 2	 1	 1	 2	 2	 1	  0.35	  0.00
290	14	19	v	 0	 1	 3	 1	 2	 2	 2	 1	 1	 2	 2	 1	  0.46	  0.00
291	14	19	v	 0	 1	 3	 3	 1	 2	 2	 1	 0	 1	 1	 1	  0.31	  0.00
292	14	19	v	 0	 1	 3	 2	 2	 2	 2	 2	 1	 2	 2	 1	  0.30	  0.00
293	14	19	v	 0	 1	 3	 2	 1	 2	 2	 2	 0	 1	 1	 1	  0.29	  0.00
294	14	19	v	 0	 1	 3	 1	 1	 2	 2	 2	 0	 1	 1	 1	  0.29	  0.00
295	14	19	v	 0	 1	 3	 3	 2	 2	 2	 1	 1	 2	 2	 1	  0.43	  0.00
296	14	19	v	 0	 1	 3	 3	 2	 2	 2	 2	 1	 2	 2	 1	  0.44	  0.00
297	14	19	v	 0	 1	 3	 1	 1	 2	 2	 2	 0	 1	 1	 1	  0.44	  0.00
298	14	19	v	 0	 1	 3	 1	 2	 2	 2	 2	 1	 2	 2	 1	  0.28	  0.00
299	14	19	v	 0	 1	 3	 1	 1	 2	 2	 2	 0	 1	 1	 1	  0.37	  0.00
300	14	19	v	 0	 1	 3	 3	 1	 2	 2	 2	 0	 1	 1	 1	  0.49	  0.00
301	14	19	v	 0	 1	 3	 1	 2	 2	 2	 2	 1	 2	 2	 1	  0.37	  0.00
302	14	19	v	 0	 1	 3	 2	 1	 2	 2	 1	 0	 1	 1	 1	  0.48	  0.00
303	14	19	v	 0	 1	 3	 2	 2	 2	 2	 2	 1	 2	 2	 1	  0.36	  0.00
304	14	19	v	 0	 1	 3	 1	 2	 2	 2	 1	 1	 2	 2	 1	  0.42	  0.00
305	14	19	v	 0	 1	 3	 2	 2	 2	 2	 1	 1	 2	 2	 1	  0.74	  0.00
306	14	19	v	 0	 1	 3	 3	 2	 2	 2	 2	 1	 2	 2	 1	  0.40	  0.00
307	14	19	v	 0	 1	 3	 1	 1	 2	 2	 1	 0	 1	 1	 1	  0.84	  0.00
308	14	19	v	 0	 1	 3	 2	 1	 2	 2	 1	 0	 1	 1	 1	  0.38	  0.00
309	14	19	v	 0	 1	 3	 1	 2	 2	 2	 2	 1	 2	 2	 1	  0.50	  0.00
310	14	19	v	 0	 1	 3	 3	 2	 2	 2	 2	 1	 2	 2	 1	  0.62	  0.00
311	14	19	v	 0	 1	 3	 3	 2	 2	 2	 1	 1	 2	 2	 1	  0.46	  0.00
312	14	19	v	 0	 1	 3	 1	 1	 2	 2	 1	 0	 1	 1	 1	  0.35	  0.00
313	14	19	v	 0	 1	 3	 3	 2	 2	 2	 2	 1	 2	 2	 1	  0.34	  0.00
314	14	19	v	 0	 1	 3	 3	 1	 2	 2	 2	 0	 1	 1	 1	  1.06	  0.00
315	14	19	v	 0	 1	 3	 1	 1	 2	 2	 1	 0	 1	 1	 1	  0.43	  0.00
316	14	19	v	 0	 1	 3	 3	 2	 2	 2	 2	 1	 2	 2	 1	  0.47	  0.00
317	14	19	v	 0	 1	 3	 2	 2	 2	 2	 2	 1	 2	 2	 1	  0.48	  0.00
318	14	19	v	 0	 1	 3	 2	 2	 2	 2	 2	 1	 2	 2	 1	  0.45	  0.00
319	14	19	v	 0	 1	 3	 2	 1	 2	 2	 1	 0	 1	 1	 1	  0.86	  0.00
320	14	19	v	 0	 1	 3	 1	 2	 2	 2	 2	 1	 2	 2	 1	  0.42	  0.00
321	14	19	v	 0	 1	 3	 3	 1	 2	 2	 1	 0	 1	 1	 1	  0.36	  0.00
322	14	19	v	 0	 1	 3	 1	 2	 2	 2	 1	 1	 2	 2	 1	  0.31	  0.00
323	14	19	v	 0	 1	 3	 3	 1	 2	 2	 2	 0	 1	 1	 1	  0.41	  0.00
324	14	19	v	 0	 1	 3	 2	 2	 2	 2	 1	 1	 2	 2	 1	  0.66	  0.00
325	14	19	v	 0	 1	 3	 2	 1	 2	 2	 2	 0	 1	 1	 1	  0.33	  0.00
326	14	19	v	 0	 1	 3	 1	 1	 2	 2	 2	 0	 1	 1	 1	  0.54	  0.00
327	14	19	v	 0	 1	 3	 3	 1	 2	 2	 2	 0	 1	 1	 1	  0.48	  0.00
328	14	19	v	 0	 1	 3	 3	 2	 2	 2	 1	 1	 2	 2	 1	  0.49	  0.00
329	14	19	v	 0	 1	 3	 1	 2	 2	 2	 2	 1	 2	 2	 1	  0.47	  0.00
330	14	19	v	 0	 1	 3	 1	 2	 2	 2	 2	 1	 2	 2	 1	  0.58	  0.00
331	14	19	v	 0	 1	 3	 2	 1	 2	 2	 2	 0	 1	 1	 1	  0.50	  0.00
332	14	19	v	 0	 1	 3	 3	 2	 2	 2	 1	 1	 2	 2	 1	  1.06	  0.00
333	14	19	v	 0	 1	 3	 2	 1	 2	 2	 2	 0	 1	 1	 1	  0.46	  0.00
334	14	19	v	 0	 1	 3	 2	 2	 2	 2	 1	 1	 2	 2	 1	  0.33	  0.00
335	14	19	v	 0	 1	 3	 1	 1	 2	 2	 1	 0	 1	 1	 1	  0.39	  0.00
336	14	19	v	 0	 1	 3	 3	 2	 2	 2	 2	 1	 2	 2	 1	  0.34	  0.00
337	14	19	v	 0	 1	 3	 1	 1	 2	 2	 2	 0	 1	 1	 1	  0.29	  0.00
338	14	19	v	 0	 1	 3	 1	 1	 2	 2	 2	 0	 1	 1	 1	  0.58	  0.00
339	14	19	v	 0	 1	 3	 3	 2	 2	 2	 1	 1	 2	 2	 1	  0.40	  0.00
340	14	19	v	 0	 1	 3	 2	 1	 2	 2	 1	 0	 1	 1	 1	  0.40	  0.00
341	14	19	v	 0	 1	 3	 2	 2	 2	 2	 2	 1	 2	 2	 1	  0.59	  0.00
342	14	19	v	 0	 1	 3	 2	 1	 2	 2	 1	 0	 1	 1	 1	  0.39	  0.00
343	14	19	v	 0	 1	 3	 2	 2	 2	 2	 1	 1	 2	 2	 1	  0.40	  0.00
344	14	19	v	 0	 1	 3	 2	 2	 2	 2	 1	 1	 2	 2	 1	  0.33	  0.00
345	14	19	v	 0	 1	 3	 1	 2	 2	 2	 1	 1	 2	 2	 1	  0.36	  0.00
346	14	19	v	 0	 1	 3	 2	 1	 2	 2	 1	 0	 1	 1	 1	  0.48	  0.00
347	14	19	v	 0	 1	 3	 3	 2	 2	 2	 1	 1	 2	 2	 1	  0.35	  0.00
348	14	19	v	 0	 1	 3	 1	 2	 2	 2	 1	 1	 2	 2	 1	  0.56	  0.00
349	14	19	v	 0	 1	 3	 1	 2	 2	 2	 1	 1	 2	 2	 1	  0.41	  0.00
350	14	19	v	 0	 1	 3	 2	 2	 2	 2	 2	 1	 2	 2	 1	  0.63	  0.00
351	14	19	v	 0	 1	 3	 1	 1	 2	 2	 1	 0	 1	 1	 1	  0.41	  0.00
352	14	19	v	 0	 1	 3	 3	 2	 2	 2	 2	 1	 2	 2	 1	  1.33	  0.00
353	14	19	v	 0	 1	 3	 3	 1	 2	 2	 2	 0	 1	 1	 1	  0.54	  0.00
354	14	19	v	 0	 1	 3	 2	 1	 2	 2	 2	 0	 1	 1	 1	  0.40	  0.00
355	14	19	v	 0	 1	 3	 2	 1	 2	 2	 2	 0	 1	 1	 1	  0.36	  0.00
356	14	19	v	 0	 1	 3	 3	 1	 2	 2	 2	 0	 1	 1	 1	  0.40	  0.00
357	14	19	v	 0	 1	 3	 1	 2	 2	 2	 1	 1	 2	 2	 1	  0.39	  0.00
358	14	19	v	 0	 1	 3	 3	 2	 2	 2	 2	 1	 2	 2	 1	  0.60	  0.00
359	14	19	v	 0	 1	 3	 3	 1	 2	 2	 1	 0	 1	 1	 1	  0.42	  0.00
360	14	19	v	 0	 1	 3	 3	 2	 2	 2	 1	 1	 2	 2	 1	  0.48	  0.00
361	14	19	v	 0	 1	 3	 1	 1	 2	 2	 1	 0	 1	 1	 1	  0.34	  0.00
362	14	19	v	 0	 1	 3	 1	 1	 2	 2	 2	 0	 1	 1	 1	  0.45	  0.00
363	14	19	v	 0	 1	 3	 3	 1	 2	 2	 2	 0	 1	 1	 1	  0.38	  0.00
364	14	19	v	 0	 1	 3	 2	 2	 2	 2	 1	 1	 2	 2	 1	  0.43	  0.00
365	14	19	v	 0	 1	 3	 3	 1	 2	 2	 1	 0	 1	 1	 1	  0.58	  0.00
366	14	19	v	 0	 1	 3	 1	 2	 2	 2	 1	 1	 2	 2	 1	  0.41	  0.00
367	14	19	v	 0	 1	 3	 1	 2	 2	 2	 2	 1	 2	 2	 1	  0.53	  0.00
368	14	19	v	 0	 1	 3	 1	 1	 2	 2	 1	 0	 1	 1	 1	  0.39	  0.00
369	14	19	v	 0	 1	 3	 3	 1	 2	 2	 2	 0	 1	 1	 1	  0.47	  0.00
370	14	19	v	 0	 1	 3	 2	 2	 2	 2	 2	 1	 2	 2	 1	  0.42	  0.00
371	14	19	v	 0	 1	 3	 2	 1	 2	 2	 1	 0	 1	 1	 1	  0.57	  0.00
372	14	19	v	 0	 1	 3	 3	 2	 2	 2	 1	 1	 2	 2	 1	  0.56	  0.00
373	14	19	v	 0	 1	 3	 2	 2	 2	 2	 1	 1	 2	 2	 1	  0.67	  0.00
374	14	19	v	 0	 1	 3	 2	 1	 2	 2	 2	 0	 1	 1	 1	  0.34	  0.00
375	14	19	v	 0	 1	 3	 1	 1	 2	 2	 1	 0	 1	 1	 1	  0.36	  0.00
376	14	19	v	 0	 1	 3	 3	 1	 2	 2	 1	 0	 1	 1	 1	  0.35	  0.00
377	14	19	v	 0	 1	 3	 3	 1	 2	 2	 1	 0	 1	 1	 1	  0.31	  0.00
378	14	19	v	 0	 1	 3	 1	 2	 2	 2	 2	 1	 2	 2	 1	  0.41	  0.00
379	14	19	v	 0	 1	 3	 3	 1	 2	 2	 1	 0	 1	 1	 1	  0.53	  0.00
380	14	19	v	 0	 1	 3	 2	 1	 2	 2	 1	 0	 1	 1	 1	  0.35	  0.00
381	14	19	v	 0	 1	 3	 3	 1	 2	 2	 1	 0	 1	 1	 1	  0.41	  0.00
382	14	19	v	 0	 1	 3	 2	 2	 2	 2	 2	 1	 2	 2	 1	  0.39	  0.00
383	14	19	v	 0	 1	 3	 2	 1	 2	 2	 2	 0	 1	 1	 1	  0.35	  0.00
