00	44	18	v	 1	 1	 0	 3	 2	 1	 1	 2	 0	 2	 2	 1	  1.37	  0.00
01	44	18	v	 1	 1	 0	 1	 1	 1	 1	 2	 1	 1	 1	 1	  0.43	  0.00
02	44	18	v	 1	 1	 0	 3	 1	 1	 1	 2	 1	 1	 1	 1	  0.80	  0.00
03	44	18	v	 1	 1	 0	 1	 2	 1	 1	 2	 0	 2	 2	 1	  0.41	  0.00
04	44	18	v	 1	 1	 0	 2	 1	 1	 1	 1	 1	 1	 1	 1	  0.50	  0.00
05	44	18	v	 1	 1	 0	 3	 1	 1	 1	 1	 1	 1	 1	 1	  0.48	  0.00
06	44	18	v	 1	 1	 0	 1	 1	 1	 1	 1	 1	 1	 1	 1	  0.38	  0.00
07	44	18	v	 1	 1	 0	 2	 1	 1	 1	 1	 1	 1	 1	 1	  0.40	  0.00
08	44	18	v	 1	 1	 0	 1	 2	 1	 1	 1	 0	 2	 2	 1	  0.43	  0.00
09	44	18	v	 1	 1	 0	 1	 2	 1	 1	 2	 0	 2	 2	 1	  0.48	  0.00
10	44	18	v	 1	 1	 0	 2	 1	 1	 1	 2	 1	 1	 1	 1	  0.41	  0.00
11	44	18	v	 1	 1	 0	 2	 2	 1	 1	 1	 0	 2	 2	 1	  0.59	  0.00
12	44	18	v	 1	 1	 0	 3	 2	 1	 1	 2	 0	 2	 2	 1	  0.47	  0.00
13	44	18	v	 1	 1	 0	 2	 1	 1	 1	 2	 1	 1	 1	 1	  0.42	  0.00
14	44	18	v	 1	 1	 0	 1	 2	 1	 1	 1	 0	 2	 2	 1	  0.40	  0.00
15	44	18	v	 1	 1	 0	 3	 1	 1	 1	 2	 1	 1	 1	 1	  0.36	  0.00
16	44	18	v	 1	 1	 0	 2	 2	 1	 1	 2	 0	 2	 2	 1	  0.39	  0.00
17	44	18	v	 1	 1	 0	 2	 2	 1	 1	 2	 0	 2	 2	 1	  0.57	  0.00
18	44	18	v	 1	 1	 0	 3	 1	 1	 1	 2	 1	 1	 1	 1	  0.42	  0.00
19	44	18	v	 1	 1	 0	 3	 2	 1	 1	 2	 0	 2	 2	 1	  0.47	  0.00
20	44	18	v	 1	 1	 0	 3	 2	 1	 1	 1	 0	 2	 2	 1	  0.48	  0.00
21	44	18	v	 1	 1	 0	 2	 1	 1	 1	 2	 1	 1	 1	 1	  0.36	  0.00
22	44	18	v	 1	 1	 0	 1	 2	 1	 1	 2	 0	 2	 2	 1	  0.39	  0.00
23	44	18	v	 1	 1	 0	 3	 1	 1	 1	 2	 1	 1	 1	 1	  0.37	  0.00
24	44	18	v	 1	 1	 0	 2	 2	 1	 1	 2	 0	 2	 2	 1	  0.35	  0.00
25	44	18	v	 1	 1	 0	 1	 1	 1	 1	 2	 1	 1	 1	 1	  0.36	  0.00
26	44	18	v	 1	 1	 0	 1	 2	 1	 1	 1	 0	 2	 2	 1	  0.36	  0.00
27	44	18	v	 1	 1	 0	 3	 1	 1	 1	 1	 1	 1	 1	 1	  0.34	  0.00
28	44	18	v	 1	 1	 0	 1	 2	 1	 1	 2	 0	 2	 2	 1	  0.40	  0.00
29	44	18	v	 1	 1	 0	 1	 1	 1	 1	 2	 1	 1	 1	 1	  0.33	  0.00
30	44	18	v	 1	 1	 0	 3	 1	 1	 1	 1	 1	 1	 1	 1	  0.60	  0.00
31	44	18	v	 1	 1	 0	 3	 1	 1	 1	 2	 1	 1	 1	 1	  0.41	  0.00
32	44	18	v	 1	 1	 0	 3	 2	 1	 1	 1	 0	 2	 2	 1	  0.49	  0.00
33	44	18	v	 1	 1	 0	 2	 2	 1	 1	 2	 0	 2	 2	 1	  0.43	  0.00
34	44	18	v	 1	 1	 0	 2	 1	 1	 1	 1	 1	 1	 1	 1	  0.40	  0.00
35	44	18	v	 1	 1	 0	 1	 2	 1	 1	 1	 0	 2	 2	 1	  0.48	  0.00
36	44	18	v	 1	 1	 0	 2	 1	 1	 1	 1	 1	 1	 1	 1	  0.40	  0.00
37	44	18	v	 1	 1	 0	 3	 1	 1	 1	 2	 1	 1	 1	 1	  0.54	  0.00
38	44	18	v	 1	 1	 0	 3	 1	 1	 1	 1	 1	 1	 1	 1	  0.41	  0.00
39	44	18	v	 1	 1	 0	 1	 2	 1	 1	 2	 0	 2	 2	 1	  0.66	  0.00
40	44	18	v	 1	 1	 0	 3	 2	 1	 1	 2	 0	 2	 2	 1	  0.63	  0.00
41	44	18	v	 1	 1	 0	 1	 1	 1	 1	 2	 1	 1	 1	 1	  0.58	  0.00
42	44	18	v	 1	 1	 0	 3	 2	 1	 1	 1	 0	 2	 2	 1	  0.58	  0.00
43	44	18	v	 1	 1	 0	 1	 1	 1	 1	 2	 1	 1	 1	 1	  1.06	  0.00
44	44	18	v	 1	 1	 0	 3	 2	 1	 1	 1	 0	 2	 2	 1	  0.50	  0.00
45	44	18	v	 1	 1	 0	 2	 2	 1	 1	 1	 0	 2	 2	 1	  0.43	  0.00
46	44	18	v	 1	 1	 0	 2	 1	 1	 1	 1	 1	 1	 1	 1	  0.39	  0.00
47	44	18	v	 1	 1	 0	 1	 1	 1	 1	 1	 1	 1	 1	 1	  0.51	  0.00
48	44	18	v	 1	 1	 0	 2	 2	 1	 1	 1	 0	 2	 2	 1	  0.55	  0.00
49	44	18	v	 1	 1	 0	 2	 1	 1	 1	 1	 1	 1	 1	 1	  0.43	  0.00
50	44	18	v	 1	 1	 0	 1	 1	 1	 1	 1	 1	 1	 1	 1	  0.72	  0.00
51	44	18	v	 1	 1	 0	 1	 2	 1	 1	 1	 0	 2	 2	 1	  0.44	  0.00
52	44	18	v	 1	 1	 0	 2	 2	 1	 1	 2	 0	 2	 2	 1	  0.63	  0.00
53	44	18	v	 1	 1	 0	 3	 2	 1	 1	 2	 0	 2	 2	 1	  0.53	  0.00
54	44	18	v	 1	 1	 0	 2	 2	 1	 1	 2	 0	 2	 2	 1	  0.53	  0.00
55	44	18	v	 1	 1	 0	 1	 1	 1	 1	 1	 1	 1	 1	 1	  0.50	  0.00
56	44	18	v	 1	 1	 0	 1	 2	 1	 1	 1	 0	 2	 2	 1	  0.69	  0.00
57	44	18	v	 1	 1	 0	 1	 2	 1	 1	 1	 0	 2	 2	 1	  0.53	  0.00
58	44	18	v	 1	 1	 0	 2	 2	 1	 1	 2	 0	 2	 2	 1	  0.50	  0.00
59	44	18	v	 1	 1	 0	 3	 1	 1	 1	 1	 1	 1	 1	 1	  0.53	  0.00
60	44	18	v	 1	 1	 0	 1	 1	 1	 1	 1	 1	 1	 1	 1	  0.41	  0.00
61	44	18	v	 1	 1	 0	 1	 2	 1	 1	 1	 0	 2	 2	 1	  0.43	  0.00
62	44	18	v	 1	 1	 0	 3	 2	 1	 1	 2	 0	 2	 2	 1	  0.71	  0.00
63	44	18	v	 1	 1	 0	 2	 2	 1	 1	 1	 0	 2	 2	 1	  0.45	  0.00
64	44	18	v	 1	 1	 0	 3	 1	 1	 1	 1	 1	 1	 1	 1	  0.44	  0.00
65	44	18	v	 1	 1	 0	 1	 1	 1	 1	 2	 1	 1	 1	 1	  0.52	  0.00
66	44	18	v	 1	 1	 0	 1	 2	 1	 1	 2	 0	 2	 2	 1	  0.58	  0.00
67	44	18	v	 1	 1	 0	 1	 1	 1	 1	 1	 1	 1	 1	 1	  0.45	  0.00
68	44	18	v	 1	 1	 0	 1	 1	 1	 1	 1	 1	 1	 1	 1	  0.47	  0.00
69	44	18	v	 1	 1	 0	 1	 2	 1	 1	 2	 0	 2	 2	 1	  0.50	  0.00
70	44	18	v	 1	 1	 0	 1	 2	 1	 1	 2	 0	 2	 2	 1	  0.66	  0.00
71	44	18	v	 1	 1	 0	 3	 2	 1	 1	 2	 0	 2	 2	 1	  0.49	  0.00
72	44	18	v	 1	 1	 0	 2	 2	 1	 1	 1	 0	 2	 2	 1	  0.51	  0.00
73	44	18	v	 1	 1	 0	 2	 1	 1	 1	 2	 1	 1	 1	 1	  0.49	  0.00
74	44	18	v	 1	 1	 0	 3	 1	 1	 1	 2	 1	 1	 1	 1	  0.44	  0.00
75	44	18	v	 1	 1	 0	 3	 2	 1	 1	 1	 0	 2	 2	 1	  0.47	  0.00
76	44	18	v	 1	 1	 0	 2	 1	 1	 1	 1	 1	 1	 1	 1	  0.41	  0.00
77	44	18	v	 1	 1	 0	 2	 2	 1	 1	 1	 0	 2	 2	 1	  0.50	  0.00
78	44	18	v	 1	 1	 0	 2	 2	 1	 1	 1	 0	 2	 2	 1	  0.47	  0.00
79	44	18	v	 1	 1	 0	 2	 1	 1	 1	 1	 1	 1	 1	 1	  0.42	  0.00
80	44	18	v	 1	 1	 0	 2	 2	 1	 1	 1	 0	 2	 2	 1	  0.52	  0.00
81	44	18	v	 1	 1	 0	 3	 2	 1	 1	 1	 0	 2	 2	 1	  0.46	  0.00
82	44	18	v	 1	 1	 0	 1	 1	 1	 1	 2	 1	 1	 1	 1	  0.59	  0.00
83	44	18	v	 1	 1	 0	 3	 1	 1	 1	 1	 1	 1	 1	 1	  0.50	  0.00
84	44	18	v	 1	 1	 0	 3	 1	 1	 1	 2	 1	 1	 1	 1	  0.43	  0.00
85	44	18	v	 1	 1	 0	 1	 1	 1	 1	 1	 1	 1	 1	 1	  0.57	  0.00
86	44	18	v	 1	 1	 0	 3	 2	 1	 1	 1	 0	 2	 2	 1	  0.38	  0.00
87	44	18	v	 1	 1	 0	 1	 1	 1	 1	 2	 1	 1	 1	 1	  0.48	  0.00
88	44	18	v	 1	 1	 0	 3	 2	 1	 1	 1	 0	 2	 2	 1	  0.53	  0.00
89	44	18	v	 1	 1	 0	 3	 2	 1	 1	 2	 0	 2	 2	 1	  0.61	  0.00
90	44	18	v	 1	 1	 0	 3	 1	 1	 1	 1	 1	 1	 1	 1	  0.52	  0.00
91	44	18	v	 1	 1	 0	 2	 1	 1	 1	 2	 1	 1	 1	 1	  0.54	  0.00
92	44	18	v	 1	 1	 0	 2	 1	 1	 1	 2	 1	 1	 1	 1	  0.53	  0.00
93	44	18	v	 1	 1	 0	 2	 2	 1	 1	 2	 0	 2	 2	 1	  0.53	  0.00
94	44	18	v	 1	 1	 0	 2	 1	 1	 1	 2	 1	 1	 1	 1	  0.63	  0.00
95	44	18	v	 1	 1	 0	 2	 1	 1	 1	 2	 1	 1	 1	 1	  0.54	  0.00
96	44	18	v	 1	 1	 1	 2	 2	 2	 2	 2	 1	 2	 2	 1	  0.54	  0.00
97	44	18	v	 1	 1	 1	 2	 1	 2	 2	 1	 0	 1	 1	 1	  0.42	  0.00
98	44	18	v	 1	 1	 1	 2	 1	 2	 2	 2	 0	 1	 1	 1	  0.51	  0.00
99	44	18	v	 1	 1	 1	 2	 2	 2	 2	 1	 1	 2	 2	 1	  0.44	  0.00
100	44	18	v	 1	 1	 1	 2	 1	 2	 2	 1	 0	 1	 1	 1	  0.34	  0.00
101	44	18	v	 1	 1	 1	 2	 1	 2	 2	 2	 0	 1	 1	 1	  0.39	  0.00
102	44	18	v	 1	 1	 1	 2	 2	 2	 2	 2	 1	 2	 2	 1	  0.54	  0.00
103	44	18	v	 1	 1	 1	 1	 2	 2	 2	 1	 1	 2	 2	 1	  0.50	  0.00
104	44	18	v	 1	 1	 1	 1	 1	 2	 2	 1	 0	 1	 1	 1	  0.46	  0.00
105	44	18	v	 1	 1	 1	 1	 2	 2	 2	 1	 1	 2	 2	 1	  0.50	  0.00
106	44	18	v	 1	 1	 1	 3	 2	 2	 2	 1	 1	 2	 2	 1	  0.45	  0.00
107	44	18	v	 1	 1	 1	 1	 1	 2	 2	 1	 0	 1	 1	 1	  0.50	  0.00
108	44	18	v	 1	 1	 1	 1	 2	 2	 2	 2	 1	 2	 2	 1	  0.40	  0.00
109	44	18	v	 1	 1	 1	 2	 2	 2	 2	 2	 1	 2	 2	 1	  0.58	  0.00
110	44	18	v	 1	 1	 1	 2	 1	 2	 2	 2	 0	 1	 1	 1	  0.42	  0.00
111	44	18	v	 1	 1	 1	 3	 2	 2	 2	 1	 1	 2	 2	 1	  0.46	  0.00
112	44	18	v	 1	 1	 1	 3	 1	 2	 2	 2	 0	 1	 1	 1	  0.49	  0.00
113	44	18	v	 1	 1	 1	 1	 1	 2	 2	 1	 0	 1	 1	 1	  0.60	  0.00
114	44	18	v	 1	 1	 1	 2	 2	 2	 2	 2	 1	 2	 2	 1	  0.45	  0.00
115	44	18	v	 1	 1	 1	 1	 1	 2	 2	 2	 0	 1	 0	 0	  2.00	  0.00
116	44	18	v	 1	 1	 1	 2	 2	 2	 2	 1	 1	 2	 2	 1	  0.56	  0.00
117	44	18	v	 1	 1	 1	 3	 1	 2	 2	 2	 0	 1	 1	 1	  0.64	  0.00
118	44	18	v	 1	 1	 1	 3	 1	 2	 2	 2	 0	 1	 1	 1	  0.46	  0.00
119	44	18	v	 1	 1	 1	 1	 1	 2	 2	 2	 0	 1	 1	 1	  0.37	  0.00
120	44	18	v	 1	 1	 1	 2	 2	 2	 2	 1	 1	 2	 2	 1	  0.63	  0.00
121	44	18	v	 1	 1	 1	 3	 2	 2	 2	 2	 1	 2	 2	 1	  0.46	  0.00
122	44	18	v	 1	 1	 1	 2	 1	 2	 2	 1	 0	 1	 1	 1	  0.38	  0.00
123	44	18	v	 1	 1	 1	 3	 1	 2	 2	 2	 0	 1	 1	 1	  0.38	  0.00
124	44	18	v	 1	 1	 1	 3	 2	 2	 2	 1	 1	 2	 2	 1	  0.42	  0.00
125	44	18	v	 1	 1	 1	 3	 2	 2	 2	 1	 1	 2	 2	 1	  0.50	  0.00
126	44	18	v	 1	 1	 1	 3	 2	 2	 2	 1	 1	 2	 2	 1	  0.51	  0.00
127	44	18	v	 1	 1	 1	 2	 2	 2	 2	 1	 1	 2	 2	 1	  0.47	  0.00
128	44	18	v	 1	 1	 1	 2	 1	 2	 2	 1	 0	 1	 1	 1	  0.49	  0.00
129	44	18	v	 1	 1	 1	 1	 2	 2	 2	 2	 1	 2	 2	 1	  0.41	  0.00
130	44	18	v	 1	 1	 1	 1	 1	 2	 2	 1	 0	 1	 1	 1	  0.47	  0.00
131	44	18	v	 1	 1	 1	 3	 2	 2	 2	 2	 1	 2	 2	 1	  0.45	  0.00
132	44	18	v	 1	 1	 1	 1	 1	 2	 2	 2	 0	 1	 1	 1	  0.41	  0.00
133	44	18	v	 1	 1	 1	 3	 1	 2	 2	 1	 0	 1	 1	 1	  0.57	  0.00
134	44	18	v	 1	 1	 1	 1	 1	 2	 2	 2	 0	 1	 1	 1	  0.46	  0.00
135	44	18	v	 1	 1	 1	 1	 2	 2	 2	 2	 1	 2	 2	 1	  0.44	  0.00
136	44	18	v	 1	 1	 1	 3	 1	 2	 2	 1	 0	 1	 1	 1	  0.47	  0.00
137	44	18	v	 1	 1	 1	 1	 1	 2	 2	 1	 0	 1	 1	 1	  0.45	  0.00
138	44	18	v	 1	 1	 1	 1	 2	 2	 2	 2	 1	 2	 2	 1	  0.82	  0.00
139	44	18	v	 1	 1	 1	 3	 1	 2	 2	 1	 0	 1	 1	 1	  0.49	  0.00
140	44	18	v	 1	 1	 1	 2	 1	 2	 2	 1	 0	 1	 1	 1	  0.60	  0.00
141	44	18	v	 1	 1	 1	 2	 1	 2	 2	 1	 0	 1	 1	 1	  0.44	  0.00
142	44	18	v	 1	 1	 1	 1	 2	 2	 2	 1	 1	 2	 1	 0	  0.46	  0.00
143	44	18	v	 1	 1	 1	 1	 2	 2	 2	 2	 1	 2	 2	 1	  0.61	  0.00
144	44	18	v	 1	 1	 1	 2	 1	 2	 2	 2	 0	 1	 1	 1	  0.77	  0.00
145	44	18	v	 1	 1	 1	 2	 1	 2	 2	 2	 0	 1	 1	 1	  0.60	  0.00
146	44	18	v	 1	 1	 1	 3	 2	 2	 2	 2	 1	 2	 2	 1	  0.46	  0.00
147	44	18	v	 1	 1	 1	 3	 1	 2	 2	 2	 0	 1	 1	 1	  0.43	  0.00
148	44	18	v	 1	 1	 1	 2	 1	 2	 2	 1	 0	 1	 1	 1	  0.44	  0.00
149	44	18	v	 1	 1	 1	 1	 1	 2	 2	 2	 0	 1	 1	 1	  0.45	  0.00
150	44	18	v	 1	 1	 1	 1	 1	 2	 2	 1	 0	 1	 1	 1	  0.48	  0.00
151	44	18	v	 1	 1	 1	 1	 2	 2	 2	 1	 1	 2	 2	 1	  0.67	  0.00
152	44	18	v	 1	 1	 1	 3	 1	 2	 2	 2	 0	 1	 1	 1	  0.44	  0.00
153	44	18	v	 1	 1	 1	 2	 2	 2	 2	 2	 1	 2	 2	 1	  0.41	  0.00
154	44	18	v	 1	 1	 1	 3	 2	 2	 2	 2	 1	 2	 2	 1	  0.58	  0.00
155	44	18	v	 1	 1	 1	 2	 2	 2	 2	 2	 1	 2	 2	 1	  0.58	  0.00
156	44	18	v	 1	 1	 1	 3	 1	 2	 2	 2	 0	 1	 1	 1	  0.43	  0.00
157	44	18	v	 1	 1	 1	 3	 2	 2	 2	 2	 1	 2	 2	 1	  0.52	  0.00
158	44	18	v	 1	 1	 1	 3	 2	 2	 2	 2	 1	 2	 2	 1	  0.42	  0.00
159	44	18	v	 1	 1	 1	 3	 2	 2	 2	 2	 1	 2	 2	 1	  0.50	  0.00
160	44	18	v	 1	 1	 1	 2	 1	 2	 2	 1	 0	 1	 1	 1	  0.43	  0.00
161	44	18	v	 1	 1	 1	 1	 2	 2	 2	 1	 1	 2	 2	 1	  0.46	  0.00
162	44	18	v	 1	 1	 1	 2	 1	 2	 2	 2	 0	 1	 1	 1	  0.38	  0.00
163	44	18	v	 1	 1	 1	 1	 2	 2	 2	 2	 1	 2	 2	 1	  0.59	  0.00
164	44	18	v	 1	 1	 1	 2	 1	 2	 2	 2	 0	 1	 1	 1	  0.53	  0.00
165	44	18	v	 1	 1	 1	 3	 2	 2	 2	 1	 1	 2	 2	 1	  0.45	  0.00
166	44	18	v	 1	 1	 1	 2	 2	 2	 2	 2	 1	 2	 2	 1	  0.67	  0.00
167	44	18	v	 1	 1	 1	 1	 2	 2	 2	 1	 1	 2	 2	 1	  0.50	  0.00
168	44	18	v	 1	 1	 1	 3	 2	 2	 2	 2	 1	 2	 2	 1	  0.34	  0.00
169	44	18	v	 1	 1	 1	 1	 1	 2	 2	 1	 0	 1	 1	 1	  0.48	  0.00
170	44	18	v	 1	 1	 1	 3	 1	 2	 2	 1	 0	 1	 1	 1	  0.55	  0.00
171	44	18	v	 1	 1	 1	 1	 1	 2	 2	 2	 0	 1	 1	 1	  0.49	  0.00
172	44	18	v	 1	 1	 1	 2	 2	 2	 2	 1	 1	 2	 2	 1	  0.43	  0.00
173	44	18	v	 1	 1	 1	 1	 1	 2	 2	 2	 0	 1	 1	 1	  0.61	  0.00
174	44	18	v	 1	 1	 1	 1	 2	 2	 2	 1	 1	 2	 2	 1	  0.47	  0.00
175	44	18	v	 1	 1	 1	 3	 1	 2	 2	 1	 0	 1	 1	 1	  0.42	  0.00
176	44	18	v	 1	 1	 1	 2	 2	 2	 2	 2	 1	 2	 2	 1	  0.53	  0.00
177	44	18	v	 1	 1	 1	 1	 2	 2	 2	 2	 1	 2	 2	 1	  0.44	  0.00
178	44	18	v	 1	 1	 1	 3	 1	 2	 2	 2	 0	 1	 1	 1	  0.39	  0.00
179	44	18	v	 1	 1	 1	 1	 1	 2	 2	 2	 0	 1	 1	 1	  0.57	  0.00
180	44	18	v	 1	 1	 1	 2	 2	 2	 2	 1	 1	 2	 2	 1	  0.51	  0.00
181	44	18	v	 1	 1	 1	 3	 1	 2	 2	 1	 0	 1	 1	 1	  0.53	  0.00
182	44	18	v	 1	 1	 1	 3	 2	 2	 2	 1	 1	 2	 2	 1	  0.56	  0.00
183	44	18	v	 1	 1	 1	 3	 1	 2	 2	 1	 0	 1	 1	 1	  0.53	  0.00
184	44	18	v	 1	 1	 1	 2	 1	 2	 2	 2	 0	 1	 1	 1	  0.42	  0.00
185	44	18	v	 1	 1	 1	 2	 2	 2	 2	 1	 1	 2	 2	 1	  0.40	  0.00
186	44	18	v	 1	 1	 1	 3	 1	 2	 2	 1	 0	 1	 1	 1	  0.47	  0.00
187	44	18	v	 1	 1	 1	 3	 2	 2	 2	 1	 1	 2	 2	 1	  0.35	  0.00
188	44	18	v	 1	 1	 1	 1	 1	 2	 2	 1	 0	 1	 1	 1	  0.54	  0.00
189	44	18	v	 1	 1	 1	 1	 2	 2	 2	 1	 1	 2	 2	 1	  0.44	  0.00
190	44	18	v	 1	 1	 1	 1	 2	 2	 2	 2	 1	 2	 2	 1	  0.69	  0.00
191	44	18	v	 1	 1	 1	 2	 2	 2	 2	 1	 1	 2	 2	 1	  0.57	  0.00
192	44	18	v	 1	 1	 2	 1	 2	 1	 1	 1	 0	 2	 2	 1	  0.49	  0.00
193	44	18	v	 1	 1	 2	 2	 2	 1	 1	 1	 0	 2	 2	 1	  0.48	  0.00
194	44	18	v	 1	 1	 2	 1	 2	 1	 1	 2	 0	 2	 2	 1	  0.43	  0.00
195	44	18	v	 1	 1	 2	 3	 2	 1	 1	 1	 0	 2	 2	 1	  0.42	  0.00
196	44	18	v	 1	 1	 2	 3	 1	 1	 1	 2	 1	 1	 1	 1	  0.46	  0.00
197	44	18	v	 1	 1	 2	 2	 2	 1	 1	 1	 0	 2	 2	 1	  0.41	  0.00
198	44	18	v	 1	 1	 2	 3	 1	 1	 1	 2	 1	 1	 1	 1	  0.37	  0.00
199	44	18	v	 1	 1	 2	 2	 2	 1	 1	 2	 0	 2	 2	 1	  0.39	  0.00
200	44	18	v	 1	 1	 2	 2	 1	 1	 1	 1	 1	 1	 1	 1	  0.57	  0.00
201	44	18	v	 1	 1	 2	 1	 1	 1	 1	 1	 1	 1	 1	 1	  0.42	  0.00
202	44	18	v	 1	 1	 2	 1	 1	 1	 1	 1	 1	 1	 1	 1	  0.42	  0.00
203	44	18	v	 1	 1	 2	 1	 1	 1	 1	 1	 1	 1	 1	 1	  0.65	  0.00
204	44	18	v	 1	 1	 2	 3	 2	 1	 1	 2	 0	 2	 2	 1	  0.57	  0.00
205	44	18	v	 1	 1	 2	 1	 1	 1	 1	 1	 1	 1	 1	 1	  0.45	  0.00
206	44	18	v	 1	 1	 2	 2	 1	 1	 1	 1	 1	 1	 1	 1	  0.43	  0.00
207	44	18	v	 1	 1	 2	 3	 1	 1	 1	 1	 1	 1	 1	 1	  0.43	  0.00
208	44	18	v	 1	 1	 2	 3	 2	 1	 1	 2	 0	 2	 2	 1	  0.75	  0.00
209	44	18	v	 1	 1	 2	 3	 1	 1	 1	 1	 1	 1	 1	 1	  0.40	  0.00
210	44	18	v	 1	 1	 2	 2	 1	 1	 1	 2	 1	 1	 1	 1	  0.42	  0.00
211	44	18	v	 1	 1	 2	 2	 1	 1	 1	 2	 1	 1	 1	 1	  0.81	  0.00
212	44	18	v	 1	 1	 2	 2	 1	 1	 1	 2	 1	 1	 1	 1	  0.43	  0.00
213	44	18	v	 1	 1	 2	 2	 2	 1	 1	 1	 0	 2	 2	 1	  0.62	  0.00
214	44	18	v	 1	 1	 2	 3	 2	 1	 1	 2	 0	 2	 2	 1	  0.50	  0.00
215	44	18	v	 1	 1	 2	 3	 2	 1	 1	 1	 0	 2	 2	 1	  0.44	  0.00
216	44	18	v	 1	 1	 2	 3	 1	 1	 1	 1	 1	 1	 1	 1	  0.40	  0.00
217	44	18	v	 1	 1	 2	 1	 1	 1	 1	 1	 1	 1	 1	 1	  0.40	  0.00
218	44	18	v	 1	 1	 2	 2	 1	 1	 1	 1	 1	 1	 1	 1	  0.38	  0.00
219	44	18	v	 1	 1	 2	 2	 2	 1	 1	 2	 0	 2	 2	 1	  0.60	  0.00
220	44	18	v	 1	 1	 2	 3	 2	 1	 1	 1	 0	 2	 2	 1	  0.46	  0.00
221	44	18	v	 1	 1	 2	 2	 2	 1	 1	 2	 0	 2	 2	 1	  0.55	  0.00
222	44	18	v	 1	 1	 2	 3	 1	 1	 1	 1	 1	 1	 1	 1	  0.55	  0.00
223	44	18	v	 1	 1	 2	 1	 2	 1	 1	 1	 0	 2	 2	 1	  0.50	  0.00
224	44	18	v	 1	 1	 2	 3	 2	 1	 1	 1	 0	 2	 2	 1	  0.52	  0.00
225	44	18	v	 1	 1	 2	 3	 2	 1	 1	 2	 0	 2	 2	 1	  0.46	  0.00
226	44	18	v	 1	 1	 2	 1	 2	 1	 1	 2	 0	 2	 2	 1	  0.51	  0.00
227	44	18	v	 1	 1	 2	 1	 1	 1	 1	 2	 1	 1	 1	 1	  0.51	  0.00
228	44	18	v	 1	 1	 2	 3	 2	 1	 1	 2	 0	 2	 2	 1	  0.62	  0.00
229	44	18	v	 1	 1	 2	 3	 2	 1	 1	 2	 0	 2	 2	 1	  0.44	  0.00
230	44	18	v	 1	 1	 2	 3	 1	 1	 1	 2	 1	 1	 1	 1	  0.41	  0.00
231	44	18	v	 1	 1	 2	 1	 1	 1	 1	 2	 1	 1	 1	 1	  0.40	  0.00
232	44	18	v	 1	 1	 2	 2	 1	 1	 1	 1	 1	 1	 1	 1	  0.43	  0.00
233	44	18	v	 1	 1	 2	 2	 2	 1	 1	 2	 0	 2	 2	 1	  0.42	  0.00
234	44	18	v	 1	 1	 2	 2	 2	 1	 1	 1	 0	 2	 2	 1	  0.38	  0.00
235	44	18	v	 1	 1	 2	 1	 2	 1	 1	 1	 0	 2	 2	 1	  0.44	  0.00
236	44	18	v	 1	 1	 2	 3	 1	 1	 1	 2	 1	 1	 1	 1	  0.41	  0.00
237	44	18	v	 1	 1	 2	 3	 2	 1	 1	 1	 0	 2	 2	 1	  0.43	  0.00
238	44	18	v	 1	 1	 2	 1	 2	 1	 1	 1	 0	 2	 2	 1	  0.63	  0.00
239	44	18	v	 1	 1	 2	 1	 2	 1	 1	 1	 0	 2	 2	 1	  0.51	  0.00
240	44	18	v	 1	 1	 2	 2	 1	 1	 1	 1	 1	 1	 1	 1	  0.44	  0.00
241	44	18	v	 1	 1	 2	 3	 1	 1	 1	 2	 1	 1	 1	 1	  0.52	  0.00
242	44	18	v	 1	 1	 2	 1	 2	 1	 1	 2	 0	 2	 2	 1	  0.46	  0.00
243	44	18	v	 1	 1	 2	 1	 1	 1	 1	 2	 1	 1	 1	 1	  0.45	  0.00
244	44	18	v	 1	 1	 2	 2	 1	 1	 1	 2	 1	 1	 1	 1	  0.50	  0.00
245	44	18	v	 1	 1	 2	 3	 1	 1	 1	 2	 1	 1	 1	 1	  0.52	  0.00
246	44	18	v	 1	 1	 2	 1	 2	 1	 1	 2	 0	 2	 2	 1	  0.57	  0.00
247	44	18	v	 1	 1	 2	 3	 2	 1	 1	 1	 0	 2	 2	 1	  0.54	  0.00
248	44	18	v	 1	 1	 2	 1	 1	 1	 1	 1	 1	 1	 1	 1	  0.66	  0.00
249	44	18	v	 1	 1	 2	 1	 2	 1	 1	 1	 0	 2	 2	 1	  0.44	  0.00
250	44	18	v	 1	 1	 2	 3	 1	 1	 1	 1	 1	 1	 1	 1	  0.47	  0.00
251	44	18	v	 1	 1	 2	 2	 2	 1	 1	 2	 0	 2	 2	 1	  0.41	  0.00
252	44	18	v	 1	 1	 2	 2	 1	 1	 1	 1	 1	 1	 1	 1	  0.47	  0.00
253	44	18	v	 1	 1	 2	 2	 1	 1	 1	 2	 1	 1	 1	 1	  0.49	  0.00
254	44	18	v	 1	 1	 2	 1	 1	 1	 1	 2	 1	 1	 1	 1	  0.39	  0.00
255	44	18	v	 1	 1	 2	 3	 2	 1	 1	 2	 0	 2	 2	 1	  0.46	  0.00
256	44	18	v	 1	 1	 2	 3	 2	 1	 1	 1	 0	 2	 2	 1	  0.43	  0.00
257	44	18	v	 1	 1	 2	 1	 1	 1	 1	 2	 1	 1	 1	 1	  0.46	  0.00
258	44	18	v	 1	 1	 2	 3	 2	 1	 1	 2	 0	 2	 2	 1	  1.11	  0.00
259	44	18	v	 1	 1	 2	 1	 1	 1	 1	 2	 1	 1	 1	 1	  0.41	  0.00
260	44	18	v	 1	 1	 2	 1	 1	 1	 1	 1	 1	 1	 1	 1	  0.45	  0.00
261	44	18	v	 1	 1	 2	 3	 1	 1	 1	 1	 1	 1	 1	 1	  0.40	  0.00
262	44	18	v	 1	 1	 2	 2	 2	 1	 1	 2	 0	 2	 2	 1	  0.50	  0.00
263	44	18	v	 1	 1	 2	 3	 1	 1	 1	 2	 1	 1	 1	 1	  0.64	  0.00
264	44	18	v	 1	 1	 2	 2	 1	 1	 1	 1	 1	 1	 1	 1	  0.53	  0.00
265	44	18	v	 1	 1	 2	 1	 2	 1	 1	 1	 0	 2	 2	 1	  0.85	  0.00
266	44	18	v	 1	 1	 2	 1	 2	 1	 1	 2	 0	 2	 2	 1	  0.43	  0.00
267	44	18	v	 1	 1	 2	 2	 2	 1	 1	 2	 0	 2	 2	 1	  0.46	  0.00
268	44	18	v	 1	 1	 2	 3	 1	 1	 1	 2	 1	 1	 1	 1	  0.58	  0.00
269	44	18	v	 1	 1	 2	 2	 2	 1	 1	 1	 0	 2	 2	 1	  0.44	  0.00
270	44	18	v	 1	 1	 2	 2	 1	 1	 1	 2	 1	 1	 1	 1	  0.44	  0.00
271	44	18	v	 1	 1	 2	 1	 1	 1	 1	 2	 1	 1	 1	 1	  0.40	  0.00
272	44	18	v	 1	 1	 2	 2	 2	 1	 1	 1	 0	 2	 2	 1	  0.39	  0.00
273	44	18	v	 1	 1	 2	 3	 1	 1	 1	 1	 1	 1	 1	 1	  0.33	  0.00
274	44	18	v	 1	 1	 2	 2	 1	 1	 1	 2	 1	 1	 1	 1	  0.45	  0.00
275	44	18	v	 1	 1	 2	 1	 2	 1	 1	 1	 0	 2	 2	 1	  0.40	  0.00
276	44	18	v	 1	 1	 2	 2	 1	 1	 1	 1	 1	 1	 1	 1	  0.47	  0.00
277	44	18	v	 1	 1	 2	 1	 1	 1	 1	 2	 1	 1	 1	 1	  0.39	  0.00
278	44	18	v	 1	 1	 2	 2	 1	 1	 1	 2	 1	 1	 1	 1	  0.35	  0.00
279	44	18	v	 1	 1	 2	 1	 2	 1	 1	 2	 0	 2	 2	 1	  0.41	  0.00
280	44	18	v	 1	 1	 2	 2	 2	 1	 1	 1	 0	 2	 2	 1	  0.50	  0.00
281	44	18	v	 1	 1	 2	 1	 1	 1	 1	 1	 1	 1	 1	 1	  0.31	  0.00
282	44	18	v	 1	 1	 2	 2	 2	 1	 1	 1	 0	 2	 2	 1	  0.50	  0.00
283	44	18	v	 1	 1	 2	 1	 2	 1	 1	 2	 0	 2	 2	 1	  0.46	  0.00
284	44	18	v	 1	 1	 2	 3	 1	 1	 1	 1	 1	 1	 1	 1	  0.37	  0.00
285	44	18	v	 1	 1	 2	 3	 2	 1	 1	 1	 0	 2	 2	 1	  0.35	  0.00
286	44	18	v	 1	 1	 2	 2	 2	 1	 1	 2	 0	 2	 2	 1	  0.64	  0.00
287	44	18	v	 1	 1	 2	 1	 2	 1	 1	 2	 0	 2	 2	 1	  0.51	  0.00
288	44	18	v	 1	 1	 3	 1	 1	 2	 2	 2	 0	 1	 1	 1	  0.55	  0.00
289	44	18	v	 1	 1	 3	 3	 2	 2	 2	 2	 1	 2	 2	 1	  0.32	  0.00
290	44	18	v	 1	 1	 3	 3	 1	 2	 2	 1	 0	 1	 1	 1	  0.45	  0.00
291	44	18	v	 1	 1	 3	 1	 1	 2	 2	 1	 0	 1	 1	 1	  0.36	  0.00
292	44	18	v	 1	 1	 3	 1	 1	 2	 2	 1	 0	 1	 1	 1	  0.43	  0.00
293	44	18	v	 1	 1	 3	 2	 2	 2	 2	 2	 1	 2	 2	 1	  0.36	  0.00
294	44	18	v	 1	 1	 3	 2	 1	 2	 2	 1	 0	 1	 1	 1	  0.32	  0.00
295	44	18	v	 1	 1	 3	 3	 2	 2	 2	 2	 1	 2	 2	 1	  0.38	  0.00
296	44	18	v	 1	 1	 3	 2	 2	 2	 2	 1	 1	 2	 2	 1	  0.44	  0.00
297	44	18	v	 1	 1	 3	 1	 2	 2	 2	 1	 1	 2	 2	 1	  0.43	  0.00
298	44	18	v	 1	 1	 3	 3	 1	 2	 2	 2	 0	 1	 1	 1	  0.45	  0.00
299	44	18	v	 1	 1	 3	 1	 2	 2	 2	 2	 1	 2	 2	 1	  0.37	  0.00
300	44	18	v	 1	 1	 3	 1	 2	 2	 2	 2	 1	 2	 2	 1	  0.39	  0.00
301	44	18	v	 1	 1	 3	 3	 2	 2	 2	 2	 1	 2	 2	 1	  0.49	  0.00
302	44	18	v	 1	 1	 3	 2	 1	 2	 2	 1	 0	 1	 1	 1	  0.42	  0.00
303	44	18	v	 1	 1	 3	 1	 1	 2	 2	 1	 0	 1	 1	 1	  0.44	  0.00
304	44	18	v	 1	 1	 3	 2	 2	 2	 2	 1	 1	 2	 2	 1	  0.67	  0.00
305	44	18	v	 1	 1	 3	 1	 1	 2	 2	 2	 0	 1	 1	 1	  0.44	  0.00
306	44	18	v	 1	 1	 3	 2	 2	 2	 2	 2	 1	 2	 2	 1	  0.54	  0.00
307	44	18	v	 1	 1	 3	 2	 2	 2	 2	 1	 1	 2	 2	 1	  0.71	  0.00
308	44	18	v	 1	 1	 3	 3	 2	 2	 2	 1	 1	 2	 2	 1	  0.45	  0.00
309	44	18	v	 1	 1	 3	 2	 2	 2	 2	 1	 1	 2	 2	 1	  0.44	  0.00
310	44	18	v	 1	 1	 3	 2	 1	 2	 2	 2	 0	 1	 1	 1	  0.60	  0.00
311	44	18	v	 1	 1	 3	 2	 1	 2	 2	 2	 0	 1	 1	 1	  0.43	  0.00
312	44	18	v	 1	 1	 3	 3	 1	 2	 2	 2	 0	 1	 1	 1	  0.41	  0.00
313	44	18	v	 1	 1	 3	 2	 2	 2	 2	 1	 1	 2	 2	 1	  0.48	  0.00
314	44	18	v	 1	 1	 3	 3	 1	 2	 2	 2	 0	 1	 2	 0	  0.72	  0.00
315	44	18	v	 1	 1	 3	 1	 1	 2	 2	 1	 0	 1	 2	 0	  0.65	  0.00
316	44	18	v	 1	 1	 3	 3	 2	 2	 2	 1	 1	 2	 2	 1	  0.41	  0.00
317	44	18	v	 1	 1	 3	 3	 1	 2	 2	 2	 0	 1	 1	 1	  0.64	  0.00
318	44	18	v	 1	 1	 3	 3	 2	 2	 2	 2	 1	 2	 2	 1	  0.45	  0.00
319	44	18	v	 1	 1	 3	 1	 2	 2	 2	 2	 1	 2	 2	 1	  0.45	  0.00
320	44	18	v	 1	 1	 3	 2	 1	 2	 2	 2	 0	 1	 1	 1	  0.56	  0.00
321	44	18	v	 1	 1	 3	 3	 2	 2	 2	 1	 1	 2	 2	 1	  0.44	  0.00
322	44	18	v	 1	 1	 3	 3	 1	 2	 2	 2	 0	 1	 1	 1	  0.51	  0.00
323	44	18	v	 1	 1	 3	 1	 1	 2	 2	 2	 0	 1	 1	 1	  0.46	  0.00
324	44	18	v	 1	 1	 3	 1	 2	 2	 2	 1	 1	 2	 2	 1	  0.41	  0.00
325	44	18	v	 1	 1	 3	 1	 2	 2	 2	 1	 1	 2	 2	 1	  0.41	  0.00
326	44	18	v	 1	 1	 3	 3	 1	 2	 2	 1	 0	 1	 1	 1	  0.47	  0.00
327	44	18	v	 1	 1	 3	 3	 1	 2	 2	 1	 0	 1	 1	 1	  0.43	  0.00
328	44	18	v	 1	 1	 3	 3	 2	 2	 2	 2	 1	 2	 2	 1	  0.41	  0.00
329	44	18	v	 1	 1	 3	 2	 2	 2	 2	 1	 1	 2	 2	 1	  0.54	  0.00
330	44	18	v	 1	 1	 3	 1	 1	 2	 2	 1	 0	 1	 1	 1	  0.57	  0.00
331	44	18	v	 1	 1	 3	 1	 2	 2	 2	 2	 1	 2	 2	 1	  0.68	  0.00
332	44	18	v	 1	 1	 3	 2	 2	 2	 2	 2	 1	 2	 2	 1	  0.53	  0.00
333	44	18	v	 1	 1	 3	 1	 2	 2	 2	 1	 1	 2	 2	 1	  0.51	  0.00
334	44	18	v	 1	 1	 3	 3	 2	 2	 2	 2	 1	 2	 2	 1	  0.46	  0.00
335	44	18	v	 1	 1	 3	 3	 1	 2	 2	 1	 0	 1	 1	 1	  0.48	  0.00
336	44	18	v	 1	 1	 3	 3	 1	 2	 2	 2	 0	 1	 1	 1	  0.46	  0.00
337	44	18	v	 1	 1	 3	 1	 2	 2	 2	 2	 1	 2	 2	 1	  0.41	  0.00
338	44	18	v	 1	 1	 3	 1	 2	 2	 2	 2	 1	 2	 2	 1	  0.48	  0.00
339	44	18	v	 1	 1	 3	 1	 1	 2	 2	 1	 0	 1	 1	 1	  0.47	  0.00
340	44	18	v	 1	 1	 3	 2	 2	 2	 2	 2	 1	 2	 2	 1	  0.43	  0.00
341	44	18	v	 1	 1	 3	 3	 1	 2	 2	 2	 0	 1	 1	 1	  0.75	  0.00
342	44	18	v	 1	 1	 3	 3	 2	 2	 2	 2	 1	 2	 2	 1	  0.44	  0.00
343	44	18	v	 1	 1	 3	 1	 2	 2	 2	 1	 1	 2	 2	 1	  0.64	  0.00
344	44	18	v	 1	 1	 3	 3	 1	 2	 2	 1	 0	 1	 1	 1	  0.47	  0.00
345	44	18	v	 1	 1	 3	 2	 2	 2	 2	 2	 1	 2	 2	 1	  0.50	  0.00
346	44	18	v	 1	 1	 3	 3	 2	 2	 2	 1	 1	 2	 2	 1	  0.43	  0.00
347	44	18	v	 1	 1	 3	 1	 1	 2	 2	 2	 0	 1	 1	 1	  0.67	  0.00
348	44	18	v	 1	 1	 3	 2	 2	 2	 2	 1	 1	 2	 2	 1	  0.53	  0.00
349	44	18	v	 1	 1	 3	 2	 1	 2	 2	 1	 0	 1	 1	 1	  0.40	  0.00
350	44	18	v	 1	 1	 3	 1	 2	 2	 2	 1	 1	 2	 2	 1	  0.46	  0.00
351	44	18	v	 1	 1	 3	 2	 1	 2	 2	 1	 0	 1	 1	 1	  0.42	  0.00
352	44	18	v	 1	 1	 3	 2	 1	 2	 2	 1	 0	 1	 1	 1	  0.65	  0.00
353	44	18	v	 1	 1	 3	 1	 1	 2	 2	 1	 0	 1	 1	 1	  0.42	  0.00
354	44	18	v	 1	 1	 3	 2	 2	 2	 2	 2	 1	 2	 2	 1	  0.49	  0.00
355	44	18	v	 1	 1	 3	 1	 1	 2	 2	 2	 0	 1	 1	 1	  0.48	  0.00
356	44	18	v	 1	 1	 3	 3	 2	 2	 2	 1	 1	 2	 2	 1	  0.41	  0.00
357	44	18	v	 1	 1	 3	 1	 2	 2	 2	 2	 1	 2	 2	 1	  0.45	  0.00
358	44	18	v	 1	 1	 3	 2	 1	 2	 2	 1	 0	 1	 1	 1	  0.45	  0.00
359	44	18	v	 1	 1	 3	 2	 2	 2	 2	 1	 1	 2	 2	 1	  0.48	  0.00
360	44	18	v	 1	 1	 3	 1	 2	 2	 2	 1	 1	 2	 2	 1	  0.55	  0.00
361	44	18	v	 1	 1	 3	 3	 2	 2	 2	 2	 1	 2	 2	 1	  0.52	  0.00
362	44	18	v	 1	 1	 3	 2	 1	 2	 2	 2	 0	 1	 1	 1	  0.50	  0.00
363	44	18	v	 1	 1	 3	 3	 2	 2	 2	 1	 1	 2	 2	 1	  0.56	  0.00
364	44	18	v	 1	 1	 3	 2	 1	 2	 2	 2	 0	 1	 1	 1	  0.45	  0.00
365	44	18	v	 1	 1	 3	 2	 1	 2	 2	 2	 0	 1	 1	 1	  0.58	  0.00
366	44	18	v	 1	 1	 3	 2	 2	 2	 2	 2	 1	 2	 2	 1	  0.50	  0.00
367	44	18	v	 1	 1	 3	 3	 1	 2	 2	 1	 0	 1	 1	 1	  0.92	  0.00
368	44	18	v	 1	 1	 3	 1	 1	 2	 2	 1	 0	 1	 1	 1	  0.43	  0.00
369	44	18	v	 1	 1	 3	 2	 1	 2	 2	 1	 0	 1	 1	 1	  0.53	  0.00
370	44	18	v	 1	 1	 3	 3	 2	 2	 2	 1	 1	 2	 2	 1	  0.65	  0.00
371	44	18	v	 1	 1	 3	 1	 1	 2	 2	 2	 0	 1	 1	 1	  0.51	  0.00
372	44	18	v	 1	 1	 3	 2	 1	 2	 2	 2	 0	 1	 1	 1	  0.41	  0.00
373	44	18	v	 1	 1	 3	 3	 1	 2	 2	 1	 0	 1	 1	 1	  0.51	  0.00
374	44	18	v	 1	 1	 3	 2	 1	 2	 2	 1	 0	 1	 1	 1	  0.53	  0.00
375	44	18	v	 1	 1	 3	 1	 2	 2	 2	 2	 1	 2	 2	 1	  0.57	  0.00
376	44	18	v	 1	 1	 3	 1	 2	 2	 2	 1	 1	 2	 2	 1	  0.50	  0.00
377	44	18	v	 1	 1	 3	 3	 1	 2	 2	 1	 0	 1	 1	 1	  0.51	  0.00
378	44	18	v	 1	 1	 3	 1	 1	 2	 2	 2	 0	 1	 1	 1	  0.49	  0.00
379	44	18	v	 1	 1	 3	 3	 2	 2	 2	 1	 1	 2	 2	 1	  0.65	  0.00
380	44	18	v	 1	 1	 3	 2	 2	 2	 2	 2	 1	 2	 2	 1	  0.50	  0.00
381	44	18	v	 1	 1	 3	 1	 1	 2	 2	 2	 0	 1	 1	 1	  0.37	  0.00
382	44	18	v	 1	 1	 3	 2	 1	 2	 2	 2	 0	 1	 1	 1	  0.57	  0.00
383	44	18	v	 1	 1	 3	 3	 1	 2	 2	 2	 0	 1	 1	 1	  0.63	  0.00
