00	23	19	v	 0	 2	 0	 3	 1	 2	 1	 2	 0	 1	 1	 1	  0.50	  0.00
01	23	19	v	 0	 2	 0	 3	 1	 2	 1	 2	 0	 1	 1	 1	  0.52	  0.00
02	23	19	v	 0	 2	 0	 3	 1	 2	 1	 1	 0	 1	 1	 1	  0.40	  0.00
03	23	19	v	 0	 2	 0	 3	 1	 2	 1	 2	 0	 1	 1	 1	  0.39	  0.00
04	23	19	v	 0	 2	 0	 2	 2	 2	 1	 2	 1	 2	 2	 1	  0.38	  0.00
05	23	19	v	 0	 2	 0	 3	 1	 2	 1	 2	 0	 1	 1	 1	  0.51	  0.00
06	23	19	v	 0	 2	 0	 1	 1	 2	 1	 1	 0	 1	 1	 1	  0.40	  0.00
07	23	19	v	 0	 2	 0	 3	 2	 2	 1	 1	 1	 2	 2	 1	  0.35	  0.00
08	23	19	v	 0	 2	 0	 2	 2	 2	 1	 1	 1	 2	 2	 1	  0.40	  0.00
09	23	19	v	 0	 2	 0	 1	 2	 2	 1	 1	 1	 2	 2	 1	  0.42	  0.00
10	23	19	v	 0	 2	 0	 3	 1	 2	 1	 1	 0	 1	 1	 1	  0.35	  0.00
11	23	19	v	 0	 2	 0	 2	 1	 2	 1	 2	 0	 1	 1	 1	  0.38	  0.00
12	23	19	v	 0	 2	 0	 2	 1	 2	 1	 2	 0	 1	 1	 1	  0.46	  0.00
13	23	19	v	 0	 2	 0	 3	 2	 2	 1	 2	 1	 2	 2	 1	  0.33	  0.00
14	23	19	v	 0	 2	 0	 2	 1	 2	 1	 1	 0	 1	 1	 1	  0.41	  0.00
15	23	19	v	 0	 2	 0	 1	 1	 2	 1	 1	 0	 1	 1	 1	  0.37	  0.00
16	23	19	v	 0	 2	 0	 2	 1	 2	 1	 1	 0	 1	 1	 1	  0.58	  0.00
17	23	19	v	 0	 2	 0	 1	 1	 2	 1	 1	 0	 1	 1	 1	  0.43	  0.00
18	23	19	v	 0	 2	 0	 2	 2	 2	 1	 1	 1	 2	 2	 1	  0.35	  0.00
19	23	19	v	 0	 2	 0	 2	 1	 2	 1	 1	 0	 1	 1	 1	  0.41	  0.00
20	23	19	v	 0	 2	 0	 1	 2	 2	 1	 2	 1	 2	 2	 1	  0.37	  0.00
21	23	19	v	 0	 2	 0	 1	 2	 2	 1	 2	 1	 2	 2	 1	  0.55	  0.00
22	23	19	v	 0	 2	 0	 2	 1	 2	 1	 1	 0	 1	 1	 1	  0.39	  0.00
23	23	19	v	 0	 2	 0	 1	 2	 2	 1	 2	 1	 2	 2	 1	  0.41	  0.00
24	23	19	v	 0	 2	 0	 2	 1	 2	 1	 2	 0	 1	 1	 1	  0.48	  0.00
25	23	19	v	 0	 2	 0	 1	 2	 2	 1	 2	 1	 2	 2	 1	  0.38	  0.00
26	23	19	v	 0	 2	 0	 2	 1	 2	 1	 1	 0	 1	 1	 1	  0.38	  0.00
27	23	19	v	 0	 2	 0	 3	 2	 2	 1	 1	 1	 2	 2	 1	  0.37	  0.00
28	23	19	v	 0	 2	 0	 1	 2	 2	 1	 1	 1	 2	 2	 1	  0.47	  0.00
29	23	19	v	 0	 2	 0	 2	 2	 2	 1	 1	 1	 2	 2	 1	  0.42	  0.00
30	23	19	v	 0	 2	 0	 2	 2	 2	 1	 2	 1	 2	 2	 1	  0.42	  0.00
31	23	19	v	 0	 2	 0	 3	 1	 2	 1	 2	 0	 1	 1	 1	  0.38	  0.00
32	23	19	v	 0	 2	 0	 1	 1	 2	 1	 1	 0	 1	 1	 1	  0.43	  0.00
33	23	19	v	 0	 2	 0	 1	 1	 2	 1	 2	 0	 1	 1	 1	  0.43	  0.00
34	23	19	v	 0	 2	 0	 1	 2	 2	 1	 1	 1	 2	 2	 1	  0.39	  0.00
35	23	19	v	 0	 2	 0	 3	 1	 2	 1	 2	 0	 1	 1	 1	  0.37	  0.00
36	23	19	v	 0	 2	 0	 1	 1	 2	 1	 1	 0	 1	 1	 1	  0.48	  0.00
37	23	19	v	 0	 2	 0	 1	 1	 2	 1	 1	 0	 1	 1	 1	  0.44	  0.00
38	23	19	v	 0	 2	 0	 3	 2	 2	 1	 1	 1	 2	 2	 1	  0.37	  0.00
39	23	19	v	 0	 2	 0	 3	 2	 2	 1	 2	 1	 2	 2	 1	  0.53	  0.00
40	23	19	v	 0	 2	 0	 3	 2	 2	 1	 2	 1	 2	 2	 1	  0.39	  0.00
41	23	19	v	 0	 2	 0	 2	 1	 2	 1	 2	 0	 1	 1	 1	  0.44	  0.00
42	23	19	v	 0	 2	 0	 3	 2	 2	 1	 2	 1	 2	 2	 1	  0.41	  0.00
43	23	19	v	 0	 2	 0	 1	 2	 2	 1	 2	 1	 2	 2	 1	  0.40	  0.00
44	23	19	v	 0	 2	 0	 1	 2	 2	 1	 2	 1	 2	 2	 1	  0.37	  0.00
45	23	19	v	 0	 2	 0	 3	 2	 2	 1	 1	 1	 2	 2	 1	  0.50	  0.00
46	23	19	v	 0	 2	 0	 2	 1	 2	 1	 1	 0	 1	 1	 1	  0.43	  0.00
47	23	19	v	 0	 2	 0	 2	 2	 2	 1	 1	 1	 2	 2	 1	  0.39	  0.00
48	23	19	v	 0	 2	 0	 2	 1	 2	 1	 2	 0	 1	 1	 1	  0.37	  0.00
49	23	19	v	 0	 2	 0	 1	 1	 2	 1	 2	 0	 1	 1	 1	  0.46	  0.00
50	23	19	v	 0	 2	 0	 1	 1	 2	 1	 2	 0	 1	 1	 1	  0.38	  0.00
51	23	19	v	 0	 2	 0	 1	 1	 2	 1	 1	 0	 1	 1	 1	  0.38	  0.00
52	23	19	v	 0	 2	 0	 1	 2	 2	 1	 1	 1	 2	 2	 1	  0.45	  0.00
53	23	19	v	 0	 2	 0	 2	 2	 2	 1	 1	 1	 2	 2	 1	  0.38	  0.00
54	23	19	v	 0	 2	 0	 2	 1	 2	 1	 2	 0	 1	 1	 1	  0.38	  0.00
55	23	19	v	 0	 2	 0	 3	 2	 2	 1	 2	 1	 2	 2	 1	  0.43	  0.00
56	23	19	v	 0	 2	 0	 1	 2	 2	 1	 1	 1	 2	 2	 1	  0.37	  0.00
57	23	19	v	 0	 2	 0	 3	 2	 2	 1	 1	 1	 2	 2	 1	  0.35	  0.00
58	23	19	v	 0	 2	 0	 1	 1	 2	 1	 2	 0	 1	 1	 1	  0.40	  0.00
59	23	19	v	 0	 2	 0	 3	 2	 2	 1	 2	 1	 2	 2	 1	  0.42	  0.00
60	23	19	v	 0	 2	 0	 3	 2	 2	 1	 1	 1	 2	 2	 1	  0.37	  0.00
61	23	19	v	 0	 2	 0	 1	 2	 2	 1	 2	 1	 2	 2	 1	  0.40	  0.00
62	23	19	v	 0	 2	 0	 1	 2	 2	 1	 1	 1	 2	 2	 1	  0.47	  0.00
63	23	19	v	 0	 2	 0	 3	 1	 2	 1	 1	 0	 1	 1	 1	  0.35	  0.00
64	23	19	v	 0	 2	 0	 3	 2	 2	 1	 1	 1	 2	 2	 1	  0.35	  0.00
65	23	19	v	 0	 2	 0	 2	 1	 2	 1	 2	 0	 1	 1	 1	  0.38	  0.00
66	23	19	v	 0	 2	 0	 1	 1	 2	 1	 2	 0	 1	 1	 1	  0.43	  0.00
67	23	19	v	 0	 2	 0	 2	 2	 2	 1	 2	 1	 2	 2	 1	  0.38	  0.00
68	23	19	v	 0	 2	 0	 3	 1	 2	 1	 1	 0	 1	 1	 1	  0.49	  0.00
69	23	19	v	 0	 2	 0	 3	 1	 2	 1	 2	 0	 1	 1	 1	  0.35	  0.00
70	23	19	v	 0	 2	 0	 1	 1	 2	 1	 2	 0	 1	 1	 1	  0.51	  0.00
71	23	19	v	 0	 2	 0	 1	 1	 2	 1	 2	 0	 1	 1	 1	  0.66	  0.00
72	23	19	v	 0	 2	 0	 2	 2	 2	 1	 2	 1	 2	 2	 1	  0.47	  0.00
73	23	19	v	 0	 2	 0	 1	 2	 2	 1	 1	 1	 2	 2	 1	  0.37	  0.00
74	23	19	v	 0	 2	 0	 2	 2	 2	 1	 2	 1	 2	 2	 1	  0.39	  0.00
75	23	19	v	 0	 2	 0	 2	 2	 2	 1	 2	 1	 2	 2	 1	  0.41	  0.00
76	23	19	v	 0	 2	 0	 3	 1	 2	 1	 1	 0	 1	 1	 1	  0.40	  0.00
77	23	19	v	 0	 2	 0	 1	 1	 2	 1	 1	 0	 1	 1	 1	  0.34	  0.00
78	23	19	v	 0	 2	 0	 3	 1	 2	 1	 2	 0	 1	 1	 1	  0.38	  0.00
79	23	19	v	 0	 2	 0	 2	 1	 2	 1	 1	 0	 1	 1	 1	  0.39	  0.00
80	23	19	v	 0	 2	 0	 2	 2	 2	 1	 2	 1	 2	 2	 1	  0.34	  0.00
81	23	19	v	 0	 2	 0	 2	 2	 2	 1	 1	 1	 2	 2	 1	  0.36	  0.00
82	23	19	v	 0	 2	 0	 1	 2	 2	 1	 1	 1	 2	 2	 1	  0.30	  0.00
83	23	19	v	 0	 2	 0	 3	 2	 2	 1	 1	 1	 2	 2	 1	  0.34	  0.00
84	23	19	v	 0	 2	 0	 3	 1	 2	 1	 1	 0	 1	 1	 1	  0.32	  0.00
85	23	19	v	 0	 2	 0	 2	 2	 2	 1	 2	 1	 2	 2	 1	  0.47	  0.00
86	23	19	v	 0	 2	 0	 2	 1	 2	 1	 1	 0	 1	 1	 1	  0.36	  0.00
87	23	19	v	 0	 2	 0	 3	 2	 2	 1	 2	 1	 2	 2	 1	  0.39	  0.00
88	23	19	v	 0	 2	 0	 1	 2	 2	 1	 2	 1	 2	 2	 1	  0.38	  0.00
89	23	19	v	 0	 2	 0	 2	 2	 2	 1	 1	 1	 2	 2	 1	  0.39	  0.00
90	23	19	v	 0	 2	 0	 2	 1	 2	 1	 2	 0	 1	 1	 1	  0.39	  0.00
91	23	19	v	 0	 2	 0	 1	 1	 2	 1	 2	 0	 1	 1	 1	  0.34	  0.00
92	23	19	v	 0	 2	 0	 3	 1	 2	 1	 1	 0	 1	 1	 1	  0.33	  0.00
93	23	19	v	 0	 2	 0	 2	 2	 2	 1	 1	 1	 2	 2	 1	  0.39	  0.00
94	23	19	v	 0	 2	 0	 3	 2	 2	 1	 2	 1	 2	 2	 1	  0.30	  0.00
95	23	19	v	 0	 2	 0	 3	 1	 2	 1	 1	 0	 1	 1	 1	  0.36	  0.00
96	23	19	v	 0	 2	 1	 3	 1	 1	 2	 1	 1	 1	 1	 1	  0.56	  0.00
97	23	19	v	 0	 2	 1	 1	 2	 1	 2	 2	 0	 2	 2	 1	  0.40	  0.00
98	23	19	v	 0	 2	 1	 3	 1	 1	 2	 1	 1	 1	 1	 1	  0.38	  0.00
99	23	19	v	 0	 2	 1	 3	 1	 1	 2	 2	 1	 1	 1	 1	  0.39	  0.00
100	23	19	v	 0	 2	 1	 1	 1	 1	 2	 1	 1	 1	 1	 1	  0.44	  0.00
101	23	19	v	 0	 2	 1	 3	 2	 1	 2	 1	 0	 2	 2	 1	  0.33	  0.00
102	23	19	v	 0	 2	 1	 3	 2	 1	 2	 2	 0	 2	 2	 1	  0.35	  0.00
103	23	19	v	 0	 2	 1	 1	 1	 1	 2	 2	 1	 1	 1	 1	  0.33	  0.00
104	23	19	v	 0	 2	 1	 1	 1	 1	 2	 1	 1	 1	 1	 1	  0.34	  0.00
105	23	19	v	 0	 2	 1	 3	 2	 1	 2	 2	 0	 2	 2	 1	  0.35	  0.00
106	23	19	v	 0	 2	 1	 1	 1	 1	 2	 1	 1	 1	 1	 1	  0.39	  0.00
107	23	19	v	 0	 2	 1	 1	 1	 1	 2	 2	 1	 1	 1	 1	  0.32	  0.00
108	23	19	v	 0	 2	 1	 2	 2	 1	 2	 2	 0	 2	 2	 1	  0.38	  0.00
109	23	19	v	 0	 2	 1	 1	 2	 1	 2	 2	 0	 2	 2	 1	  0.34	  0.00
110	23	19	v	 0	 2	 1	 1	 1	 1	 2	 1	 1	 1	 1	 1	  0.39	  0.00
111	23	19	v	 0	 2	 1	 1	 1	 1	 2	 2	 1	 1	 1	 1	  0.39	  0.00
112	23	19	v	 0	 2	 1	 1	 2	 1	 2	 2	 0	 2	 2	 1	  0.34	  0.00
113	23	19	v	 0	 2	 1	 1	 1	 1	 2	 1	 1	 1	 1	 1	  0.41	  0.00
114	23	19	v	 0	 2	 1	 1	 1	 1	 2	 2	 1	 1	 1	 1	  0.34	  0.00
115	23	19	v	 0	 2	 1	 3	 2	 1	 2	 1	 0	 2	 2	 1	  0.36	  0.00
116	23	19	v	 0	 2	 1	 1	 2	 1	 2	 1	 0	 2	 2	 1	  0.35	  0.00
117	23	19	v	 0	 2	 1	 3	 2	 1	 2	 2	 0	 2	 2	 1	  0.40	  0.00
118	23	19	v	 0	 2	 1	 3	 1	 1	 2	 2	 1	 1	 1	 1	  0.35	  0.00
119	23	19	v	 0	 2	 1	 1	 2	 1	 2	 1	 0	 2	 2	 1	  0.27	  0.00
120	23	19	v	 0	 2	 1	 2	 1	 1	 2	 1	 1	 1	 1	 1	  0.37	  0.00
121	23	19	v	 0	 2	 1	 3	 2	 1	 2	 2	 0	 2	 2	 1	  0.35	  0.00
122	23	19	v	 0	 2	 1	 1	 2	 1	 2	 1	 0	 2	 2	 1	  0.43	  0.00
123	23	19	v	 0	 2	 1	 2	 2	 1	 2	 1	 0	 2	 2	 1	  0.37	  0.00
124	23	19	v	 0	 2	 1	 1	 1	 1	 2	 1	 1	 1	 1	 1	  0.42	  0.00
125	23	19	v	 0	 2	 1	 2	 2	 1	 2	 1	 0	 2	 2	 1	  0.38	  0.00
126	23	19	v	 0	 2	 1	 2	 2	 1	 2	 2	 0	 2	 2	 1	  0.40	  0.00
127	23	19	v	 0	 2	 1	 1	 2	 1	 2	 2	 0	 2	 2	 1	  0.41	  0.00
128	23	19	v	 0	 2	 1	 2	 2	 1	 2	 1	 0	 2	 2	 1	  0.36	  0.00
129	23	19	v	 0	 2	 1	 1	 1	 1	 2	 1	 1	 1	 1	 1	  0.35	  0.00
130	23	19	v	 0	 2	 1	 3	 2	 1	 2	 1	 0	 2	 2	 1	  0.38	  0.00
131	23	19	v	 0	 2	 1	 2	 2	 1	 2	 2	 0	 2	 2	 1	  0.32	  0.00
132	23	19	v	 0	 2	 1	 2	 1	 1	 2	 2	 1	 1	 1	 1	  0.38	  0.00
133	23	19	v	 0	 2	 1	 2	 1	 1	 2	 1	 1	 1	 1	 1	  0.40	  0.00
134	23	19	v	 0	 2	 1	 2	 2	 1	 2	 1	 0	 2	 2	 1	  0.29	  0.00
135	23	19	v	 0	 2	 1	 2	 1	 1	 2	 1	 1	 1	 1	 1	  0.40	  0.00
136	23	19	v	 0	 2	 1	 3	 2	 1	 2	 1	 0	 2	 2	 1	  0.37	  0.00
137	23	19	v	 0	 2	 1	 3	 1	 1	 2	 1	 1	 1	 1	 1	  0.40	  0.00
138	23	19	v	 0	 2	 1	 2	 2	 1	 2	 2	 0	 2	 2	 1	  0.34	  0.00
139	23	19	v	 0	 2	 1	 1	 2	 1	 2	 2	 0	 2	 2	 1	  0.38	  0.00
140	23	19	v	 0	 2	 1	 3	 1	 1	 2	 2	 1	 1	 1	 1	  0.36	  0.00
141	23	19	v	 0	 2	 1	 1	 1	 1	 2	 2	 1	 1	 1	 1	  0.43	  0.00
142	23	19	v	 0	 2	 1	 2	 2	 1	 2	 1	 0	 2	 2	 1	  0.33	  0.00
143	23	19	v	 0	 2	 1	 1	 1	 1	 2	 2	 1	 1	 1	 1	  0.42	  0.00
144	23	19	v	 0	 2	 1	 1	 1	 1	 2	 2	 1	 1	 1	 1	  0.38	  0.00
145	23	19	v	 0	 2	 1	 2	 2	 1	 2	 1	 0	 2	 2	 1	  0.26	  0.00
146	23	19	v	 0	 2	 1	 3	 1	 1	 2	 2	 1	 1	 1	 1	  0.26	  0.00
147	23	19	v	 0	 2	 1	 3	 1	 1	 2	 1	 1	 1	 1	 1	  0.40	  0.00
148	23	19	v	 0	 2	 1	 3	 2	 1	 2	 1	 0	 2	 2	 1	  0.27	  0.00
149	23	19	v	 0	 2	 1	 2	 1	 1	 2	 2	 1	 1	 1	 1	  0.31	  0.00
150	23	19	v	 0	 2	 1	 2	 1	 1	 2	 1	 1	 1	 1	 1	  0.39	  0.00
151	23	19	v	 0	 2	 1	 2	 1	 1	 2	 2	 1	 1	 1	 1	  0.37	  0.00
152	23	19	v	 0	 2	 1	 2	 2	 1	 2	 1	 0	 2	 2	 1	  0.32	  0.00
153	23	19	v	 0	 2	 1	 2	 2	 1	 2	 1	 0	 2	 2	 1	  0.29	  0.00
154	23	19	v	 0	 2	 1	 3	 1	 1	 2	 2	 1	 1	 1	 1	  0.31	  0.00
155	23	19	v	 0	 2	 1	 1	 1	 1	 2	 2	 1	 1	 1	 1	  0.40	  0.00
156	23	19	v	 0	 2	 1	 2	 1	 1	 2	 2	 1	 1	 1	 1	  0.38	  0.00
157	23	19	v	 0	 2	 1	 1	 2	 1	 2	 1	 0	 2	 2	 1	  0.39	  0.00
158	23	19	v	 0	 2	 1	 3	 1	 1	 2	 1	 1	 1	 1	 1	  0.37	  0.00
159	23	19	v	 0	 2	 1	 1	 2	 1	 2	 1	 0	 2	 2	 1	  0.36	  0.00
160	23	19	v	 0	 2	 1	 3	 1	 1	 2	 1	 1	 1	 1	 1	  0.37	  0.00
161	23	19	v	 0	 2	 1	 3	 2	 1	 2	 2	 0	 2	 2	 1	  0.38	  0.00
162	23	19	v	 0	 2	 1	 1	 2	 1	 2	 2	 0	 2	 2	 1	  0.39	  0.00
163	23	19	v	 0	 2	 1	 2	 1	 1	 2	 1	 1	 1	 1	 1	  0.35	  0.00
164	23	19	v	 0	 2	 1	 1	 2	 1	 2	 1	 0	 2	 2	 1	  0.37	  0.00
165	23	19	v	 0	 2	 1	 3	 2	 1	 2	 2	 0	 2	 2	 1	  0.40	  0.00
166	23	19	v	 0	 2	 1	 3	 2	 1	 2	 2	 0	 2	 2	 1	  0.38	  0.00
167	23	19	v	 0	 2	 1	 3	 1	 1	 2	 2	 1	 1	 1	 1	  0.40	  0.00
168	23	19	v	 0	 2	 1	 3	 2	 1	 2	 1	 0	 2	 2	 1	  0.31	  0.00
169	23	19	v	 0	 2	 1	 2	 1	 1	 2	 2	 1	 1	 1	 1	  0.36	  0.00
170	23	19	v	 0	 2	 1	 1	 2	 1	 2	 2	 0	 2	 2	 1	  0.35	  0.00
171	23	19	v	 0	 2	 1	 2	 1	 1	 2	 1	 1	 1	 1	 1	  0.44	  0.00
172	23	19	v	 0	 2	 1	 1	 2	 1	 2	 1	 0	 2	 2	 1	  0.34	  0.00
173	23	19	v	 0	 2	 1	 2	 1	 1	 2	 2	 1	 1	 1	 1	  0.28	  0.00
174	23	19	v	 0	 2	 1	 1	 2	 1	 2	 2	 0	 2	 2	 1	  0.38	  0.00
175	23	19	v	 0	 2	 1	 2	 2	 1	 2	 2	 0	 2	 2	 1	  0.35	  0.00
176	23	19	v	 0	 2	 1	 2	 2	 1	 2	 2	 0	 2	 2	 1	  0.43	  0.00
177	23	19	v	 0	 2	 1	 3	 1	 1	 2	 1	 1	 1	 1	 1	  0.38	  0.00
178	23	19	v	 0	 2	 1	 3	 1	 1	 2	 2	 1	 1	 1	 1	  0.44	  0.00
179	23	19	v	 0	 2	 1	 3	 2	 1	 2	 1	 0	 2	 2	 1	  0.45	  0.00
180	23	19	v	 0	 2	 1	 2	 1	 1	 2	 2	 1	 1	 1	 1	  0.26	  0.00
181	23	19	v	 0	 2	 1	 2	 2	 1	 2	 2	 0	 2	 2	 1	  0.32	  0.00
182	23	19	v	 0	 2	 1	 2	 1	 1	 2	 1	 1	 1	 1	 1	  0.28	  0.00
183	23	19	v	 0	 2	 1	 3	 1	 1	 2	 2	 1	 1	 1	 1	  0.38	  0.00
184	23	19	v	 0	 2	 1	 3	 2	 1	 2	 2	 0	 2	 2	 1	  0.39	  0.00
185	23	19	v	 0	 2	 1	 1	 1	 1	 2	 1	 1	 1	 1	 1	  0.46	  0.00
186	23	19	v	 0	 2	 1	 3	 2	 1	 2	 1	 0	 2	 2	 1	  0.36	  0.00
187	23	19	v	 0	 2	 1	 3	 1	 1	 2	 1	 1	 1	 1	 1	  0.41	  0.00
188	23	19	v	 0	 2	 1	 2	 1	 1	 2	 1	 1	 1	 1	 1	  0.34	  0.00
189	23	19	v	 0	 2	 1	 2	 1	 1	 2	 2	 1	 1	 1	 1	  0.36	  0.00
190	23	19	v	 0	 2	 1	 1	 2	 1	 2	 1	 0	 2	 2	 1	  0.35	  0.00
191	23	19	v	 0	 2	 1	 2	 2	 1	 2	 2	 0	 2	 2	 1	  0.35	  0.00
192	23	19	v	 0	 2	 2	 2	 2	 2	 1	 1	 1	 2	 2	 1	  0.46	  0.00
193	23	19	v	 0	 2	 2	 3	 1	 2	 1	 1	 0	 1	 1	 1	  0.44	  0.00
194	23	19	v	 0	 2	 2	 1	 2	 2	 1	 1	 1	 2	 2	 1	  0.38	  0.00
195	23	19	v	 0	 2	 2	 3	 2	 2	 1	 1	 1	 2	 2	 1	  0.37	  0.00
196	23	19	v	 0	 2	 2	 1	 1	 2	 1	 1	 0	 1	 1	 1	  0.30	  0.00
197	23	19	v	 0	 2	 2	 2	 2	 2	 1	 1	 1	 2	 2	 1	  0.36	  0.00
198	23	19	v	 0	 2	 2	 2	 2	 2	 1	 1	 1	 2	 2	 1	  0.29	  0.00
199	23	19	v	 0	 2	 2	 2	 1	 2	 1	 1	 0	 1	 1	 1	  0.35	  0.00
200	23	19	v	 0	 2	 2	 3	 1	 2	 1	 1	 0	 1	 1	 1	  0.39	  0.00
201	23	19	v	 0	 2	 2	 1	 1	 2	 1	 1	 0	 1	 1	 1	  0.35	  0.00
202	23	19	v	 0	 2	 2	 1	 2	 2	 1	 1	 1	 2	 2	 1	  0.33	  0.00
203	23	19	v	 0	 2	 2	 1	 2	 2	 1	 2	 1	 2	 2	 1	  0.30	  0.00
204	23	19	v	 0	 2	 2	 3	 1	 2	 1	 1	 0	 1	 1	 1	  0.39	  0.00
205	23	19	v	 0	 2	 2	 3	 2	 2	 1	 2	 1	 2	 2	 1	  0.33	  0.00
206	23	19	v	 0	 2	 2	 3	 2	 2	 1	 1	 1	 2	 2	 1	  0.37	  0.00
207	23	19	v	 0	 2	 2	 2	 2	 2	 1	 2	 1	 2	 2	 1	  0.31	  0.00
208	23	19	v	 0	 2	 2	 3	 2	 2	 1	 1	 1	 2	 2	 1	  0.52	  0.00
209	23	19	v	 0	 2	 2	 1	 1	 2	 1	 1	 0	 1	 1	 1	  0.77	  0.00
210	23	19	v	 0	 2	 2	 2	 2	 2	 1	 2	 1	 2	 2	 1	  0.38	  0.00
211	23	19	v	 0	 2	 2	 2	 2	 2	 1	 1	 1	 2	 2	 1	  0.33	  0.00
212	23	19	v	 0	 2	 2	 2	 1	 2	 1	 2	 0	 1	 1	 1	  0.42	  0.00
213	23	19	v	 0	 2	 2	 2	 1	 2	 1	 2	 0	 1	 1	 1	  0.38	  0.00
214	23	19	v	 0	 2	 2	 1	 2	 2	 1	 1	 1	 2	 2	 1	  0.38	  0.00
215	23	19	v	 0	 2	 2	 1	 1	 2	 1	 2	 0	 1	 1	 1	  0.41	  0.00
216	23	19	v	 0	 2	 2	 3	 1	 2	 1	 1	 0	 1	 1	 1	  0.37	  0.00
217	23	19	v	 0	 2	 2	 2	 2	 2	 1	 2	 1	 2	 2	 1	  0.39	  0.00
218	23	19	v	 0	 2	 2	 2	 1	 2	 1	 1	 0	 1	 1	 1	  0.39	  0.00
219	23	19	v	 0	 2	 2	 1	 1	 2	 1	 2	 0	 1	 1	 1	  0.36	  0.00
220	23	19	v	 0	 2	 2	 1	 1	 2	 1	 2	 0	 1	 1	 1	  0.37	  0.00
221	23	19	v	 0	 2	 2	 1	 2	 2	 1	 1	 1	 2	 2	 1	  0.42	  0.00
222	23	19	v	 0	 2	 2	 1	 1	 2	 1	 2	 0	 1	 1	 1	  0.41	  0.00
223	23	19	v	 0	 2	 2	 2	 1	 2	 1	 1	 0	 1	 1	 1	  0.35	  0.00
224	23	19	v	 0	 2	 2	 1	 1	 2	 1	 1	 0	 1	 1	 1	  0.31	  0.00
225	23	19	v	 0	 2	 2	 1	 2	 2	 1	 1	 1	 2	 2	 1	  0.40	  0.00
226	23	19	v	 0	 2	 2	 3	 2	 2	 1	 2	 1	 2	 2	 1	  0.37	  0.00
227	23	19	v	 0	 2	 2	 2	 1	 2	 1	 2	 0	 1	 1	 1	  0.37	  0.00
228	23	19	v	 0	 2	 2	 3	 2	 2	 1	 2	 1	 2	 2	 1	  0.42	  0.00
229	23	19	v	 0	 2	 2	 1	 2	 2	 1	 2	 1	 2	 2	 1	  0.36	  0.00
230	23	19	v	 0	 2	 2	 2	 2	 2	 1	 2	 1	 2	 2	 1	  0.36	  0.00
231	23	19	v	 0	 2	 2	 2	 1	 2	 1	 1	 0	 1	 1	 1	  0.41	  0.00
232	23	19	v	 0	 2	 2	 2	 1	 2	 1	 2	 0	 1	 1	 1	  0.41	  0.00
233	23	19	v	 0	 2	 2	 1	 2	 2	 1	 2	 1	 2	 2	 1	  0.40	  0.00
234	23	19	v	 0	 2	 2	 2	 1	 2	 1	 1	 0	 1	 1	 1	  0.35	  0.00
235	23	19	v	 0	 2	 2	 1	 1	 2	 1	 2	 0	 1	 1	 1	  0.34	  0.00
236	23	19	v	 0	 2	 2	 1	 2	 2	 1	 2	 1	 2	 2	 1	  0.39	  0.00
237	23	19	v	 0	 2	 2	 3	 2	 2	 1	 1	 1	 2	 2	 1	  0.40	  0.00
238	23	19	v	 0	 2	 2	 3	 1	 2	 1	 2	 0	 1	 1	 1	  0.37	  0.00
239	23	19	v	 0	 2	 2	 1	 2	 2	 1	 2	 1	 2	 2	 1	  0.40	  0.00
240	23	19	v	 0	 2	 2	 2	 2	 2	 1	 1	 1	 2	 2	 1	  0.41	  0.00
241	23	19	v	 0	 2	 2	 2	 1	 2	 1	 1	 0	 1	 1	 1	  0.31	  0.00
242	23	19	v	 0	 2	 2	 1	 1	 2	 1	 1	 0	 1	 1	 1	  0.39	  0.00
243	23	19	v	 0	 2	 2	 1	 1	 2	 1	 2	 0	 1	 1	 1	  0.36	  0.00
244	23	19	v	 0	 2	 2	 2	 1	 2	 1	 2	 0	 1	 1	 1	  0.35	  0.00
245	23	19	v	 0	 2	 2	 1	 2	 2	 1	 2	 1	 2	 2	 1	  0.31	  0.00
246	23	19	v	 0	 2	 2	 3	 2	 2	 1	 2	 1	 2	 2	 1	  0.33	  0.00
247	23	19	v	 0	 2	 2	 2	 1	 2	 1	 1	 0	 1	 1	 1	  0.38	  0.00
248	23	19	v	 0	 2	 2	 3	 2	 2	 1	 2	 1	 2	 2	 1	  0.53	  0.00
249	23	19	v	 0	 2	 2	 3	 1	 2	 1	 2	 0	 1	 1	 1	  0.37	  0.00
250	23	19	v	 0	 2	 2	 1	 2	 2	 1	 1	 1	 2	 2	 1	  0.35	  0.00
251	23	19	v	 0	 2	 2	 3	 2	 2	 1	 1	 1	 2	 2	 1	  0.33	  0.00
252	23	19	v	 0	 2	 2	 2	 2	 2	 1	 1	 1	 2	 2	 1	  0.37	  0.00
253	23	19	v	 0	 2	 2	 2	 1	 2	 1	 1	 0	 1	 1	 1	  0.42	  0.00
254	23	19	v	 0	 2	 2	 3	 1	 2	 1	 2	 0	 1	 1	 1	  0.36	  0.00
255	23	19	v	 0	 2	 2	 3	 1	 2	 1	 1	 0	 1	 1	 1	  0.34	  0.00
256	23	19	v	 0	 2	 2	 1	 1	 2	 1	 1	 0	 1	 1	 1	  0.31	  0.00
257	23	19	v	 0	 2	 2	 1	 2	 2	 1	 2	 1	 2	 2	 1	  0.32	  0.00
258	23	19	v	 0	 2	 2	 3	 2	 2	 1	 2	 1	 2	 2	 1	  0.35	  0.00
259	23	19	v	 0	 2	 2	 2	 2	 2	 1	 2	 1	 2	 2	 1	  0.31	  0.00
260	23	19	v	 0	 2	 2	 1	 1	 2	 1	 2	 0	 1	 1	 1	  0.40	  0.00
261	23	19	v	 0	 2	 2	 2	 1	 2	 1	 2	 0	 1	 1	 1	  0.30	  0.00
262	23	19	v	 0	 2	 2	 2	 2	 2	 1	 1	 1	 2	 2	 1	  0.40	  0.00
263	23	19	v	 0	 2	 2	 3	 1	 2	 1	 1	 0	 1	 1	 1	  0.41	  0.00
264	23	19	v	 0	 2	 2	 3	 2	 2	 1	 2	 1	 2	 2	 1	  0.37	  0.00
265	23	19	v	 0	 2	 2	 1	 2	 2	 1	 1	 1	 2	 2	 1	  0.31	  0.00
266	23	19	v	 0	 2	 2	 3	 1	 2	 1	 2	 0	 1	 1	 1	  0.41	  0.00
267	23	19	v	 0	 2	 2	 3	 1	 2	 1	 2	 0	 1	 1	 1	  0.36	  0.00
268	23	19	v	 0	 2	 2	 2	 1	 2	 1	 2	 0	 1	 1	 1	  0.36	  0.00
269	23	19	v	 0	 2	 2	 2	 2	 2	 1	 2	 1	 2	 2	 1	  0.42	  0.00
270	23	19	v	 0	 2	 2	 1	 2	 2	 1	 2	 1	 2	 2	 1	  0.39	  0.00
271	23	19	v	 0	 2	 2	 3	 1	 2	 1	 2	 0	 1	 1	 1	  0.38	  0.00
272	23	19	v	 0	 2	 2	 3	 2	 2	 1	 1	 1	 2	 2	 1	  0.34	  0.00
273	23	19	v	 0	 2	 2	 2	 1	 2	 1	 2	 0	 1	 1	 1	  0.39	  0.00
274	23	19	v	 0	 2	 2	 2	 2	 2	 1	 2	 1	 2	 2	 1	  0.38	  0.00
275	23	19	v	 0	 2	 2	 3	 1	 2	 1	 1	 0	 1	 1	 1	  0.35	  0.00
276	23	19	v	 0	 2	 2	 1	 1	 2	 1	 1	 0	 1	 1	 1	  0.30	  0.00
277	23	19	v	 0	 2	 2	 1	 2	 2	 1	 1	 1	 2	 2	 1	  0.38	  0.00
278	23	19	v	 0	 2	 2	 3	 1	 2	 1	 2	 0	 1	 1	 1	  0.33	  0.00
279	23	19	v	 0	 2	 2	 2	 2	 2	 1	 2	 1	 2	 2	 1	  0.38	  0.00
280	23	19	v	 0	 2	 2	 3	 1	 2	 1	 1	 0	 1	 1	 1	  0.35	  0.00
281	23	19	v	 0	 2	 2	 3	 2	 2	 1	 1	 1	 2	 2	 1	  0.38	  0.00
282	23	19	v	 0	 2	 2	 1	 1	 2	 1	 2	 0	 1	 1	 1	  0.35	  0.00
283	23	19	v	 0	 2	 2	 3	 2	 2	 1	 2	 1	 2	 2	 1	  0.29	  0.00
284	23	19	v	 0	 2	 2	 2	 2	 2	 1	 1	 1	 2	 2	 1	  0.59	  0.00
285	23	19	v	 0	 2	 2	 1	 1	 2	 1	 1	 0	 1	 1	 1	  0.39	  0.00
286	23	19	v	 0	 2	 2	 3	 1	 2	 1	 2	 0	 1	 1	 1	  0.35	  0.00
287	23	19	v	 0	 2	 2	 3	 2	 2	 1	 1	 1	 2	 2	 1	  0.35	  0.00
288	23	19	v	 0	 2	 3	 3	 2	 1	 2	 2	 0	 2	 2	 1	  0.95	  0.00
289	23	19	v	 0	 2	 3	 3	 1	 1	 2	 1	 1	 1	 1	 1	  0.37	  0.00
290	23	19	v	 0	 2	 3	 3	 1	 1	 2	 2	 1	 1	 1	 1	  0.39	  0.00
291	23	19	v	 0	 2	 3	 3	 1	 1	 2	 1	 1	 1	 1	 1	  0.35	  0.00
292	23	19	v	 0	 2	 3	 2	 1	 1	 2	 2	 1	 1	 1	 1	  0.43	  0.00
293	23	19	v	 0	 2	 3	 1	 2	 1	 2	 2	 0	 2	 2	 1	  0.33	  0.00
294	23	19	v	 0	 2	 3	 3	 1	 1	 2	 2	 1	 1	 1	 1	  0.47	  0.00
295	23	19	v	 0	 2	 3	 3	 1	 1	 2	 1	 1	 1	 1	 1	  0.38	  0.00
296	23	19	v	 0	 2	 3	 2	 2	 1	 2	 1	 0	 2	 2	 1	  0.40	  0.00
297	23	19	v	 0	 2	 3	 2	 2	 1	 2	 2	 0	 2	 2	 1	  0.28	  0.00
298	23	19	v	 0	 2	 3	 2	 1	 1	 2	 2	 1	 1	 1	 1	  0.42	  0.00
299	23	19	v	 0	 2	 3	 1	 2	 1	 2	 2	 0	 2	 2	 1	  0.38	  0.00
300	23	19	v	 0	 2	 3	 2	 1	 1	 2	 1	 1	 1	 1	 1	  0.39	  0.00
301	23	19	v	 0	 2	 3	 2	 1	 1	 2	 1	 1	 1	 1	 1	  0.45	  0.00
302	23	19	v	 0	 2	 3	 2	 2	 1	 2	 1	 0	 2	 2	 1	  0.31	  0.00
303	23	19	v	 0	 2	 3	 2	 1	 1	 2	 1	 1	 1	 1	 1	  0.42	  0.00
304	23	19	v	 0	 2	 3	 1	 2	 1	 2	 2	 0	 2	 2	 1	  0.31	  0.00
305	23	19	v	 0	 2	 3	 2	 1	 1	 2	 1	 1	 1	 1	 1	  0.35	  0.00
306	23	19	v	 0	 2	 3	 1	 2	 1	 2	 2	 0	 2	 2	 1	  0.42	  0.00
307	23	19	v	 0	 2	 3	 3	 1	 1	 2	 2	 1	 1	 1	 1	  0.31	  0.00
308	23	19	v	 0	 2	 3	 1	 2	 1	 2	 1	 0	 2	 2	 1	  0.38	  0.00
309	23	19	v	 0	 2	 3	 2	 1	 1	 2	 2	 1	 1	 1	 1	  0.35	  0.00
310	23	19	v	 0	 2	 3	 3	 1	 1	 2	 1	 1	 1	 1	 1	  0.32	  0.00
311	23	19	v	 0	 2	 3	 1	 1	 1	 2	 2	 1	 1	 1	 1	  0.28	  0.00
312	23	19	v	 0	 2	 3	 3	 2	 1	 2	 1	 0	 2	 2	 1	  0.39	  0.00
313	23	19	v	 0	 2	 3	 3	 2	 1	 2	 2	 0	 2	 2	 1	  0.36	  0.00
314	23	19	v	 0	 2	 3	 1	 2	 1	 2	 2	 0	 2	 2	 1	  0.38	  0.00
315	23	19	v	 0	 2	 3	 3	 1	 1	 2	 1	 1	 1	 1	 1	  0.40	  0.00
316	23	19	v	 0	 2	 3	 1	 2	 1	 2	 1	 0	 2	 2	 1	  0.38	  0.00
317	23	19	v	 0	 2	 3	 2	 2	 1	 2	 2	 0	 2	 2	 1	  0.39	  0.00
318	23	19	v	 0	 2	 3	 1	 1	 1	 2	 2	 1	 1	 1	 1	  0.38	  0.00
319	23	19	v	 0	 2	 3	 2	 2	 1	 2	 1	 0	 2	 2	 1	  0.39	  0.00
320	23	19	v	 0	 2	 3	 1	 2	 1	 2	 2	 0	 2	 2	 1	  0.36	  0.00
321	23	19	v	 0	 2	 3	 2	 1	 1	 2	 2	 1	 1	 1	 1	  0.32	  0.00
322	23	19	v	 0	 2	 3	 3	 1	 1	 2	 2	 1	 1	 1	 1	  0.28	  0.00
323	23	19	v	 0	 2	 3	 1	 1	 1	 2	 1	 1	 1	 1	 1	  0.32	  0.00
324	23	19	v	 0	 2	 3	 1	 2	 1	 2	 1	 0	 2	 2	 1	  0.35	  0.00
325	23	19	v	 0	 2	 3	 1	 1	 1	 2	 1	 1	 1	 1	 1	  0.35	  0.00
326	23	19	v	 0	 2	 3	 3	 1	 1	 2	 1	 1	 1	 1	 1	  0.35	  0.00
327	23	19	v	 0	 2	 3	 1	 1	 1	 2	 2	 1	 1	 1	 1	  0.34	  0.00
328	23	19	v	 0	 2	 3	 1	 1	 1	 2	 2	 1	 1	 1	 1	  0.31	  0.00
329	23	19	v	 0	 2	 3	 1	 2	 1	 2	 1	 0	 2	 2	 1	  0.41	  0.00
330	23	19	v	 0	 2	 3	 3	 2	 1	 2	 1	 0	 2	 2	 1	  0.31	  0.00
331	23	19	v	 0	 2	 3	 1	 2	 1	 2	 1	 0	 2	 2	 1	  0.30	  0.00
332	23	19	v	 0	 2	 3	 3	 2	 1	 2	 1	 0	 2	 2	 1	  0.32	  0.00
333	23	19	v	 0	 2	 3	 2	 1	 1	 2	 1	 1	 1	 1	 1	  0.38	  0.00
334	23	19	v	 0	 2	 3	 3	 2	 1	 2	 1	 0	 2	 2	 1	  0.35	  0.00
335	23	19	v	 0	 2	 3	 1	 1	 1	 2	 2	 1	 1	 1	 1	  0.46	  0.00
336	23	19	v	 0	 2	 3	 3	 1	 1	 2	 2	 1	 1	 1	 1	  0.38	  0.00
337	23	19	v	 0	 2	 3	 1	 2	 1	 2	 1	 0	 2	 2	 1	  0.37	  0.00
338	23	19	v	 0	 2	 3	 3	 2	 1	 2	 2	 0	 2	 2	 1	  0.34	  0.00
339	23	19	v	 0	 2	 3	 3	 1	 1	 2	 2	 1	 1	 1	 1	  0.30	  0.00
340	23	19	v	 0	 2	 3	 3	 2	 1	 2	 2	 0	 2	 2	 1	  0.42	  0.00
341	23	19	v	 0	 2	 3	 1	 1	 1	 2	 2	 1	 1	 1	 1	  0.42	  0.00
342	23	19	v	 0	 2	 3	 2	 2	 1	 2	 1	 0	 2	 2	 1	  0.31	  0.00
343	23	19	v	 0	 2	 3	 1	 1	 1	 2	 1	 1	 1	 1	 1	  0.38	  0.00
344	23	19	v	 0	 2	 3	 1	 1	 1	 2	 1	 1	 1	 1	 1	  0.39	  0.00
345	23	19	v	 0	 2	 3	 3	 1	 1	 2	 1	 1	 1	 1	 1	  0.43	  0.00
346	23	19	v	 0	 2	 3	 3	 2	 1	 2	 1	 0	 2	 2	 1	  0.41	  0.00
347	23	19	v	 0	 2	 3	 1	 2	 1	 2	 1	 0	 2	 2	 1	  0.43	  0.00
348	23	19	v	 0	 2	 3	 1	 1	 1	 2	 1	 1	 1	 1	 1	  0.35	  0.00
349	23	19	v	 0	 2	 3	 1	 1	 1	 2	 1	 1	 1	 1	 1	  0.35	  0.00
350	23	19	v	 0	 2	 3	 2	 2	 1	 2	 1	 0	 2	 2	 1	  0.39	  0.00
351	23	19	v	 0	 2	 3	 2	 2	 1	 2	 1	 0	 2	 2	 1	  0.31	  0.00
352	23	19	v	 0	 2	 3	 3	 2	 1	 2	 2	 0	 2	 2	 1	  0.34	  0.00
353	23	19	v	 0	 2	 3	 1	 1	 1	 2	 2	 1	 1	 1	 1	  0.42	  0.00
354	23	19	v	 0	 2	 3	 2	 2	 1	 2	 2	 0	 2	 2	 1	  0.44	  0.00
355	23	19	v	 0	 2	 3	 1	 1	 1	 2	 2	 1	 1	 1	 1	  0.38	  0.00
356	23	19	v	 0	 2	 3	 3	 2	 1	 2	 1	 0	 2	 2	 1	  0.46	  0.00
357	23	19	v	 0	 2	 3	 2	 2	 1	 2	 2	 0	 2	 2	 1	  0.42	  0.00
358	23	19	v	 0	 2	 3	 3	 2	 1	 2	 2	 0	 2	 2	 1	  0.34	  0.00
359	23	19	v	 0	 2	 3	 1	 2	 1	 2	 2	 0	 2	 2	 1	  0.32	  0.00
360	23	19	v	 0	 2	 3	 2	 1	 1	 2	 1	 1	 1	 1	 1	  0.38	  0.00
361	23	19	v	 0	 2	 3	 3	 2	 1	 2	 1	 0	 2	 2	 1	  0.33	  0.00
362	23	19	v	 0	 2	 3	 3	 2	 1	 2	 2	 0	 2	 2	 1	  0.39	  0.00
363	23	19	v	 0	 2	 3	 2	 2	 1	 2	 2	 0	 2	 2	 1	  0.46	  0.00
364	23	19	v	 0	 2	 3	 3	 1	 1	 2	 2	 1	 1	 1	 1	  0.39	  0.00
365	23	19	v	 0	 2	 3	 3	 1	 1	 2	 1	 1	 1	 1	 1	  0.30	  0.00
366	23	19	v	 0	 2	 3	 2	 2	 1	 2	 1	 0	 2	 2	 1	  0.38	  0.00
367	23	19	v	 0	 2	 3	 2	 1	 1	 2	 2	 1	 1	 1	 1	  0.41	  0.00
368	23	19	v	 0	 2	 3	 2	 1	 1	 2	 2	 1	 1	 1	 1	  0.39	  0.00
369	23	19	v	 0	 2	 3	 1	 1	 1	 2	 1	 1	 1	 1	 1	  0.38	  0.00
370	23	19	v	 0	 2	 3	 2	 2	 1	 2	 2	 0	 2	 2	 1	  0.38	  0.00
371	23	19	v	 0	 2	 3	 2	 1	 1	 2	 1	 1	 1	 1	 1	  0.39	  0.00
372	23	19	v	 0	 2	 3	 3	 2	 1	 2	 2	 0	 2	 2	 1	  0.42	  0.00
373	23	19	v	 0	 2	 3	 1	 2	 1	 2	 2	 0	 2	 2	 1	  0.42	  0.00
374	23	19	v	 0	 2	 3	 1	 1	 1	 2	 1	 1	 1	 1	 1	  0.40	  0.00
375	23	19	v	 0	 2	 3	 2	 1	 1	 2	 2	 1	 1	 1	 1	  0.38	  0.00
376	23	19	v	 0	 2	 3	 1	 2	 1	 2	 1	 0	 2	 2	 1	  0.37	  0.00
377	23	19	v	 0	 2	 3	 3	 2	 1	 2	 1	 0	 2	 2	 1	  0.37	  0.00
378	23	19	v	 0	 2	 3	 2	 2	 1	 2	 2	 0	 2	 2	 1	  0.32	  0.00
379	23	19	v	 0	 2	 3	 3	 1	 1	 2	 2	 1	 1	 1	 1	  0.38	  0.00
380	23	19	v	 0	 2	 3	 2	 2	 1	 2	 1	 0	 2	 2	 1	  0.35	  0.00
381	23	19	v	 0	 2	 3	 2	 2	 1	 2	 2	 0	 2	 2	 1	  0.33	  0.00
382	23	19	v	 0	 2	 3	 2	 1	 1	 2	 2	 1	 1	 1	 1	  0.44	  0.00
383	23	19	v	 0	 2	 3	 2	 1	 1	 2	 1	 1	 1	 1	 1	  0.39	  0.00
