00	39	18	v	 1	 2	 0	 3	 1	 2	 1	 1	 0	 1	 1	 1	  1.25	  0.00
01	39	18	v	 1	 2	 0	 3	 2	 2	 1	 1	 1	 2	 2	 1	  0.50	  0.00
02	39	18	v	 1	 2	 0	 1	 2	 2	 1	 2	 1	 2	 2	 1	  0.52	  0.00
03	39	18	v	 1	 2	 0	 2	 2	 2	 1	 2	 1	 2	 2	 1	  0.39	  0.00
04	39	18	v	 1	 2	 0	 2	 1	 2	 1	 2	 0	 1	 1	 1	  0.36	  0.00
05	39	18	v	 1	 2	 0	 2	 2	 2	 1	 1	 1	 2	 2	 1	  0.40	  0.00
06	39	18	v	 1	 2	 0	 2	 2	 2	 1	 2	 1	 2	 2	 1	  0.47	  0.00
07	39	18	v	 1	 2	 0	 3	 2	 2	 1	 1	 1	 2	 2	 1	  0.41	  0.00
08	39	18	v	 1	 2	 0	 3	 1	 2	 1	 1	 0	 1	 1	 1	  0.54	  0.00
09	39	18	v	 1	 2	 0	 3	 2	 2	 1	 1	 1	 2	 2	 1	  0.44	  0.00
10	39	18	v	 1	 2	 0	 1	 2	 2	 1	 1	 1	 2	 2	 1	  0.38	  0.00
11	39	18	v	 1	 2	 0	 2	 2	 2	 1	 1	 1	 2	 2	 1	  0.40	  0.00
12	39	18	v	 1	 2	 0	 3	 1	 2	 1	 1	 0	 1	 1	 1	  0.45	  0.00
13	39	18	v	 1	 2	 0	 2	 1	 2	 1	 1	 0	 1	 1	 1	  0.56	  0.00
14	39	18	v	 1	 2	 0	 2	 2	 2	 1	 1	 1	 2	 2	 1	  0.50	  0.00
15	39	18	v	 1	 2	 0	 2	 1	 2	 1	 2	 0	 1	 1	 1	  0.37	  0.00
16	39	18	v	 1	 2	 0	 3	 1	 2	 1	 1	 0	 1	 1	 1	  0.48	  0.00
17	39	18	v	 1	 2	 0	 2	 2	 2	 1	 1	 1	 2	 2	 1	  0.40	  0.00
18	39	18	v	 1	 2	 0	 1	 2	 2	 1	 2	 1	 2	 2	 1	  0.57	  0.00
19	39	18	v	 1	 2	 0	 2	 1	 2	 1	 2	 0	 1	 1	 1	  0.40	  0.00
20	39	18	v	 1	 2	 0	 1	 1	 2	 1	 2	 0	 1	 1	 1	  0.51	  0.00
21	39	18	v	 1	 2	 0	 3	 1	 2	 1	 2	 0	 1	 1	 1	  0.49	  0.00
22	39	18	v	 1	 2	 0	 2	 2	 2	 1	 2	 1	 2	 2	 1	  0.76	  0.00
23	39	18	v	 1	 2	 0	 3	 2	 2	 1	 2	 1	 2	 2	 1	  0.56	  0.00
24	39	18	v	 1	 2	 0	 3	 2	 2	 1	 1	 1	 2	 2	 1	  0.48	  0.00
25	39	18	v	 1	 2	 0	 1	 2	 2	 1	 1	 1	 2	 2	 1	  0.57	  0.00
26	39	18	v	 1	 2	 0	 1	 1	 2	 1	 2	 0	 1	 1	 1	  0.41	  0.00
27	39	18	v	 1	 2	 0	 2	 2	 2	 1	 2	 1	 2	 2	 1	  0.40	  0.00
28	39	18	v	 1	 2	 0	 2	 1	 2	 1	 1	 0	 1	 1	 1	  0.34	  0.00
29	39	18	v	 1	 2	 0	 3	 1	 2	 1	 1	 0	 1	 1	 1	  0.57	  0.00
30	39	18	v	 1	 2	 0	 2	 1	 2	 1	 1	 0	 1	 1	 1	  0.52	  0.00
31	39	18	v	 1	 2	 0	 1	 2	 2	 1	 2	 1	 2	 2	 1	  0.40	  0.00
32	39	18	v	 1	 2	 0	 1	 1	 2	 1	 2	 0	 1	 1	 1	  0.49	  0.00
33	39	18	v	 1	 2	 0	 2	 1	 2	 1	 2	 0	 1	 1	 1	  0.41	  0.00
34	39	18	v	 1	 2	 0	 2	 1	 2	 1	 1	 0	 1	 1	 1	  0.69	  0.00
35	39	18	v	 1	 2	 0	 2	 1	 2	 1	 1	 0	 1	 1	 1	  0.51	  0.00
36	39	18	v	 1	 2	 0	 1	 2	 2	 1	 2	 1	 2	 2	 1	  0.44	  0.00
37	39	18	v	 1	 2	 0	 3	 1	 2	 1	 2	 0	 1	 1	 1	  0.55	  0.00
38	39	18	v	 1	 2	 0	 1	 2	 2	 1	 1	 1	 2	 2	 1	  0.75	  0.00
39	39	18	v	 1	 2	 0	 3	 1	 2	 1	 2	 0	 1	 1	 1	  0.57	  0.00
40	39	18	v	 1	 2	 0	 1	 2	 2	 1	 2	 1	 2	 2	 1	  0.40	  0.00
41	39	18	v	 1	 2	 0	 1	 2	 2	 1	 1	 1	 2	 2	 1	  0.35	  0.00
42	39	18	v	 1	 2	 0	 2	 1	 2	 1	 2	 0	 1	 1	 1	  0.45	  0.00
43	39	18	v	 1	 2	 0	 3	 2	 2	 1	 2	 1	 2	 2	 1	  0.32	  0.00
44	39	18	v	 1	 2	 0	 1	 1	 2	 1	 1	 0	 1	 1	 1	  0.41	  0.00
45	39	18	v	 1	 2	 0	 2	 2	 2	 1	 2	 1	 2	 2	 1	  0.40	  0.00
46	39	18	v	 1	 2	 0	 3	 1	 2	 1	 2	 0	 1	 1	 1	  0.35	  0.00
47	39	18	v	 1	 2	 0	 1	 2	 2	 1	 2	 1	 2	 2	 1	  0.32	  0.00
48	39	18	v	 1	 2	 0	 3	 2	 2	 1	 1	 1	 2	 2	 1	  0.39	  0.00
49	39	18	v	 1	 2	 0	 1	 1	 2	 1	 1	 0	 1	 1	 1	  0.53	  0.00
50	39	18	v	 1	 2	 0	 3	 2	 2	 1	 1	 1	 2	 2	 1	  0.33	  0.00
51	39	18	v	 1	 2	 0	 1	 1	 2	 1	 1	 0	 1	 1	 1	  0.41	  0.00
52	39	18	v	 1	 2	 0	 3	 1	 2	 1	 1	 0	 1	 1	 1	  0.45	  0.00
53	39	18	v	 1	 2	 0	 2	 1	 2	 1	 2	 0	 1	 1	 1	  0.46	  0.00
54	39	18	v	 1	 2	 0	 1	 1	 2	 1	 1	 0	 1	 1	 1	  0.42	  0.00
55	39	18	v	 1	 2	 0	 1	 2	 2	 1	 1	 1	 2	 2	 1	  0.39	  0.00
56	39	18	v	 1	 2	 0	 2	 2	 2	 1	 1	 1	 2	 2	 1	  0.61	  0.00
57	39	18	v	 1	 2	 0	 1	 2	 2	 1	 2	 1	 2	 2	 1	  0.42	  0.00
58	39	18	v	 1	 2	 0	 1	 1	 2	 1	 1	 0	 1	 1	 1	  0.46	  0.00
59	39	18	v	 1	 2	 0	 3	 2	 2	 1	 2	 1	 2	 2	 1	  0.48	  0.00
60	39	18	v	 1	 2	 0	 1	 2	 2	 1	 1	 1	 2	 2	 1	  0.42	  0.00
61	39	18	v	 1	 2	 0	 3	 1	 2	 1	 2	 0	 1	 1	 1	  0.52	  0.00
62	39	18	v	 1	 2	 0	 1	 1	 2	 1	 2	 0	 1	 1	 1	  0.41	  0.00
63	39	18	v	 1	 2	 0	 1	 1	 2	 1	 2	 0	 1	 1	 1	  0.44	  0.00
64	39	18	v	 1	 2	 0	 2	 2	 2	 1	 2	 1	 2	 2	 1	  0.48	  0.00
65	39	18	v	 1	 2	 0	 3	 2	 2	 1	 2	 1	 2	 2	 1	  0.56	  0.00
66	39	18	v	 1	 2	 0	 1	 1	 2	 1	 2	 0	 1	 1	 1	  0.43	  0.00
67	39	18	v	 1	 2	 0	 1	 1	 2	 1	 1	 0	 1	 1	 1	  0.57	  0.00
68	39	18	v	 1	 2	 0	 1	 1	 2	 1	 2	 0	 1	 1	 1	  0.39	  0.00
69	39	18	v	 1	 2	 0	 2	 1	 2	 1	 1	 0	 1	 1	 1	  0.51	  0.00
70	39	18	v	 1	 2	 0	 1	 2	 2	 1	 2	 1	 2	 2	 1	  0.43	  0.00
71	39	18	v	 1	 2	 0	 1	 1	 2	 1	 1	 0	 1	 1	 1	  0.42	  0.00
72	39	18	v	 1	 2	 0	 3	 1	 2	 1	 1	 0	 1	 1	 1	  0.44	  0.00
73	39	18	v	 1	 2	 0	 3	 1	 2	 1	 1	 0	 1	 1	 1	  0.52	  0.00
74	39	18	v	 1	 2	 0	 1	 1	 2	 1	 2	 0	 1	 1	 1	  0.43	  0.00
75	39	18	v	 1	 2	 0	 3	 2	 2	 1	 2	 1	 2	 2	 1	  0.46	  0.00
76	39	18	v	 1	 2	 0	 2	 2	 2	 1	 2	 1	 2	 2	 1	  0.52	  0.00
77	39	18	v	 1	 2	 0	 1	 1	 2	 1	 1	 0	 1	 1	 1	  0.43	  0.00
78	39	18	v	 1	 2	 0	 3	 1	 2	 1	 2	 0	 1	 1	 1	  0.44	  0.00
79	39	18	v	 1	 2	 0	 3	 2	 2	 1	 2	 1	 2	 2	 1	  0.57	  0.00
80	39	18	v	 1	 2	 0	 2	 2	 2	 1	 2	 1	 2	 2	 1	  0.67	  0.00
81	39	18	v	 1	 2	 0	 3	 1	 2	 1	 2	 0	 1	 1	 1	  0.44	  0.00
82	39	18	v	 1	 2	 0	 1	 2	 2	 1	 1	 1	 2	 2	 1	  0.45	  0.00
83	39	18	v	 1	 2	 0	 2	 1	 2	 1	 1	 0	 1	 1	 1	  0.51	  0.00
84	39	18	v	 1	 2	 0	 2	 1	 2	 1	 1	 0	 1	 1	 1	  0.45	  0.00
85	39	18	v	 1	 2	 0	 1	 2	 2	 1	 1	 1	 2	 2	 1	  0.59	  0.00
86	39	18	v	 1	 2	 0	 2	 2	 2	 1	 1	 1	 2	 2	 1	  0.57	  0.00
87	39	18	v	 1	 2	 0	 2	 2	 2	 1	 1	 1	 2	 2	 1	  0.48	  0.00
88	39	18	v	 1	 2	 0	 3	 2	 2	 1	 2	 1	 2	 2	 1	  0.46	  0.00
89	39	18	v	 1	 2	 0	 2	 1	 2	 1	 2	 0	 1	 1	 1	  0.45	  0.00
90	39	18	v	 1	 2	 0	 3	 2	 2	 1	 1	 1	 2	 2	 1	  0.27	  0.00
91	39	18	v	 1	 2	 0	 3	 2	 2	 1	 1	 1	 2	 2	 1	  0.52	  0.00
92	39	18	v	 1	 2	 0	 3	 2	 2	 1	 2	 1	 2	 2	 1	  0.44	  0.00
93	39	18	v	 1	 2	 0	 2	 1	 2	 1	 2	 0	 1	 1	 1	  0.55	  0.00
94	39	18	v	 1	 2	 0	 2	 2	 2	 1	 1	 1	 2	 2	 1	  0.33	  0.00
95	39	18	v	 1	 2	 0	 3	 1	 2	 1	 2	 0	 1	 1	 1	  0.35	  0.00
96	39	18	v	 1	 2	 1	 1	 2	 1	 2	 2	 0	 2	 2	 1	  0.45	  0.00
97	39	18	v	 1	 2	 1	 1	 2	 1	 2	 2	 0	 2	 2	 1	  0.40	  0.00
98	39	18	v	 1	 2	 1	 2	 1	 1	 2	 1	 1	 1	 1	 1	  0.42	  0.00
99	39	18	v	 1	 2	 1	 1	 1	 1	 2	 2	 1	 1	 1	 1	  0.43	  0.00
100	39	18	v	 1	 2	 1	 2	 2	 1	 2	 1	 0	 2	 2	 1	  0.55	  0.00
101	39	18	v	 1	 2	 1	 1	 2	 1	 2	 1	 0	 2	 2	 1	  0.41	  0.00
102	39	18	v	 1	 2	 1	 2	 2	 1	 2	 1	 0	 2	 2	 1	  0.42	  0.00
103	39	18	v	 1	 2	 1	 1	 2	 1	 2	 2	 0	 2	 2	 1	  0.42	  0.00
104	39	18	v	 1	 2	 1	 1	 1	 1	 2	 1	 1	 1	 1	 1	  0.38	  0.00
105	39	18	v	 1	 2	 1	 1	 1	 1	 2	 1	 1	 1	 1	 1	  0.42	  0.00
106	39	18	v	 1	 2	 1	 1	 2	 1	 2	 2	 0	 2	 2	 1	  0.48	  0.00
107	39	18	v	 1	 2	 1	 2	 1	 1	 2	 1	 1	 1	 1	 1	  0.45	  0.00
108	39	18	v	 1	 2	 1	 1	 1	 1	 2	 1	 1	 1	 1	 1	  0.49	  0.00
109	39	18	v	 1	 2	 1	 3	 2	 1	 2	 2	 0	 2	 2	 1	  0.44	  0.00
110	39	18	v	 1	 2	 1	 1	 2	 1	 2	 1	 0	 2	 2	 1	  0.56	  0.00
111	39	18	v	 1	 2	 1	 2	 2	 1	 2	 2	 0	 2	 2	 1	  0.49	  0.00
112	39	18	v	 1	 2	 1	 2	 1	 1	 2	 2	 1	 1	 1	 1	  0.46	  0.00
113	39	18	v	 1	 2	 1	 2	 1	 1	 2	 1	 1	 1	 1	 1	  0.51	  0.00
114	39	18	v	 1	 2	 1	 3	 2	 1	 2	 2	 0	 2	 2	 1	  0.46	  0.00
115	39	18	v	 1	 2	 1	 2	 1	 1	 2	 2	 1	 1	 1	 1	  0.48	  0.00
116	39	18	v	 1	 2	 1	 2	 2	 1	 2	 2	 0	 2	 2	 1	  0.51	  0.00
117	39	18	v	 1	 2	 1	 3	 1	 1	 2	 2	 1	 1	 1	 1	  0.60	  0.00
118	39	18	v	 1	 2	 1	 3	 2	 1	 2	 2	 0	 2	 2	 1	  0.44	  0.00
119	39	18	v	 1	 2	 1	 3	 1	 1	 2	 1	 1	 1	 1	 1	  0.45	  0.00
120	39	18	v	 1	 2	 1	 2	 2	 1	 2	 2	 0	 2	 2	 1	  0.36	  0.00
121	39	18	v	 1	 2	 1	 3	 2	 1	 2	 2	 0	 2	 2	 1	  0.70	  0.00
122	39	18	v	 1	 2	 1	 1	 1	 1	 2	 1	 1	 1	 1	 1	  0.38	  0.00
123	39	18	v	 1	 2	 1	 2	 2	 1	 2	 2	 0	 2	 2	 1	  0.42	  0.00
124	39	18	v	 1	 2	 1	 3	 2	 1	 2	 2	 0	 2	 2	 1	  0.50	  0.00
125	39	18	v	 1	 2	 1	 2	 1	 1	 2	 1	 1	 1	 1	 1	  0.38	  0.00
126	39	18	v	 1	 2	 1	 1	 1	 1	 2	 2	 1	 1	 1	 1	  0.59	  0.00
127	39	18	v	 1	 2	 1	 3	 1	 1	 2	 2	 1	 1	 1	 1	  0.58	  0.00
128	39	18	v	 1	 2	 1	 1	 2	 1	 2	 1	 0	 2	 2	 1	  0.33	  0.00
129	39	18	v	 1	 2	 1	 1	 1	 1	 2	 2	 1	 1	 1	 1	  0.31	  0.00
130	39	18	v	 1	 2	 1	 1	 2	 1	 2	 1	 0	 2	 2	 1	  0.39	  0.00
131	39	18	v	 1	 2	 1	 3	 2	 1	 2	 1	 0	 2	 2	 1	  0.58	  0.00
132	39	18	v	 1	 2	 1	 3	 1	 1	 2	 1	 1	 1	 1	 1	  0.42	  0.00
133	39	18	v	 1	 2	 1	 3	 2	 1	 2	 1	 0	 2	 2	 1	  0.37	  0.00
134	39	18	v	 1	 2	 1	 3	 2	 1	 2	 1	 0	 2	 2	 1	  0.51	  0.00
135	39	18	v	 1	 2	 1	 2	 2	 1	 2	 1	 0	 2	 2	 1	  0.57	  0.00
136	39	18	v	 1	 2	 1	 1	 2	 1	 2	 1	 0	 2	 2	 1	  0.38	  0.00
137	39	18	v	 1	 2	 1	 3	 1	 1	 2	 1	 1	 1	 1	 1	  0.43	  0.00
138	39	18	v	 1	 2	 1	 2	 1	 1	 2	 2	 1	 1	 1	 1	  0.43	  0.00
139	39	18	v	 1	 2	 1	 1	 1	 1	 2	 2	 1	 1	 1	 1	  0.46	  0.00
140	39	18	v	 1	 2	 1	 3	 1	 1	 2	 1	 1	 1	 1	 1	  0.40	  0.00
141	39	18	v	 1	 2	 1	 2	 2	 1	 2	 2	 0	 2	 2	 1	  0.35	  0.00
142	39	18	v	 1	 2	 1	 3	 1	 1	 2	 2	 1	 1	 1	 1	  0.42	  0.00
143	39	18	v	 1	 2	 1	 1	 1	 1	 2	 1	 1	 1	 1	 1	  0.45	  0.00
144	39	18	v	 1	 2	 1	 2	 1	 1	 2	 1	 1	 1	 1	 1	  0.42	  0.00
145	39	18	v	 1	 2	 1	 1	 2	 1	 2	 1	 0	 2	 2	 1	  0.60	  0.00
146	39	18	v	 1	 2	 1	 3	 1	 1	 2	 1	 1	 1	 1	 1	  0.32	  0.00
147	39	18	v	 1	 2	 1	 3	 2	 1	 2	 2	 0	 2	 2	 1	  0.28	  0.00
148	39	18	v	 1	 2	 1	 2	 2	 1	 2	 1	 0	 2	 2	 1	  0.44	  0.00
149	39	18	v	 1	 2	 1	 2	 2	 1	 2	 1	 0	 2	 2	 1	  0.32	  0.00
150	39	18	v	 1	 2	 1	 2	 2	 1	 2	 1	 0	 2	 1	 0	  0.31	  0.00
151	39	18	v	 1	 2	 1	 2	 1	 1	 2	 2	 1	 1	 1	 1	  0.40	  0.00
152	39	18	v	 1	 2	 1	 1	 1	 1	 2	 2	 1	 1	 1	 1	  0.46	  0.00
153	39	18	v	 1	 2	 1	 3	 2	 1	 2	 1	 0	 2	 2	 1	  0.43	  0.00
154	39	18	v	 1	 2	 1	 2	 1	 1	 2	 2	 1	 1	 1	 1	  0.46	  0.00
155	39	18	v	 1	 2	 1	 1	 2	 1	 2	 1	 0	 2	 2	 1	  0.44	  0.00
156	39	18	v	 1	 2	 1	 2	 2	 1	 2	 2	 0	 2	 2	 1	  0.45	  0.00
157	39	18	v	 1	 2	 1	 3	 2	 1	 2	 2	 0	 2	 2	 1	  0.39	  0.00
158	39	18	v	 1	 2	 1	 2	 1	 1	 2	 2	 1	 1	 1	 1	  0.51	  0.00
159	39	18	v	 1	 2	 1	 3	 2	 1	 2	 1	 0	 2	 2	 1	  0.42	  0.00
160	39	18	v	 1	 2	 1	 2	 1	 1	 2	 2	 1	 1	 1	 1	  0.49	  0.00
161	39	18	v	 1	 2	 1	 2	 1	 1	 2	 1	 1	 1	 1	 1	  0.49	  0.00
162	39	18	v	 1	 2	 1	 2	 1	 1	 2	 1	 1	 1	 1	 1	  0.48	  0.00
163	39	18	v	 1	 2	 1	 1	 2	 1	 2	 2	 0	 2	 2	 1	  0.66	  0.00
164	39	18	v	 1	 2	 1	 3	 1	 1	 2	 2	 1	 1	 1	 1	  0.49	  0.00
165	39	18	v	 1	 2	 1	 1	 1	 1	 2	 2	 1	 1	 1	 1	  0.47	  0.00
166	39	18	v	 1	 2	 1	 3	 2	 1	 2	 1	 0	 2	 2	 1	  0.45	  0.00
167	39	18	v	 1	 2	 1	 2	 2	 1	 2	 1	 0	 2	 2	 1	  0.43	  0.00
168	39	18	v	 1	 2	 1	 3	 1	 1	 2	 1	 1	 1	 1	 1	  0.42	  0.00
169	39	18	v	 1	 2	 1	 2	 2	 1	 2	 2	 0	 2	 2	 1	  0.37	  0.00
170	39	18	v	 1	 2	 1	 3	 2	 1	 2	 1	 0	 2	 2	 1	  0.52	  0.00
171	39	18	v	 1	 2	 1	 1	 2	 1	 2	 2	 0	 2	 2	 1	  0.41	  0.00
172	39	18	v	 1	 2	 1	 1	 1	 1	 2	 1	 1	 1	 1	 1	  0.55	  0.00
173	39	18	v	 1	 2	 1	 2	 1	 1	 2	 1	 1	 1	 1	 1	  0.65	  0.00
174	39	18	v	 1	 2	 1	 2	 1	 1	 2	 2	 1	 1	 1	 1	  0.46	  0.00
175	39	18	v	 1	 2	 1	 1	 1	 1	 2	 2	 1	 1	 1	 1	  0.50	  0.00
176	39	18	v	 1	 2	 1	 2	 2	 1	 2	 2	 0	 2	 2	 1	  0.60	  0.00
177	39	18	v	 1	 2	 1	 1	 1	 1	 2	 1	 1	 1	 1	 1	  0.53	  0.00
178	39	18	v	 1	 2	 1	 3	 1	 1	 2	 1	 1	 1	 1	 1	  1.13	  0.00
179	39	18	v	 1	 2	 1	 3	 2	 1	 2	 1	 0	 2	 2	 1	  0.47	  0.00
180	39	18	v	 1	 2	 1	 3	 2	 1	 2	 2	 0	 2	 2	 1	  0.38	  0.00
181	39	18	v	 1	 2	 1	 3	 1	 1	 2	 2	 1	 1	 1	 1	  0.46	  0.00
182	39	18	v	 1	 2	 1	 1	 2	 1	 2	 1	 0	 2	 2	 1	  0.58	  0.00
183	39	18	v	 1	 2	 1	 2	 2	 1	 2	 1	 0	 2	 2	 1	  0.39	  0.00
184	39	18	v	 1	 2	 1	 3	 1	 1	 2	 2	 1	 1	 1	 1	  0.46	  0.00
185	39	18	v	 1	 2	 1	 1	 1	 1	 2	 2	 1	 1	 1	 1	  0.46	  0.00
186	39	18	v	 1	 2	 1	 1	 2	 1	 2	 2	 0	 2	 2	 1	  0.45	  0.00
187	39	18	v	 1	 2	 1	 3	 1	 1	 2	 2	 1	 1	 1	 1	  0.48	  0.00
188	39	18	v	 1	 2	 1	 3	 1	 1	 2	 2	 1	 1	 1	 1	  0.50	  0.00
189	39	18	v	 1	 2	 1	 1	 2	 1	 2	 2	 0	 2	 2	 1	  0.51	  0.00
190	39	18	v	 1	 2	 1	 1	 1	 1	 2	 1	 1	 1	 1	 1	  0.37	  0.00
191	39	18	v	 1	 2	 1	 3	 1	 1	 2	 1	 1	 1	 1	 1	  0.39	  0.00
192	39	18	v	 1	 2	 2	 1	 1	 2	 1	 1	 0	 1	 1	 1	  0.74	  0.00
193	39	18	v	 1	 2	 2	 2	 2	 2	 1	 2	 1	 2	 2	 1	  0.43	  0.00
194	39	18	v	 1	 2	 2	 3	 2	 2	 1	 1	 1	 2	 2	 1	  0.40	  0.00
195	39	18	v	 1	 2	 2	 3	 1	 2	 1	 2	 0	 1	 1	 1	  0.39	  0.00
196	39	18	v	 1	 2	 2	 1	 2	 2	 1	 2	 1	 2	 2	 1	  0.35	  0.00
197	39	18	v	 1	 2	 2	 2	 2	 2	 1	 1	 1	 2	 2	 1	  0.70	  0.00
198	39	18	v	 1	 2	 2	 2	 2	 2	 1	 1	 1	 2	 2	 1	  0.43	  0.00
199	39	18	v	 1	 2	 2	 1	 1	 2	 1	 1	 0	 1	 1	 1	  0.41	  0.00
200	39	18	v	 1	 2	 2	 3	 2	 2	 1	 1	 1	 2	 2	 1	  0.40	  0.00
201	39	18	v	 1	 2	 2	 3	 2	 2	 1	 2	 1	 2	 2	 1	  0.37	  0.00
202	39	18	v	 1	 2	 2	 1	 1	 2	 1	 1	 0	 1	 1	 1	  0.48	  0.00
203	39	18	v	 1	 2	 2	 2	 2	 2	 1	 1	 1	 2	 2	 1	  0.43	  0.00
204	39	18	v	 1	 2	 2	 2	 2	 2	 1	 2	 1	 2	 2	 1	  0.48	  0.00
205	39	18	v	 1	 2	 2	 1	 2	 2	 1	 2	 1	 2	 2	 1	  0.75	  0.00
206	39	18	v	 1	 2	 2	 1	 2	 2	 1	 1	 1	 2	 2	 1	  0.56	  0.00
207	39	18	v	 1	 2	 2	 3	 1	 2	 1	 2	 0	 1	 1	 1	  0.49	  0.00
208	39	18	v	 1	 2	 2	 2	 2	 2	 1	 1	 1	 2	 2	 1	  0.36	  0.00
209	39	18	v	 1	 2	 2	 2	 1	 2	 1	 2	 0	 1	 1	 1	  0.48	  0.00
210	39	18	v	 1	 2	 2	 3	 2	 2	 1	 2	 1	 2	 2	 1	  0.41	  0.00
211	39	18	v	 1	 2	 2	 1	 2	 2	 1	 1	 1	 2	 2	 1	  0.40	  0.00
212	39	18	v	 1	 2	 2	 3	 1	 2	 1	 1	 0	 1	 1	 1	  0.62	  0.00
213	39	18	v	 1	 2	 2	 1	 1	 2	 1	 2	 0	 1	 1	 1	  0.42	  0.00
214	39	18	v	 1	 2	 2	 1	 2	 2	 1	 2	 1	 2	 2	 1	  0.40	  0.00
215	39	18	v	 1	 2	 2	 2	 2	 2	 1	 2	 1	 2	 2	 1	  0.40	  0.00
216	39	18	v	 1	 2	 2	 3	 1	 2	 1	 1	 0	 1	 1	 1	  0.69	  0.00
217	39	18	v	 1	 2	 2	 2	 1	 2	 1	 2	 0	 1	 1	 1	  0.71	  0.00
218	39	18	v	 1	 2	 2	 1	 2	 2	 1	 1	 1	 2	 2	 1	  0.55	  0.00
219	39	18	v	 1	 2	 2	 3	 2	 2	 1	 2	 1	 2	 2	 1	  0.58	  0.00
220	39	18	v	 1	 2	 2	 1	 1	 2	 1	 2	 0	 1	 1	 1	  0.47	  0.00
221	39	18	v	 1	 2	 2	 1	 1	 2	 1	 1	 0	 1	 1	 1	  0.48	  0.00
222	39	18	v	 1	 2	 2	 1	 2	 2	 1	 2	 1	 2	 2	 1	  0.60	  0.00
223	39	18	v	 1	 2	 2	 2	 2	 2	 1	 1	 1	 2	 2	 1	  0.66	  0.00
224	39	18	v	 1	 2	 2	 3	 2	 2	 1	 1	 1	 2	 2	 1	  0.43	  0.00
225	39	18	v	 1	 2	 2	 3	 1	 2	 1	 1	 0	 1	 1	 1	  0.44	  0.00
226	39	18	v	 1	 2	 2	 3	 1	 2	 1	 2	 0	 1	 1	 1	  0.49	  0.00
227	39	18	v	 1	 2	 2	 1	 1	 2	 1	 1	 0	 1	 1	 1	  0.44	  0.00
228	39	18	v	 1	 2	 2	 3	 2	 2	 1	 2	 1	 2	 2	 1	  0.38	  0.00
229	39	18	v	 1	 2	 2	 3	 2	 2	 1	 2	 1	 2	 2	 1	  0.44	  0.00
230	39	18	v	 1	 2	 2	 1	 1	 2	 1	 2	 0	 1	 1	 1	  0.43	  0.00
231	39	18	v	 1	 2	 2	 2	 1	 2	 1	 2	 0	 1	 1	 1	  0.52	  0.00
232	39	18	v	 1	 2	 2	 3	 1	 2	 1	 1	 0	 1	 1	 1	  0.46	  0.00
233	39	18	v	 1	 2	 2	 1	 2	 2	 1	 1	 1	 2	 2	 1	  0.45	  0.00
234	39	18	v	 1	 2	 2	 1	 2	 2	 1	 2	 1	 2	 2	 1	  0.44	  0.00
235	39	18	v	 1	 2	 2	 3	 2	 2	 1	 2	 1	 2	 2	 1	  0.49	  0.00
236	39	18	v	 1	 2	 2	 2	 2	 2	 1	 2	 1	 2	 2	 1	  0.39	  0.00
237	39	18	v	 1	 2	 2	 2	 1	 2	 1	 2	 0	 1	 1	 1	  0.40	  0.00
238	39	18	v	 1	 2	 2	 3	 2	 2	 1	 1	 1	 2	 2	 1	  0.29	  0.00
239	39	18	v	 1	 2	 2	 2	 1	 2	 1	 2	 0	 1	 1	 1	  0.87	  0.00
240	39	18	v	 1	 2	 2	 3	 2	 2	 1	 1	 1	 2	 2	 1	  0.38	  0.00
241	39	18	v	 1	 2	 2	 1	 2	 2	 1	 1	 1	 2	 2	 1	  0.41	  0.00
242	39	18	v	 1	 2	 2	 2	 1	 2	 1	 1	 0	 1	 1	 1	  0.37	  0.00
243	39	18	v	 1	 2	 2	 3	 1	 2	 1	 1	 0	 1	 1	 1	  0.41	  0.00
244	39	18	v	 1	 2	 2	 2	 2	 2	 1	 1	 1	 2	 2	 1	  0.42	  0.00
245	39	18	v	 1	 2	 2	 1	 1	 2	 1	 2	 0	 1	 1	 1	  0.55	  0.00
246	39	18	v	 1	 2	 2	 1	 2	 2	 1	 2	 1	 2	 2	 1	  0.41	  0.00
247	39	18	v	 1	 2	 2	 1	 2	 2	 1	 1	 1	 2	 2	 1	  0.43	  0.00
248	39	18	v	 1	 2	 2	 2	 1	 2	 1	 2	 0	 1	 1	 1	  0.41	  0.00
249	39	18	v	 1	 2	 2	 3	 1	 2	 1	 1	 0	 1	 1	 1	  0.38	  0.00
250	39	18	v	 1	 2	 2	 3	 1	 2	 1	 2	 0	 1	 1	 1	  0.54	  0.00
251	39	18	v	 1	 2	 2	 1	 2	 2	 1	 2	 1	 2	 2	 1	  0.33	  0.00
252	39	18	v	 1	 2	 2	 1	 1	 2	 1	 2	 0	 1	 1	 1	  0.51	  0.00
253	39	18	v	 1	 2	 2	 2	 2	 2	 1	 2	 1	 2	 2	 1	  0.39	  0.00
254	39	18	v	 1	 2	 2	 2	 1	 2	 1	 1	 0	 1	 1	 1	  0.34	  0.00
255	39	18	v	 1	 2	 2	 2	 2	 2	 1	 2	 1	 2	 2	 1	  0.61	  0.00
256	39	18	v	 1	 2	 2	 2	 2	 2	 1	 1	 1	 2	 2	 1	  0.43	  0.00
257	39	18	v	 1	 2	 2	 1	 2	 2	 1	 1	 1	 2	 2	 1	  0.52	  0.00
258	39	18	v	 1	 2	 2	 1	 1	 2	 1	 2	 0	 1	 1	 1	  0.38	  0.00
259	39	18	v	 1	 2	 2	 3	 1	 2	 1	 1	 0	 1	 1	 1	  0.62	  0.00
260	39	18	v	 1	 2	 2	 3	 2	 2	 1	 1	 1	 2	 2	 1	  0.37	  0.00
261	39	18	v	 1	 2	 2	 2	 1	 2	 1	 1	 0	 1	 1	 1	  0.51	  0.00
262	39	18	v	 1	 2	 2	 3	 2	 2	 1	 1	 1	 2	 2	 1	  0.54	  0.00
263	39	18	v	 1	 2	 2	 1	 1	 2	 1	 1	 0	 1	 1	 1	  0.45	  0.00
264	39	18	v	 1	 2	 2	 3	 1	 2	 1	 2	 0	 1	 1	 1	  0.49	  0.00
265	39	18	v	 1	 2	 2	 3	 2	 2	 1	 2	 1	 2	 2	 1	  0.61	  0.00
266	39	18	v	 1	 2	 2	 1	 1	 2	 1	 2	 0	 1	 1	 1	  0.36	  0.00
267	39	18	v	 1	 2	 2	 3	 1	 2	 1	 2	 0	 1	 1	 1	  0.52	  0.00
268	39	18	v	 1	 2	 2	 2	 1	 2	 1	 1	 0	 1	 1	 1	  0.40	  0.00
269	39	18	v	 1	 2	 2	 2	 2	 2	 1	 2	 1	 2	 2	 1	  0.36	  0.00
270	39	18	v	 1	 2	 2	 2	 1	 2	 1	 2	 0	 1	 1	 1	  0.55	  0.00
271	39	18	v	 1	 2	 2	 2	 1	 2	 1	 1	 0	 1	 1	 1	  0.50	  0.00
272	39	18	v	 1	 2	 2	 2	 1	 2	 1	 1	 0	 1	 1	 1	  0.50	  0.00
273	39	18	v	 1	 2	 2	 1	 2	 2	 1	 2	 1	 2	 2	 1	  0.52	  0.00
274	39	18	v	 1	 2	 2	 2	 1	 2	 1	 1	 0	 1	 1	 1	  0.96	  0.00
275	39	18	v	 1	 2	 2	 1	 1	 2	 1	 2	 0	 1	 1	 1	  0.76	  0.00
276	39	18	v	 1	 2	 2	 2	 1	 2	 1	 1	 0	 1	 1	 1	  0.71	  0.00
277	39	18	v	 1	 2	 2	 1	 2	 2	 1	 1	 1	 2	 2	 1	  0.68	  0.00
278	39	18	v	 1	 2	 2	 2	 2	 2	 1	 1	 1	 2	 2	 1	  0.72	  0.00
279	39	18	v	 1	 2	 2	 1	 1	 2	 1	 1	 0	 1	 1	 1	  0.38	  0.00
280	39	18	v	 1	 2	 2	 3	 2	 2	 1	 1	 1	 2	 2	 1	  0.35	  0.00
281	39	18	v	 1	 2	 2	 3	 2	 2	 1	 2	 1	 2	 2	 1	  0.38	  0.00
282	39	18	v	 1	 2	 2	 3	 1	 2	 1	 2	 0	 1	 1	 1	  0.48	  0.00
283	39	18	v	 1	 2	 2	 3	 1	 2	 1	 1	 0	 1	 1	 1	  0.38	  0.00
284	39	18	v	 1	 2	 2	 2	 1	 2	 1	 2	 0	 1	 1	 1	  0.45	  0.00
285	39	18	v	 1	 2	 2	 1	 1	 2	 1	 1	 0	 1	 1	 1	  0.44	  0.00
286	39	18	v	 1	 2	 2	 2	 2	 2	 1	 2	 1	 2	 2	 1	  0.64	  0.00
287	39	18	v	 1	 2	 2	 3	 1	 2	 1	 2	 0	 1	 1	 1	  0.39	  0.00
288	39	18	v	 1	 2	 3	 2	 1	 1	 2	 2	 1	 1	 1	 1	  0.43	  0.00
289	39	18	v	 1	 2	 3	 1	 1	 1	 2	 1	 1	 1	 1	 1	  0.43	  0.00
290	39	18	v	 1	 2	 3	 3	 2	 1	 2	 2	 0	 2	 2	 1	  0.60	  0.00
291	39	18	v	 1	 2	 3	 1	 1	 1	 2	 1	 1	 1	 1	 1	  0.36	  0.00
292	39	18	v	 1	 2	 3	 2	 1	 1	 2	 1	 1	 1	 1	 1	  0.44	  0.00
293	39	18	v	 1	 2	 3	 1	 2	 1	 2	 2	 0	 2	 2	 1	  0.32	  0.00
294	39	18	v	 1	 2	 3	 1	 1	 1	 2	 2	 1	 1	 1	 1	  0.50	  0.00
295	39	18	v	 1	 2	 3	 3	 1	 1	 2	 2	 1	 1	 1	 1	  0.41	  0.00
296	39	18	v	 1	 2	 3	 1	 2	 1	 2	 1	 0	 2	 2	 1	  0.39	  0.00
297	39	18	v	 1	 2	 3	 1	 2	 1	 2	 1	 0	 2	 2	 1	  0.41	  0.00
298	39	18	v	 1	 2	 3	 1	 1	 1	 2	 1	 1	 1	 1	 1	  0.40	  0.00
299	39	18	v	 1	 2	 3	 3	 2	 1	 2	 1	 0	 2	 2	 1	  0.57	  0.00
300	39	18	v	 1	 2	 3	 3	 2	 1	 2	 1	 0	 2	 2	 1	  0.47	  0.00
301	39	18	v	 1	 2	 3	 2	 2	 1	 2	 2	 0	 2	 2	 1	  0.38	  0.00
302	39	18	v	 1	 2	 3	 2	 1	 1	 2	 2	 1	 1	 1	 1	  0.40	  0.00
303	39	18	v	 1	 2	 3	 2	 2	 1	 2	 2	 0	 2	 2	 1	  0.47	  0.00
304	39	18	v	 1	 2	 3	 1	 1	 1	 2	 2	 1	 1	 1	 1	  0.46	  0.00
305	39	18	v	 1	 2	 3	 1	 2	 1	 2	 2	 0	 2	 2	 1	  0.43	  0.00
306	39	18	v	 1	 2	 3	 2	 1	 1	 2	 2	 1	 1	 1	 1	  0.49	  0.00
307	39	18	v	 1	 2	 3	 1	 1	 1	 2	 2	 1	 1	 1	 1	  0.50	  0.00
308	39	18	v	 1	 2	 3	 3	 1	 1	 2	 1	 1	 1	 1	 1	  0.51	  0.00
309	39	18	v	 1	 2	 3	 2	 2	 1	 2	 2	 0	 2	 2	 1	  0.36	  0.00
310	39	18	v	 1	 2	 3	 2	 2	 1	 2	 2	 0	 2	 2	 1	  0.50	  0.00
311	39	18	v	 1	 2	 3	 2	 1	 1	 2	 1	 1	 1	 2	 0	  0.74	  0.00
312	39	18	v	 1	 2	 3	 3	 2	 1	 2	 2	 0	 2	 2	 1	  0.35	  0.00
313	39	18	v	 1	 2	 3	 3	 2	 1	 2	 1	 0	 2	 2	 1	  0.58	  0.00
314	39	18	v	 1	 2	 3	 1	 1	 1	 2	 2	 1	 1	 1	 1	  0.44	  0.00
315	39	18	v	 1	 2	 3	 2	 1	 1	 2	 2	 1	 1	 1	 1	  0.45	  0.00
316	39	18	v	 1	 2	 3	 3	 2	 1	 2	 1	 0	 2	 2	 1	  0.41	  0.00
317	39	18	v	 1	 2	 3	 3	 1	 1	 2	 2	 1	 1	 1	 1	  0.61	  0.00
318	39	18	v	 1	 2	 3	 3	 1	 1	 2	 2	 1	 1	 1	 1	  0.46	  0.00
319	39	18	v	 1	 2	 3	 1	 2	 1	 2	 1	 0	 2	 2	 1	  0.51	  0.00
320	39	18	v	 1	 2	 3	 2	 1	 1	 2	 2	 1	 1	 1	 1	  0.63	  0.00
321	39	18	v	 1	 2	 3	 2	 1	 1	 2	 1	 1	 1	 1	 1	  0.50	  0.00
322	39	18	v	 1	 2	 3	 1	 1	 1	 2	 2	 1	 1	 1	 1	  0.60	  0.00
323	39	18	v	 1	 2	 3	 2	 2	 1	 2	 2	 0	 2	 2	 1	  0.33	  0.00
324	39	18	v	 1	 2	 3	 1	 1	 1	 2	 1	 1	 1	 1	 1	  0.26	  0.00
325	39	18	v	 1	 2	 3	 1	 2	 1	 2	 2	 0	 2	 2	 1	  0.60	  0.00
326	39	18	v	 1	 2	 3	 3	 2	 1	 2	 1	 0	 2	 2	 1	  0.46	  0.00
327	39	18	v	 1	 2	 3	 3	 2	 1	 2	 2	 0	 2	 2	 1	  0.74	  0.00
328	39	18	v	 1	 2	 3	 2	 1	 1	 2	 1	 1	 1	 1	 1	  0.41	  0.00
329	39	18	v	 1	 2	 3	 1	 2	 1	 2	 1	 0	 2	 2	 1	  0.44	  0.00
330	39	18	v	 1	 2	 3	 3	 1	 1	 2	 2	 1	 1	 1	 1	  0.39	  0.00
331	39	18	v	 1	 2	 3	 2	 1	 1	 2	 1	 1	 1	 1	 1	  0.42	  0.00
332	39	18	v	 1	 2	 3	 1	 2	 1	 2	 1	 0	 2	 2	 1	  0.32	  0.00
333	39	18	v	 1	 2	 3	 3	 1	 1	 2	 2	 1	 1	 1	 1	  0.61	  0.00
334	39	18	v	 1	 2	 3	 2	 1	 1	 2	 2	 1	 1	 1	 1	  0.58	  0.00
335	39	18	v	 1	 2	 3	 2	 1	 1	 2	 1	 1	 1	 1	 1	  0.42	  0.00
336	39	18	v	 1	 2	 3	 3	 2	 1	 2	 2	 0	 2	 2	 1	  0.34	  0.00
337	39	18	v	 1	 2	 3	 3	 1	 1	 2	 1	 1	 1	 1	 1	  0.30	  0.00
338	39	18	v	 1	 2	 3	 3	 1	 1	 2	 1	 1	 1	 1	 1	  0.59	  0.00
339	39	18	v	 1	 2	 3	 1	 1	 1	 2	 2	 1	 1	 1	 1	  0.39	  0.00
340	39	18	v	 1	 2	 3	 3	 2	 1	 2	 1	 0	 2	 2	 1	  0.43	  0.00
341	39	18	v	 1	 2	 3	 1	 1	 1	 2	 2	 1	 1	 1	 1	  0.35	  0.00
342	39	18	v	 1	 2	 3	 1	 2	 1	 2	 2	 0	 2	 2	 1	  0.41	  0.00
343	39	18	v	 1	 2	 3	 2	 1	 1	 2	 2	 1	 1	 1	 1	  0.23	  0.00
344	39	18	v	 1	 2	 3	 3	 2	 1	 2	 2	 0	 2	 1	 0	  0.27	  0.00
345	39	18	v	 1	 2	 3	 1	 2	 1	 2	 1	 0	 2	 2	 1	  0.44	  0.00
346	39	18	v	 1	 2	 3	 1	 1	 1	 2	 1	 1	 1	 1	 1	  0.38	  0.00
347	39	18	v	 1	 2	 3	 3	 2	 1	 2	 1	 0	 2	 2	 1	  0.40	  0.00
348	39	18	v	 1	 2	 3	 3	 1	 1	 2	 2	 1	 1	 1	 1	  0.42	  0.00
349	39	18	v	 1	 2	 3	 3	 1	 1	 2	 1	 1	 1	 1	 1	  0.57	  0.00
350	39	18	v	 1	 2	 3	 2	 2	 1	 2	 2	 0	 2	 2	 1	  0.69	  0.00
351	39	18	v	 1	 2	 3	 1	 2	 1	 2	 1	 0	 2	 2	 1	  0.58	  0.00
352	39	18	v	 1	 2	 3	 2	 2	 1	 2	 1	 0	 2	 2	 1	  0.40	  0.00
353	39	18	v	 1	 2	 3	 1	 2	 1	 2	 1	 0	 2	 2	 1	  0.35	  0.00
354	39	18	v	 1	 2	 3	 2	 1	 1	 2	 2	 1	 1	 1	 1	  0.43	  0.00
355	39	18	v	 1	 2	 3	 2	 2	 1	 2	 1	 0	 2	 2	 1	  0.35	  0.00
356	39	18	v	 1	 2	 3	 1	 1	 1	 2	 1	 1	 1	 1	 1	  1.64	  0.00
357	39	18	v	 1	 2	 3	 2	 2	 1	 2	 2	 0	 2	 2	 1	  0.34	  0.00
358	39	18	v	 1	 2	 3	 2	 2	 1	 2	 1	 0	 2	 2	 1	  0.42	  0.00
359	39	18	v	 1	 2	 3	 1	 2	 1	 2	 2	 0	 2	 2	 1	  0.49	  0.00
360	39	18	v	 1	 2	 3	 1	 1	 1	 2	 1	 1	 1	 1	 1	  0.46	  0.00
361	39	18	v	 1	 2	 3	 2	 1	 1	 2	 1	 1	 1	 1	 1	  0.51	  0.00
362	39	18	v	 1	 2	 3	 3	 1	 1	 2	 1	 1	 1	 1	 1	  1.57	  0.00
363	39	18	v	 1	 2	 3	 2	 2	 1	 2	 1	 0	 2	 2	 1	  0.54	  0.00
364	39	18	v	 1	 2	 3	 2	 2	 1	 2	 2	 0	 2	 2	 1	  0.39	  0.00
365	39	18	v	 1	 2	 3	 3	 2	 1	 2	 2	 0	 2	 2	 1	  0.44	  0.00
366	39	18	v	 1	 2	 3	 1	 2	 1	 2	 2	 0	 2	 2	 1	  0.48	  0.00
367	39	18	v	 1	 2	 3	 3	 1	 1	 2	 2	 1	 1	 1	 1	  0.30	  0.00
368	39	18	v	 1	 2	 3	 2	 2	 1	 2	 1	 0	 2	 2	 1	  0.28	  0.00
369	39	18	v	 1	 2	 3	 1	 2	 1	 2	 2	 0	 2	 2	 1	  0.34	  0.00
370	39	18	v	 1	 2	 3	 3	 1	 1	 2	 1	 1	 1	 1	 1	  0.53	  0.00
371	39	18	v	 1	 2	 3	 2	 2	 1	 2	 1	 0	 2	 2	 1	  0.31	  0.00
372	39	18	v	 1	 2	 3	 3	 1	 1	 2	 1	 1	 1	 1	 1	  0.47	  0.00
373	39	18	v	 1	 2	 3	 1	 2	 1	 2	 2	 0	 2	 2	 1	  0.42	  0.00
374	39	18	v	 1	 2	 3	 3	 1	 1	 2	 1	 1	 1	 1	 1	  0.48	  0.00
375	39	18	v	 1	 2	 3	 3	 2	 1	 2	 2	 0	 2	 2	 1	  0.84	  0.00
376	39	18	v	 1	 2	 3	 3	 1	 1	 2	 2	 1	 1	 1	 1	  0.48	  0.00
377	39	18	v	 1	 2	 3	 2	 1	 1	 2	 1	 1	 1	 1	 1	  0.42	  0.00
378	39	18	v	 1	 2	 3	 3	 2	 1	 2	 1	 0	 2	 2	 1	  0.42	  0.00
379	39	18	v	 1	 2	 3	 1	 1	 1	 2	 2	 1	 1	 1	 1	  0.57	  0.00
380	39	18	v	 1	 2	 3	 2	 2	 1	 2	 1	 0	 2	 2	 1	  0.41	  0.00
381	39	18	v	 1	 2	 3	 3	 2	 1	 2	 2	 0	 2	 2	 1	  0.49	  0.00
382	39	18	v	 1	 2	 3	 1	 1	 1	 2	 1	 1	 1	 1	 1	  0.52	  0.00
383	39	18	v	 1	 2	 3	 2	 2	 1	 2	 1	 0	 2	 2	 1	  0.37	  0.00
