00	55	19	v	 1	 2	 0	 1	 2	 2	 1	 2	 1	 2	 2	 1	  0.58	  0.00
01	55	19	v	 1	 2	 0	 1	 2	 2	 1	 2	 1	 2	 2	 1	  0.51	  0.00
02	55	19	v	 1	 2	 0	 1	 1	 2	 1	 1	 0	 1	 1	 1	  0.42	  0.00
03	55	19	v	 1	 2	 0	 3	 2	 2	 1	 1	 1	 2	 2	 1	  0.39	  0.00
04	55	19	v	 1	 2	 0	 2	 1	 2	 1	 1	 0	 1	 1	 1	  0.42	  0.00
05	55	19	v	 1	 2	 0	 1	 2	 2	 1	 2	 1	 2	 2	 1	  0.41	  0.00
06	55	19	v	 1	 2	 0	 2	 2	 2	 1	 2	 1	 2	 2	 1	  0.38	  0.00
07	55	19	v	 1	 2	 0	 3	 1	 2	 1	 1	 0	 1	 1	 1	  0.39	  0.00
08	55	19	v	 1	 2	 0	 1	 2	 2	 1	 2	 1	 2	 2	 1	  0.37	  0.00
09	55	19	v	 1	 2	 0	 1	 1	 2	 1	 1	 0	 1	 1	 1	  0.41	  0.00
10	55	19	v	 1	 2	 0	 3	 2	 2	 1	 2	 1	 2	 2	 1	  0.35	  0.00
11	55	19	v	 1	 2	 0	 1	 1	 2	 1	 1	 0	 1	 1	 1	  0.53	  0.00
12	55	19	v	 1	 2	 0	 1	 1	 2	 1	 2	 0	 1	 1	 1	  0.43	  0.00
13	55	19	v	 1	 2	 0	 1	 2	 2	 1	 1	 1	 2	 2	 1	  0.37	  0.00
14	55	19	v	 1	 2	 0	 3	 2	 2	 1	 1	 1	 2	 2	 1	  0.38	  0.00
15	55	19	v	 1	 2	 0	 1	 1	 2	 1	 2	 0	 1	 1	 1	  0.43	  0.00
16	55	19	v	 1	 2	 0	 2	 2	 2	 1	 1	 1	 2	 2	 1	  0.33	  0.00
17	55	19	v	 1	 2	 0	 2	 1	 2	 1	 1	 0	 1	 1	 1	  0.48	  0.00
18	55	19	v	 1	 2	 0	 3	 2	 2	 1	 2	 1	 2	 2	 1	  0.31	  0.00
19	55	19	v	 1	 2	 0	 3	 1	 2	 1	 1	 0	 1	 1	 1	  0.40	  0.00
20	55	19	v	 1	 2	 0	 3	 2	 2	 1	 1	 1	 2	 2	 1	  0.32	  0.00
21	55	19	v	 1	 2	 0	 2	 1	 2	 1	 2	 0	 1	 1	 1	  0.38	  0.00
22	55	19	v	 1	 2	 0	 2	 1	 2	 1	 2	 0	 1	 1	 1	  0.41	  0.00
23	55	19	v	 1	 2	 0	 1	 1	 2	 1	 2	 0	 1	 1	 1	  0.39	  0.00
24	55	19	v	 1	 2	 0	 3	 2	 2	 1	 1	 1	 2	 2	 1	  0.32	  0.00
25	55	19	v	 1	 2	 0	 2	 2	 2	 1	 2	 1	 2	 2	 1	  0.40	  0.00
26	55	19	v	 1	 2	 0	 3	 2	 2	 1	 1	 1	 2	 2	 1	  0.37	  0.00
27	55	19	v	 1	 2	 0	 1	 2	 2	 1	 2	 1	 2	 2	 1	  0.35	  0.00
28	55	19	v	 1	 2	 0	 1	 1	 2	 1	 2	 0	 1	 1	 1	  0.40	  0.00
29	55	19	v	 1	 2	 0	 1	 2	 2	 1	 1	 1	 2	 2	 1	  0.35	  0.00
30	55	19	v	 1	 2	 0	 1	 2	 2	 1	 1	 1	 2	 2	 1	  0.33	  0.00
31	55	19	v	 1	 2	 0	 1	 1	 2	 1	 1	 0	 1	 1	 1	  0.41	  0.00
32	55	19	v	 1	 2	 0	 2	 2	 2	 1	 1	 1	 2	 2	 1	  0.33	  0.00
33	55	19	v	 1	 2	 0	 3	 2	 2	 1	 2	 1	 2	 2	 1	  0.36	  0.00
34	55	19	v	 1	 2	 0	 2	 1	 2	 1	 2	 0	 1	 1	 1	  0.39	  0.00
35	55	19	v	 1	 2	 0	 3	 1	 2	 1	 2	 0	 1	 1	 1	  0.39	  0.00
36	55	19	v	 1	 2	 0	 2	 2	 2	 1	 2	 1	 2	 2	 1	  0.38	  0.00
37	55	19	v	 1	 2	 0	 2	 1	 2	 1	 1	 0	 1	 1	 1	  0.37	  0.00
38	55	19	v	 1	 2	 0	 2	 1	 2	 1	 1	 0	 1	 1	 1	  0.41	  0.00
39	55	19	v	 1	 2	 0	 2	 1	 2	 1	 2	 0	 1	 1	 1	  0.60	  0.00
40	55	19	v	 1	 2	 0	 3	 2	 2	 1	 1	 1	 2	 2	 1	  0.33	  0.00
41	55	19	v	 1	 2	 0	 2	 2	 2	 1	 2	 1	 2	 2	 1	  0.32	  0.00
42	55	19	v	 1	 2	 0	 2	 2	 2	 1	 1	 1	 2	 2	 1	  0.33	  0.00
43	55	19	v	 1	 2	 0	 2	 1	 2	 1	 1	 0	 1	 1	 1	  0.39	  0.00
44	55	19	v	 1	 2	 0	 1	 1	 2	 1	 2	 0	 1	 1	 1	  0.39	  0.00
45	55	19	v	 1	 2	 0	 3	 1	 2	 1	 1	 0	 1	 1	 1	  0.37	  0.00
46	55	19	v	 1	 2	 0	 2	 2	 2	 1	 1	 1	 2	 2	 1	  0.35	  0.00
47	55	19	v	 1	 2	 0	 1	 1	 2	 1	 2	 0	 1	 1	 1	  0.35	  0.00
48	55	19	v	 1	 2	 0	 3	 1	 2	 1	 2	 0	 1	 1	 1	  0.45	  0.00
49	55	19	v	 1	 2	 0	 3	 1	 2	 1	 2	 0	 1	 1	 1	  0.36	  0.00
50	55	19	v	 1	 2	 0	 2	 1	 2	 1	 2	 0	 1	 1	 1	  0.38	  0.00
51	55	19	v	 1	 2	 0	 1	 2	 2	 1	 1	 1	 2	 2	 1	  0.40	  0.00
52	55	19	v	 1	 2	 0	 3	 1	 2	 1	 1	 0	 1	 1	 1	  0.36	  0.00
53	55	19	v	 1	 2	 0	 1	 2	 2	 1	 2	 1	 2	 2	 1	  0.32	  0.00
54	55	19	v	 1	 2	 0	 1	 2	 2	 1	 2	 1	 2	 2	 1	  0.37	  0.00
55	55	19	v	 1	 2	 0	 2	 2	 2	 1	 2	 1	 2	 2	 1	  0.33	  0.00
56	55	19	v	 1	 2	 0	 3	 1	 2	 1	 2	 0	 1	 1	 1	  0.38	  0.00
57	55	19	v	 1	 2	 0	 3	 1	 2	 1	 2	 0	 1	 1	 1	  0.38	  0.00
58	55	19	v	 1	 2	 0	 1	 1	 2	 1	 2	 0	 1	 1	 1	  0.39	  0.00
59	55	19	v	 1	 2	 0	 3	 2	 2	 1	 1	 1	 2	 2	 1	  0.42	  0.00
60	55	19	v	 1	 2	 0	 2	 1	 2	 1	 2	 0	 1	 1	 1	  0.40	  0.00
61	55	19	v	 1	 2	 0	 2	 1	 2	 1	 1	 0	 1	 1	 1	  0.37	  0.00
62	55	19	v	 1	 2	 0	 2	 1	 2	 1	 2	 0	 1	 1	 1	  0.37	  0.00
63	55	19	v	 1	 2	 0	 3	 2	 2	 1	 1	 1	 2	 2	 1	  0.37	  0.00
64	55	19	v	 1	 2	 0	 2	 2	 2	 1	 1	 1	 2	 2	 1	  0.37	  0.00
65	55	19	v	 1	 2	 0	 1	 1	 2	 1	 1	 0	 1	 1	 1	  0.41	  0.00
66	55	19	v	 1	 2	 0	 1	 1	 2	 1	 1	 0	 1	 1	 1	  0.34	  0.00
67	55	19	v	 1	 2	 0	 1	 2	 2	 1	 2	 1	 2	 2	 1	  0.40	  0.00
68	55	19	v	 1	 2	 0	 3	 1	 2	 1	 1	 0	 1	 1	 1	  0.39	  0.00
69	55	19	v	 1	 2	 0	 3	 1	 2	 1	 1	 0	 1	 1	 1	  0.40	  0.00
70	55	19	v	 1	 2	 0	 3	 2	 2	 1	 2	 1	 2	 2	 1	  0.35	  0.00
71	55	19	v	 1	 2	 0	 3	 1	 2	 1	 1	 0	 1	 1	 1	  0.37	  0.00
72	55	19	v	 1	 2	 0	 3	 2	 2	 1	 2	 1	 2	 2	 1	  0.31	  0.00
73	55	19	v	 1	 2	 0	 2	 2	 2	 1	 1	 1	 2	 2	 1	  0.35	  0.00
74	55	19	v	 1	 2	 0	 3	 1	 2	 1	 2	 0	 1	 1	 1	  0.39	  0.00
75	55	19	v	 1	 2	 0	 2	 2	 2	 1	 2	 1	 2	 2	 1	  0.32	  0.00
76	55	19	v	 1	 2	 0	 3	 2	 2	 1	 2	 1	 2	 2	 1	  0.38	  0.00
77	55	19	v	 1	 2	 0	 3	 1	 2	 1	 1	 0	 1	 1	 1	  0.36	  0.00
78	55	19	v	 1	 2	 0	 1	 1	 2	 1	 2	 0	 1	 1	 1	  0.38	  0.00
79	55	19	v	 1	 2	 0	 1	 2	 2	 1	 1	 1	 2	 2	 1	  0.33	  0.00
80	55	19	v	 1	 2	 0	 3	 1	 2	 1	 2	 0	 1	 1	 1	  0.42	  0.00
81	55	19	v	 1	 2	 0	 2	 1	 2	 1	 2	 0	 1	 1	 1	  0.42	  0.00
82	55	19	v	 1	 2	 0	 2	 1	 2	 1	 1	 0	 1	 1	 1	  0.40	  0.00
83	55	19	v	 1	 2	 0	 1	 2	 2	 1	 1	 1	 2	 2	 1	  0.37	  0.00
84	55	19	v	 1	 2	 0	 1	 2	 2	 1	 1	 1	 2	 2	 1	  0.36	  0.00
85	55	19	v	 1	 2	 0	 3	 1	 2	 1	 2	 0	 1	 1	 1	  0.34	  0.00
86	55	19	v	 1	 2	 0	 2	 1	 2	 1	 1	 0	 1	 1	 1	  0.39	  0.00
87	55	19	v	 1	 2	 0	 1	 2	 2	 1	 1	 1	 2	 2	 1	  0.34	  0.00
88	55	19	v	 1	 2	 0	 2	 2	 2	 1	 2	 1	 2	 2	 1	  0.37	  0.00
89	55	19	v	 1	 2	 0	 2	 2	 2	 1	 1	 1	 2	 2	 1	  0.39	  0.00
90	55	19	v	 1	 2	 0	 2	 2	 2	 1	 1	 1	 2	 2	 1	  0.33	  0.00
91	55	19	v	 1	 2	 0	 1	 1	 2	 1	 1	 0	 1	 1	 1	  0.42	  0.00
92	55	19	v	 1	 2	 0	 3	 2	 2	 1	 2	 1	 2	 2	 1	  0.51	  0.00
93	55	19	v	 1	 2	 0	 3	 2	 2	 1	 2	 1	 2	 2	 1	  0.33	  0.00
94	55	19	v	 1	 2	 0	 1	 1	 2	 1	 1	 0	 1	 1	 1	  0.40	  0.00
95	55	19	v	 1	 2	 0	 2	 2	 2	 1	 2	 1	 2	 2	 1	  0.50	  0.00
96	55	19	v	 1	 2	 1	 2	 2	 1	 2	 2	 0	 2	 2	 1	  0.38	  0.00
97	55	19	v	 1	 2	 1	 3	 1	 1	 2	 2	 1	 1	 1	 1	  0.42	  0.00
98	55	19	v	 1	 2	 1	 2	 2	 1	 2	 2	 0	 2	 2	 1	  0.35	  0.00
99	55	19	v	 1	 2	 1	 3	 1	 1	 2	 2	 1	 1	 1	 1	  0.32	  0.00
100	55	19	v	 1	 2	 1	 3	 1	 1	 2	 2	 1	 1	 1	 1	  0.39	  0.00
101	55	19	v	 1	 2	 1	 1	 1	 1	 2	 2	 1	 1	 1	 1	  0.46	  0.00
102	55	19	v	 1	 2	 1	 2	 2	 1	 2	 1	 0	 2	 2	 1	  0.34	  0.00
103	55	19	v	 1	 2	 1	 2	 2	 1	 2	 1	 0	 2	 2	 1	  0.35	  0.00
104	55	19	v	 1	 2	 1	 2	 1	 1	 2	 1	 1	 1	 1	 1	  0.38	  0.00
105	55	19	v	 1	 2	 1	 1	 2	 1	 2	 1	 0	 2	 2	 1	  0.36	  0.00
106	55	19	v	 1	 2	 1	 3	 2	 1	 2	 2	 0	 2	 2	 1	  0.36	  0.00
107	55	19	v	 1	 2	 1	 2	 1	 1	 2	 2	 1	 1	 1	 1	  0.45	  0.00
108	55	19	v	 1	 2	 1	 2	 1	 1	 2	 2	 1	 1	 1	 1	  0.39	  0.00
109	55	19	v	 1	 2	 1	 2	 1	 1	 2	 2	 1	 1	 1	 1	  0.42	  0.00
110	55	19	v	 1	 2	 1	 2	 2	 1	 2	 2	 0	 2	 2	 1	  0.46	  0.00
111	55	19	v	 1	 2	 1	 1	 1	 1	 2	 2	 1	 1	 1	 1	  0.41	  0.00
112	55	19	v	 1	 2	 1	 1	 1	 1	 2	 2	 1	 1	 1	 1	  0.42	  0.00
113	55	19	v	 1	 2	 1	 3	 2	 1	 2	 2	 0	 2	 2	 1	  0.31	  0.00
114	55	19	v	 1	 2	 1	 2	 2	 1	 2	 1	 0	 2	 2	 1	  0.83	  0.00
115	55	19	v	 1	 2	 1	 1	 1	 1	 2	 1	 1	 1	 1	 1	  0.37	  0.00
116	55	19	v	 1	 2	 1	 3	 1	 1	 2	 1	 1	 1	 1	 1	  0.40	  0.00
117	55	19	v	 1	 2	 1	 3	 1	 1	 2	 2	 1	 1	 1	 1	  0.38	  0.00
118	55	19	v	 1	 2	 1	 1	 1	 1	 2	 2	 1	 1	 1	 1	  0.41	  0.00
119	55	19	v	 1	 2	 1	 1	 2	 1	 2	 2	 0	 2	 2	 1	  0.38	  0.00
120	55	19	v	 1	 2	 1	 3	 2	 1	 2	 1	 0	 2	 2	 1	  0.34	  0.00
121	55	19	v	 1	 2	 1	 1	 2	 1	 2	 1	 0	 2	 2	 1	  0.33	  0.00
122	55	19	v	 1	 2	 1	 3	 1	 1	 2	 1	 1	 1	 1	 1	  0.41	  0.00
123	55	19	v	 1	 2	 1	 1	 2	 1	 2	 1	 0	 2	 2	 1	  0.38	  0.00
124	55	19	v	 1	 2	 1	 1	 2	 1	 2	 1	 0	 2	 2	 1	  0.52	  0.00
125	55	19	v	 1	 2	 1	 3	 1	 1	 2	 1	 1	 1	 1	 1	  0.39	  0.00
126	55	19	v	 1	 2	 1	 3	 2	 1	 2	 1	 0	 2	 2	 1	  0.53	  0.00
127	55	19	v	 1	 2	 1	 2	 2	 1	 2	 1	 0	 2	 2	 1	  0.34	  0.00
128	55	19	v	 1	 2	 1	 1	 1	 1	 2	 1	 1	 1	 1	 1	  0.37	  0.00
129	55	19	v	 1	 2	 1	 3	 1	 1	 2	 1	 1	 1	 1	 1	  0.45	  0.00
130	55	19	v	 1	 2	 1	 1	 2	 1	 2	 1	 0	 2	 2	 1	  0.44	  0.00
131	55	19	v	 1	 2	 1	 1	 2	 1	 2	 2	 0	 2	 2	 1	  0.38	  0.00
132	55	19	v	 1	 2	 1	 2	 2	 1	 2	 1	 0	 2	 2	 1	  0.35	  0.00
133	55	19	v	 1	 2	 1	 3	 1	 1	 2	 2	 1	 1	 1	 1	  0.41	  0.00
134	55	19	v	 1	 2	 1	 3	 2	 1	 2	 1	 0	 2	 2	 1	  0.30	  0.00
135	55	19	v	 1	 2	 1	 3	 1	 1	 2	 2	 1	 1	 1	 1	  0.40	  0.00
136	55	19	v	 1	 2	 1	 3	 2	 1	 2	 2	 0	 2	 2	 1	  0.37	  0.00
137	55	19	v	 1	 2	 1	 1	 1	 1	 2	 1	 1	 1	 1	 1	  0.40	  0.00
138	55	19	v	 1	 2	 1	 1	 1	 1	 2	 2	 1	 1	 1	 1	  0.38	  0.00
139	55	19	v	 1	 2	 1	 2	 2	 1	 2	 1	 0	 2	 2	 1	  0.36	  0.00
140	55	19	v	 1	 2	 1	 2	 2	 1	 2	 2	 0	 2	 2	 1	  0.36	  0.00
141	55	19	v	 1	 2	 1	 2	 2	 1	 2	 2	 0	 2	 2	 1	  0.30	  0.00
142	55	19	v	 1	 2	 1	 3	 1	 1	 2	 2	 1	 1	 1	 1	  0.39	  0.00
143	55	19	v	 1	 2	 1	 3	 2	 1	 2	 2	 0	 2	 2	 1	  0.31	  0.00
144	55	19	v	 1	 2	 1	 3	 2	 1	 2	 1	 0	 2	 2	 1	  0.30	  0.00
145	55	19	v	 1	 2	 1	 1	 2	 1	 2	 2	 0	 2	 2	 1	  0.34	  0.00
146	55	19	v	 1	 2	 1	 1	 1	 1	 2	 2	 1	 1	 1	 1	  0.39	  0.00
147	55	19	v	 1	 2	 1	 3	 2	 1	 2	 2	 0	 2	 2	 1	  0.37	  0.00
148	55	19	v	 1	 2	 1	 3	 2	 1	 2	 1	 0	 2	 2	 1	  0.34	  0.00
149	55	19	v	 1	 2	 1	 3	 1	 1	 2	 1	 1	 1	 1	 1	  0.40	  0.00
150	55	19	v	 1	 2	 1	 1	 2	 1	 2	 2	 0	 2	 2	 1	  0.35	  0.00
151	55	19	v	 1	 2	 1	 3	 1	 1	 2	 1	 1	 1	 1	 1	  0.39	  0.00
152	55	19	v	 1	 2	 1	 1	 1	 1	 2	 1	 1	 1	 1	 1	  0.45	  0.00
153	55	19	v	 1	 2	 1	 1	 2	 1	 2	 1	 0	 2	 2	 1	  0.35	  0.00
154	55	19	v	 1	 2	 1	 2	 1	 1	 2	 2	 1	 1	 1	 1	  0.39	  0.00
155	55	19	v	 1	 2	 1	 1	 1	 1	 2	 2	 1	 1	 1	 1	  0.40	  0.00
156	55	19	v	 1	 2	 1	 1	 1	 1	 2	 1	 1	 1	 1	 1	  0.42	  0.00
157	55	19	v	 1	 2	 1	 3	 2	 1	 2	 1	 0	 2	 2	 1	  0.39	  0.00
158	55	19	v	 1	 2	 1	 1	 2	 1	 2	 1	 0	 2	 2	 1	  0.38	  0.00
159	55	19	v	 1	 2	 1	 2	 1	 1	 2	 2	 1	 1	 1	 1	  0.41	  0.00
160	55	19	v	 1	 2	 1	 1	 2	 1	 2	 2	 0	 2	 2	 1	  0.34	  0.00
161	55	19	v	 1	 2	 1	 2	 1	 1	 2	 1	 1	 1	 1	 1	  0.43	  0.00
162	55	19	v	 1	 2	 1	 1	 2	 1	 2	 1	 0	 2	 2	 1	  0.55	  0.00
163	55	19	v	 1	 2	 1	 2	 1	 1	 2	 2	 1	 1	 1	 1	  0.44	  0.00
164	55	19	v	 1	 2	 1	 3	 2	 1	 2	 2	 0	 2	 2	 1	  0.33	  0.00
165	55	19	v	 1	 2	 1	 2	 1	 1	 2	 1	 1	 1	 1	 1	  0.39	  0.00
166	55	19	v	 1	 2	 1	 2	 1	 1	 2	 1	 1	 1	 1	 1	  0.40	  0.00
167	55	19	v	 1	 2	 1	 2	 2	 1	 2	 2	 0	 2	 2	 1	  0.49	  0.00
168	55	19	v	 1	 2	 1	 1	 1	 1	 2	 2	 1	 1	 1	 1	  0.38	  0.00
169	55	19	v	 1	 2	 1	 2	 1	 1	 2	 1	 1	 1	 1	 1	  0.43	  0.00
170	55	19	v	 1	 2	 1	 2	 2	 1	 2	 2	 0	 2	 2	 1	  0.33	  0.00
171	55	19	v	 1	 2	 1	 1	 2	 1	 2	 2	 0	 2	 2	 1	  0.33	  0.00
172	55	19	v	 1	 2	 1	 2	 1	 1	 2	 2	 1	 1	 1	 1	  0.41	  0.00
173	55	19	v	 1	 2	 1	 2	 1	 1	 2	 2	 1	 1	 1	 1	  0.41	  0.00
174	55	19	v	 1	 2	 1	 2	 2	 1	 2	 2	 0	 2	 2	 1	  0.36	  0.00
175	55	19	v	 1	 2	 1	 2	 1	 1	 2	 1	 1	 1	 1	 1	  0.31	  0.00
176	55	19	v	 1	 2	 1	 1	 1	 1	 2	 1	 1	 1	 1	 1	  0.52	  0.00
177	55	19	v	 1	 2	 1	 3	 2	 1	 2	 2	 0	 2	 2	 1	  0.32	  0.00
178	55	19	v	 1	 2	 1	 2	 1	 1	 2	 1	 1	 1	 1	 1	  0.42	  0.00
179	55	19	v	 1	 2	 1	 2	 2	 1	 2	 1	 0	 2	 2	 1	  0.34	  0.00
180	55	19	v	 1	 2	 1	 1	 1	 1	 2	 1	 1	 1	 1	 1	  0.37	  0.00
181	55	19	v	 1	 2	 1	 3	 2	 1	 2	 2	 0	 2	 2	 1	  0.34	  0.00
182	55	19	v	 1	 2	 1	 3	 1	 1	 2	 1	 1	 1	 1	 1	  0.43	  0.00
183	55	19	v	 1	 2	 1	 2	 1	 1	 2	 1	 1	 1	 1	 1	  0.42	  0.00
184	55	19	v	 1	 2	 1	 3	 1	 1	 2	 1	 1	 1	 1	 1	  0.40	  0.00
185	55	19	v	 1	 2	 1	 1	 2	 1	 2	 2	 0	 2	 0	 0	  2.00	  0.00
186	55	19	v	 1	 2	 1	 2	 2	 1	 2	 1	 0	 2	 2	 1	  0.36	  0.00
187	55	19	v	 1	 2	 1	 3	 2	 1	 2	 1	 0	 2	 2	 1	  0.36	  0.00
188	55	19	v	 1	 2	 1	 1	 2	 1	 2	 2	 0	 2	 2	 1	  0.31	  0.00
189	55	19	v	 1	 2	 1	 1	 1	 1	 2	 1	 1	 1	 1	 1	  0.34	  0.00
190	55	19	v	 1	 2	 1	 3	 1	 1	 2	 2	 1	 1	 2	 0	  0.24	  0.00
191	55	19	v	 1	 2	 1	 3	 2	 1	 2	 1	 0	 2	 2	 1	  0.36	  0.00
192	55	19	v	 1	 2	 2	 3	 2	 2	 1	 2	 1	 2	 2	 1	  0.42	  0.00
193	55	19	v	 1	 2	 2	 2	 1	 2	 1	 1	 0	 1	 1	 1	  0.39	  0.00
194	55	19	v	 1	 2	 2	 2	 1	 2	 1	 2	 0	 1	 1	 1	  0.37	  0.00
195	55	19	v	 1	 2	 2	 1	 2	 2	 1	 1	 1	 2	 2	 1	  0.32	  0.00
196	55	19	v	 1	 2	 2	 1	 2	 2	 1	 2	 1	 2	 1	 0	  0.35	  0.00
197	55	19	v	 1	 2	 2	 2	 1	 2	 1	 2	 0	 1	 1	 1	  0.38	  0.00
198	55	19	v	 1	 2	 2	 3	 2	 2	 1	 2	 1	 2	 2	 1	  0.44	  0.00
199	55	19	v	 1	 2	 2	 3	 1	 2	 1	 2	 0	 1	 1	 1	  0.37	  0.00
200	55	19	v	 1	 2	 2	 2	 1	 2	 1	 1	 0	 1	 1	 1	  0.40	  0.00
201	55	19	v	 1	 2	 2	 1	 2	 2	 1	 2	 1	 2	 2	 1	  0.32	  0.00
202	55	19	v	 1	 2	 2	 3	 2	 2	 1	 1	 1	 2	 2	 1	  0.37	  0.00
203	55	19	v	 1	 2	 2	 2	 1	 2	 1	 1	 0	 1	 1	 1	  0.40	  0.00
204	55	19	v	 1	 2	 2	 1	 2	 2	 1	 1	 1	 2	 2	 1	  0.32	  0.00
205	55	19	v	 1	 2	 2	 2	 1	 2	 1	 1	 0	 1	 1	 1	  0.42	  0.00
206	55	19	v	 1	 2	 2	 2	 1	 2	 1	 1	 0	 1	 1	 1	  0.41	  0.00
207	55	19	v	 1	 2	 2	 1	 1	 2	 1	 1	 0	 1	 1	 1	  0.44	  0.00
208	55	19	v	 1	 2	 2	 3	 2	 2	 1	 2	 1	 2	 2	 1	  0.34	  0.00
209	55	19	v	 1	 2	 2	 1	 2	 2	 1	 1	 1	 2	 2	 1	  0.30	  0.00
210	55	19	v	 1	 2	 2	 1	 1	 2	 1	 2	 0	 1	 1	 1	  0.33	  0.00
211	55	19	v	 1	 2	 2	 2	 1	 2	 1	 1	 0	 1	 1	 1	  0.53	  0.00
212	55	19	v	 1	 2	 2	 2	 2	 2	 1	 1	 1	 2	 2	 1	  0.30	  0.00
213	55	19	v	 1	 2	 2	 1	 2	 2	 1	 2	 1	 2	 2	 1	  0.32	  0.00
214	55	19	v	 1	 2	 2	 1	 2	 2	 1	 2	 1	 2	 2	 1	  0.56	  0.00
215	55	19	v	 1	 2	 2	 1	 1	 2	 1	 2	 0	 1	 1	 1	  0.40	  0.00
216	55	19	v	 1	 2	 2	 3	 1	 2	 1	 1	 0	 1	 1	 1	  0.46	  0.00
217	55	19	v	 1	 2	 2	 3	 1	 2	 1	 2	 0	 1	 1	 1	  0.37	  0.00
218	55	19	v	 1	 2	 2	 1	 2	 2	 1	 1	 1	 2	 2	 1	  0.30	  0.00
219	55	19	v	 1	 2	 2	 1	 1	 2	 1	 1	 0	 1	 1	 1	  0.38	  0.00
220	55	19	v	 1	 2	 2	 2	 2	 2	 1	 1	 1	 2	 2	 1	  0.30	  0.00
221	55	19	v	 1	 2	 2	 1	 2	 2	 1	 2	 1	 2	 2	 1	  0.32	  0.00
222	55	19	v	 1	 2	 2	 1	 2	 2	 1	 1	 1	 2	 2	 1	  0.33	  0.00
223	55	19	v	 1	 2	 2	 2	 2	 2	 1	 1	 1	 2	 2	 1	  0.32	  0.00
224	55	19	v	 1	 2	 2	 3	 1	 2	 1	 1	 0	 1	 1	 1	  0.36	  0.00
225	55	19	v	 1	 2	 2	 1	 2	 2	 1	 2	 1	 2	 2	 1	  0.29	  0.00
226	55	19	v	 1	 2	 2	 1	 1	 2	 1	 1	 0	 1	 1	 1	  0.31	  0.00
227	55	19	v	 1	 2	 2	 2	 1	 2	 1	 2	 0	 1	 2	 0	  0.28	  0.00
228	55	19	v	 1	 2	 2	 1	 1	 2	 1	 2	 0	 1	 1	 1	  0.41	  0.00
229	55	19	v	 1	 2	 2	 2	 2	 2	 1	 2	 1	 2	 2	 1	  0.31	  0.00
230	55	19	v	 1	 2	 2	 3	 2	 2	 1	 1	 1	 2	 2	 1	  0.36	  0.00
231	55	19	v	 1	 2	 2	 2	 2	 2	 1	 2	 1	 2	 2	 1	  0.34	  0.00
232	55	19	v	 1	 2	 2	 2	 2	 2	 1	 1	 1	 2	 2	 1	  0.52	  0.00
233	55	19	v	 1	 2	 2	 2	 1	 2	 1	 2	 0	 1	 1	 1	  0.39	  0.00
234	55	19	v	 1	 2	 2	 2	 1	 2	 1	 2	 0	 1	 1	 1	  0.44	  0.00
235	55	19	v	 1	 2	 2	 2	 2	 2	 1	 1	 1	 2	 2	 1	  0.34	  0.00
236	55	19	v	 1	 2	 2	 2	 1	 2	 1	 1	 0	 1	 1	 1	  0.40	  0.00
237	55	19	v	 1	 2	 2	 2	 1	 2	 1	 1	 0	 1	 1	 1	  0.44	  0.00
238	55	19	v	 1	 2	 2	 3	 1	 2	 1	 1	 0	 1	 1	 1	  0.44	  0.00
239	55	19	v	 1	 2	 2	 3	 2	 2	 1	 2	 1	 2	 2	 1	  0.32	  0.00
240	55	19	v	 1	 2	 2	 1	 2	 2	 1	 1	 1	 2	 2	 1	  0.38	  0.00
241	55	19	v	 1	 2	 2	 2	 2	 2	 1	 2	 1	 2	 2	 1	  0.36	  0.00
242	55	19	v	 1	 2	 2	 1	 2	 2	 1	 2	 1	 2	 2	 1	  0.31	  0.00
243	55	19	v	 1	 2	 2	 2	 1	 2	 1	 2	 0	 1	 1	 1	  0.40	  0.00
244	55	19	v	 1	 2	 2	 3	 1	 2	 1	 2	 0	 1	 1	 1	  0.38	  0.00
245	55	19	v	 1	 2	 2	 1	 2	 2	 1	 1	 1	 2	 2	 1	  0.40	  0.00
246	55	19	v	 1	 2	 2	 3	 1	 2	 1	 1	 0	 1	 1	 1	  0.47	  0.00
247	55	19	v	 1	 2	 2	 1	 1	 2	 1	 1	 0	 1	 1	 1	  0.38	  0.00
248	55	19	v	 1	 2	 2	 3	 1	 2	 1	 1	 0	 1	 1	 1	  0.43	  0.00
249	55	19	v	 1	 2	 2	 3	 2	 2	 1	 2	 1	 2	 2	 1	  0.42	  0.00
250	55	19	v	 1	 2	 2	 3	 2	 2	 1	 1	 1	 2	 2	 1	  0.53	  0.00
251	55	19	v	 1	 2	 2	 2	 1	 2	 1	 2	 0	 1	 1	 1	  0.38	  0.00
252	55	19	v	 1	 2	 2	 3	 2	 2	 1	 1	 1	 2	 2	 1	  0.30	  0.00
253	55	19	v	 1	 2	 2	 3	 1	 2	 1	 2	 0	 1	 1	 1	  0.34	  0.00
254	55	19	v	 1	 2	 2	 3	 2	 2	 1	 2	 1	 2	 2	 1	  0.31	  0.00
255	55	19	v	 1	 2	 2	 3	 2	 2	 1	 1	 1	 2	 2	 1	  0.32	  0.00
256	55	19	v	 1	 2	 2	 3	 1	 2	 1	 2	 0	 1	 1	 1	  0.41	  0.00
257	55	19	v	 1	 2	 2	 1	 1	 2	 1	 1	 0	 1	 1	 1	  0.45	  0.00
258	55	19	v	 1	 2	 2	 3	 2	 2	 1	 2	 1	 2	 2	 1	  0.30	  0.00
259	55	19	v	 1	 2	 2	 3	 1	 2	 1	 2	 0	 1	 1	 1	  0.36	  0.00
260	55	19	v	 1	 2	 2	 3	 1	 2	 1	 1	 0	 1	 1	 1	  0.49	  0.00
261	55	19	v	 1	 2	 2	 3	 2	 2	 1	 1	 1	 2	 2	 1	  0.29	  0.00
262	55	19	v	 1	 2	 2	 2	 2	 2	 1	 1	 1	 2	 2	 1	  0.31	  0.00
263	55	19	v	 1	 2	 2	 2	 1	 2	 1	 2	 0	 1	 1	 1	  0.41	  0.00
264	55	19	v	 1	 2	 2	 3	 2	 2	 1	 1	 1	 2	 2	 1	  1.54	  0.00
265	55	19	v	 1	 2	 2	 1	 2	 2	 1	 1	 1	 2	 2	 1	  0.37	  0.00
266	55	19	v	 1	 2	 2	 1	 1	 2	 1	 2	 0	 1	 1	 1	  0.31	  0.00
267	55	19	v	 1	 2	 2	 1	 1	 2	 1	 2	 0	 1	 1	 1	  0.43	  0.00
268	55	19	v	 1	 2	 2	 3	 1	 2	 1	 2	 0	 1	 1	 1	  0.40	  0.00
269	55	19	v	 1	 2	 2	 2	 2	 2	 1	 2	 1	 2	 2	 1	  0.43	  0.00
270	55	19	v	 1	 2	 2	 1	 1	 2	 1	 1	 0	 1	 1	 1	  0.73	  0.00
271	55	19	v	 1	 2	 2	 2	 2	 2	 1	 2	 1	 2	 2	 1	  0.39	  0.00
272	55	19	v	 1	 2	 2	 3	 1	 2	 1	 1	 0	 1	 1	 1	  0.25	  0.00
273	55	19	v	 1	 2	 2	 3	 1	 2	 1	 2	 0	 1	 1	 1	  0.30	  0.00
274	55	19	v	 1	 2	 2	 3	 2	 2	 1	 1	 1	 2	 2	 1	  0.44	  0.00
275	55	19	v	 1	 2	 2	 1	 1	 2	 1	 2	 0	 1	 1	 1	  0.29	  0.00
276	55	19	v	 1	 2	 2	 2	 2	 2	 1	 2	 1	 2	 1	 0	  0.27	  0.00
277	55	19	v	 1	 2	 2	 3	 1	 2	 1	 1	 0	 1	 1	 1	  0.39	  0.00
278	55	19	v	 1	 2	 2	 2	 2	 2	 1	 1	 1	 2	 2	 1	  0.40	  0.00
279	55	19	v	 1	 2	 2	 2	 2	 2	 1	 2	 1	 2	 2	 1	  0.34	  0.00
280	55	19	v	 1	 2	 2	 1	 1	 2	 1	 2	 0	 1	 1	 1	  0.53	  0.00
281	55	19	v	 1	 2	 2	 2	 2	 2	 1	 1	 1	 2	 2	 1	  0.38	  0.00
282	55	19	v	 1	 2	 2	 1	 2	 2	 1	 2	 1	 2	 1	 0	  0.23	  0.00
283	55	19	v	 1	 2	 2	 3	 2	 2	 1	 2	 1	 2	 2	 1	  0.40	  0.00
284	55	19	v	 1	 2	 2	 2	 2	 2	 1	 2	 1	 2	 2	 1	  0.39	  0.00
285	55	19	v	 1	 2	 2	 1	 1	 2	 1	 2	 0	 1	 1	 1	  0.36	  0.00
286	55	19	v	 1	 2	 2	 1	 1	 2	 1	 1	 0	 1	 1	 1	  0.48	  0.00
287	55	19	v	 1	 2	 2	 1	 1	 2	 1	 1	 0	 1	 1	 1	  0.46	  0.00
288	55	19	v	 1	 2	 3	 1	 2	 1	 2	 1	 0	 2	 2	 1	  0.44	  0.00
289	55	19	v	 1	 2	 3	 2	 2	 1	 2	 2	 0	 2	 2	 1	  1.08	  0.00
290	55	19	v	 1	 2	 3	 1	 2	 1	 2	 2	 0	 2	 2	 1	  0.37	  0.00
291	55	19	v	 1	 2	 3	 1	 1	 1	 2	 1	 1	 1	 1	 1	  0.36	  0.00
292	55	19	v	 1	 2	 3	 1	 1	 1	 2	 1	 1	 1	 1	 1	  0.44	  0.00
293	55	19	v	 1	 2	 3	 2	 2	 1	 2	 1	 0	 2	 2	 1	  0.52	  0.00
294	55	19	v	 1	 2	 3	 3	 1	 1	 2	 1	 1	 1	 1	 1	  0.42	  0.00
295	55	19	v	 1	 2	 3	 2	 1	 1	 2	 1	 1	 1	 1	 1	  0.36	  0.00
296	55	19	v	 1	 2	 3	 2	 1	 1	 2	 1	 1	 1	 1	 1	  0.37	  0.00
297	55	19	v	 1	 2	 3	 2	 2	 1	 2	 1	 0	 2	 2	 1	  0.32	  0.00
298	55	19	v	 1	 2	 3	 3	 1	 1	 2	 1	 1	 1	 1	 1	  0.41	  0.00
299	55	19	v	 1	 2	 3	 1	 1	 1	 2	 1	 1	 1	 1	 1	  0.40	  0.00
300	55	19	v	 1	 2	 3	 3	 2	 1	 2	 1	 0	 2	 2	 1	  0.29	  0.00
301	55	19	v	 1	 2	 3	 2	 2	 1	 2	 2	 0	 2	 2	 1	  0.41	  0.00
302	55	19	v	 1	 2	 3	 1	 2	 1	 2	 2	 0	 2	 2	 1	  0.40	  0.00
303	55	19	v	 1	 2	 3	 1	 1	 1	 2	 1	 1	 1	 1	 1	  0.31	  0.00
304	55	19	v	 1	 2	 3	 1	 1	 1	 2	 2	 1	 1	 1	 1	  0.38	  0.00
305	55	19	v	 1	 2	 3	 2	 1	 1	 2	 2	 1	 1	 1	 1	  0.37	  0.00
306	55	19	v	 1	 2	 3	 2	 2	 1	 2	 1	 0	 2	 2	 1	  0.35	  0.00
307	55	19	v	 1	 2	 3	 2	 1	 1	 2	 1	 1	 1	 1	 1	  0.36	  0.00
308	55	19	v	 1	 2	 3	 1	 2	 1	 2	 1	 0	 2	 2	 1	  0.29	  0.00
309	55	19	v	 1	 2	 3	 2	 1	 1	 2	 2	 1	 1	 1	 1	  0.53	  0.00
310	55	19	v	 1	 2	 3	 2	 2	 1	 2	 1	 0	 2	 2	 1	  0.47	  0.00
311	55	19	v	 1	 2	 3	 2	 1	 1	 2	 1	 1	 1	 1	 1	  0.45	  0.00
312	55	19	v	 1	 2	 3	 1	 2	 1	 2	 2	 0	 2	 2	 1	  0.33	  0.00
313	55	19	v	 1	 2	 3	 3	 2	 1	 2	 2	 0	 2	 2	 1	  0.45	  0.00
314	55	19	v	 1	 2	 3	 2	 2	 1	 2	 2	 0	 2	 2	 1	  0.30	  0.00
315	55	19	v	 1	 2	 3	 3	 1	 1	 2	 1	 1	 1	 1	 1	  0.38	  0.00
316	55	19	v	 1	 2	 3	 3	 1	 1	 2	 2	 1	 1	 2	 0	  0.28	  0.00
317	55	19	v	 1	 2	 3	 3	 2	 1	 2	 2	 0	 2	 2	 1	  0.29	  0.00
318	55	19	v	 1	 2	 3	 3	 2	 1	 2	 2	 0	 2	 2	 1	  0.39	  0.00
319	55	19	v	 1	 2	 3	 2	 2	 1	 2	 2	 0	 2	 2	 1	  0.34	  0.00
320	55	19	v	 1	 2	 3	 3	 1	 1	 2	 1	 1	 1	 2	 0	  0.33	  0.00
321	55	19	v	 1	 2	 3	 2	 1	 1	 2	 2	 1	 1	 1	 1	  0.42	  0.00
322	55	19	v	 1	 2	 3	 3	 1	 1	 2	 2	 1	 1	 1	 1	  0.38	  0.00
323	55	19	v	 1	 2	 3	 3	 1	 1	 2	 2	 1	 1	 1	 1	  0.42	  0.00
324	55	19	v	 1	 2	 3	 3	 2	 1	 2	 1	 0	 2	 2	 1	  0.36	  0.00
325	55	19	v	 1	 2	 3	 3	 2	 1	 2	 1	 0	 2	 2	 1	  0.37	  0.00
326	55	19	v	 1	 2	 3	 2	 2	 1	 2	 2	 0	 2	 2	 1	  0.43	  0.00
327	55	19	v	 1	 2	 3	 3	 1	 1	 2	 2	 1	 1	 1	 1	  0.42	  0.00
328	55	19	v	 1	 2	 3	 1	 1	 1	 2	 2	 1	 1	 2	 0	  0.24	  0.00
329	55	19	v	 1	 2	 3	 2	 2	 1	 2	 1	 0	 2	 2	 1	  0.66	  0.00
330	55	19	v	 1	 2	 3	 1	 1	 1	 2	 2	 1	 1	 1	 1	  0.42	  0.00
331	55	19	v	 1	 2	 3	 2	 2	 1	 2	 1	 0	 2	 2	 1	  0.32	  0.00
332	55	19	v	 1	 2	 3	 1	 1	 1	 2	 1	 1	 1	 1	 1	  0.28	  0.00
333	55	19	v	 1	 2	 3	 1	 1	 1	 2	 2	 1	 1	 1	 1	  0.42	  0.00
334	55	19	v	 1	 2	 3	 3	 2	 1	 2	 2	 0	 2	 2	 1	  0.39	  0.00
335	55	19	v	 1	 2	 3	 1	 2	 1	 2	 2	 0	 2	 2	 1	  0.39	  0.00
336	55	19	v	 1	 2	 3	 1	 1	 1	 2	 2	 1	 1	 1	 1	  0.41	  0.00
337	55	19	v	 1	 2	 3	 1	 1	 1	 2	 2	 1	 1	 1	 1	  0.49	  0.00
338	55	19	v	 1	 2	 3	 1	 2	 1	 2	 1	 0	 2	 2	 1	  0.59	  0.00
339	55	19	v	 1	 2	 3	 3	 2	 1	 2	 1	 0	 2	 2	 1	  0.30	  0.00
340	55	19	v	 1	 2	 3	 3	 2	 1	 2	 2	 0	 2	 2	 1	  0.33	  0.00
341	55	19	v	 1	 2	 3	 3	 2	 1	 2	 1	 0	 2	 2	 1	  0.34	  0.00
342	55	19	v	 1	 2	 3	 2	 1	 1	 2	 1	 1	 1	 1	 1	  0.49	  0.00
343	55	19	v	 1	 2	 3	 1	 2	 1	 2	 2	 0	 2	 2	 1	  0.31	  0.00
344	55	19	v	 1	 2	 3	 3	 1	 1	 2	 1	 1	 1	 1	 1	  0.42	  0.00
345	55	19	v	 1	 2	 3	 3	 2	 1	 2	 1	 0	 2	 2	 1	  0.41	  0.00
346	55	19	v	 1	 2	 3	 2	 2	 1	 2	 1	 0	 2	 2	 1	  0.32	  0.00
347	55	19	v	 1	 2	 3	 1	 1	 1	 2	 1	 1	 1	 1	 1	  0.44	  0.00
348	55	19	v	 1	 2	 3	 1	 2	 1	 2	 2	 0	 2	 2	 1	  0.27	  0.00
349	55	19	v	 1	 2	 3	 2	 2	 1	 2	 2	 0	 2	 2	 1	  0.32	  0.00
350	55	19	v	 1	 2	 3	 3	 1	 1	 2	 1	 1	 1	 1	 1	  0.39	  0.00
351	55	19	v	 1	 2	 3	 2	 1	 1	 2	 2	 1	 1	 1	 1	  0.40	  0.00
352	55	19	v	 1	 2	 3	 2	 1	 1	 2	 1	 1	 1	 2	 0	  0.30	  0.00
353	55	19	v	 1	 2	 3	 1	 2	 1	 2	 1	 0	 2	 2	 1	  0.53	  0.00
354	55	19	v	 1	 2	 3	 3	 2	 1	 2	 1	 0	 2	 2	 1	  0.37	  0.00
355	55	19	v	 1	 2	 3	 1	 2	 1	 2	 1	 0	 2	 2	 1	  0.55	  0.00
356	55	19	v	 1	 2	 3	 1	 1	 1	 2	 2	 1	 1	 1	 1	  0.43	  0.00
357	55	19	v	 1	 2	 3	 3	 1	 1	 2	 1	 1	 1	 1	 1	  0.40	  0.00
358	55	19	v	 1	 2	 3	 1	 2	 1	 2	 1	 0	 2	 2	 1	  0.40	  0.00
359	55	19	v	 1	 2	 3	 3	 1	 1	 2	 2	 1	 1	 1	 1	  0.35	  0.00
360	55	19	v	 1	 2	 3	 2	 2	 1	 2	 2	 0	 2	 2	 1	  0.31	  0.00
361	55	19	v	 1	 2	 3	 2	 2	 1	 2	 2	 0	 2	 2	 1	  0.53	  0.00
362	55	19	v	 1	 2	 3	 2	 1	 1	 2	 1	 1	 1	 1	 1	  0.37	  0.00
363	55	19	v	 1	 2	 3	 3	 2	 1	 2	 1	 0	 2	 2	 1	  0.33	  0.00
364	55	19	v	 1	 2	 3	 1	 2	 1	 2	 1	 0	 2	 2	 1	  0.28	  0.00
365	55	19	v	 1	 2	 3	 3	 1	 1	 2	 2	 1	 1	 1	 1	  0.41	  0.00
366	55	19	v	 1	 2	 3	 1	 2	 1	 2	 2	 0	 2	 2	 1	  0.40	  0.00
367	55	19	v	 1	 2	 3	 1	 2	 1	 2	 2	 0	 2	 2	 1	  0.38	  0.00
368	55	19	v	 1	 2	 3	 2	 2	 1	 2	 1	 0	 2	 2	 1	  0.28	  0.00
369	55	19	v	 1	 2	 3	 3	 1	 1	 2	 2	 1	 1	 1	 1	  0.42	  0.00
370	55	19	v	 1	 2	 3	 2	 1	 1	 2	 2	 1	 1	 1	 1	  0.41	  0.00
371	55	19	v	 1	 2	 3	 2	 1	 1	 2	 1	 1	 1	 1	 1	  0.40	  0.00
372	55	19	v	 1	 2	 3	 2	 1	 1	 2	 2	 1	 1	 2	 0	  0.37	  0.00
373	55	19	v	 1	 2	 3	 3	 2	 1	 2	 2	 0	 2	 2	 1	  0.34	  0.00
374	55	19	v	 1	 2	 3	 1	 1	 1	 2	 1	 1	 1	 1	 1	  0.39	  0.00
375	55	19	v	 1	 2	 3	 2	 1	 1	 2	 2	 1	 1	 1	 1	  0.39	  0.00
376	55	19	v	 1	 2	 3	 3	 1	 1	 2	 1	 1	 1	 1	 1	  0.39	  0.00
377	55	19	v	 1	 2	 3	 1	 2	 1	 2	 1	 0	 2	 2	 1	  0.35	  0.00
378	55	19	v	 1	 2	 3	 1	 1	 1	 2	 1	 1	 1	 1	 1	  0.40	  0.00
379	55	19	v	 1	 2	 3	 3	 2	 1	 2	 2	 0	 2	 2	 1	  0.32	  0.00
380	55	19	v	 1	 2	 3	 2	 1	 1	 2	 2	 1	 1	 1	 1	  0.47	  0.00
381	55	19	v	 1	 2	 3	 1	 1	 1	 2	 2	 1	 1	 1	 1	  0.44	  0.00
382	55	19	v	 1	 2	 3	 3	 2	 1	 2	 2	 0	 2	 2	 1	  0.30	  0.00
383	55	19	v	 1	 2	 3	 3	 1	 1	 2	 2	 1	 1	 1	 1	  0.44	  0.00
