00	45	54	v	 1	 2	 0	 3	 1	 2	 1	 1	 0	 1	 0	 0	  2.00	  0.00
01	45	54	v	 1	 2	 0	 1	 1	 2	 1	 2	 0	 1	 1	 1	  1.14	  0.00
02	45	54	v	 1	 2	 0	 2	 1	 2	 1	 1	 0	 1	 1	 1	  0.72	  0.00
03	45	54	v	 1	 2	 0	 3	 1	 2	 1	 2	 0	 1	 1	 1	  0.56	  0.00
04	45	54	v	 1	 2	 0	 2	 2	 2	 1	 2	 1	 2	 2	 1	  1.34	  0.00
05	45	54	v	 1	 2	 0	 2	 1	 2	 1	 2	 0	 1	 1	 1	  1.25	  0.00
06	45	54	v	 1	 2	 0	 2	 2	 2	 1	 2	 1	 2	 0	 0	  2.00	  0.00
07	45	54	v	 1	 2	 0	 2	 2	 2	 1	 1	 1	 2	 2	 1	  1.47	  0.00
08	45	54	v	 1	 2	 0	 3	 1	 2	 1	 1	 0	 1	 0	 0	  2.00	  0.00
09	45	54	v	 1	 2	 0	 3	 2	 2	 1	 1	 1	 2	 2	 1	  1.01	  0.00
10	45	54	v	 1	 2	 0	 2	 1	 2	 1	 1	 0	 1	 1	 1	  0.80	  0.00
11	45	54	v	 1	 2	 0	 1	 1	 2	 1	 1	 0	 1	 1	 1	  0.59	  0.00
12	45	54	v	 1	 2	 0	 2	 2	 2	 1	 2	 1	 2	 2	 1	  1.29	  0.00
13	45	54	v	 1	 2	 0	 2	 1	 2	 1	 2	 0	 1	 1	 1	  0.60	  0.00
14	45	54	v	 1	 2	 0	 1	 1	 2	 1	 1	 0	 1	 1	 1	  0.79	  0.00
15	45	54	v	 1	 2	 0	 2	 2	 2	 1	 2	 1	 2	 2	 1	  0.49	  0.00
16	45	54	v	 1	 2	 0	 1	 1	 2	 1	 2	 0	 1	 1	 1	  0.47	  0.00
17	45	54	v	 1	 2	 0	 3	 1	 2	 1	 2	 0	 1	 1	 1	  0.58	  0.00
18	45	54	v	 1	 2	 0	 1	 1	 2	 1	 1	 0	 1	 1	 1	  0.76	  0.00
19	45	54	v	 1	 2	 0	 3	 2	 2	 1	 1	 1	 2	 2	 1	  0.67	  0.00
20	45	54	v	 1	 2	 0	 1	 2	 2	 1	 1	 1	 2	 2	 1	  0.62	  0.00
21	45	54	v	 1	 2	 0	 1	 1	 2	 1	 2	 0	 1	 1	 1	  0.46	  0.00
22	45	54	v	 1	 2	 0	 2	 1	 2	 1	 2	 0	 1	 1	 1	  0.50	  0.00
23	45	54	v	 1	 2	 0	 3	 2	 2	 1	 1	 1	 2	 2	 1	  0.51	  0.00
24	45	54	v	 1	 2	 0	 2	 1	 2	 1	 2	 0	 1	 1	 1	  0.62	  0.00
25	45	54	v	 1	 2	 0	 3	 2	 2	 1	 2	 1	 2	 2	 1	  0.57	  0.00
26	45	54	v	 1	 2	 0	 1	 1	 2	 1	 2	 0	 1	 1	 1	  0.51	  0.00
27	45	54	v	 1	 2	 0	 1	 2	 2	 1	 2	 1	 2	 2	 1	  0.46	  0.00
28	45	54	v	 1	 2	 0	 1	 2	 2	 1	 1	 1	 2	 2	 1	  0.78	  0.00
29	45	54	v	 1	 2	 0	 3	 1	 2	 1	 1	 0	 1	 1	 1	  0.54	  0.00
30	45	54	v	 1	 2	 0	 3	 1	 2	 1	 2	 0	 1	 1	 1	  0.52	  0.00
31	45	54	v	 1	 2	 0	 3	 1	 2	 1	 1	 0	 1	 1	 1	  0.57	  0.00
32	45	54	v	 1	 2	 0	 2	 2	 2	 1	 1	 1	 2	 2	 1	  0.60	  0.00
33	45	54	v	 1	 2	 0	 1	 2	 2	 1	 2	 1	 2	 2	 1	  0.58	  0.00
34	45	54	v	 1	 2	 0	 3	 2	 2	 1	 1	 1	 2	 2	 1	  0.59	  0.00
35	45	54	v	 1	 2	 0	 3	 1	 2	 1	 2	 0	 1	 1	 1	  1.01	  0.00
36	45	54	v	 1	 2	 0	 1	 2	 2	 1	 1	 1	 2	 2	 1	  0.59	  0.00
37	45	54	v	 1	 2	 0	 1	 1	 2	 1	 2	 0	 1	 1	 1	  0.54	  0.00
38	45	54	v	 1	 2	 0	 1	 2	 2	 1	 2	 1	 2	 2	 1	  0.64	  0.00
39	45	54	v	 1	 2	 0	 1	 2	 2	 1	 2	 1	 2	 2	 1	  0.65	  0.00
40	45	54	v	 1	 2	 0	 3	 2	 2	 1	 1	 1	 2	 2	 1	  1.59	  0.00
41	45	54	v	 1	 2	 0	 3	 1	 2	 1	 1	 0	 1	 1	 1	  0.70	  0.00
42	45	54	v	 1	 2	 0	 3	 1	 2	 1	 1	 0	 1	 1	 1	  0.64	  0.00
43	45	54	v	 1	 2	 0	 3	 2	 2	 1	 2	 1	 2	 2	 1	  0.44	  0.00
44	45	54	v	 1	 2	 0	 2	 1	 2	 1	 2	 0	 1	 1	 1	  0.56	  0.00
45	45	54	v	 1	 2	 0	 1	 2	 2	 1	 2	 1	 2	 2	 1	  0.45	  0.00
46	45	54	v	 1	 2	 0	 1	 1	 2	 1	 1	 0	 1	 1	 1	  0.56	  0.00
47	45	54	v	 1	 2	 0	 3	 1	 2	 1	 2	 0	 1	 1	 1	  0.61	  0.00
48	45	54	v	 1	 2	 0	 2	 2	 2	 1	 1	 1	 2	 2	 1	  0.48	  0.00
49	45	54	v	 1	 2	 0	 3	 2	 2	 1	 1	 1	 2	 2	 1	  0.64	  0.00
50	45	54	v	 1	 2	 0	 1	 2	 2	 1	 2	 1	 2	 2	 1	  0.59	  0.00
51	45	54	v	 1	 2	 0	 2	 1	 2	 1	 1	 0	 1	 1	 1	  0.56	  0.00
52	45	54	v	 1	 2	 0	 2	 2	 2	 1	 1	 1	 2	 2	 1	  0.48	  0.00
53	45	54	v	 1	 2	 0	 2	 1	 2	 1	 2	 0	 1	 1	 1	  0.49	  0.00
54	45	54	v	 1	 2	 0	 3	 2	 2	 1	 2	 1	 2	 2	 1	  0.57	  0.00
55	45	54	v	 1	 2	 0	 2	 2	 2	 1	 1	 1	 2	 2	 1	  0.45	  0.00
56	45	54	v	 1	 2	 0	 2	 1	 2	 1	 2	 0	 1	 1	 1	  0.82	  0.00
57	45	54	v	 1	 2	 0	 2	 1	 2	 1	 1	 0	 1	 1	 1	  0.58	  0.00
58	45	54	v	 1	 2	 0	 3	 2	 2	 1	 2	 1	 2	 2	 1	  0.82	  0.00
59	45	54	v	 1	 2	 0	 1	 2	 2	 1	 1	 1	 2	 2	 1	  0.61	  0.00
60	45	54	v	 1	 2	 0	 3	 1	 2	 1	 1	 0	 1	 1	 1	  0.54	  0.00
61	45	54	v	 1	 2	 0	 2	 2	 2	 1	 1	 1	 2	 2	 1	  0.44	  0.00
62	45	54	v	 1	 2	 0	 2	 1	 2	 1	 1	 0	 1	 1	 1	  0.58	  0.00
63	45	54	v	 1	 2	 0	 1	 2	 2	 1	 1	 1	 2	 2	 1	  0.54	  0.00
64	45	54	v	 1	 2	 0	 1	 1	 2	 1	 2	 0	 1	 1	 1	  0.53	  0.00
65	45	54	v	 1	 2	 0	 2	 1	 2	 1	 1	 0	 1	 1	 1	  0.61	  0.00
66	45	54	v	 1	 2	 0	 1	 1	 2	 1	 2	 0	 1	 1	 1	  0.56	  0.00
67	45	54	v	 1	 2	 0	 2	 2	 2	 1	 2	 1	 2	 2	 1	  0.54	  0.00
68	45	54	v	 1	 2	 0	 3	 2	 2	 1	 2	 1	 2	 2	 1	  0.62	  0.00
69	45	54	v	 1	 2	 0	 3	 2	 2	 1	 1	 1	 2	 2	 1	  0.61	  0.00
70	45	54	v	 1	 2	 0	 2	 2	 2	 1	 2	 1	 2	 2	 1	  0.67	  0.00
71	45	54	v	 1	 2	 0	 3	 1	 2	 1	 2	 0	 1	 1	 1	  0.53	  0.00
72	45	54	v	 1	 2	 0	 3	 1	 2	 1	 1	 0	 1	 1	 1	  0.58	  0.00
73	45	54	v	 1	 2	 0	 3	 2	 2	 1	 2	 1	 2	 2	 1	  0.57	  0.00
74	45	54	v	 1	 2	 0	 1	 2	 2	 1	 1	 1	 2	 2	 1	  0.57	  0.00
75	45	54	v	 1	 2	 0	 1	 2	 2	 1	 2	 1	 2	 2	 1	  0.67	  0.00
76	45	54	v	 1	 2	 0	 1	 1	 2	 1	 2	 0	 1	 1	 1	  0.60	  0.00
77	45	54	v	 1	 2	 0	 2	 2	 2	 1	 1	 1	 2	 2	 1	  0.56	  0.00
78	45	54	v	 1	 2	 0	 3	 2	 2	 1	 2	 1	 2	 2	 1	  0.57	  0.00
79	45	54	v	 1	 2	 0	 2	 1	 2	 1	 2	 0	 1	 1	 1	  0.53	  0.00
80	45	54	v	 1	 2	 0	 1	 1	 2	 1	 1	 0	 1	 1	 1	  0.56	  0.00
81	45	54	v	 1	 2	 0	 2	 1	 2	 1	 1	 0	 1	 1	 1	  0.56	  0.00
82	45	54	v	 1	 2	 0	 2	 2	 2	 1	 2	 1	 2	 2	 1	  0.66	  0.00
83	45	54	v	 1	 2	 0	 2	 2	 2	 1	 2	 1	 2	 2	 1	  0.62	  0.00
84	45	54	v	 1	 2	 0	 1	 1	 2	 1	 1	 0	 1	 1	 1	  0.54	  0.00
85	45	54	v	 1	 2	 0	 1	 1	 2	 1	 1	 0	 1	 1	 1	  0.57	  0.00
86	45	54	v	 1	 2	 0	 1	 1	 2	 1	 1	 0	 1	 1	 1	  0.59	  0.00
87	45	54	v	 1	 2	 0	 1	 2	 2	 1	 2	 1	 2	 2	 1	  0.54	  0.00
88	45	54	v	 1	 2	 0	 3	 2	 2	 1	 2	 1	 2	 2	 1	  0.57	  0.00
89	45	54	v	 1	 2	 0	 3	 1	 2	 1	 2	 0	 1	 1	 1	  0.69	  0.00
90	45	54	v	 1	 2	 0	 2	 1	 2	 1	 1	 0	 1	 1	 1	  0.55	  0.00
91	45	54	v	 1	 2	 0	 3	 2	 2	 1	 1	 1	 2	 2	 1	  0.57	  0.00
92	45	54	v	 1	 2	 0	 2	 2	 2	 1	 1	 1	 2	 2	 1	  0.64	  0.00
93	45	54	v	 1	 2	 0	 1	 2	 2	 1	 1	 1	 2	 2	 1	  0.66	  0.00
94	45	54	v	 1	 2	 0	 1	 2	 2	 1	 1	 1	 2	 2	 1	  0.68	  0.00
95	45	54	v	 1	 2	 0	 3	 1	 2	 1	 2	 0	 1	 1	 1	  0.45	  0.00
96	45	54	v	 1	 2	 1	 3	 2	 1	 2	 1	 0	 2	 2	 1	  0.65	  0.00
97	45	54	v	 1	 2	 1	 2	 1	 1	 2	 2	 1	 1	 1	 1	  0.63	  0.00
98	45	54	v	 1	 2	 1	 1	 1	 1	 2	 2	 1	 1	 1	 1	  0.73	  0.00
99	45	54	v	 1	 2	 1	 2	 2	 1	 2	 2	 0	 2	 2	 1	  0.52	  0.00
100	45	54	v	 1	 2	 1	 1	 1	 1	 2	 2	 1	 1	 1	 1	  0.55	  0.00
101	45	54	v	 1	 2	 1	 3	 1	 1	 2	 1	 1	 1	 1	 1	  0.67	  0.00
102	45	54	v	 1	 2	 1	 3	 2	 1	 2	 2	 0	 2	 2	 1	  0.81	  0.00
103	45	54	v	 1	 2	 1	 1	 1	 1	 2	 1	 1	 1	 1	 1	  0.88	  0.00
104	45	54	v	 1	 2	 1	 3	 2	 1	 2	 1	 0	 2	 2	 1	  0.54	  0.00
105	45	54	v	 1	 2	 1	 1	 1	 1	 2	 2	 1	 1	 1	 1	  0.71	  0.00
106	45	54	v	 1	 2	 1	 1	 2	 1	 2	 1	 0	 2	 2	 1	  0.53	  0.00
107	45	54	v	 1	 2	 1	 3	 1	 1	 2	 2	 1	 1	 1	 1	  0.60	  0.00
108	45	54	v	 1	 2	 1	 1	 2	 1	 2	 1	 0	 2	 2	 1	  0.52	  0.00
109	45	54	v	 1	 2	 1	 3	 1	 1	 2	 1	 1	 1	 1	 1	  0.50	  0.00
110	45	54	v	 1	 2	 1	 2	 1	 1	 2	 2	 1	 1	 1	 1	  0.64	  0.00
111	45	54	v	 1	 2	 1	 3	 2	 1	 2	 1	 0	 2	 2	 1	  0.50	  0.00
112	45	54	v	 1	 2	 1	 3	 2	 1	 2	 1	 0	 2	 2	 1	  0.66	  0.00
113	45	54	v	 1	 2	 1	 1	 2	 1	 2	 2	 0	 2	 2	 1	  0.99	  0.00
114	45	54	v	 1	 2	 1	 2	 2	 1	 2	 2	 0	 2	 2	 1	  0.77	  0.00
115	45	54	v	 1	 2	 1	 3	 1	 1	 2	 1	 1	 1	 1	 1	  0.57	  0.00
116	45	54	v	 1	 2	 1	 3	 1	 1	 2	 2	 1	 1	 1	 1	  0.61	  0.00
117	45	54	v	 1	 2	 1	 2	 2	 1	 2	 2	 0	 2	 2	 1	  0.56	  0.00
118	45	54	v	 1	 2	 1	 3	 2	 1	 2	 2	 0	 2	 2	 1	  0.76	  0.00
119	45	54	v	 1	 2	 1	 1	 2	 1	 2	 2	 0	 2	 2	 1	  0.60	  0.00
120	45	54	v	 1	 2	 1	 2	 1	 1	 2	 1	 1	 1	 1	 1	  0.60	  0.00
121	45	54	v	 1	 2	 1	 2	 2	 1	 2	 1	 0	 2	 2	 1	  0.58	  0.00
122	45	54	v	 1	 2	 1	 2	 1	 1	 2	 2	 1	 1	 1	 1	  0.47	  0.00
123	45	54	v	 1	 2	 1	 3	 1	 1	 2	 2	 1	 1	 1	 1	  0.84	  0.00
124	45	54	v	 1	 2	 1	 3	 1	 1	 2	 2	 1	 1	 1	 1	  0.59	  0.00
125	45	54	v	 1	 2	 1	 2	 2	 1	 2	 2	 0	 2	 2	 1	  0.51	  0.00
126	45	54	v	 1	 2	 1	 1	 1	 1	 2	 2	 1	 1	 1	 1	  0.58	  0.00
127	45	54	v	 1	 2	 1	 2	 1	 1	 2	 1	 1	 1	 1	 1	  0.78	  0.00
128	45	54	v	 1	 2	 1	 2	 2	 1	 2	 1	 0	 2	 2	 1	  0.49	  0.00
129	45	54	v	 1	 2	 1	 2	 1	 1	 2	 2	 1	 1	 1	 1	  0.57	  0.00
130	45	54	v	 1	 2	 1	 3	 2	 1	 2	 1	 0	 2	 2	 1	  0.56	  0.00
131	45	54	v	 1	 2	 1	 3	 2	 1	 2	 2	 0	 2	 2	 1	  0.83	  0.00
132	45	54	v	 1	 2	 1	 2	 2	 1	 2	 2	 0	 2	 2	 1	  0.61	  0.00
133	45	54	v	 1	 2	 1	 3	 2	 1	 2	 2	 0	 2	 2	 1	  0.60	  0.00
134	45	54	v	 1	 2	 1	 2	 1	 1	 2	 2	 1	 1	 1	 1	  0.50	  0.00
135	45	54	v	 1	 2	 1	 2	 2	 1	 2	 1	 0	 2	 2	 1	  0.49	  0.00
136	45	54	v	 1	 2	 1	 1	 1	 1	 2	 2	 1	 1	 1	 1	  0.64	  0.00
137	45	54	v	 1	 2	 1	 2	 2	 1	 2	 1	 0	 2	 2	 1	  0.78	  0.00
138	45	54	v	 1	 2	 1	 2	 2	 1	 2	 1	 0	 2	 2	 1	  0.66	  0.00
139	45	54	v	 1	 2	 1	 2	 2	 1	 2	 2	 0	 2	 2	 1	  0.73	  0.00
140	45	54	v	 1	 2	 1	 3	 1	 1	 2	 1	 1	 1	 1	 1	  0.77	  0.00
141	45	54	v	 1	 2	 1	 2	 2	 1	 2	 2	 0	 2	 2	 1	  0.68	  0.00
142	45	54	v	 1	 2	 1	 2	 2	 1	 2	 1	 0	 2	 2	 1	  0.50	  0.00
143	45	54	v	 1	 2	 1	 1	 2	 1	 2	 2	 0	 2	 2	 1	  1.00	  0.00
144	45	54	v	 1	 2	 1	 2	 1	 1	 2	 1	 1	 1	 1	 1	  0.63	  0.00
145	45	54	v	 1	 2	 1	 1	 2	 1	 2	 2	 0	 2	 2	 1	  0.73	  0.00
146	45	54	v	 1	 2	 1	 3	 1	 1	 2	 2	 1	 1	 1	 1	  0.47	  0.00
147	45	54	v	 1	 2	 1	 1	 1	 1	 2	 1	 1	 1	 1	 1	  0.61	  0.00
148	45	54	v	 1	 2	 1	 2	 2	 1	 2	 1	 0	 2	 2	 1	  0.59	  0.00
149	45	54	v	 1	 2	 1	 1	 2	 1	 2	 2	 0	 2	 2	 1	  0.71	  0.00
150	45	54	v	 1	 2	 1	 2	 1	 1	 2	 2	 1	 1	 1	 1	  0.47	  0.00
151	45	54	v	 1	 2	 1	 2	 1	 1	 2	 1	 1	 1	 1	 1	  0.56	  0.00
152	45	54	v	 1	 2	 1	 1	 2	 1	 2	 1	 0	 2	 2	 1	  0.54	  0.00
153	45	54	v	 1	 2	 1	 1	 2	 1	 2	 1	 0	 2	 2	 1	  0.68	  0.00
154	45	54	v	 1	 2	 1	 2	 2	 1	 2	 1	 0	 2	 2	 1	  1.39	  0.00
155	45	54	v	 1	 2	 1	 2	 2	 1	 2	 2	 0	 2	 2	 1	  0.61	  0.00
156	45	54	v	 1	 2	 1	 1	 1	 1	 2	 2	 1	 1	 1	 1	  0.52	  0.00
157	45	54	v	 1	 2	 1	 1	 1	 1	 2	 2	 1	 1	 1	 1	  0.67	  0.00
158	45	54	v	 1	 2	 1	 1	 2	 1	 2	 2	 0	 2	 2	 1	  0.55	  0.00
159	45	54	v	 1	 2	 1	 2	 1	 1	 2	 1	 1	 1	 1	 1	  0.47	  0.00
160	45	54	v	 1	 2	 1	 1	 2	 1	 2	 1	 0	 2	 2	 1	  0.49	  0.00
161	45	54	v	 1	 2	 1	 3	 1	 1	 2	 1	 1	 1	 1	 1	  0.45	  0.00
162	45	54	v	 1	 2	 1	 1	 1	 1	 2	 2	 1	 1	 1	 1	  0.61	  0.00
163	45	54	v	 1	 2	 1	 3	 2	 1	 2	 2	 0	 2	 2	 1	  0.49	  0.00
164	45	54	v	 1	 2	 1	 1	 1	 1	 2	 1	 1	 1	 1	 1	  0.82	  0.00
165	45	54	v	 1	 2	 1	 3	 2	 1	 2	 2	 0	 2	 2	 1	  0.59	  0.00
166	45	54	v	 1	 2	 1	 1	 2	 1	 2	 1	 0	 2	 2	 1	  0.95	  0.00
167	45	54	v	 1	 2	 1	 3	 2	 1	 2	 2	 0	 2	 2	 1	  0.55	  0.00
168	45	54	v	 1	 2	 1	 3	 2	 1	 2	 1	 0	 2	 2	 1	  0.55	  0.00
169	45	54	v	 1	 2	 1	 2	 1	 1	 2	 1	 1	 1	 1	 1	  0.89	  0.00
170	45	54	v	 1	 2	 1	 3	 1	 1	 2	 1	 1	 1	 1	 1	  0.70	  0.00
171	45	54	v	 1	 2	 1	 1	 1	 1	 2	 1	 1	 1	 1	 1	  0.70	  0.00
172	45	54	v	 1	 2	 1	 3	 2	 1	 2	 1	 0	 2	 2	 1	  0.99	  0.00
173	45	54	v	 1	 2	 1	 3	 1	 1	 2	 2	 1	 1	 1	 1	  0.49	  0.00
174	45	54	v	 1	 2	 1	 3	 1	 1	 2	 2	 1	 1	 1	 1	  0.59	  0.00
175	45	54	v	 1	 2	 1	 1	 1	 1	 2	 1	 1	 1	 1	 1	  0.59	  0.00
176	45	54	v	 1	 2	 1	 3	 2	 1	 2	 2	 0	 2	 2	 1	  0.73	  0.00
177	45	54	v	 1	 2	 1	 2	 1	 1	 2	 2	 1	 1	 1	 1	  0.51	  0.00
178	45	54	v	 1	 2	 1	 1	 2	 1	 2	 2	 0	 2	 2	 1	  0.49	  0.00
179	45	54	v	 1	 2	 1	 2	 1	 1	 2	 1	 1	 1	 1	 1	  0.52	  0.00
180	45	54	v	 1	 2	 1	 1	 2	 1	 2	 2	 0	 2	 2	 1	  0.68	  0.00
181	45	54	v	 1	 2	 1	 3	 1	 1	 2	 2	 1	 1	 1	 1	  0.56	  0.00
182	45	54	v	 1	 2	 1	 3	 2	 1	 2	 1	 0	 2	 2	 1	  0.47	  0.00
183	45	54	v	 1	 2	 1	 1	 1	 1	 2	 1	 1	 1	 1	 1	  0.54	  0.00
184	45	54	v	 1	 2	 1	 1	 2	 1	 2	 1	 0	 2	 2	 1	  0.97	  0.00
185	45	54	v	 1	 2	 1	 3	 1	 1	 2	 1	 1	 1	 1	 1	  0.60	  0.00
186	45	54	v	 1	 2	 1	 2	 1	 1	 2	 1	 1	 1	 1	 1	  0.97	  0.00
187	45	54	v	 1	 2	 1	 2	 1	 1	 2	 2	 1	 1	 1	 1	  0.63	  0.00
188	45	54	v	 1	 2	 1	 1	 1	 1	 2	 1	 1	 1	 1	 1	  0.61	  0.00
189	45	54	v	 1	 2	 1	 1	 2	 1	 2	 1	 0	 2	 2	 1	  0.55	  0.00
190	45	54	v	 1	 2	 1	 3	 1	 1	 2	 1	 1	 1	 1	 1	  0.44	  0.00
191	45	54	v	 1	 2	 1	 1	 1	 1	 2	 1	 1	 1	 1	 1	  0.63	  0.00
192	45	54	v	 1	 2	 2	 1	 2	 2	 1	 2	 1	 2	 2	 1	  0.62	  0.00
193	45	54	v	 1	 2	 2	 1	 2	 2	 1	 2	 1	 2	 2	 1	  0.58	  0.00
194	45	54	v	 1	 2	 2	 1	 1	 2	 1	 2	 0	 1	 1	 1	  0.65	  0.00
195	45	54	v	 1	 2	 2	 2	 1	 2	 1	 1	 0	 1	 1	 1	  0.62	  0.00
196	45	54	v	 1	 2	 2	 3	 1	 2	 1	 2	 0	 1	 1	 1	  0.75	  0.00
197	45	54	v	 1	 2	 2	 1	 2	 2	 1	 2	 1	 2	 2	 1	  0.49	  0.00
198	45	54	v	 1	 2	 2	 2	 1	 2	 1	 1	 0	 1	 1	 1	  0.47	  0.00
199	45	54	v	 1	 2	 2	 3	 2	 2	 1	 2	 1	 2	 2	 1	  0.45	  0.00
200	45	54	v	 1	 2	 2	 2	 1	 2	 1	 1	 0	 1	 1	 1	  0.45	  0.00
201	45	54	v	 1	 2	 2	 3	 1	 2	 1	 1	 0	 1	 1	 1	  0.58	  0.00
202	45	54	v	 1	 2	 2	 2	 2	 2	 1	 1	 1	 2	 2	 1	  0.52	  0.00
203	45	54	v	 1	 2	 2	 3	 1	 2	 1	 1	 0	 1	 1	 1	  0.52	  0.00
204	45	54	v	 1	 2	 2	 1	 2	 2	 1	 1	 1	 2	 2	 1	  0.64	  0.00
205	45	54	v	 1	 2	 2	 2	 2	 2	 1	 1	 1	 2	 2	 1	  1.06	  0.00
206	45	54	v	 1	 2	 2	 2	 2	 2	 1	 1	 1	 2	 2	 1	  0.69	  0.00
207	45	54	v	 1	 2	 2	 3	 2	 2	 1	 2	 1	 2	 2	 1	  0.63	  0.00
208	45	54	v	 1	 2	 2	 2	 1	 2	 1	 2	 0	 1	 1	 1	  0.50	  0.00
209	45	54	v	 1	 2	 2	 2	 1	 2	 1	 1	 0	 1	 1	 1	  0.54	  0.00
210	45	54	v	 1	 2	 2	 3	 2	 2	 1	 1	 1	 2	 2	 1	  0.84	  0.00
211	45	54	v	 1	 2	 2	 2	 2	 2	 1	 2	 1	 2	 2	 1	  0.75	  0.00
212	45	54	v	 1	 2	 2	 1	 1	 2	 1	 2	 0	 1	 1	 1	  0.71	  0.00
213	45	54	v	 1	 2	 2	 3	 2	 2	 1	 2	 1	 2	 2	 1	  0.61	  0.00
214	45	54	v	 1	 2	 2	 2	 1	 2	 1	 2	 0	 1	 1	 1	  0.66	  0.00
215	45	54	v	 1	 2	 2	 3	 2	 2	 1	 1	 1	 2	 2	 1	  0.83	  0.00
216	45	54	v	 1	 2	 2	 3	 1	 2	 1	 2	 0	 1	 1	 1	  0.75	  0.00
217	45	54	v	 1	 2	 2	 2	 1	 2	 1	 2	 0	 1	 1	 1	  0.60	  0.00
218	45	54	v	 1	 2	 2	 2	 1	 2	 1	 2	 0	 1	 1	 1	  0.63	  0.00
219	45	54	v	 1	 2	 2	 2	 2	 2	 1	 2	 1	 2	 2	 1	  0.64	  0.00
220	45	54	v	 1	 2	 2	 3	 2	 2	 1	 1	 1	 2	 2	 1	  0.59	  0.00
221	45	54	v	 1	 2	 2	 1	 1	 2	 1	 2	 0	 1	 1	 1	  0.53	  0.00
222	45	54	v	 1	 2	 2	 1	 1	 2	 1	 1	 0	 1	 1	 1	  0.62	  0.00
223	45	54	v	 1	 2	 2	 1	 1	 2	 1	 1	 0	 1	 1	 1	  0.60	  0.00
224	45	54	v	 1	 2	 2	 2	 2	 2	 1	 2	 1	 2	 2	 1	  0.65	  0.00
225	45	54	v	 1	 2	 2	 2	 2	 2	 1	 1	 1	 2	 2	 1	  0.59	  0.00
226	45	54	v	 1	 2	 2	 2	 1	 2	 1	 1	 0	 1	 1	 1	  0.66	  0.00
227	45	54	v	 1	 2	 2	 1	 1	 2	 1	 1	 0	 1	 1	 1	  0.55	  0.00
228	45	54	v	 1	 2	 2	 2	 2	 2	 1	 1	 1	 2	 2	 1	  0.49	  0.00
229	45	54	v	 1	 2	 2	 1	 2	 2	 1	 2	 1	 2	 2	 1	  0.59	  0.00
230	45	54	v	 1	 2	 2	 2	 1	 2	 1	 2	 0	 1	 1	 1	  0.63	  0.00
231	45	54	v	 1	 2	 2	 1	 2	 2	 1	 1	 1	 2	 2	 1	  0.47	  0.00
232	45	54	v	 1	 2	 2	 2	 1	 2	 1	 1	 0	 1	 1	 1	  0.47	  0.00
233	45	54	v	 1	 2	 2	 3	 1	 2	 1	 1	 0	 1	 1	 1	  0.79	  0.00
234	45	54	v	 1	 2	 2	 1	 2	 2	 1	 2	 1	 2	 2	 1	  0.50	  0.00
235	45	54	v	 1	 2	 2	 3	 1	 2	 1	 2	 0	 1	 1	 1	  0.76	  0.00
236	45	54	v	 1	 2	 2	 3	 2	 2	 1	 1	 1	 2	 2	 1	  0.58	  0.00
237	45	54	v	 1	 2	 2	 2	 2	 2	 1	 2	 1	 2	 2	 1	  0.78	  0.00
238	45	54	v	 1	 2	 2	 3	 1	 2	 1	 2	 0	 1	 1	 1	  0.67	  0.00
239	45	54	v	 1	 2	 2	 3	 2	 2	 1	 2	 1	 2	 2	 1	  0.58	  0.00
240	45	54	v	 1	 2	 2	 1	 1	 2	 1	 1	 0	 1	 1	 1	  0.71	  0.00
241	45	54	v	 1	 2	 2	 3	 1	 2	 1	 2	 0	 1	 1	 1	  0.55	  0.00
242	45	54	v	 1	 2	 2	 2	 2	 2	 1	 2	 1	 2	 2	 1	  0.66	  0.00
243	45	54	v	 1	 2	 2	 1	 1	 2	 1	 2	 0	 1	 1	 1	  0.54	  0.00
244	45	54	v	 1	 2	 2	 2	 1	 2	 1	 2	 0	 1	 1	 1	  0.61	  0.00
245	45	54	v	 1	 2	 2	 3	 2	 2	 1	 1	 1	 2	 2	 1	  0.72	  0.00
246	45	54	v	 1	 2	 2	 1	 2	 2	 1	 2	 1	 2	 2	 1	  0.78	  0.00
247	45	54	v	 1	 2	 2	 3	 2	 2	 1	 2	 1	 2	 2	 1	  0.74	  0.00
248	45	54	v	 1	 2	 2	 2	 1	 2	 1	 2	 0	 1	 1	 1	  0.59	  0.00
249	45	54	v	 1	 2	 2	 3	 1	 2	 1	 1	 0	 1	 1	 1	  0.54	  0.00
250	45	54	v	 1	 2	 2	 2	 1	 2	 1	 2	 0	 1	 1	 1	  0.49	  0.00
251	45	54	v	 1	 2	 2	 2	 2	 2	 1	 2	 1	 2	 2	 1	  0.70	  0.00
252	45	54	v	 1	 2	 2	 2	 2	 2	 1	 1	 1	 2	 2	 1	  1.11	  0.00
253	45	54	v	 1	 2	 2	 3	 1	 2	 1	 1	 0	 1	 1	 1	  0.84	  0.00
254	45	54	v	 1	 2	 2	 1	 2	 2	 1	 2	 1	 2	 2	 1	  1.05	  0.00
255	45	54	v	 1	 2	 2	 3	 2	 2	 1	 2	 1	 2	 2	 1	  0.66	  0.00
256	45	54	v	 1	 2	 2	 3	 2	 2	 1	 1	 1	 2	 2	 1	  0.54	  0.00
257	45	54	v	 1	 2	 2	 1	 2	 2	 1	 1	 1	 2	 2	 1	  0.77	  0.00
258	45	54	v	 1	 2	 2	 1	 1	 2	 1	 2	 0	 1	 1	 1	  0.56	  0.00
259	45	54	v	 1	 2	 2	 2	 2	 2	 1	 1	 1	 2	 2	 1	  1.22	  0.00
260	45	54	v	 1	 2	 2	 1	 2	 2	 1	 1	 1	 2	 2	 1	  0.63	  0.00
261	45	54	v	 1	 2	 2	 1	 1	 2	 1	 1	 0	 1	 1	 1	  0.56	  0.00
262	45	54	v	 1	 2	 2	 1	 1	 2	 1	 1	 0	 1	 1	 1	  0.82	  0.00
263	45	54	v	 1	 2	 2	 1	 2	 2	 1	 1	 1	 2	 2	 1	  0.58	  0.00
264	45	54	v	 1	 2	 2	 3	 1	 2	 1	 1	 0	 1	 1	 1	  0.60	  0.00
265	45	54	v	 1	 2	 2	 3	 2	 2	 1	 2	 1	 2	 2	 1	  0.55	  0.00
266	45	54	v	 1	 2	 2	 1	 1	 2	 1	 2	 0	 1	 1	 1	  0.62	  0.00
267	45	54	v	 1	 2	 2	 3	 1	 2	 1	 1	 0	 1	 1	 1	  0.56	  0.00
268	45	54	v	 1	 2	 2	 1	 2	 2	 1	 2	 1	 2	 2	 1	  0.97	  0.00
269	45	54	v	 1	 2	 2	 1	 2	 2	 1	 1	 1	 2	 2	 1	  0.47	  0.00
270	45	54	v	 1	 2	 2	 3	 1	 2	 1	 2	 0	 1	 1	 1	  0.75	  0.00
271	45	54	v	 1	 2	 2	 1	 1	 2	 1	 1	 0	 1	 1	 1	  0.73	  0.00
272	45	54	v	 1	 2	 2	 3	 2	 2	 1	 1	 1	 2	 2	 1	  0.50	  0.00
273	45	54	v	 1	 2	 2	 1	 1	 2	 1	 2	 0	 1	 1	 1	  0.88	  0.00
274	45	54	v	 1	 2	 2	 2	 1	 2	 1	 1	 0	 1	 1	 1	  0.76	  0.00
275	45	54	v	 1	 2	 2	 3	 1	 2	 1	 2	 0	 1	 1	 1	  0.47	  0.00
276	45	54	v	 1	 2	 2	 3	 2	 2	 1	 2	 1	 2	 2	 1	  0.67	  0.00
277	45	54	v	 1	 2	 2	 2	 2	 2	 1	 1	 1	 2	 2	 1	  0.67	  0.00
278	45	54	v	 1	 2	 2	 3	 1	 2	 1	 2	 0	 1	 1	 1	  0.61	  0.00
279	45	54	v	 1	 2	 2	 1	 1	 2	 1	 2	 0	 1	 1	 1	  0.82	  0.00
280	45	54	v	 1	 2	 2	 1	 2	 2	 1	 1	 1	 2	 2	 1	  0.70	  0.00
281	45	54	v	 1	 2	 2	 1	 2	 2	 1	 1	 1	 2	 2	 1	  0.72	  0.00
282	45	54	v	 1	 2	 2	 2	 2	 2	 1	 2	 1	 2	 2	 1	  0.71	  0.00
283	45	54	v	 1	 2	 2	 3	 1	 2	 1	 1	 0	 1	 1	 1	  0.80	  0.00
284	45	54	v	 1	 2	 2	 2	 1	 2	 1	 1	 0	 1	 1	 1	  0.79	  0.00
285	45	54	v	 1	 2	 2	 2	 2	 2	 1	 2	 1	 2	 2	 1	  0.62	  0.00
286	45	54	v	 1	 2	 2	 3	 2	 2	 1	 1	 1	 2	 2	 1	  0.50	  0.00
287	45	54	v	 1	 2	 2	 1	 1	 2	 1	 1	 0	 1	 1	 1	  0.53	  0.00
288	45	54	v	 1	 2	 3	 3	 1	 1	 2	 2	 1	 1	 1	 1	  0.57	  0.00
289	45	54	v	 1	 2	 3	 2	 1	 1	 2	 1	 1	 1	 1	 1	  0.48	  0.00
290	45	54	v	 1	 2	 3	 3	 2	 1	 2	 2	 0	 2	 2	 1	  0.54	  0.00
291	45	54	v	 1	 2	 3	 2	 2	 1	 2	 1	 0	 2	 2	 1	  0.66	  0.00
292	45	54	v	 1	 2	 3	 2	 1	 1	 2	 2	 1	 1	 1	 1	  0.77	  0.00
293	45	54	v	 1	 2	 3	 3	 2	 1	 2	 1	 0	 2	 2	 1	  0.51	  0.00
294	45	54	v	 1	 2	 3	 1	 1	 1	 2	 1	 1	 1	 1	 1	  0.79	  0.00
295	45	54	v	 1	 2	 3	 2	 2	 1	 2	 2	 0	 2	 2	 1	  0.48	  0.00
296	45	54	v	 1	 2	 3	 2	 2	 1	 2	 1	 0	 2	 2	 1	  0.86	  0.00
297	45	54	v	 1	 2	 3	 3	 1	 1	 2	 1	 1	 1	 1	 1	  0.58	  0.00
298	45	54	v	 1	 2	 3	 3	 2	 1	 2	 2	 0	 2	 2	 1	  0.85	  0.00
299	45	54	v	 1	 2	 3	 3	 2	 1	 2	 1	 0	 2	 2	 1	  0.85	  0.00
300	45	54	v	 1	 2	 3	 1	 2	 1	 2	 1	 0	 2	 2	 1	  0.56	  0.00
301	45	54	v	 1	 2	 3	 1	 1	 1	 2	 1	 1	 1	 1	 1	  1.30	  0.00
302	45	54	v	 1	 2	 3	 2	 1	 1	 2	 1	 1	 1	 1	 1	  0.70	  0.00
303	45	54	v	 1	 2	 3	 2	 2	 1	 2	 2	 0	 2	 0	 0	  2.00	  0.00
304	45	54	v	 1	 2	 3	 1	 2	 1	 2	 2	 0	 2	 2	 1	  0.66	  0.00
305	45	54	v	 1	 2	 3	 2	 2	 1	 2	 2	 0	 2	 2	 1	  0.54	  0.00
306	45	54	v	 1	 2	 3	 3	 1	 1	 2	 2	 1	 1	 1	 1	  0.60	  0.00
307	45	54	v	 1	 2	 3	 1	 1	 1	 2	 1	 1	 1	 1	 1	  0.60	  0.00
308	45	54	v	 1	 2	 3	 3	 2	 1	 2	 2	 0	 2	 2	 1	  0.72	  0.00
309	45	54	v	 1	 2	 3	 3	 1	 1	 2	 1	 1	 1	 1	 1	  0.68	  0.00
310	45	54	v	 1	 2	 3	 2	 2	 1	 2	 1	 0	 2	 2	 1	  0.57	  0.00
311	45	54	v	 1	 2	 3	 2	 2	 1	 2	 1	 0	 2	 2	 1	  0.61	  0.00
312	45	54	v	 1	 2	 3	 1	 2	 1	 2	 2	 0	 2	 2	 1	  0.53	  0.00
313	45	54	v	 1	 2	 3	 2	 1	 1	 2	 2	 1	 1	 1	 1	  0.51	  0.00
314	45	54	v	 1	 2	 3	 1	 2	 1	 2	 1	 0	 2	 2	 1	  0.54	  0.00
315	45	54	v	 1	 2	 3	 3	 2	 1	 2	 2	 0	 2	 2	 1	  0.76	  0.00
316	45	54	v	 1	 2	 3	 2	 2	 1	 2	 2	 0	 2	 2	 1	  0.91	  0.00
317	45	54	v	 1	 2	 3	 2	 2	 1	 2	 2	 0	 2	 2	 1	  0.59	  0.00
318	45	54	v	 1	 2	 3	 3	 1	 1	 2	 1	 1	 1	 1	 1	  0.52	  0.00
319	45	54	v	 1	 2	 3	 3	 1	 1	 2	 2	 1	 1	 1	 1	  0.53	  0.00
320	45	54	v	 1	 2	 3	 3	 2	 1	 2	 1	 0	 2	 2	 1	  0.61	  0.00
321	45	54	v	 1	 2	 3	 3	 2	 1	 2	 2	 0	 2	 2	 1	  0.66	  0.00
322	45	54	v	 1	 2	 3	 2	 1	 1	 2	 2	 1	 1	 1	 1	  0.67	  0.00
323	45	54	v	 1	 2	 3	 3	 1	 1	 2	 2	 1	 1	 1	 1	  0.47	  0.00
324	45	54	v	 1	 2	 3	 3	 2	 1	 2	 1	 0	 2	 2	 1	  0.51	  0.00
325	45	54	v	 1	 2	 3	 3	 1	 1	 2	 2	 1	 1	 1	 1	  0.48	  0.00
326	45	54	v	 1	 2	 3	 2	 2	 1	 2	 1	 0	 2	 2	 1	  0.65	  0.00
327	45	54	v	 1	 2	 3	 3	 1	 1	 2	 1	 1	 1	 1	 1	  0.86	  0.00
328	45	54	v	 1	 2	 3	 3	 1	 1	 2	 1	 1	 1	 1	 1	  0.61	  0.00
329	45	54	v	 1	 2	 3	 3	 2	 1	 2	 1	 0	 2	 2	 1	  0.48	  0.00
330	45	54	v	 1	 2	 3	 1	 2	 1	 2	 2	 0	 2	 2	 1	  0.48	  0.00
331	45	54	v	 1	 2	 3	 3	 1	 1	 2	 2	 1	 1	 1	 1	  0.75	  0.00
332	45	54	v	 1	 2	 3	 3	 1	 1	 2	 1	 1	 1	 1	 1	  0.59	  0.00
333	45	54	v	 1	 2	 3	 2	 2	 1	 2	 2	 0	 2	 2	 1	  0.66	  0.00
334	45	54	v	 1	 2	 3	 1	 2	 1	 2	 2	 0	 2	 2	 1	  0.46	  0.00
335	45	54	v	 1	 2	 3	 3	 1	 1	 2	 1	 1	 1	 1	 1	  0.70	  0.00
336	45	54	v	 1	 2	 3	 1	 1	 1	 2	 1	 1	 1	 1	 1	  0.98	  0.00
337	45	54	v	 1	 2	 3	 2	 2	 1	 2	 1	 0	 2	 2	 1	  0.71	  0.00
338	45	54	v	 1	 2	 3	 1	 2	 1	 2	 1	 0	 2	 2	 1	  0.44	  0.00
339	45	54	v	 1	 2	 3	 1	 1	 1	 2	 2	 1	 1	 1	 1	  0.66	  0.00
340	45	54	v	 1	 2	 3	 1	 2	 1	 2	 2	 0	 2	 2	 1	  0.60	  0.00
341	45	54	v	 1	 2	 3	 1	 1	 1	 2	 2	 1	 1	 1	 1	  0.52	  0.00
342	45	54	v	 1	 2	 3	 2	 1	 1	 2	 1	 1	 1	 1	 1	  0.81	  0.00
343	45	54	v	 1	 2	 3	 3	 2	 1	 2	 2	 0	 2	 2	 1	  0.79	  0.00
344	45	54	v	 1	 2	 3	 2	 2	 1	 2	 1	 0	 2	 2	 1	  0.84	  0.00
345	45	54	v	 1	 2	 3	 1	 2	 1	 2	 1	 0	 2	 2	 1	  0.66	  0.00
346	45	54	v	 1	 2	 3	 2	 1	 1	 2	 2	 1	 1	 1	 1	  0.64	  0.00
347	45	54	v	 1	 2	 3	 1	 1	 1	 2	 1	 1	 1	 1	 1	  0.63	  0.00
348	45	54	v	 1	 2	 3	 1	 1	 1	 2	 2	 1	 1	 1	 1	  0.61	  0.00
349	45	54	v	 1	 2	 3	 1	 1	 1	 2	 2	 1	 1	 1	 1	  0.80	  0.00
350	45	54	v	 1	 2	 3	 3	 2	 1	 2	 2	 0	 2	 2	 1	  1.68	  0.00
351	45	54	v	 1	 2	 3	 1	 1	 1	 2	 2	 1	 1	 1	 1	  0.67	  0.00
352	45	54	v	 1	 2	 3	 2	 2	 1	 2	 2	 0	 2	 2	 1	  0.56	  0.00
353	45	54	v	 1	 2	 3	 2	 1	 1	 2	 2	 1	 1	 1	 1	  0.62	  0.00
354	45	54	v	 1	 2	 3	 2	 2	 1	 2	 1	 0	 2	 2	 1	  0.52	  0.00
355	45	54	v	 1	 2	 3	 3	 2	 1	 2	 1	 0	 2	 2	 1	  0.77	  0.00
356	45	54	v	 1	 2	 3	 3	 1	 1	 2	 1	 1	 1	 1	 1	  0.53	  0.00
357	45	54	v	 1	 2	 3	 2	 1	 1	 2	 1	 1	 1	 1	 1	  0.59	  0.00
358	45	54	v	 1	 2	 3	 1	 2	 1	 2	 2	 0	 2	 2	 1	  0.71	  0.00
359	45	54	v	 1	 2	 3	 1	 2	 1	 2	 2	 0	 2	 2	 1	  0.49	  0.00
360	45	54	v	 1	 2	 3	 2	 1	 1	 2	 2	 1	 1	 1	 1	  0.59	  0.00
361	45	54	v	 1	 2	 3	 1	 1	 1	 2	 1	 1	 1	 1	 1	  0.64	  0.00
362	45	54	v	 1	 2	 3	 3	 1	 1	 2	 2	 1	 1	 1	 1	  0.66	  0.00
363	45	54	v	 1	 2	 3	 2	 2	 1	 2	 2	 0	 2	 2	 1	  0.76	  0.00
364	45	54	v	 1	 2	 3	 2	 1	 1	 2	 1	 1	 1	 1	 1	  0.60	  0.00
365	45	54	v	 1	 2	 3	 1	 1	 1	 2	 1	 1	 1	 1	 1	  0.54	  0.00
366	45	54	v	 1	 2	 3	 2	 1	 1	 2	 2	 1	 1	 1	 1	  1.14	  0.00
367	45	54	v	 1	 2	 3	 1	 2	 1	 2	 1	 0	 2	 2	 1	  0.92	  0.00
368	45	54	v	 1	 2	 3	 1	 2	 1	 2	 1	 0	 2	 2	 1	  0.66	  0.00
369	45	54	v	 1	 2	 3	 3	 2	 1	 2	 1	 0	 2	 2	 1	  0.55	  0.00
370	45	54	v	 1	 2	 3	 3	 2	 1	 2	 2	 0	 2	 2	 1	  0.60	  0.00
371	45	54	v	 1	 2	 3	 1	 1	 1	 2	 2	 1	 1	 1	 1	  0.67	  0.00
372	45	54	v	 1	 2	 3	 3	 1	 1	 2	 2	 1	 1	 1	 1	  0.84	  0.00
373	45	54	v	 1	 2	 3	 1	 1	 1	 2	 2	 1	 1	 1	 1	  0.91	  0.00
374	45	54	v	 1	 2	 3	 2	 1	 1	 2	 1	 1	 1	 1	 1	  0.66	  0.00
375	45	54	v	 1	 2	 3	 1	 2	 1	 2	 1	 0	 2	 2	 1	  0.73	  0.00
376	45	54	v	 1	 2	 3	 1	 1	 1	 2	 1	 1	 1	 1	 1	  0.55	  0.00
377	45	54	v	 1	 2	 3	 1	 2	 1	 2	 2	 0	 2	 2	 1	  0.66	  0.00
378	45	54	v	 1	 2	 3	 1	 1	 1	 2	 2	 1	 1	 1	 1	  0.64	  0.00
379	45	54	v	 1	 2	 3	 2	 1	 1	 2	 1	 1	 1	 1	 1	  0.53	  0.00
380	45	54	v	 1	 2	 3	 1	 2	 1	 2	 1	 0	 2	 2	 1	  0.62	  0.00
381	45	54	v	 1	 2	 3	 3	 2	 1	 2	 1	 0	 2	 2	 1	  0.76	  0.00
382	45	54	v	 1	 2	 3	 2	 1	 1	 2	 1	 1	 1	 1	 1	  0.69	  0.00
383	45	54	v	 1	 2	 3	 2	 1	 1	 2	 2	 1	 1	 1	 1	  0.57	  0.00
