00	47	19	m	 1	 2	 0	 3	 1	 2	 1	 1	 0	 1	 1	 1	  0.56	  0.00
01	47	19	m	 1	 2	 0	 3	 1	 2	 1	 2	 0	 1	 1	 1	  0.49	  0.00
02	47	19	m	 1	 2	 0	 3	 2	 2	 1	 1	 1	 2	 2	 1	  0.44	  0.00
03	47	19	m	 1	 2	 0	 3	 2	 2	 1	 2	 1	 2	 2	 1	  0.38	  0.00
04	47	19	m	 1	 2	 0	 3	 2	 2	 1	 2	 1	 2	 2	 1	  0.40	  0.00
05	47	19	m	 1	 2	 0	 3	 1	 2	 1	 2	 0	 1	 1	 1	  0.36	  0.00
06	47	19	m	 1	 2	 0	 1	 1	 2	 1	 2	 0	 1	 1	 1	  0.39	  0.00
07	47	19	m	 1	 2	 0	 1	 2	 2	 1	 1	 1	 2	 2	 1	  0.41	  0.00
08	47	19	m	 1	 2	 0	 3	 2	 2	 1	 2	 1	 2	 2	 1	  0.39	  0.00
09	47	19	m	 1	 2	 0	 3	 1	 2	 1	 1	 0	 1	 1	 1	  0.42	  0.00
10	47	19	m	 1	 2	 0	 2	 2	 2	 1	 2	 1	 2	 2	 1	  0.38	  0.00
11	47	19	m	 1	 2	 0	 2	 1	 2	 1	 2	 0	 1	 1	 1	  0.43	  0.00
12	47	19	m	 1	 2	 0	 2	 2	 2	 1	 1	 1	 2	 2	 1	  0.39	  0.00
13	47	19	m	 1	 2	 0	 3	 2	 2	 1	 1	 1	 2	 2	 1	  0.38	  0.00
14	47	19	m	 1	 2	 0	 3	 1	 2	 1	 2	 0	 1	 1	 1	  0.40	  0.00
15	47	19	m	 1	 2	 0	 2	 1	 2	 1	 2	 0	 1	 1	 1	  0.46	  0.00
16	47	19	m	 1	 2	 0	 3	 2	 2	 1	 2	 1	 2	 2	 1	  0.42	  0.00
17	47	19	m	 1	 2	 0	 2	 2	 2	 1	 1	 1	 2	 2	 1	  0.65	  0.00
18	47	19	m	 1	 2	 0	 1	 1	 2	 1	 2	 0	 1	 1	 1	  0.41	  0.00
19	47	19	m	 1	 2	 0	 2	 1	 2	 1	 1	 0	 1	 1	 1	  0.64	  0.00
20	47	19	m	 1	 2	 0	 3	 1	 2	 1	 2	 0	 1	 1	 1	  0.60	  0.00
21	47	19	m	 1	 2	 0	 1	 2	 2	 1	 1	 1	 2	 2	 1	  0.40	  0.00
22	47	19	m	 1	 2	 0	 1	 1	 2	 1	 2	 0	 1	 1	 1	  0.40	  0.00
23	47	19	m	 1	 2	 0	 1	 1	 2	 1	 1	 0	 1	 1	 1	  0.45	  0.00
24	47	19	m	 1	 2	 0	 1	 1	 2	 1	 2	 0	 1	 1	 1	  0.41	  0.00
25	47	19	m	 1	 2	 0	 1	 2	 2	 1	 2	 1	 2	 2	 1	  0.42	  0.00
26	47	19	m	 1	 2	 0	 1	 2	 2	 1	 2	 1	 2	 2	 1	  0.50	  0.00
27	47	19	m	 1	 2	 0	 2	 1	 2	 1	 2	 0	 1	 1	 1	  0.45	  0.00
28	47	19	m	 1	 2	 0	 2	 2	 2	 1	 1	 1	 2	 2	 1	  0.46	  0.00
29	47	19	m	 1	 2	 0	 3	 2	 2	 1	 2	 1	 2	 2	 1	  0.46	  0.00
30	47	19	m	 1	 2	 0	 1	 1	 2	 1	 2	 0	 1	 1	 1	  0.50	  0.00
31	47	19	m	 1	 2	 0	 1	 2	 2	 1	 2	 1	 2	 2	 1	  0.41	  0.00
32	47	19	m	 1	 2	 0	 1	 2	 2	 1	 2	 1	 2	 2	 1	  0.44	  0.00
33	47	19	m	 1	 2	 0	 1	 1	 2	 1	 2	 0	 1	 1	 1	  0.45	  0.00
34	47	19	m	 1	 2	 0	 3	 2	 2	 1	 1	 1	 2	 2	 1	  0.39	  0.00
35	47	19	m	 1	 2	 0	 2	 2	 2	 1	 2	 1	 2	 2	 1	  0.41	  0.00
36	47	19	m	 1	 2	 0	 2	 1	 2	 1	 2	 0	 1	 1	 1	  0.52	  0.00
37	47	19	m	 1	 2	 0	 2	 1	 2	 1	 2	 0	 1	 1	 1	  0.57	  0.00
38	47	19	m	 1	 2	 0	 2	 1	 2	 1	 2	 0	 1	 1	 1	  0.83	  0.00
39	47	19	m	 1	 2	 0	 1	 2	 2	 1	 2	 1	 2	 2	 1	  0.68	  0.00
40	47	19	m	 1	 2	 0	 2	 1	 2	 1	 1	 0	 1	 1	 1	  0.56	  0.00
41	47	19	m	 1	 2	 0	 1	 2	 2	 1	 1	 1	 2	 2	 1	  0.44	  0.00
42	47	19	m	 1	 2	 0	 2	 1	 2	 1	 1	 0	 1	 1	 1	  0.46	  0.00
43	47	19	m	 1	 2	 0	 2	 2	 2	 1	 2	 1	 2	 2	 1	  0.63	  0.00
44	47	19	m	 1	 2	 0	 2	 2	 2	 1	 2	 1	 2	 2	 1	  0.43	  0.00
45	47	19	m	 1	 2	 0	 2	 2	 2	 1	 1	 1	 2	 2	 1	  0.47	  0.00
46	47	19	m	 1	 2	 0	 3	 2	 2	 1	 1	 1	 2	 2	 1	  0.45	  0.00
47	47	19	m	 1	 2	 0	 3	 1	 2	 1	 2	 0	 1	 1	 1	  0.44	  0.00
48	47	19	m	 1	 2	 0	 3	 1	 2	 1	 1	 0	 1	 1	 1	  0.46	  0.00
49	47	19	m	 1	 2	 0	 2	 2	 2	 1	 1	 1	 2	 2	 1	  0.39	  0.00
50	47	19	m	 1	 2	 0	 2	 1	 2	 1	 2	 0	 1	 1	 1	  0.69	  0.00
51	47	19	m	 1	 2	 0	 1	 2	 2	 1	 1	 1	 2	 2	 1	  0.42	  0.00
52	47	19	m	 1	 2	 0	 1	 2	 2	 1	 1	 1	 2	 2	 1	  0.48	  0.00
53	47	19	m	 1	 2	 0	 3	 1	 2	 1	 1	 0	 1	 1	 1	  0.44	  0.00
54	47	19	m	 1	 2	 0	 2	 1	 2	 1	 1	 0	 1	 1	 1	  0.47	  0.00
55	47	19	m	 1	 2	 0	 1	 1	 2	 1	 1	 0	 1	 1	 1	  0.44	  0.00
56	47	19	m	 1	 2	 0	 1	 2	 2	 1	 1	 1	 2	 2	 1	  0.43	  0.00
57	47	19	m	 1	 2	 0	 2	 1	 2	 1	 2	 0	 1	 1	 1	  0.41	  0.00
58	47	19	m	 1	 2	 0	 3	 2	 2	 1	 1	 1	 2	 2	 1	  0.34	  0.00
59	47	19	m	 1	 2	 0	 3	 1	 2	 1	 2	 0	 1	 1	 1	  0.48	  0.00
60	47	19	m	 1	 2	 0	 1	 1	 2	 1	 1	 0	 1	 1	 1	  0.44	  0.00
61	47	19	m	 1	 2	 0	 3	 1	 2	 1	 2	 0	 1	 1	 1	  0.47	  0.00
62	47	19	m	 1	 2	 0	 1	 2	 2	 1	 1	 1	 2	 2	 1	  0.48	  0.00
63	47	19	m	 1	 2	 0	 3	 1	 2	 1	 1	 0	 1	 1	 1	  0.41	  0.00
64	47	19	m	 1	 2	 0	 2	 2	 2	 1	 2	 1	 2	 2	 1	  0.41	  0.00
65	47	19	m	 1	 2	 0	 2	 1	 2	 1	 1	 0	 1	 1	 1	  0.40	  0.00
66	47	19	m	 1	 2	 0	 2	 2	 2	 1	 2	 1	 2	 2	 1	  0.42	  0.00
67	47	19	m	 1	 2	 0	 2	 1	 2	 1	 1	 0	 1	 1	 1	  0.46	  0.00
68	47	19	m	 1	 2	 0	 3	 2	 2	 1	 1	 1	 2	 2	 1	  0.59	  0.00
69	47	19	m	 1	 2	 0	 1	 2	 2	 1	 2	 1	 2	 2	 1	  0.70	  0.00
70	47	19	m	 1	 2	 0	 3	 1	 2	 1	 1	 0	 1	 1	 1	  0.42	  0.00
71	47	19	m	 1	 2	 0	 3	 1	 2	 1	 1	 0	 1	 1	 1	  0.48	  0.00
72	47	19	m	 1	 2	 0	 1	 2	 2	 1	 2	 1	 2	 2	 1	  0.93	  0.00
73	47	19	m	 1	 2	 0	 1	 1	 2	 1	 2	 0	 1	 1	 1	  0.50	  0.00
74	47	19	m	 1	 2	 0	 3	 2	 2	 1	 1	 1	 2	 2	 1	  0.71	  0.00
75	47	19	m	 1	 2	 0	 3	 2	 2	 1	 2	 1	 2	 2	 1	  0.94	  0.00
76	47	19	m	 1	 2	 0	 3	 2	 2	 1	 1	 1	 2	 2	 1	  0.45	  0.00
77	47	19	m	 1	 2	 0	 3	 1	 2	 1	 2	 0	 1	 1	 1	  0.44	  0.00
78	47	19	m	 1	 2	 0	 3	 2	 2	 1	 2	 1	 2	 2	 1	  0.51	  0.00
79	47	19	m	 1	 2	 0	 1	 1	 2	 1	 1	 0	 1	 1	 1	  0.50	  0.00
80	47	19	m	 1	 2	 0	 1	 1	 2	 1	 1	 0	 1	 1	 1	  0.67	  0.00
81	47	19	m	 1	 2	 0	 1	 1	 2	 1	 2	 0	 1	 1	 1	  0.70	  0.00
82	47	19	m	 1	 2	 0	 1	 2	 2	 1	 1	 1	 2	 2	 1	  0.61	  0.00
83	47	19	m	 1	 2	 0	 3	 2	 2	 1	 2	 1	 2	 2	 1	  0.61	  0.00
84	47	19	m	 1	 2	 0	 2	 2	 2	 1	 2	 1	 2	 2	 1	  0.60	  0.00
85	47	19	m	 1	 2	 0	 1	 1	 2	 1	 1	 0	 1	 1	 1	  0.84	  0.00
86	47	19	m	 1	 2	 0	 2	 1	 2	 1	 1	 0	 1	 1	 1	  0.47	  0.00
87	47	19	m	 1	 2	 0	 2	 2	 2	 1	 2	 1	 2	 2	 1	  0.43	  0.00
88	47	19	m	 1	 2	 0	 1	 2	 2	 1	 2	 1	 2	 2	 1	  0.43	  0.00
89	47	19	m	 1	 2	 0	 1	 1	 2	 1	 1	 0	 1	 1	 1	  0.40	  0.00
90	47	19	m	 1	 2	 0	 2	 2	 2	 1	 1	 1	 2	 2	 1	  0.53	  0.00
91	47	19	m	 1	 2	 0	 2	 2	 2	 1	 1	 1	 2	 2	 1	  0.45	  0.00
92	47	19	m	 1	 2	 0	 2	 2	 2	 1	 1	 1	 2	 2	 1	  0.47	  0.00
93	47	19	m	 1	 2	 0	 1	 1	 2	 1	 1	 0	 1	 1	 1	  0.45	  0.00
94	47	19	m	 1	 2	 0	 3	 1	 2	 1	 1	 0	 1	 1	 1	  0.47	  0.00
95	47	19	m	 1	 2	 0	 2	 1	 2	 1	 1	 0	 1	 1	 1	  0.50	  0.00
96	47	19	m	 1	 2	 1	 1	 1	 1	 2	 1	 1	 1	 1	 1	  0.55	  0.00
97	47	19	m	 1	 2	 1	 3	 2	 1	 2	 2	 0	 2	 2	 1	  0.40	  0.00
98	47	19	m	 1	 2	 1	 3	 1	 1	 2	 1	 1	 1	 1	 1	  0.37	  0.00
99	47	19	m	 1	 2	 1	 3	 2	 1	 2	 2	 0	 2	 2	 1	  0.57	  0.00
100	47	19	m	 1	 2	 1	 3	 1	 1	 2	 2	 1	 1	 1	 1	  0.44	  0.00
101	47	19	m	 1	 2	 1	 2	 2	 1	 2	 1	 0	 2	 2	 1	  0.43	  0.00
102	47	19	m	 1	 2	 1	 3	 1	 1	 2	 1	 1	 1	 1	 1	  0.63	  0.00
103	47	19	m	 1	 2	 1	 2	 1	 1	 2	 2	 1	 1	 1	 1	  0.53	  0.00
104	47	19	m	 1	 2	 1	 1	 1	 1	 2	 1	 1	 1	 1	 1	  0.50	  0.00
105	47	19	m	 1	 2	 1	 3	 2	 1	 2	 1	 0	 2	 2	 1	  0.58	  0.00
106	47	19	m	 1	 2	 1	 1	 1	 1	 2	 2	 1	 1	 1	 1	  0.46	  0.00
107	47	19	m	 1	 2	 1	 2	 2	 1	 2	 2	 0	 2	 2	 1	  0.48	  0.00
108	47	19	m	 1	 2	 1	 1	 2	 1	 2	 1	 0	 2	 2	 1	  0.48	  0.00
109	47	19	m	 1	 2	 1	 1	 2	 1	 2	 2	 0	 2	 2	 1	  0.53	  0.00
110	47	19	m	 1	 2	 1	 2	 1	 1	 2	 1	 1	 1	 1	 1	  0.52	  0.00
111	47	19	m	 1	 2	 1	 2	 2	 1	 2	 2	 0	 2	 2	 1	  0.60	  0.00
112	47	19	m	 1	 2	 1	 2	 1	 1	 2	 2	 1	 1	 1	 1	  0.42	  0.00
113	47	19	m	 1	 2	 1	 2	 2	 1	 2	 2	 0	 2	 2	 1	  0.53	  0.00
114	47	19	m	 1	 2	 1	 2	 2	 1	 2	 2	 0	 2	 2	 1	  0.48	  0.00
115	47	19	m	 1	 2	 1	 2	 1	 1	 2	 2	 1	 1	 1	 1	  0.42	  0.00
116	47	19	m	 1	 2	 1	 1	 2	 1	 2	 1	 0	 2	 2	 1	  0.40	  0.00
117	47	19	m	 1	 2	 1	 3	 2	 1	 2	 2	 0	 2	 2	 1	  0.44	  0.00
118	47	19	m	 1	 2	 1	 3	 2	 1	 2	 1	 0	 2	 2	 1	  0.47	  0.00
119	47	19	m	 1	 2	 1	 3	 1	 1	 2	 2	 1	 1	 1	 1	  0.46	  0.00
120	47	19	m	 1	 2	 1	 1	 1	 1	 2	 1	 1	 1	 1	 1	  0.53	  0.00
121	47	19	m	 1	 2	 1	 3	 1	 1	 2	 2	 1	 1	 1	 1	  0.62	  0.00
122	47	19	m	 1	 2	 1	 3	 2	 1	 2	 2	 0	 2	 2	 1	  0.34	  0.00
123	47	19	m	 1	 2	 1	 1	 2	 1	 2	 1	 0	 2	 2	 1	  0.54	  0.00
124	47	19	m	 1	 2	 1	 3	 1	 1	 2	 2	 1	 1	 1	 1	  0.42	  0.00
125	47	19	m	 1	 2	 1	 3	 2	 1	 2	 2	 0	 2	 2	 1	  0.37	  0.00
126	47	19	m	 1	 2	 1	 1	 2	 1	 2	 1	 0	 2	 2	 1	  0.58	  0.00
127	47	19	m	 1	 2	 1	 2	 1	 1	 2	 1	 1	 1	 1	 1	  0.61	  0.00
128	47	19	m	 1	 2	 1	 1	 2	 1	 2	 1	 0	 2	 2	 1	  0.49	  0.00
129	47	19	m	 1	 2	 1	 3	 1	 1	 2	 1	 1	 1	 1	 1	  0.57	  0.00
130	47	19	m	 1	 2	 1	 1	 1	 1	 2	 2	 1	 1	 1	 1	  0.70	  0.00
131	47	19	m	 1	 2	 1	 1	 2	 1	 2	 2	 0	 2	 2	 1	  0.62	  0.00
132	47	19	m	 1	 2	 1	 2	 2	 1	 2	 2	 0	 2	 2	 1	  0.60	  0.00
133	47	19	m	 1	 2	 1	 2	 2	 1	 2	 1	 0	 2	 2	 1	  0.69	  0.00
134	47	19	m	 1	 2	 1	 2	 1	 1	 2	 2	 1	 1	 1	 1	  0.62	  0.00
135	47	19	m	 1	 2	 1	 3	 2	 1	 2	 1	 0	 2	 2	 1	  0.72	  0.00
136	47	19	m	 1	 2	 1	 1	 1	 1	 2	 2	 1	 1	 1	 1	  0.57	  0.00
137	47	19	m	 1	 2	 1	 3	 1	 1	 2	 1	 1	 1	 1	 1	  0.49	  0.00
138	47	19	m	 1	 2	 1	 3	 1	 1	 2	 2	 1	 1	 1	 1	  0.54	  0.00
139	47	19	m	 1	 2	 1	 3	 2	 1	 2	 2	 0	 2	 2	 1	  0.68	  0.00
140	47	19	m	 1	 2	 1	 3	 1	 1	 2	 2	 1	 1	 1	 1	  0.53	  0.00
141	47	19	m	 1	 2	 1	 1	 1	 1	 2	 1	 1	 1	 1	 1	  0.43	  0.00
142	47	19	m	 1	 2	 1	 3	 2	 1	 2	 1	 0	 2	 2	 1	  0.42	  0.00
143	47	19	m	 1	 2	 1	 3	 1	 1	 2	 1	 1	 1	 1	 1	  0.40	  0.00
144	47	19	m	 1	 2	 1	 1	 1	 1	 2	 2	 1	 1	 1	 1	  0.46	  0.00
145	47	19	m	 1	 2	 1	 2	 2	 1	 2	 2	 0	 2	 2	 1	  0.64	  0.00
146	47	19	m	 1	 2	 1	 1	 2	 1	 2	 2	 0	 2	 2	 1	  0.61	  0.00
147	47	19	m	 1	 2	 1	 1	 2	 1	 2	 2	 0	 2	 2	 1	  0.82	  0.00
148	47	19	m	 1	 2	 1	 2	 2	 1	 2	 1	 0	 2	 2	 1	  0.40	  0.00
149	47	19	m	 1	 2	 1	 1	 1	 1	 2	 1	 1	 1	 1	 1	  0.51	  0.00
150	47	19	m	 1	 2	 1	 1	 1	 1	 2	 1	 1	 1	 1	 1	  0.57	  0.00
151	47	19	m	 1	 2	 1	 1	 2	 1	 2	 2	 0	 2	 2	 1	  0.42	  0.00
152	47	19	m	 1	 2	 1	 2	 1	 1	 2	 2	 1	 1	 1	 1	  0.57	  0.00
153	47	19	m	 1	 2	 1	 3	 2	 1	 2	 1	 0	 2	 2	 1	  0.44	  0.00
154	47	19	m	 1	 2	 1	 1	 1	 1	 2	 1	 1	 1	 1	 1	  0.82	  0.00
155	47	19	m	 1	 2	 1	 2	 1	 1	 2	 1	 1	 1	 1	 1	  0.63	  0.00
156	47	19	m	 1	 2	 1	 1	 2	 1	 2	 2	 0	 2	 2	 1	  1.16	  0.00
157	47	19	m	 1	 2	 1	 2	 2	 1	 2	 1	 0	 2	 2	 1	  0.61	  0.00
158	47	19	m	 1	 2	 1	 3	 1	 1	 2	 1	 1	 1	 1	 1	  0.61	  0.00
159	47	19	m	 1	 2	 1	 3	 2	 1	 2	 1	 0	 2	 2	 1	  0.39	  0.00
160	47	19	m	 1	 2	 1	 2	 1	 1	 2	 2	 1	 1	 1	 1	  0.69	  0.00
161	47	19	m	 1	 2	 1	 1	 1	 1	 2	 1	 1	 1	 1	 1	  0.54	  0.00
162	47	19	m	 1	 2	 1	 2	 2	 1	 2	 1	 0	 2	 2	 1	  0.44	  0.00
163	47	19	m	 1	 2	 1	 1	 1	 1	 2	 2	 1	 1	 1	 1	  0.52	  0.00
164	47	19	m	 1	 2	 1	 2	 2	 1	 2	 1	 0	 2	 2	 1	  0.40	  0.00
165	47	19	m	 1	 2	 1	 1	 2	 1	 2	 2	 0	 2	 2	 1	  0.47	  0.00
166	47	19	m	 1	 2	 1	 1	 1	 1	 2	 2	 1	 1	 1	 1	  0.50	  0.00
167	47	19	m	 1	 2	 1	 3	 2	 1	 2	 2	 0	 2	 2	 1	  0.46	  0.00
168	47	19	m	 1	 2	 1	 3	 1	 1	 2	 1	 1	 1	 1	 1	  0.77	  0.00
169	47	19	m	 1	 2	 1	 2	 2	 1	 2	 2	 0	 2	 2	 1	  0.97	  0.00
170	47	19	m	 1	 2	 1	 1	 1	 1	 2	 2	 1	 1	 1	 1	  0.66	  0.00
171	47	19	m	 1	 2	 1	 2	 1	 1	 2	 1	 1	 1	 1	 1	  0.61	  0.00
172	47	19	m	 1	 2	 1	 1	 2	 1	 2	 2	 0	 2	 2	 1	  0.48	  0.00
173	47	19	m	 1	 2	 1	 1	 2	 1	 2	 1	 0	 2	 2	 1	  0.41	  0.00
174	47	19	m	 1	 2	 1	 3	 2	 1	 2	 1	 0	 2	 2	 1	  0.46	  0.00
175	47	19	m	 1	 2	 1	 2	 2	 1	 2	 1	 0	 2	 2	 1	  0.43	  0.00
176	47	19	m	 1	 2	 1	 2	 1	 1	 2	 2	 1	 1	 1	 1	  0.50	  0.00
177	47	19	m	 1	 2	 1	 3	 2	 1	 2	 2	 0	 2	 2	 1	  0.33	  0.00
178	47	19	m	 1	 2	 1	 1	 1	 1	 2	 2	 1	 1	 1	 1	  0.48	  0.00
179	47	19	m	 1	 2	 1	 1	 2	 1	 2	 1	 0	 2	 2	 1	  0.46	  0.00
180	47	19	m	 1	 2	 1	 1	 2	 1	 2	 1	 0	 2	 2	 1	  0.47	  0.00
181	47	19	m	 1	 2	 1	 2	 1	 1	 2	 2	 1	 1	 1	 1	  0.48	  0.00
182	47	19	m	 1	 2	 1	 2	 2	 1	 2	 1	 0	 2	 2	 1	  0.40	  0.00
183	47	19	m	 1	 2	 1	 3	 2	 1	 2	 1	 0	 2	 2	 1	  0.43	  0.00
184	47	19	m	 1	 2	 1	 3	 1	 1	 2	 2	 1	 1	 1	 1	  0.44	  0.00
185	47	19	m	 1	 2	 1	 2	 1	 1	 2	 1	 1	 1	 1	 1	  0.68	  0.00
186	47	19	m	 1	 2	 1	 3	 1	 1	 2	 1	 1	 1	 1	 1	  0.60	  0.00
187	47	19	m	 1	 2	 1	 3	 1	 1	 2	 2	 1	 1	 1	 1	  0.44	  0.00
188	47	19	m	 1	 2	 1	 2	 2	 1	 2	 2	 0	 2	 2	 1	  0.42	  0.00
189	47	19	m	 1	 2	 1	 2	 1	 1	 2	 1	 1	 1	 1	 1	  0.74	  0.00
190	47	19	m	 1	 2	 1	 2	 1	 1	 2	 1	 1	 1	 1	 1	  0.43	  0.00
191	47	19	m	 1	 2	 1	 2	 1	 1	 2	 1	 1	 1	 1	 1	  0.47	  0.00
192	47	19	m	 1	 2	 2	 3	 1	 2	 1	 2	 0	 1	 1	 1	  0.44	  0.00
193	47	19	m	 1	 2	 2	 3	 2	 2	 1	 2	 1	 2	 2	 1	  0.45	  0.00
194	47	19	m	 1	 2	 2	 1	 1	 2	 1	 1	 0	 1	 1	 1	  0.33	  0.00
195	47	19	m	 1	 2	 2	 1	 1	 2	 1	 2	 0	 1	 1	 1	  0.45	  0.00
196	47	19	m	 1	 2	 2	 1	 2	 2	 1	 1	 1	 2	 2	 1	  0.40	  0.00
197	47	19	m	 1	 2	 2	 2	 1	 2	 1	 1	 0	 1	 1	 1	  0.39	  0.00
198	47	19	m	 1	 2	 2	 1	 1	 2	 1	 1	 0	 1	 1	 1	  0.43	  0.00
199	47	19	m	 1	 2	 2	 2	 1	 2	 1	 1	 0	 1	 1	 1	  0.44	  0.00
200	47	19	m	 1	 2	 2	 2	 2	 2	 1	 2	 1	 2	 2	 1	  0.53	  0.00
201	47	19	m	 1	 2	 2	 2	 2	 2	 1	 2	 1	 2	 2	 1	  0.48	  0.00
202	47	19	m	 1	 2	 2	 3	 1	 2	 1	 1	 0	 1	 1	 1	  0.47	  0.00
203	47	19	m	 1	 2	 2	 2	 2	 2	 1	 1	 1	 2	 2	 1	  0.46	  0.00
204	47	19	m	 1	 2	 2	 3	 2	 2	 1	 1	 1	 2	 2	 1	  0.56	  0.00
205	47	19	m	 1	 2	 2	 1	 1	 2	 1	 2	 0	 1	 1	 1	  0.45	  0.00
206	47	19	m	 1	 2	 2	 1	 2	 2	 1	 2	 1	 2	 2	 1	  0.46	  0.00
207	47	19	m	 1	 2	 2	 2	 1	 2	 1	 2	 0	 1	 1	 1	  0.49	  0.00
208	47	19	m	 1	 2	 2	 1	 2	 2	 1	 2	 1	 2	 2	 1	  0.56	  0.00
209	47	19	m	 1	 2	 2	 3	 2	 2	 1	 1	 1	 2	 2	 1	  0.42	  0.00
210	47	19	m	 1	 2	 2	 3	 1	 2	 1	 2	 0	 1	 1	 1	  0.48	  0.00
211	47	19	m	 1	 2	 2	 3	 1	 2	 1	 1	 0	 1	 1	 1	  0.49	  0.00
212	47	19	m	 1	 2	 2	 2	 2	 2	 1	 2	 1	 2	 2	 1	  0.51	  0.00
213	47	19	m	 1	 2	 2	 3	 1	 2	 1	 1	 0	 1	 1	 1	  0.55	  0.00
214	47	19	m	 1	 2	 2	 2	 2	 2	 1	 2	 1	 2	 2	 1	  0.47	  0.00
215	47	19	m	 1	 2	 2	 1	 1	 2	 1	 1	 0	 1	 1	 1	  0.51	  0.00
216	47	19	m	 1	 2	 2	 3	 1	 2	 1	 1	 0	 1	 1	 1	  0.73	  0.00
217	47	19	m	 1	 2	 2	 3	 2	 2	 1	 1	 1	 2	 2	 1	  0.54	  0.00
218	47	19	m	 1	 2	 2	 2	 1	 2	 1	 2	 0	 1	 1	 1	  0.41	  0.00
219	47	19	m	 1	 2	 2	 1	 2	 2	 1	 1	 1	 2	 2	 1	  0.43	  0.00
220	47	19	m	 1	 2	 2	 1	 2	 2	 1	 2	 1	 2	 2	 1	  0.46	  0.00
221	47	19	m	 1	 2	 2	 1	 2	 2	 1	 1	 1	 2	 2	 1	  0.51	  0.00
222	47	19	m	 1	 2	 2	 1	 1	 2	 1	 1	 0	 1	 1	 1	  1.35	  0.00
223	47	19	m	 1	 2	 2	 2	 2	 2	 1	 1	 1	 2	 2	 1	  0.54	  0.00
224	47	19	m	 1	 2	 2	 3	 1	 2	 1	 2	 0	 1	 1	 1	  0.56	  0.00
225	47	19	m	 1	 2	 2	 1	 1	 2	 1	 2	 0	 1	 1	 1	  0.49	  0.00
226	47	19	m	 1	 2	 2	 1	 2	 2	 1	 1	 1	 2	 2	 1	  0.47	  0.00
227	47	19	m	 1	 2	 2	 1	 1	 2	 1	 1	 0	 1	 1	 1	  0.48	  0.00
228	47	19	m	 1	 2	 2	 2	 2	 2	 1	 1	 1	 2	 2	 1	  0.33	  0.00
229	47	19	m	 1	 2	 2	 2	 1	 2	 1	 2	 0	 1	 1	 1	  0.44	  0.00
230	47	19	m	 1	 2	 2	 1	 2	 2	 1	 2	 1	 2	 2	 1	  0.34	  0.00
231	47	19	m	 1	 2	 2	 1	 2	 2	 1	 2	 1	 2	 2	 1	  0.57	  0.00
232	47	19	m	 1	 2	 2	 1	 2	 2	 1	 1	 1	 2	 2	 1	  0.68	  0.00
233	47	19	m	 1	 2	 2	 2	 1	 2	 1	 1	 0	 1	 1	 1	  0.72	  0.00
234	47	19	m	 1	 2	 2	 2	 2	 2	 1	 2	 1	 2	 2	 1	  0.50	  0.00
235	47	19	m	 1	 2	 2	 3	 2	 2	 1	 2	 1	 2	 2	 1	  0.45	  0.00
236	47	19	m	 1	 2	 2	 2	 2	 2	 1	 2	 1	 2	 2	 1	  0.52	  0.00
237	47	19	m	 1	 2	 2	 1	 2	 2	 1	 2	 1	 2	 2	 1	  0.50	  0.00
238	47	19	m	 1	 2	 2	 1	 1	 2	 1	 1	 0	 1	 1	 1	  0.53	  0.00
239	47	19	m	 1	 2	 2	 3	 2	 2	 1	 2	 1	 2	 2	 1	  0.57	  0.00
240	47	19	m	 1	 2	 2	 2	 1	 2	 1	 2	 0	 1	 1	 1	  0.45	  0.00
241	47	19	m	 1	 2	 2	 2	 1	 2	 1	 2	 0	 1	 1	 1	  0.45	  0.00
242	47	19	m	 1	 2	 2	 1	 2	 2	 1	 1	 1	 2	 2	 1	  0.43	  0.00
243	47	19	m	 1	 2	 2	 3	 2	 2	 1	 2	 1	 2	 2	 1	  0.81	  0.00
244	47	19	m	 1	 2	 2	 2	 1	 2	 1	 2	 0	 1	 1	 1	  0.74	  0.00
245	47	19	m	 1	 2	 2	 3	 1	 2	 1	 2	 0	 1	 1	 1	  0.56	  0.00
246	47	19	m	 1	 2	 2	 3	 1	 2	 1	 1	 0	 1	 1	 1	  0.42	  0.00
247	47	19	m	 1	 2	 2	 2	 2	 2	 1	 2	 1	 2	 2	 1	  0.59	  0.00
248	47	19	m	 1	 2	 2	 2	 1	 2	 1	 1	 0	 1	 1	 1	  0.43	  0.00
249	47	19	m	 1	 2	 2	 3	 1	 2	 1	 2	 0	 1	 1	 1	  0.44	  0.00
250	47	19	m	 1	 2	 2	 3	 1	 2	 1	 1	 0	 1	 1	 1	  0.44	  0.00
251	47	19	m	 1	 2	 2	 2	 1	 2	 1	 1	 0	 1	 1	 1	  0.45	  0.00
252	47	19	m	 1	 2	 2	 3	 2	 2	 1	 2	 1	 2	 2	 1	  0.48	  0.00
253	47	19	m	 1	 2	 2	 3	 2	 2	 1	 1	 1	 2	 2	 1	  0.66	  0.00
254	47	19	m	 1	 2	 2	 1	 2	 2	 1	 2	 1	 2	 2	 1	  0.28	  0.00
255	47	19	m	 1	 2	 2	 1	 1	 2	 1	 2	 0	 1	 1	 1	  0.46	  0.00
256	47	19	m	 1	 2	 2	 3	 2	 2	 1	 1	 1	 2	 2	 1	  0.61	  0.00
257	47	19	m	 1	 2	 2	 2	 2	 2	 1	 1	 1	 2	 2	 1	  0.44	  0.00
258	47	19	m	 1	 2	 2	 2	 2	 2	 1	 1	 1	 2	 2	 1	  0.53	  0.00
259	47	19	m	 1	 2	 2	 2	 1	 2	 1	 2	 0	 1	 1	 1	  0.49	  0.00
260	47	19	m	 1	 2	 2	 3	 1	 2	 1	 2	 0	 1	 1	 1	  0.50	  0.00
261	47	19	m	 1	 2	 2	 3	 1	 2	 1	 2	 0	 1	 1	 1	  0.54	  0.00
262	47	19	m	 1	 2	 2	 2	 2	 2	 1	 1	 1	 2	 2	 1	  0.52	  0.00
263	47	19	m	 1	 2	 2	 2	 2	 2	 1	 1	 1	 2	 2	 1	  0.57	  0.00
264	47	19	m	 1	 2	 2	 1	 1	 2	 1	 2	 0	 1	 1	 1	  0.76	  0.00
265	47	19	m	 1	 2	 2	 3	 2	 2	 1	 2	 1	 2	 2	 1	  0.53	  0.00
266	47	19	m	 1	 2	 2	 2	 1	 2	 1	 1	 0	 1	 1	 1	  0.54	  0.00
267	47	19	m	 1	 2	 2	 2	 2	 2	 1	 2	 1	 2	 2	 1	  0.49	  0.00
268	47	19	m	 1	 2	 2	 2	 1	 2	 1	 1	 0	 1	 1	 1	  0.57	  0.00
269	47	19	m	 1	 2	 2	 3	 1	 2	 1	 1	 0	 1	 1	 1	  0.46	  0.00
270	47	19	m	 1	 2	 2	 1	 1	 2	 1	 2	 0	 1	 1	 1	  0.59	  0.00
271	47	19	m	 1	 2	 2	 1	 2	 2	 1	 2	 1	 2	 2	 1	  0.55	  0.00
272	47	19	m	 1	 2	 2	 3	 2	 2	 1	 1	 1	 2	 2	 1	  0.52	  0.00
273	47	19	m	 1	 2	 2	 1	 2	 2	 1	 1	 1	 2	 2	 1	  0.39	  0.00
274	47	19	m	 1	 2	 2	 1	 1	 2	 1	 1	 0	 1	 1	 1	  0.83	  0.00
275	47	19	m	 1	 2	 2	 3	 2	 2	 1	 2	 1	 2	 2	 1	  0.38	  0.00
276	47	19	m	 1	 2	 2	 2	 2	 2	 1	 1	 1	 2	 2	 1	  0.43	  0.00
277	47	19	m	 1	 2	 2	 3	 2	 2	 1	 2	 1	 2	 2	 1	  0.41	  0.00
278	47	19	m	 1	 2	 2	 1	 1	 2	 1	 1	 0	 1	 1	 1	  0.43	  0.00
279	47	19	m	 1	 2	 2	 2	 1	 2	 1	 2	 0	 1	 1	 1	  0.46	  0.00
280	47	19	m	 1	 2	 2	 3	 2	 2	 1	 1	 1	 2	 2	 1	  0.39	  0.00
281	47	19	m	 1	 2	 2	 1	 2	 2	 1	 1	 1	 2	 2	 1	  0.47	  0.00
282	47	19	m	 1	 2	 2	 2	 1	 2	 1	 1	 0	 1	 1	 1	  0.44	  0.00
283	47	19	m	 1	 2	 2	 3	 1	 2	 1	 1	 0	 1	 1	 1	  0.49	  0.00
284	47	19	m	 1	 2	 2	 1	 1	 2	 1	 2	 0	 1	 1	 1	  0.40	  0.00
285	47	19	m	 1	 2	 2	 3	 2	 2	 1	 1	 1	 2	 2	 1	  0.44	  0.00
286	47	19	m	 1	 2	 2	 3	 1	 2	 1	 2	 0	 1	 1	 1	  0.44	  0.00
287	47	19	m	 1	 2	 2	 1	 1	 2	 1	 2	 0	 1	 1	 1	  0.47	  0.00
288	47	19	m	 1	 2	 3	 3	 1	 1	 2	 2	 1	 1	 1	 1	  0.47	  0.00
289	47	19	m	 1	 2	 3	 3	 2	 1	 2	 1	 0	 2	 2	 1	  0.38	  0.00
290	47	19	m	 1	 2	 3	 2	 1	 1	 2	 1	 1	 1	 1	 1	  0.39	  0.00
291	47	19	m	 1	 2	 3	 2	 2	 1	 2	 1	 0	 2	 2	 1	  0.42	  0.00
292	47	19	m	 1	 2	 3	 3	 1	 1	 2	 1	 1	 1	 1	 1	  0.33	  0.00
293	47	19	m	 1	 2	 3	 3	 1	 1	 2	 1	 1	 1	 1	 1	  0.46	  0.00
294	47	19	m	 1	 2	 3	 3	 2	 1	 2	 1	 0	 2	 2	 1	  0.33	  0.00
295	47	19	m	 1	 2	 3	 2	 2	 1	 2	 2	 0	 2	 2	 1	  0.49	  0.00
296	47	19	m	 1	 2	 3	 3	 1	 1	 2	 1	 1	 1	 1	 1	  0.54	  0.00
297	47	19	m	 1	 2	 3	 1	 2	 1	 2	 2	 0	 2	 2	 1	  0.39	  0.00
298	47	19	m	 1	 2	 3	 3	 1	 1	 2	 2	 1	 1	 1	 1	  0.40	  0.00
299	47	19	m	 1	 2	 3	 2	 1	 1	 2	 2	 1	 1	 1	 1	  0.50	  0.00
300	47	19	m	 1	 2	 3	 3	 1	 1	 2	 2	 1	 1	 1	 1	  0.53	  0.00
301	47	19	m	 1	 2	 3	 2	 1	 1	 2	 2	 1	 1	 1	 1	  0.57	  0.00
302	47	19	m	 1	 2	 3	 1	 2	 1	 2	 2	 0	 2	 2	 1	  0.46	  0.00
303	47	19	m	 1	 2	 3	 1	 2	 1	 2	 1	 0	 2	 2	 1	  0.62	  0.00
304	47	19	m	 1	 2	 3	 1	 1	 1	 2	 2	 1	 1	 1	 1	  0.66	  0.00
305	47	19	m	 1	 2	 3	 3	 1	 1	 2	 2	 1	 1	 1	 1	  0.48	  0.00
306	47	19	m	 1	 2	 3	 2	 1	 1	 2	 1	 1	 1	 1	 1	  0.53	  0.00
307	47	19	m	 1	 2	 3	 1	 1	 1	 2	 1	 1	 1	 1	 1	  0.54	  0.00
308	47	19	m	 1	 2	 3	 1	 2	 1	 2	 1	 0	 2	 2	 1	  0.55	  0.00
309	47	19	m	 1	 2	 3	 1	 1	 1	 2	 2	 1	 1	 1	 1	  0.50	  0.00
310	47	19	m	 1	 2	 3	 1	 2	 1	 2	 1	 0	 2	 2	 1	  0.61	  0.00
311	47	19	m	 1	 2	 3	 3	 2	 1	 2	 1	 0	 2	 2	 1	  0.59	  0.00
312	47	19	m	 1	 2	 3	 3	 1	 1	 2	 2	 1	 1	 1	 1	  0.50	  0.00
313	47	19	m	 1	 2	 3	 1	 1	 1	 2	 2	 1	 1	 1	 1	  0.56	  0.00
314	47	19	m	 1	 2	 3	 2	 2	 1	 2	 2	 0	 2	 2	 1	  0.50	  0.00
315	47	19	m	 1	 2	 3	 3	 2	 1	 2	 2	 0	 2	 2	 1	  0.54	  0.00
316	47	19	m	 1	 2	 3	 1	 1	 1	 2	 2	 1	 1	 1	 1	  0.54	  0.00
317	47	19	m	 1	 2	 3	 2	 2	 1	 2	 2	 0	 2	 2	 1	  0.53	  0.00
318	47	19	m	 1	 2	 3	 2	 1	 1	 2	 1	 1	 1	 1	 1	  0.55	  0.00
319	47	19	m	 1	 2	 3	 3	 1	 1	 2	 1	 1	 1	 1	 1	  0.53	  0.00
320	47	19	m	 1	 2	 3	 3	 2	 1	 2	 2	 0	 2	 2	 1	  0.65	  0.00
321	47	19	m	 1	 2	 3	 2	 1	 1	 2	 2	 1	 1	 1	 1	  0.49	  0.00
322	47	19	m	 1	 2	 3	 2	 1	 1	 2	 1	 1	 1	 1	 1	  0.61	  0.00
323	47	19	m	 1	 2	 3	 1	 1	 1	 2	 2	 1	 1	 1	 1	  0.83	  0.00
324	47	19	m	 1	 2	 3	 3	 1	 1	 2	 2	 1	 1	 1	 1	  0.76	  0.00
325	47	19	m	 1	 2	 3	 2	 2	 1	 2	 2	 0	 2	 2	 1	  0.83	  0.00
326	47	19	m	 1	 2	 3	 2	 2	 1	 2	 1	 0	 2	 2	 1	  0.48	  0.00
327	47	19	m	 1	 2	 3	 1	 1	 1	 2	 2	 1	 1	 1	 1	  0.52	  0.00
328	47	19	m	 1	 2	 3	 2	 2	 1	 2	 2	 0	 2	 2	 1	  0.63	  0.00
329	47	19	m	 1	 2	 3	 1	 1	 1	 2	 1	 1	 1	 1	 1	  0.49	  0.00
330	47	19	m	 1	 2	 3	 3	 2	 1	 2	 2	 0	 2	 2	 1	  0.54	  0.00
331	47	19	m	 1	 2	 3	 1	 2	 1	 2	 2	 0	 2	 2	 1	  0.43	  0.00
332	47	19	m	 1	 2	 3	 1	 2	 1	 2	 2	 0	 2	 2	 1	  0.40	  0.00
333	47	19	m	 1	 2	 3	 3	 2	 1	 2	 2	 0	 2	 2	 1	  0.66	  0.00
334	47	19	m	 1	 2	 3	 3	 1	 1	 2	 1	 1	 1	 1	 1	  0.50	  0.00
335	47	19	m	 1	 2	 3	 3	 1	 1	 2	 2	 1	 1	 1	 1	  0.50	  0.00
336	47	19	m	 1	 2	 3	 1	 2	 1	 2	 2	 0	 2	 2	 1	  0.47	  0.00
337	47	19	m	 1	 2	 3	 2	 1	 1	 2	 2	 1	 1	 1	 1	  0.50	  0.00
338	47	19	m	 1	 2	 3	 1	 2	 1	 2	 1	 0	 2	 2	 1	  0.34	  0.00
339	47	19	m	 1	 2	 3	 3	 2	 1	 2	 1	 0	 2	 2	 1	  0.49	  0.00
340	47	19	m	 1	 2	 3	 2	 2	 1	 2	 2	 0	 2	 2	 1	  0.50	  0.00
341	47	19	m	 1	 2	 3	 2	 1	 1	 2	 2	 1	 1	 1	 1	  0.54	  0.00
342	47	19	m	 1	 2	 3	 2	 2	 1	 2	 1	 0	 2	 2	 1	  0.76	  0.00
343	47	19	m	 1	 2	 3	 1	 1	 1	 2	 1	 1	 1	 1	 1	  0.45	  0.00
344	47	19	m	 1	 2	 3	 3	 1	 1	 2	 1	 1	 1	 1	 1	  0.46	  0.00
345	47	19	m	 1	 2	 3	 2	 1	 1	 2	 2	 1	 1	 1	 1	  0.51	  0.00
346	47	19	m	 1	 2	 3	 2	 1	 1	 2	 1	 1	 1	 1	 1	  0.51	  0.00
347	47	19	m	 1	 2	 3	 2	 2	 1	 2	 2	 0	 2	 2	 1	  0.38	  0.00
348	47	19	m	 1	 2	 3	 3	 2	 1	 2	 2	 0	 2	 2	 1	  0.53	  0.00
349	47	19	m	 1	 2	 3	 3	 1	 1	 2	 1	 1	 1	 1	 1	  0.51	  0.00
350	47	19	m	 1	 2	 3	 2	 2	 1	 2	 1	 0	 2	 2	 1	  0.44	  0.00
351	47	19	m	 1	 2	 3	 3	 2	 1	 2	 2	 0	 2	 2	 1	  0.56	  0.00
352	47	19	m	 1	 2	 3	 3	 2	 1	 2	 2	 0	 2	 2	 1	  0.42	  0.00
353	47	19	m	 1	 2	 3	 1	 2	 1	 2	 2	 0	 2	 2	 1	  0.46	  0.00
354	47	19	m	 1	 2	 3	 1	 1	 1	 2	 1	 1	 1	 1	 1	  0.40	  0.00
355	47	19	m	 1	 2	 3	 1	 2	 1	 2	 1	 0	 2	 2	 1	  0.35	  0.00
356	47	19	m	 1	 2	 3	 3	 1	 1	 2	 1	 1	 1	 1	 1	  0.46	  0.00
357	47	19	m	 1	 2	 3	 3	 2	 1	 2	 2	 0	 2	 2	 1	  0.42	  0.00
358	47	19	m	 1	 2	 3	 1	 1	 1	 2	 2	 1	 1	 1	 1	  0.38	  0.00
359	47	19	m	 1	 2	 3	 1	 2	 1	 2	 1	 0	 2	 2	 1	  0.39	  0.00
360	47	19	m	 1	 2	 3	 3	 2	 1	 2	 1	 0	 2	 2	 1	  0.57	  0.00
361	47	19	m	 1	 2	 3	 1	 1	 1	 2	 1	 1	 1	 1	 1	  0.46	  0.00
362	47	19	m	 1	 2	 3	 1	 2	 1	 2	 2	 0	 2	 2	 1	  0.42	  0.00
363	47	19	m	 1	 2	 3	 1	 2	 1	 2	 1	 0	 2	 2	 1	  0.41	  0.00
364	47	19	m	 1	 2	 3	 2	 2	 1	 2	 1	 0	 2	 2	 1	  0.36	  0.00
365	47	19	m	 1	 2	 3	 1	 2	 1	 2	 2	 0	 2	 2	 1	  0.42	  0.00
366	47	19	m	 1	 2	 3	 1	 1	 1	 2	 2	 1	 1	 1	 1	  0.43	  0.00
367	47	19	m	 1	 2	 3	 3	 2	 1	 2	 1	 0	 2	 2	 1	  0.36	  0.00
368	47	19	m	 1	 2	 3	 3	 2	 1	 2	 1	 0	 2	 2	 1	  0.38	  0.00
369	47	19	m	 1	 2	 3	 2	 2	 1	 2	 1	 0	 2	 2	 1	  0.41	  0.00
370	47	19	m	 1	 2	 3	 2	 1	 1	 2	 1	 1	 1	 1	 1	  0.45	  0.00
371	47	19	m	 1	 2	 3	 2	 2	 1	 2	 2	 0	 2	 2	 1	  0.52	  0.00
372	47	19	m	 1	 2	 3	 2	 2	 1	 2	 1	 0	 2	 2	 1	  0.46	  0.00
373	47	19	m	 1	 2	 3	 2	 1	 1	 2	 1	 1	 1	 1	 1	  0.41	  0.00
374	47	19	m	 1	 2	 3	 2	 1	 1	 2	 2	 1	 1	 1	 1	  0.48	  0.00
375	47	19	m	 1	 2	 3	 1	 1	 1	 2	 1	 1	 1	 1	 1	  0.41	  0.00
376	47	19	m	 1	 2	 3	 3	 1	 1	 2	 2	 1	 1	 1	 1	  0.60	  0.00
377	47	19	m	 1	 2	 3	 3	 2	 1	 2	 1	 0	 2	 2	 1	  0.46	  0.00
378	47	19	m	 1	 2	 3	 2	 1	 1	 2	 2	 1	 1	 1	 1	  0.45	  0.00
379	47	19	m	 1	 2	 3	 2	 1	 1	 2	 1	 1	 1	 1	 1	  0.42	  0.00
380	47	19	m	 1	 2	 3	 1	 1	 1	 2	 1	 1	 1	 1	 1	  0.44	  0.00
381	47	19	m	 1	 2	 3	 2	 2	 1	 2	 1	 0	 2	 2	 1	  0.43	  0.00
382	47	19	m	 1	 2	 3	 1	 1	 1	 2	 1	 1	 1	 1	 1	  0.57	  0.00
383	47	19	m	 1	 2	 3	 1	 2	 1	 2	 1	 0	 2	 2	 1	  0.38	  0.00
