00	33	20	m	 0	 2	 0	 3	 2	 2	 1	 1	 1	 2	 0	 0	  2.00	  0.00
01	33	20	m	 0	 2	 0	 3	 1	 2	 1	 2	 0	 1	 1	 1	  0.98	  0.00
02	33	20	m	 0	 2	 0	 3	 2	 2	 1	 2	 1	 2	 2	 1	  0.56	  0.00
03	33	20	m	 0	 2	 0	 2	 1	 2	 1	 1	 0	 1	 1	 1	  0.61	  0.00
04	33	20	m	 0	 2	 0	 2	 2	 2	 1	 1	 1	 2	 2	 1	  0.63	  0.00
05	33	20	m	 0	 2	 0	 2	 2	 2	 1	 2	 1	 2	 2	 1	  0.67	  0.00
06	33	20	m	 0	 2	 0	 2	 2	 2	 1	 1	 1	 2	 2	 1	  0.58	  0.00
07	33	20	m	 0	 2	 0	 3	 1	 2	 1	 2	 0	 1	 1	 1	  0.49	  0.00
08	33	20	m	 0	 2	 0	 2	 1	 2	 1	 1	 0	 1	 1	 1	  0.63	  0.00
09	33	20	m	 0	 2	 0	 3	 2	 2	 1	 1	 1	 2	 2	 1	  0.45	  0.00
10	33	20	m	 0	 2	 0	 2	 2	 2	 1	 1	 1	 2	 2	 1	  0.59	  0.00
11	33	20	m	 0	 2	 0	 2	 2	 2	 1	 1	 1	 2	 2	 1	  0.52	  0.00
12	33	20	m	 0	 2	 0	 1	 2	 2	 1	 1	 1	 2	 2	 1	  0.67	  0.00
13	33	20	m	 0	 2	 0	 1	 1	 2	 1	 2	 0	 1	 1	 1	  0.41	  0.00
14	33	20	m	 0	 2	 0	 2	 2	 2	 1	 1	 1	 2	 2	 1	  0.41	  0.00
15	33	20	m	 0	 2	 0	 1	 1	 2	 1	 1	 0	 1	 1	 1	  0.42	  0.00
16	33	20	m	 0	 2	 0	 2	 1	 2	 1	 1	 0	 1	 1	 1	  0.58	  0.00
17	33	20	m	 0	 2	 0	 3	 2	 2	 1	 1	 1	 2	 2	 1	  0.44	  0.00
18	33	20	m	 0	 2	 0	 2	 1	 2	 1	 2	 0	 1	 1	 1	  0.47	  0.00
19	33	20	m	 0	 2	 0	 1	 1	 2	 1	 2	 0	 1	 1	 1	  0.48	  0.00
20	33	20	m	 0	 2	 0	 3	 1	 2	 1	 2	 0	 1	 1	 1	  0.47	  0.00
21	33	20	m	 0	 2	 0	 1	 1	 2	 1	 1	 0	 1	 1	 1	  0.48	  0.00
22	33	20	m	 0	 2	 0	 1	 2	 2	 1	 1	 1	 2	 2	 1	  0.45	  0.00
23	33	20	m	 0	 2	 0	 3	 1	 2	 1	 1	 0	 1	 1	 1	  0.47	  0.00
24	33	20	m	 0	 2	 0	 2	 1	 2	 1	 2	 0	 1	 1	 1	  0.50	  0.00
25	33	20	m	 0	 2	 0	 1	 2	 2	 1	 1	 1	 2	 2	 1	  0.44	  0.00
26	33	20	m	 0	 2	 0	 3	 1	 2	 1	 1	 0	 1	 1	 1	  0.53	  0.00
27	33	20	m	 0	 2	 0	 2	 2	 2	 1	 2	 1	 2	 2	 1	  0.51	  0.00
28	33	20	m	 0	 2	 0	 2	 2	 2	 1	 2	 1	 2	 2	 1	  0.49	  0.00
29	33	20	m	 0	 2	 0	 1	 2	 2	 1	 1	 1	 2	 2	 1	  0.47	  0.00
30	33	20	m	 0	 2	 0	 3	 1	 2	 1	 2	 0	 1	 1	 1	  0.54	  0.00
31	33	20	m	 0	 2	 0	 1	 2	 2	 1	 2	 1	 2	 2	 1	  0.56	  0.00
32	33	20	m	 0	 2	 0	 3	 1	 2	 1	 1	 0	 1	 1	 1	  0.45	  0.00
33	33	20	m	 0	 2	 0	 3	 2	 2	 1	 2	 1	 2	 2	 1	  0.52	  0.00
34	33	20	m	 0	 2	 0	 3	 1	 2	 1	 2	 0	 1	 1	 1	  0.56	  0.00
35	33	20	m	 0	 2	 0	 3	 2	 2	 1	 2	 1	 2	 2	 1	  0.48	  0.00
36	33	20	m	 0	 2	 0	 1	 1	 2	 1	 2	 0	 1	 1	 1	  0.43	  0.00
37	33	20	m	 0	 2	 0	 1	 1	 2	 1	 1	 0	 1	 1	 1	  0.64	  0.00
38	33	20	m	 0	 2	 0	 1	 2	 2	 1	 1	 1	 2	 2	 1	  0.66	  0.00
39	33	20	m	 0	 2	 0	 1	 1	 2	 1	 1	 0	 1	 1	 1	  0.51	  0.00
40	33	20	m	 0	 2	 0	 2	 1	 2	 1	 2	 0	 1	 1	 1	  0.59	  0.00
41	33	20	m	 0	 2	 0	 3	 2	 2	 1	 1	 1	 2	 2	 1	  0.99	  0.00
42	33	20	m	 0	 2	 0	 3	 2	 2	 1	 1	 1	 2	 2	 1	  0.56	  0.00
43	33	20	m	 0	 2	 0	 2	 2	 2	 1	 2	 1	 2	 2	 1	  0.58	  0.00
44	33	20	m	 0	 2	 0	 1	 2	 2	 1	 2	 1	 2	 2	 1	  0.53	  0.00
45	33	20	m	 0	 2	 0	 1	 1	 2	 1	 1	 0	 1	 1	 1	  0.40	  0.00
46	33	20	m	 0	 2	 0	 2	 2	 2	 1	 1	 1	 2	 2	 1	  0.40	  0.00
47	33	20	m	 0	 2	 0	 3	 2	 2	 1	 1	 1	 2	 2	 1	  0.69	  0.00
48	33	20	m	 0	 2	 0	 3	 1	 2	 1	 1	 0	 1	 1	 1	  0.49	  0.00
49	33	20	m	 0	 2	 0	 2	 1	 2	 1	 1	 0	 1	 1	 1	  0.52	  0.00
50	33	20	m	 0	 2	 0	 3	 2	 2	 1	 1	 1	 2	 2	 1	  0.52	  0.00
51	33	20	m	 0	 2	 0	 2	 1	 2	 1	 2	 0	 1	 1	 1	  0.62	  0.00
52	33	20	m	 0	 2	 0	 3	 2	 2	 1	 2	 1	 2	 2	 1	  0.62	  0.00
53	33	20	m	 0	 2	 0	 2	 2	 2	 1	 2	 1	 2	 2	 1	  0.58	  0.00
54	33	20	m	 0	 2	 0	 1	 1	 2	 1	 2	 0	 1	 1	 1	  0.72	  0.00
55	33	20	m	 0	 2	 0	 3	 1	 2	 1	 1	 0	 1	 1	 1	  0.55	  0.00
56	33	20	m	 0	 2	 0	 1	 2	 2	 1	 2	 1	 2	 2	 1	  0.53	  0.00
57	33	20	m	 0	 2	 0	 3	 1	 2	 1	 1	 0	 1	 1	 1	  0.58	  0.00
58	33	20	m	 0	 2	 0	 2	 1	 2	 1	 2	 0	 1	 1	 1	  0.62	  0.00
59	33	20	m	 0	 2	 0	 1	 1	 2	 1	 2	 0	 1	 1	 1	  0.55	  0.00
60	33	20	m	 0	 2	 0	 1	 1	 2	 1	 1	 0	 1	 1	 1	  0.56	  0.00
61	33	20	m	 0	 2	 0	 1	 2	 2	 1	 2	 1	 2	 2	 1	  0.84	  0.00
62	33	20	m	 0	 2	 0	 1	 2	 2	 1	 2	 1	 2	 2	 1	  0.58	  0.00
63	33	20	m	 0	 2	 0	 1	 1	 2	 1	 1	 0	 1	 1	 1	  0.65	  0.00
64	33	20	m	 0	 2	 0	 1	 2	 2	 1	 1	 1	 2	 2	 1	  0.83	  0.00
65	33	20	m	 0	 2	 0	 1	 1	 2	 1	 2	 0	 1	 1	 1	  0.52	  0.00
66	33	20	m	 0	 2	 0	 3	 2	 2	 1	 1	 1	 2	 2	 1	  0.54	  0.00
67	33	20	m	 0	 2	 0	 2	 1	 2	 1	 2	 0	 1	 1	 1	  0.43	  0.00
68	33	20	m	 0	 2	 0	 2	 1	 2	 1	 1	 0	 1	 1	 1	  0.43	  0.00
69	33	20	m	 0	 2	 0	 1	 1	 2	 1	 1	 0	 1	 1	 1	  0.44	  0.00
70	33	20	m	 0	 2	 0	 3	 1	 2	 1	 2	 0	 1	 1	 1	  0.42	  0.00
71	33	20	m	 0	 2	 0	 2	 2	 2	 1	 2	 1	 2	 2	 1	  0.54	  0.00
72	33	20	m	 0	 2	 0	 1	 2	 2	 1	 2	 1	 2	 2	 1	  0.42	  0.00
73	33	20	m	 0	 2	 0	 1	 1	 2	 1	 2	 0	 1	 1	 1	  0.40	  0.00
74	33	20	m	 0	 2	 0	 3	 2	 2	 1	 2	 1	 2	 2	 1	  0.41	  0.00
75	33	20	m	 0	 2	 0	 3	 2	 2	 1	 2	 1	 2	 2	 1	  0.69	  0.00
76	33	20	m	 0	 2	 0	 1	 1	 2	 1	 2	 0	 1	 1	 1	  0.52	  0.00
77	33	20	m	 0	 2	 0	 2	 2	 2	 1	 1	 1	 2	 2	 1	  0.61	  0.00
78	33	20	m	 0	 2	 0	 3	 1	 2	 1	 2	 0	 1	 1	 1	  0.55	  0.00
79	33	20	m	 0	 2	 0	 2	 2	 2	 1	 2	 1	 2	 2	 1	  0.63	  0.00
80	33	20	m	 0	 2	 0	 1	 2	 2	 1	 1	 1	 2	 2	 1	  0.52	  0.00
81	33	20	m	 0	 2	 0	 3	 1	 2	 1	 2	 0	 1	 1	 1	  0.51	  0.00
82	33	20	m	 0	 2	 0	 2	 2	 2	 1	 2	 1	 2	 2	 1	  0.42	  0.00
83	33	20	m	 0	 2	 0	 2	 1	 2	 1	 1	 0	 1	 1	 1	  0.36	  0.00
84	33	20	m	 0	 2	 0	 1	 2	 2	 1	 1	 1	 2	 2	 1	  0.50	  0.00
85	33	20	m	 0	 2	 0	 3	 1	 2	 1	 1	 0	 1	 1	 1	  0.47	  0.00
86	33	20	m	 0	 2	 0	 1	 2	 2	 1	 2	 1	 2	 2	 1	  0.64	  0.00
87	33	20	m	 0	 2	 0	 2	 1	 2	 1	 2	 0	 1	 1	 1	  0.50	  0.00
88	33	20	m	 0	 2	 0	 3	 2	 2	 1	 2	 1	 2	 2	 1	  0.48	  0.00
89	33	20	m	 0	 2	 0	 3	 2	 2	 1	 2	 1	 2	 2	 1	  0.52	  0.00
90	33	20	m	 0	 2	 0	 3	 1	 2	 1	 1	 0	 1	 1	 1	  0.44	  0.00
91	33	20	m	 0	 2	 0	 2	 1	 2	 1	 1	 0	 1	 1	 1	  0.40	  0.00
92	33	20	m	 0	 2	 0	 2	 1	 2	 1	 2	 0	 1	 1	 1	  0.45	  0.00
93	33	20	m	 0	 2	 0	 2	 2	 2	 1	 1	 1	 2	 2	 1	  0.43	  0.00
94	33	20	m	 0	 2	 0	 1	 2	 2	 1	 2	 1	 2	 2	 1	  0.42	  0.00
95	33	20	m	 0	 2	 0	 2	 1	 2	 1	 1	 0	 1	 1	 1	  0.42	  0.00
96	33	20	m	 0	 2	 1	 3	 2	 1	 2	 2	 0	 2	 2	 1	  0.39	  0.00
97	33	20	m	 0	 2	 1	 3	 1	 1	 2	 1	 1	 1	 1	 1	  0.41	  0.00
98	33	20	m	 0	 2	 1	 3	 2	 1	 2	 2	 0	 2	 2	 1	  0.36	  0.00
99	33	20	m	 0	 2	 1	 3	 1	 1	 2	 1	 1	 1	 1	 1	  0.39	  0.00
100	33	20	m	 0	 2	 1	 1	 1	 1	 2	 2	 1	 1	 1	 1	  0.38	  0.00
101	33	20	m	 0	 2	 1	 2	 1	 1	 2	 2	 1	 1	 1	 1	  0.38	  0.00
102	33	20	m	 0	 2	 1	 3	 2	 1	 2	 1	 0	 2	 2	 1	  0.40	  0.00
103	33	20	m	 0	 2	 1	 2	 1	 1	 2	 2	 1	 1	 1	 1	  0.43	  0.00
104	33	20	m	 0	 2	 1	 2	 2	 1	 2	 2	 0	 2	 2	 1	  0.53	  0.00
105	33	20	m	 0	 2	 1	 3	 1	 1	 2	 1	 1	 1	 1	 1	  0.60	  0.00
106	33	20	m	 0	 2	 1	 1	 2	 1	 2	 2	 0	 2	 2	 1	  0.48	  0.00
107	33	20	m	 0	 2	 1	 1	 2	 1	 2	 2	 0	 2	 2	 1	  0.50	  0.00
108	33	20	m	 0	 2	 1	 1	 1	 1	 2	 1	 1	 1	 1	 1	  0.50	  0.00
109	33	20	m	 0	 2	 1	 1	 1	 1	 2	 2	 1	 1	 1	 1	  0.46	  0.00
110	33	20	m	 0	 2	 1	 2	 2	 1	 2	 2	 0	 2	 2	 1	  0.53	  0.00
111	33	20	m	 0	 2	 1	 3	 2	 1	 2	 1	 0	 2	 2	 1	  0.54	  0.00
112	33	20	m	 0	 2	 1	 1	 1	 1	 2	 2	 1	 1	 1	 1	  0.70	  0.00
113	33	20	m	 0	 2	 1	 2	 1	 1	 2	 2	 1	 1	 1	 1	  0.66	  0.00
114	33	20	m	 0	 2	 1	 3	 2	 1	 2	 1	 0	 2	 2	 1	  0.58	  0.00
115	33	20	m	 0	 2	 1	 3	 2	 1	 2	 2	 0	 2	 2	 1	  0.66	  0.00
116	33	20	m	 0	 2	 1	 1	 2	 1	 2	 2	 0	 2	 2	 1	  0.56	  0.00
117	33	20	m	 0	 2	 1	 1	 2	 1	 2	 2	 0	 2	 2	 1	  0.47	  0.00
118	33	20	m	 0	 2	 1	 3	 1	 1	 2	 2	 1	 1	 1	 1	  0.56	  0.00
119	33	20	m	 0	 2	 1	 1	 2	 1	 2	 1	 0	 2	 2	 1	  0.39	  0.00
120	33	20	m	 0	 2	 1	 3	 1	 1	 2	 2	 1	 1	 1	 1	  0.42	  0.00
121	33	20	m	 0	 2	 1	 2	 2	 1	 2	 1	 0	 2	 2	 1	  0.38	  0.00
122	33	20	m	 0	 2	 1	 2	 1	 1	 2	 1	 1	 1	 1	 1	  0.41	  0.00
123	33	20	m	 0	 2	 1	 3	 2	 1	 2	 1	 0	 2	 2	 1	  0.37	  0.00
124	33	20	m	 0	 2	 1	 3	 1	 1	 2	 2	 1	 1	 1	 1	  0.40	  0.00
125	33	20	m	 0	 2	 1	 1	 1	 1	 2	 2	 1	 1	 1	 1	  0.52	  0.00
126	33	20	m	 0	 2	 1	 2	 1	 1	 2	 2	 1	 1	 1	 1	  0.42	  0.00
127	33	20	m	 0	 2	 1	 2	 2	 1	 2	 1	 0	 2	 2	 1	  0.61	  0.00
128	33	20	m	 0	 2	 1	 1	 2	 1	 2	 1	 0	 2	 2	 1	  0.73	  0.00
129	33	20	m	 0	 2	 1	 2	 1	 1	 2	 2	 1	 1	 0	 0	  2.00	  0.00
130	33	20	m	 0	 2	 1	 1	 1	 1	 2	 1	 1	 1	 1	 1	  0.47	  0.00
131	33	20	m	 0	 2	 1	 3	 1	 1	 2	 2	 1	 1	 1	 1	  0.66	  0.00
132	33	20	m	 0	 2	 1	 1	 2	 1	 2	 1	 0	 2	 2	 1	  0.66	  0.00
133	33	20	m	 0	 2	 1	 2	 2	 1	 2	 1	 0	 2	 2	 1	  0.55	  0.00
134	33	20	m	 0	 2	 1	 2	 1	 1	 2	 1	 1	 1	 1	 1	  0.56	  0.00
135	33	20	m	 0	 2	 1	 1	 1	 1	 2	 1	 1	 1	 1	 1	  0.54	  0.00
136	33	20	m	 0	 2	 1	 3	 2	 1	 2	 2	 0	 2	 2	 1	  1.01	  0.00
137	33	20	m	 0	 2	 1	 1	 1	 1	 2	 1	 1	 1	 1	 1	  0.59	  0.00
138	33	20	m	 0	 2	 1	 1	 1	 1	 2	 1	 1	 1	 1	 1	  0.53	  0.00
139	33	20	m	 0	 2	 1	 1	 1	 1	 2	 1	 1	 1	 1	 1	  0.54	  0.00
140	33	20	m	 0	 2	 1	 1	 2	 1	 2	 1	 0	 2	 2	 1	  0.91	  0.00
141	33	20	m	 0	 2	 1	 1	 2	 1	 2	 1	 0	 2	 2	 1	  0.52	  0.00
142	33	20	m	 0	 2	 1	 3	 1	 1	 2	 2	 1	 1	 1	 1	  0.40	  0.00
143	33	20	m	 0	 2	 1	 2	 1	 1	 2	 1	 1	 1	 1	 1	  0.53	  0.00
144	33	20	m	 0	 2	 1	 2	 2	 1	 2	 2	 0	 2	 2	 1	  0.41	  0.00
145	33	20	m	 0	 2	 1	 3	 1	 1	 2	 1	 1	 1	 1	 1	  0.52	  0.00
146	33	20	m	 0	 2	 1	 3	 2	 1	 2	 2	 0	 2	 2	 1	  0.42	  0.00
147	33	20	m	 0	 2	 1	 2	 2	 1	 2	 2	 0	 2	 2	 1	  0.41	  0.00
148	33	20	m	 0	 2	 1	 1	 2	 1	 2	 2	 0	 2	 2	 1	  0.40	  0.00
149	33	20	m	 0	 2	 1	 2	 1	 1	 2	 1	 1	 1	 1	 1	  0.46	  0.00
150	33	20	m	 0	 2	 1	 2	 1	 1	 2	 2	 1	 1	 1	 1	  0.42	  0.00
151	33	20	m	 0	 2	 1	 3	 1	 1	 2	 1	 1	 1	 1	 1	  0.49	  0.00
152	33	20	m	 0	 2	 1	 2	 2	 1	 2	 1	 0	 2	 2	 1	  0.49	  0.00
153	33	20	m	 0	 2	 1	 1	 1	 1	 2	 1	 1	 1	 1	 1	  0.54	  0.00
154	33	20	m	 0	 2	 1	 2	 2	 1	 2	 1	 0	 2	 2	 1	  0.51	  0.00
155	33	20	m	 0	 2	 1	 2	 1	 1	 2	 2	 1	 1	 1	 1	  0.42	  0.00
156	33	20	m	 0	 2	 1	 1	 1	 1	 2	 1	 1	 1	 1	 1	  0.52	  0.00
157	33	20	m	 0	 2	 1	 2	 1	 1	 2	 2	 1	 1	 1	 1	  0.51	  0.00
158	33	20	m	 0	 2	 1	 3	 2	 1	 2	 1	 0	 2	 2	 1	  0.51	  0.00
159	33	20	m	 0	 2	 1	 3	 2	 1	 2	 1	 0	 2	 2	 1	  0.49	  0.00
160	33	20	m	 0	 2	 1	 2	 2	 1	 2	 1	 0	 2	 2	 1	  0.51	  0.00
161	33	20	m	 0	 2	 1	 2	 2	 1	 2	 1	 0	 2	 2	 1	  0.56	  0.00
162	33	20	m	 0	 2	 1	 3	 1	 1	 2	 1	 1	 1	 1	 1	  0.73	  0.00
163	33	20	m	 0	 2	 1	 3	 2	 1	 2	 1	 0	 2	 2	 1	  1.05	  0.00
164	33	20	m	 0	 2	 1	 1	 2	 1	 2	 2	 0	 2	 2	 1	  0.42	  0.00
165	33	20	m	 0	 2	 1	 2	 2	 1	 2	 2	 0	 2	 1	 0	  0.17	  0.00
166	33	20	m	 0	 2	 1	 3	 1	 1	 2	 2	 1	 1	 1	 1	  0.34	  0.00
167	33	20	m	 0	 2	 1	 1	 2	 1	 2	 2	 0	 2	 2	 1	  0.37	  0.00
168	33	20	m	 0	 2	 1	 1	 2	 1	 2	 1	 0	 2	 2	 1	  0.39	  0.00
169	33	20	m	 0	 2	 1	 1	 1	 1	 2	 2	 1	 1	 1	 1	  0.47	  0.00
170	33	20	m	 0	 2	 1	 1	 1	 1	 2	 2	 1	 1	 1	 1	  0.46	  0.00
171	33	20	m	 0	 2	 1	 2	 2	 1	 2	 2	 0	 2	 2	 1	  0.53	  0.00
172	33	20	m	 0	 2	 1	 3	 2	 1	 2	 2	 0	 2	 2	 1	  0.47	  0.00
173	33	20	m	 0	 2	 1	 3	 2	 1	 2	 2	 0	 2	 2	 1	  0.52	  0.00
174	33	20	m	 0	 2	 1	 2	 1	 1	 2	 1	 1	 1	 1	 1	  0.36	  0.00
175	33	20	m	 0	 2	 1	 3	 1	 1	 2	 1	 1	 1	 1	 1	  0.45	  0.00
176	33	20	m	 0	 2	 1	 1	 2	 1	 2	 2	 0	 2	 2	 1	  0.46	  0.00
177	33	20	m	 0	 2	 1	 2	 1	 1	 2	 1	 1	 1	 1	 1	  0.54	  0.00
178	33	20	m	 0	 2	 1	 1	 1	 1	 2	 2	 1	 1	 1	 1	  0.46	  0.00
179	33	20	m	 0	 2	 1	 3	 1	 1	 2	 1	 1	 1	 1	 1	  0.43	  0.00
180	33	20	m	 0	 2	 1	 1	 2	 1	 2	 1	 0	 2	 2	 1	  0.50	  0.00
181	33	20	m	 0	 2	 1	 2	 1	 1	 2	 1	 1	 1	 1	 1	  0.43	  0.00
182	33	20	m	 0	 2	 1	 2	 1	 1	 2	 1	 1	 1	 1	 1	  0.43	  0.00
183	33	20	m	 0	 2	 1	 1	 1	 1	 2	 2	 1	 1	 1	 1	  0.45	  0.00
184	33	20	m	 0	 2	 1	 2	 2	 1	 2	 2	 0	 2	 2	 1	  0.43	  0.00
185	33	20	m	 0	 2	 1	 2	 2	 1	 2	 1	 0	 2	 2	 1	  0.48	  0.00
186	33	20	m	 0	 2	 1	 3	 1	 1	 2	 2	 1	 1	 1	 1	  0.49	  0.00
187	33	20	m	 0	 2	 1	 3	 2	 1	 2	 2	 0	 2	 2	 1	  0.58	  0.00
188	33	20	m	 0	 2	 1	 3	 1	 1	 2	 2	 1	 1	 1	 1	  0.54	  0.00
189	33	20	m	 0	 2	 1	 3	 2	 1	 2	 1	 0	 2	 2	 1	  0.47	  0.00
190	33	20	m	 0	 2	 1	 1	 2	 1	 2	 1	 0	 2	 2	 1	  0.51	  0.00
191	33	20	m	 0	 2	 1	 2	 2	 1	 2	 2	 0	 2	 2	 1	  0.45	  0.00
192	33	20	m	 0	 2	 2	 3	 2	 2	 1	 1	 1	 2	 2	 1	  0.40	  0.00
193	33	20	m	 0	 2	 2	 2	 2	 2	 1	 1	 1	 2	 2	 1	  0.41	  0.00
194	33	20	m	 0	 2	 2	 2	 2	 2	 1	 2	 1	 2	 2	 1	  0.36	  0.00
195	33	20	m	 0	 2	 2	 1	 1	 2	 1	 2	 0	 1	 1	 1	  0.39	  0.00
196	33	20	m	 0	 2	 2	 3	 2	 2	 1	 2	 1	 2	 2	 1	  0.66	  0.00
197	33	20	m	 0	 2	 2	 3	 2	 2	 1	 1	 1	 2	 2	 1	  0.46	  0.00
198	33	20	m	 0	 2	 2	 1	 2	 2	 1	 1	 1	 2	 2	 1	  0.50	  0.00
199	33	20	m	 0	 2	 2	 1	 1	 2	 1	 1	 0	 1	 1	 1	  0.48	  0.00
200	33	20	m	 0	 2	 2	 3	 2	 2	 1	 2	 1	 2	 2	 1	  0.47	  0.00
201	33	20	m	 0	 2	 2	 3	 1	 2	 1	 1	 0	 1	 1	 1	  0.44	  0.00
202	33	20	m	 0	 2	 2	 1	 1	 2	 1	 2	 0	 1	 1	 1	  0.41	  0.00
203	33	20	m	 0	 2	 2	 1	 2	 2	 1	 1	 1	 2	 2	 1	  0.52	  0.00
204	33	20	m	 0	 2	 2	 3	 1	 2	 1	 2	 0	 1	 1	 1	  0.60	  0.00
205	33	20	m	 0	 2	 2	 2	 1	 2	 1	 1	 0	 1	 1	 1	  0.44	  0.00
206	33	20	m	 0	 2	 2	 3	 1	 2	 1	 1	 0	 1	 1	 1	  0.51	  0.00
207	33	20	m	 0	 2	 2	 2	 1	 2	 1	 1	 0	 1	 1	 1	  0.46	  0.00
208	33	20	m	 0	 2	 2	 3	 2	 2	 1	 2	 1	 2	 2	 1	  0.40	  0.00
209	33	20	m	 0	 2	 2	 3	 1	 2	 1	 2	 0	 1	 1	 1	  0.42	  0.00
210	33	20	m	 0	 2	 2	 1	 2	 2	 1	 1	 1	 2	 2	 1	  0.40	  0.00
211	33	20	m	 0	 2	 2	 2	 2	 2	 1	 2	 1	 2	 2	 1	  0.52	  0.00
212	33	20	m	 0	 2	 2	 3	 2	 2	 1	 1	 1	 2	 2	 1	  0.51	  0.00
213	33	20	m	 0	 2	 2	 3	 2	 2	 1	 2	 1	 2	 2	 1	  0.45	  0.00
214	33	20	m	 0	 2	 2	 2	 1	 2	 1	 2	 0	 1	 1	 1	  0.55	  0.00
215	33	20	m	 0	 2	 2	 3	 1	 2	 1	 2	 0	 1	 1	 1	  0.54	  0.00
216	33	20	m	 0	 2	 2	 2	 2	 2	 1	 1	 1	 2	 2	 1	  0.59	  0.00
217	33	20	m	 0	 2	 2	 2	 2	 2	 1	 2	 1	 2	 2	 1	  0.47	  0.00
218	33	20	m	 0	 2	 2	 1	 2	 2	 1	 1	 1	 2	 2	 1	  0.55	  0.00
219	33	20	m	 0	 2	 2	 3	 1	 2	 1	 1	 0	 1	 1	 1	  0.47	  0.00
220	33	20	m	 0	 2	 2	 1	 1	 2	 1	 2	 0	 1	 1	 1	  0.44	  0.00
221	33	20	m	 0	 2	 2	 1	 1	 2	 1	 1	 0	 1	 1	 1	  0.46	  0.00
222	33	20	m	 0	 2	 2	 3	 1	 2	 1	 2	 0	 1	 1	 1	  0.52	  0.00
223	33	20	m	 0	 2	 2	 1	 2	 2	 1	 2	 1	 2	 2	 1	  0.41	  0.00
224	33	20	m	 0	 2	 2	 3	 2	 2	 1	 1	 1	 2	 2	 1	  0.96	  0.00
225	33	20	m	 0	 2	 2	 2	 1	 2	 1	 2	 0	 1	 1	 1	  0.39	  0.00
226	33	20	m	 0	 2	 2	 1	 1	 2	 1	 1	 0	 1	 1	 1	  0.43	  0.00
227	33	20	m	 0	 2	 2	 1	 2	 2	 1	 1	 1	 2	 2	 1	  0.47	  0.00
228	33	20	m	 0	 2	 2	 1	 1	 2	 1	 1	 0	 1	 1	 1	  0.45	  0.00
229	33	20	m	 0	 2	 2	 3	 1	 2	 1	 1	 0	 1	 1	 1	  0.54	  0.00
230	33	20	m	 0	 2	 2	 1	 2	 2	 1	 2	 1	 2	 2	 1	  0.40	  0.00
231	33	20	m	 0	 2	 2	 1	 1	 2	 1	 2	 0	 1	 1	 1	  0.53	  0.00
232	33	20	m	 0	 2	 2	 2	 1	 2	 1	 1	 0	 1	 1	 1	  0.45	  0.00
233	33	20	m	 0	 2	 2	 3	 2	 2	 1	 2	 1	 2	 2	 1	  0.61	  0.00
234	33	20	m	 0	 2	 2	 1	 1	 2	 1	 1	 0	 1	 1	 1	  0.46	  0.00
235	33	20	m	 0	 2	 2	 3	 1	 2	 1	 1	 0	 1	 1	 1	  0.55	  0.00
236	33	20	m	 0	 2	 2	 2	 2	 2	 1	 2	 1	 2	 2	 1	  0.55	  0.00
237	33	20	m	 0	 2	 2	 3	 2	 2	 1	 2	 1	 2	 2	 1	  0.49	  0.00
238	33	20	m	 0	 2	 2	 2	 2	 2	 1	 1	 1	 2	 2	 1	  0.42	  0.00
239	33	20	m	 0	 2	 2	 2	 1	 2	 1	 1	 0	 1	 1	 1	  0.44	  0.00
240	33	20	m	 0	 2	 2	 1	 2	 2	 1	 2	 1	 2	 2	 1	  0.44	  0.00
241	33	20	m	 0	 2	 2	 1	 1	 2	 1	 2	 0	 1	 1	 1	  0.52	  0.00
242	33	20	m	 0	 2	 2	 1	 2	 2	 1	 2	 1	 2	 2	 1	  0.68	  0.00
243	33	20	m	 0	 2	 2	 3	 2	 2	 1	 1	 1	 2	 2	 1	  0.45	  0.00
244	33	20	m	 0	 2	 2	 2	 2	 2	 1	 1	 1	 2	 2	 1	  0.55	  0.00
245	33	20	m	 0	 2	 2	 1	 2	 2	 1	 2	 1	 2	 2	 1	  0.50	  0.00
246	33	20	m	 0	 2	 2	 2	 1	 2	 1	 2	 0	 1	 1	 1	  0.46	  0.00
247	33	20	m	 0	 2	 2	 2	 2	 2	 1	 1	 1	 2	 2	 1	  0.51	  0.00
248	33	20	m	 0	 2	 2	 3	 2	 2	 1	 1	 1	 2	 2	 1	  0.63	  0.00
249	33	20	m	 0	 2	 2	 3	 1	 2	 1	 2	 0	 1	 1	 1	  0.68	  0.00
250	33	20	m	 0	 2	 2	 2	 1	 2	 1	 2	 0	 1	 1	 1	  0.62	  0.00
251	33	20	m	 0	 2	 2	 3	 2	 2	 1	 2	 1	 2	 2	 1	  0.41	  0.00
252	33	20	m	 0	 2	 2	 3	 2	 2	 1	 2	 1	 2	 2	 1	  0.47	  0.00
253	33	20	m	 0	 2	 2	 3	 2	 2	 1	 1	 1	 2	 2	 1	  0.69	  0.00
254	33	20	m	 0	 2	 2	 1	 1	 2	 1	 1	 0	 1	 1	 1	  0.43	  0.00
255	33	20	m	 0	 2	 2	 1	 2	 2	 1	 2	 1	 2	 2	 1	  0.43	  0.00
256	33	20	m	 0	 2	 2	 2	 1	 2	 1	 2	 0	 1	 1	 1	  0.47	  0.00
257	33	20	m	 0	 2	 2	 1	 2	 2	 1	 2	 1	 2	 2	 1	  0.46	  0.00
258	33	20	m	 0	 2	 2	 2	 1	 2	 1	 1	 0	 1	 1	 1	  0.48	  0.00
259	33	20	m	 0	 2	 2	 2	 1	 2	 1	 1	 0	 1	 1	 1	  0.43	  0.00
260	33	20	m	 0	 2	 2	 1	 2	 2	 1	 1	 1	 2	 2	 1	  0.44	  0.00
261	33	20	m	 0	 2	 2	 3	 1	 2	 1	 1	 0	 1	 1	 1	  0.53	  0.00
262	33	20	m	 0	 2	 2	 3	 1	 2	 1	 2	 0	 1	 1	 1	  0.39	  0.00
263	33	20	m	 0	 2	 2	 2	 1	 2	 1	 1	 0	 1	 1	 1	  0.51	  0.00
264	33	20	m	 0	 2	 2	 2	 2	 2	 1	 2	 1	 2	 2	 1	  0.49	  0.00
265	33	20	m	 0	 2	 2	 3	 1	 2	 1	 2	 0	 1	 1	 1	  0.43	  0.00
266	33	20	m	 0	 2	 2	 1	 1	 2	 1	 2	 0	 1	 1	 1	  0.45	  0.00
267	33	20	m	 0	 2	 2	 2	 1	 2	 1	 2	 0	 1	 1	 1	  0.41	  0.00
268	33	20	m	 0	 2	 2	 2	 1	 2	 1	 1	 0	 1	 1	 1	  0.64	  0.00
269	33	20	m	 0	 2	 2	 3	 2	 2	 1	 1	 1	 2	 2	 1	  0.79	  0.00
270	33	20	m	 0	 2	 2	 2	 2	 2	 1	 1	 1	 2	 2	 1	  0.51	  0.00
271	33	20	m	 0	 2	 2	 2	 1	 2	 1	 2	 0	 1	 1	 1	  0.48	  0.00
272	33	20	m	 0	 2	 2	 2	 2	 2	 1	 2	 1	 2	 2	 1	  0.36	  0.00
273	33	20	m	 0	 2	 2	 1	 1	 2	 1	 2	 0	 1	 1	 1	  0.46	  0.00
274	33	20	m	 0	 2	 2	 2	 1	 2	 1	 2	 0	 1	 1	 1	  0.75	  0.00
275	33	20	m	 0	 2	 2	 2	 2	 2	 1	 2	 1	 2	 2	 1	  0.56	  0.00
276	33	20	m	 0	 2	 2	 1	 1	 2	 1	 1	 0	 1	 1	 1	  0.40	  0.00
277	33	20	m	 0	 2	 2	 3	 1	 2	 1	 1	 0	 1	 1	 1	  0.50	  0.00
278	33	20	m	 0	 2	 2	 2	 2	 2	 1	 2	 1	 2	 2	 1	  0.48	  0.00
279	33	20	m	 0	 2	 2	 1	 1	 2	 1	 2	 0	 1	 1	 1	  0.36	  0.00
280	33	20	m	 0	 2	 2	 1	 2	 2	 1	 1	 1	 2	 2	 1	  0.43	  0.00
281	33	20	m	 0	 2	 2	 1	 2	 2	 1	 2	 1	 2	 2	 1	  0.43	  0.00
282	33	20	m	 0	 2	 2	 2	 2	 2	 1	 1	 1	 2	 2	 1	  0.96	  0.00
283	33	20	m	 0	 2	 2	 1	 2	 2	 1	 1	 1	 2	 2	 1	  0.41	  0.00
284	33	20	m	 0	 2	 2	 1	 1	 2	 1	 1	 0	 1	 1	 1	  0.43	  0.00
285	33	20	m	 0	 2	 2	 3	 1	 2	 1	 1	 0	 1	 1	 1	  0.43	  0.00
286	33	20	m	 0	 2	 2	 3	 1	 2	 1	 2	 0	 1	 1	 1	  0.42	  0.00
287	33	20	m	 0	 2	 2	 2	 2	 2	 1	 1	 1	 2	 2	 1	  0.42	  0.00
288	33	20	m	 0	 2	 3	 2	 1	 1	 2	 1	 1	 1	 1	 1	  0.48	  0.00
289	33	20	m	 0	 2	 3	 2	 2	 1	 2	 1	 0	 2	 2	 1	  0.50	  0.00
290	33	20	m	 0	 2	 3	 2	 2	 1	 2	 2	 0	 2	 2	 1	  0.43	  0.00
291	33	20	m	 0	 2	 3	 1	 1	 1	 2	 1	 1	 1	 1	 1	  0.39	  0.00
292	33	20	m	 0	 2	 3	 3	 1	 1	 2	 2	 1	 1	 1	 1	  0.41	  0.00
293	33	20	m	 0	 2	 3	 1	 2	 1	 2	 1	 0	 2	 2	 1	  0.46	  0.00
294	33	20	m	 0	 2	 3	 3	 1	 1	 2	 1	 1	 1	 1	 1	  0.44	  0.00
295	33	20	m	 0	 2	 3	 3	 2	 1	 2	 1	 0	 2	 2	 1	  0.56	  0.00
296	33	20	m	 0	 2	 3	 2	 2	 1	 2	 2	 0	 2	 2	 1	  0.58	  0.00
297	33	20	m	 0	 2	 3	 1	 1	 1	 2	 1	 1	 1	 1	 1	  0.40	  0.00
298	33	20	m	 0	 2	 3	 2	 1	 1	 2	 1	 1	 1	 1	 1	  0.54	  0.00
299	33	20	m	 0	 2	 3	 1	 2	 1	 2	 2	 0	 2	 2	 1	  0.49	  0.00
300	33	20	m	 0	 2	 3	 3	 2	 1	 2	 2	 0	 2	 2	 1	  0.57	  0.00
301	33	20	m	 0	 2	 3	 3	 1	 1	 2	 2	 1	 1	 1	 1	  0.54	  0.00
302	33	20	m	 0	 2	 3	 3	 2	 1	 2	 2	 0	 2	 2	 1	  0.58	  0.00
303	33	20	m	 0	 2	 3	 3	 2	 1	 2	 1	 0	 2	 2	 1	  0.53	  0.00
304	33	20	m	 0	 2	 3	 2	 2	 1	 2	 1	 0	 2	 2	 1	  0.72	  0.00
305	33	20	m	 0	 2	 3	 1	 1	 1	 2	 2	 1	 1	 2	 0	  0.63	  0.00
306	33	20	m	 0	 2	 3	 3	 2	 1	 2	 1	 0	 2	 2	 1	  0.66	  0.00
307	33	20	m	 0	 2	 3	 1	 2	 1	 2	 1	 0	 2	 2	 1	  0.57	  0.00
308	33	20	m	 0	 2	 3	 1	 2	 1	 2	 2	 0	 2	 2	 1	  0.72	  0.00
309	33	20	m	 0	 2	 3	 2	 1	 1	 2	 1	 1	 1	 1	 1	  1.09	  0.00
310	33	20	m	 0	 2	 3	 3	 2	 1	 2	 2	 0	 2	 2	 1	  0.64	  0.00
311	33	20	m	 0	 2	 3	 2	 2	 1	 2	 2	 0	 2	 2	 1	  0.76	  0.00
312	33	20	m	 0	 2	 3	 1	 1	 1	 2	 2	 1	 1	 1	 1	  0.66	  0.00
313	33	20	m	 0	 2	 3	 2	 1	 1	 2	 2	 1	 1	 1	 1	  0.60	  0.00
314	33	20	m	 0	 2	 3	 1	 1	 1	 2	 2	 1	 1	 1	 1	  0.42	  0.00
315	33	20	m	 0	 2	 3	 1	 1	 1	 2	 1	 1	 1	 1	 1	  0.48	  0.00
316	33	20	m	 0	 2	 3	 2	 2	 1	 2	 2	 0	 2	 2	 1	  0.48	  0.00
317	33	20	m	 0	 2	 3	 1	 1	 1	 2	 1	 1	 1	 1	 1	  0.41	  0.00
318	33	20	m	 0	 2	 3	 1	 1	 1	 2	 2	 1	 1	 1	 1	  0.50	  0.00
319	33	20	m	 0	 2	 3	 1	 1	 1	 2	 1	 1	 1	 1	 1	  0.44	  0.00
320	33	20	m	 0	 2	 3	 1	 1	 1	 2	 1	 1	 1	 1	 1	  0.45	  0.00
321	33	20	m	 0	 2	 3	 1	 2	 1	 2	 2	 0	 2	 2	 1	  0.54	  0.00
322	33	20	m	 0	 2	 3	 3	 2	 1	 2	 1	 0	 2	 2	 1	  0.54	  0.00
323	33	20	m	 0	 2	 3	 3	 2	 1	 2	 2	 0	 2	 2	 1	  0.60	  0.00
324	33	20	m	 0	 2	 3	 1	 1	 1	 2	 2	 1	 1	 1	 1	  1.14	  0.00
325	33	20	m	 0	 2	 3	 1	 2	 1	 2	 1	 0	 2	 2	 1	  0.51	  0.00
326	33	20	m	 0	 2	 3	 2	 1	 1	 2	 1	 1	 1	 1	 1	  0.75	  0.00
327	33	20	m	 0	 2	 3	 2	 2	 1	 2	 1	 0	 2	 2	 1	  0.52	  0.00
328	33	20	m	 0	 2	 3	 3	 1	 1	 2	 2	 1	 1	 1	 1	  0.65	  0.00
329	33	20	m	 0	 2	 3	 2	 2	 1	 2	 2	 0	 2	 2	 1	  0.50	  0.00
330	33	20	m	 0	 2	 3	 2	 2	 1	 2	 1	 0	 2	 2	 1	  0.57	  0.00
331	33	20	m	 0	 2	 3	 3	 2	 1	 2	 2	 0	 2	 2	 1	  0.53	  0.00
332	33	20	m	 0	 2	 3	 3	 2	 1	 2	 2	 0	 2	 2	 1	  0.63	  0.00
333	33	20	m	 0	 2	 3	 2	 1	 1	 2	 1	 1	 1	 1	 1	  0.50	  0.00
334	33	20	m	 0	 2	 3	 2	 1	 1	 2	 2	 1	 1	 1	 1	  0.61	  0.00
335	33	20	m	 0	 2	 3	 3	 1	 1	 2	 1	 1	 1	 1	 1	  0.53	  0.00
336	33	20	m	 0	 2	 3	 1	 2	 1	 2	 2	 0	 2	 2	 1	  0.49	  0.00
337	33	20	m	 0	 2	 3	 1	 1	 1	 2	 1	 1	 1	 1	 1	  1.42	  0.00
338	33	20	m	 0	 2	 3	 3	 1	 1	 2	 2	 1	 1	 1	 1	  0.55	  0.00
339	33	20	m	 0	 2	 3	 3	 2	 1	 2	 2	 0	 2	 2	 1	  0.58	  0.00
340	33	20	m	 0	 2	 3	 2	 1	 1	 2	 2	 1	 1	 1	 1	  0.47	  0.00
341	33	20	m	 0	 2	 3	 3	 1	 1	 2	 2	 1	 1	 1	 1	  0.84	  0.00
342	33	20	m	 0	 2	 3	 2	 1	 1	 2	 2	 1	 1	 1	 1	  0.52	  0.00
343	33	20	m	 0	 2	 3	 2	 2	 1	 2	 2	 0	 2	 2	 1	  0.49	  0.00
344	33	20	m	 0	 2	 3	 2	 1	 1	 2	 2	 1	 1	 1	 1	  0.56	  0.00
345	33	20	m	 0	 2	 3	 1	 1	 1	 2	 2	 1	 1	 1	 1	  0.54	  0.00
346	33	20	m	 0	 2	 3	 3	 1	 1	 2	 1	 1	 1	 1	 1	  0.51	  0.00
347	33	20	m	 0	 2	 3	 2	 2	 1	 2	 2	 0	 2	 2	 1	  0.46	  0.00
348	33	20	m	 0	 2	 3	 3	 1	 1	 2	 2	 1	 1	 1	 1	  0.50	  0.00
349	33	20	m	 0	 2	 3	 2	 1	 1	 2	 1	 1	 1	 1	 1	  0.58	  0.00
350	33	20	m	 0	 2	 3	 1	 2	 1	 2	 1	 0	 2	 2	 1	  0.54	  0.00
351	33	20	m	 0	 2	 3	 1	 2	 1	 2	 1	 0	 2	 2	 1	  0.53	  0.00
352	33	20	m	 0	 2	 3	 3	 1	 1	 2	 1	 1	 1	 1	 1	  0.52	  0.00
353	33	20	m	 0	 2	 3	 3	 2	 1	 2	 1	 0	 2	 2	 1	  0.50	  0.00
354	33	20	m	 0	 2	 3	 1	 2	 1	 2	 1	 0	 2	 2	 1	  0.49	  0.00
355	33	20	m	 0	 2	 3	 1	 1	 1	 2	 2	 1	 1	 1	 1	  0.61	  0.00
356	33	20	m	 0	 2	 3	 2	 1	 1	 2	 1	 1	 1	 1	 1	  0.55	  0.00
357	33	20	m	 0	 2	 3	 2	 2	 1	 2	 2	 0	 2	 2	 1	  0.48	  0.00
358	33	20	m	 0	 2	 3	 3	 1	 1	 2	 2	 1	 1	 1	 1	  0.48	  0.00
359	33	20	m	 0	 2	 3	 2	 1	 1	 2	 2	 1	 1	 1	 1	  0.57	  0.00
360	33	20	m	 0	 2	 3	 1	 2	 1	 2	 1	 0	 2	 2	 1	  0.47	  0.00
361	33	20	m	 0	 2	 3	 1	 2	 1	 2	 2	 0	 2	 2	 1	  0.57	  0.00
362	33	20	m	 0	 2	 3	 3	 2	 1	 2	 2	 0	 2	 2	 1	  0.47	  0.00
363	33	20	m	 0	 2	 3	 2	 1	 1	 2	 2	 1	 1	 1	 1	  0.50	  0.00
364	33	20	m	 0	 2	 3	 3	 1	 1	 2	 1	 1	 1	 1	 1	  0.47	  0.00
365	33	20	m	 0	 2	 3	 1	 1	 1	 2	 1	 1	 1	 1	 1	  0.50	  0.00
366	33	20	m	 0	 2	 3	 3	 1	 1	 2	 2	 1	 1	 1	 1	  0.51	  0.00
367	33	20	m	 0	 2	 3	 2	 2	 1	 2	 1	 0	 2	 2	 1	  0.41	  0.00
368	33	20	m	 0	 2	 3	 1	 2	 1	 2	 2	 0	 2	 2	 1	  0.46	  0.00
369	33	20	m	 0	 2	 3	 3	 2	 1	 2	 1	 0	 2	 2	 1	  0.43	  0.00
370	33	20	m	 0	 2	 3	 3	 1	 1	 2	 1	 1	 1	 1	 1	  0.88	  0.00
371	33	20	m	 0	 2	 3	 2	 2	 1	 2	 1	 0	 2	 2	 1	  0.46	  0.00
372	33	20	m	 0	 2	 3	 3	 2	 1	 2	 1	 0	 2	 2	 1	  0.49	  0.00
373	33	20	m	 0	 2	 3	 2	 2	 1	 2	 1	 0	 2	 2	 1	  0.57	  0.00
374	33	20	m	 0	 2	 3	 1	 1	 1	 2	 2	 1	 1	 1	 1	  0.54	  0.00
375	33	20	m	 0	 2	 3	 1	 2	 1	 2	 1	 0	 2	 2	 1	  0.51	  0.00
376	33	20	m	 0	 2	 3	 3	 1	 1	 2	 1	 1	 1	 1	 1	  0.66	  0.00
377	33	20	m	 0	 2	 3	 2	 1	 1	 2	 2	 1	 1	 1	 1	  0.57	  0.00
378	33	20	m	 0	 2	 3	 2	 2	 1	 2	 1	 0	 2	 2	 1	  0.57	  0.00
379	33	20	m	 0	 2	 3	 2	 1	 1	 2	 1	 1	 1	 1	 1	  0.65	  0.00
380	33	20	m	 0	 2	 3	 1	 2	 1	 2	 2	 0	 2	 2	 1	  1.11	  0.00
381	33	20	m	 0	 2	 3	 3	 1	 1	 2	 1	 1	 1	 1	 1	  0.49	  0.00
382	33	20	m	 0	 2	 3	 3	 2	 1	 2	 1	 0	 2	 2	 1	  0.58	  0.00
383	33	20	m	 0	 2	 3	 1	 2	 1	 2	 2	 0	 2	 2	 1	  0.47	  0.00
