00	22	18	v	 0	 1	 0	 2	 2	 1	 1	 2	 0	 2	 2	 1	  0.86	  0.00
01	22	18	v	 0	 1	 0	 3	 2	 1	 1	 1	 0	 2	 2	 1	  0.44	  0.00
02	22	18	v	 0	 1	 0	 2	 1	 1	 1	 1	 1	 1	 1	 1	  0.36	  0.00
03	22	18	v	 0	 1	 0	 1	 2	 1	 1	 1	 0	 2	 2	 1	  0.37	  0.00
04	22	18	v	 0	 1	 0	 3	 1	 1	 1	 2	 1	 1	 1	 1	  0.34	  0.00
05	22	18	v	 0	 1	 0	 3	 2	 1	 1	 2	 0	 2	 2	 1	  0.37	  0.00
06	22	18	v	 0	 1	 0	 2	 1	 1	 1	 1	 1	 1	 1	 1	  0.36	  0.00
07	22	18	v	 0	 1	 0	 2	 2	 1	 1	 1	 0	 2	 2	 1	  0.36	  0.00
08	22	18	v	 0	 1	 0	 2	 2	 1	 1	 2	 0	 2	 2	 1	  0.43	  0.00
09	22	18	v	 0	 1	 0	 3	 2	 1	 1	 1	 0	 2	 2	 1	  0.40	  0.00
10	22	18	v	 0	 1	 0	 3	 1	 1	 1	 1	 1	 1	 1	 1	  0.31	  0.00
11	22	18	v	 0	 1	 0	 3	 2	 1	 1	 2	 0	 2	 2	 1	  0.36	  0.00
12	22	18	v	 0	 1	 0	 3	 1	 1	 1	 1	 1	 1	 1	 1	  0.33	  0.00
13	22	18	v	 0	 1	 0	 1	 1	 1	 1	 1	 1	 1	 1	 1	  0.42	  0.00
14	22	18	v	 0	 1	 0	 2	 2	 1	 1	 2	 0	 2	 2	 1	  0.38	  0.00
15	22	18	v	 0	 1	 0	 2	 1	 1	 1	 1	 1	 1	 1	 1	  0.27	  0.00
16	22	18	v	 0	 1	 0	 1	 1	 1	 1	 2	 1	 1	 1	 1	  0.51	  0.00
17	22	18	v	 0	 1	 0	 1	 1	 1	 1	 1	 1	 1	 1	 1	  0.43	  0.00
18	22	18	v	 0	 1	 0	 3	 2	 1	 1	 2	 0	 2	 2	 1	  0.36	  0.00
19	22	18	v	 0	 1	 0	 1	 1	 1	 1	 2	 1	 1	 1	 1	  0.32	  0.00
20	22	18	v	 0	 1	 0	 3	 1	 1	 1	 2	 1	 1	 1	 1	  0.34	  0.00
21	22	18	v	 0	 1	 0	 3	 2	 1	 1	 1	 0	 2	 2	 1	  0.35	  0.00
22	22	18	v	 0	 1	 0	 1	 2	 1	 1	 2	 0	 2	 2	 1	  0.37	  0.00
23	22	18	v	 0	 1	 0	 3	 1	 1	 1	 2	 1	 1	 1	 1	  0.31	  0.00
24	22	18	v	 0	 1	 0	 1	 1	 1	 1	 2	 1	 1	 1	 1	  0.51	  0.00
25	22	18	v	 0	 1	 0	 2	 1	 1	 1	 1	 1	 1	 1	 1	  0.42	  0.00
26	22	18	v	 0	 1	 0	 3	 1	 1	 1	 2	 1	 1	 1	 1	  0.34	  0.00
27	22	18	v	 0	 1	 0	 1	 2	 1	 1	 1	 0	 2	 2	 1	  0.40	  0.00
28	22	18	v	 0	 1	 0	 1	 2	 1	 1	 2	 0	 2	 2	 1	  0.37	  0.00
29	22	18	v	 0	 1	 0	 1	 1	 1	 1	 1	 1	 1	 1	 1	  0.58	  0.00
30	22	18	v	 0	 1	 0	 2	 2	 1	 1	 1	 0	 2	 2	 1	  0.35	  0.00
31	22	18	v	 0	 1	 0	 1	 1	 1	 1	 2	 1	 1	 1	 1	  0.32	  0.00
32	22	18	v	 0	 1	 0	 3	 2	 1	 1	 2	 0	 2	 2	 1	  0.34	  0.00
33	22	18	v	 0	 1	 0	 1	 2	 1	 1	 1	 0	 2	 2	 1	  0.42	  0.00
34	22	18	v	 0	 1	 0	 1	 2	 1	 1	 1	 0	 2	 2	 1	  0.42	  0.00
35	22	18	v	 0	 1	 0	 2	 1	 1	 1	 2	 1	 1	 1	 1	  0.40	  0.00
36	22	18	v	 0	 1	 0	 1	 1	 1	 1	 1	 1	 1	 1	 1	  0.34	  0.00
37	22	18	v	 0	 1	 0	 2	 2	 1	 1	 2	 0	 2	 2	 1	  0.41	  0.00
38	22	18	v	 0	 1	 0	 3	 1	 1	 1	 2	 1	 1	 1	 1	  0.70	  0.00
39	22	18	v	 0	 1	 0	 1	 1	 1	 1	 2	 1	 1	 1	 1	  0.51	  0.00
40	22	18	v	 0	 1	 0	 1	 2	 1	 1	 1	 0	 2	 2	 1	  0.66	  0.00
41	22	18	v	 0	 1	 0	 2	 1	 1	 1	 2	 1	 1	 1	 1	  0.38	  0.00
42	22	18	v	 0	 1	 0	 3	 2	 1	 1	 2	 0	 2	 2	 1	  0.44	  0.00
43	22	18	v	 0	 1	 0	 3	 1	 1	 1	 1	 1	 1	 1	 1	  0.40	  0.00
44	22	18	v	 0	 1	 0	 2	 1	 1	 1	 1	 1	 1	 1	 1	  0.37	  0.00
45	22	18	v	 0	 1	 0	 2	 2	 1	 1	 2	 0	 2	 2	 1	  0.50	  0.00
46	22	18	v	 0	 1	 0	 2	 1	 1	 1	 2	 1	 1	 1	 1	  0.35	  0.00
47	22	18	v	 0	 1	 0	 1	 1	 1	 1	 1	 1	 1	 1	 1	  0.43	  0.00
48	22	18	v	 0	 1	 0	 2	 2	 1	 1	 1	 0	 2	 2	 1	  0.68	  0.00
49	22	18	v	 0	 1	 0	 2	 2	 1	 1	 1	 0	 2	 2	 1	  0.43	  0.00
50	22	18	v	 0	 1	 0	 2	 1	 1	 1	 1	 1	 1	 1	 1	  0.67	  0.00
51	22	18	v	 0	 1	 0	 3	 2	 1	 1	 2	 0	 2	 2	 1	  0.36	  0.00
52	22	18	v	 0	 1	 0	 1	 2	 1	 1	 2	 0	 2	 2	 1	  0.44	  0.00
53	22	18	v	 0	 1	 0	 2	 1	 1	 1	 1	 1	 1	 1	 1	  0.47	  0.00
54	22	18	v	 0	 1	 0	 3	 1	 1	 1	 1	 1	 1	 1	 1	  0.43	  0.00
55	22	18	v	 0	 1	 0	 3	 2	 1	 1	 1	 0	 2	 2	 1	  1.31	  0.00
56	22	18	v	 0	 1	 0	 1	 1	 1	 1	 1	 1	 1	 1	 1	  0.60	  0.00
57	22	18	v	 0	 1	 0	 3	 1	 1	 1	 2	 1	 1	 1	 1	  0.41	  0.00
58	22	18	v	 0	 1	 0	 3	 1	 1	 1	 1	 1	 1	 1	 1	  0.39	  0.00
59	22	18	v	 0	 1	 0	 3	 2	 1	 1	 1	 0	 2	 2	 1	  0.28	  0.00
60	22	18	v	 0	 1	 0	 1	 2	 1	 1	 2	 0	 2	 2	 1	  0.39	  0.00
61	22	18	v	 0	 1	 0	 2	 1	 1	 1	 2	 1	 1	 1	 1	  0.54	  0.00
62	22	18	v	 0	 1	 0	 1	 1	 1	 1	 1	 1	 1	 1	 1	  0.76	  0.00
63	22	18	v	 0	 1	 0	 1	 2	 1	 1	 2	 0	 2	 2	 1	  0.67	  0.00
64	22	18	v	 0	 1	 0	 2	 2	 1	 1	 2	 0	 2	 2	 1	  0.65	  0.00
65	22	18	v	 0	 1	 0	 3	 1	 1	 1	 1	 1	 1	 1	 1	  0.51	  0.00
66	22	18	v	 0	 1	 0	 1	 1	 1	 1	 2	 1	 1	 1	 1	  0.46	  0.00
67	22	18	v	 0	 1	 0	 3	 2	 1	 1	 2	 0	 2	 2	 1	  0.44	  0.00
68	22	18	v	 0	 1	 0	 1	 2	 1	 1	 1	 0	 2	 2	 1	  0.55	  0.00
69	22	18	v	 0	 1	 0	 3	 1	 1	 1	 1	 1	 1	 1	 1	  0.69	  0.00
70	22	18	v	 0	 1	 0	 2	 2	 1	 1	 1	 0	 2	 2	 1	  0.65	  0.00
71	22	18	v	 0	 1	 0	 1	 1	 1	 1	 1	 1	 1	 1	 1	  0.72	  0.00
72	22	18	v	 0	 1	 0	 2	 1	 1	 1	 1	 1	 1	 1	 1	  1.37	  0.00
73	22	18	v	 0	 1	 0	 1	 2	 1	 1	 2	 0	 2	 2	 1	  0.75	  0.00
74	22	18	v	 0	 1	 0	 1	 2	 1	 1	 2	 0	 2	 2	 1	  0.59	  0.00
75	22	18	v	 0	 1	 0	 2	 2	 1	 1	 1	 0	 2	 2	 1	  0.62	  0.00
76	22	18	v	 0	 1	 0	 2	 2	 1	 1	 2	 0	 2	 2	 1	  0.32	  0.00
77	22	18	v	 0	 1	 0	 3	 1	 1	 1	 2	 1	 1	 1	 1	  0.39	  0.00
78	22	18	v	 0	 1	 0	 1	 1	 1	 1	 2	 1	 1	 1	 1	  0.41	  0.00
79	22	18	v	 0	 1	 0	 2	 2	 1	 1	 2	 0	 2	 2	 1	  0.37	  0.00
80	22	18	v	 0	 1	 0	 1	 2	 1	 1	 2	 0	 2	 2	 1	  0.39	  0.00
81	22	18	v	 0	 1	 0	 2	 1	 1	 1	 2	 1	 1	 1	 1	  0.37	  0.00
82	22	18	v	 0	 1	 0	 2	 1	 1	 1	 2	 1	 1	 1	 1	  0.43	  0.00
83	22	18	v	 0	 1	 0	 2	 1	 1	 1	 2	 1	 1	 1	 1	  0.49	  0.00
84	22	18	v	 0	 1	 0	 3	 1	 1	 1	 1	 1	 1	 1	 1	  0.43	  0.00
85	22	18	v	 0	 1	 0	 2	 2	 1	 1	 1	 0	 2	 2	 1	  0.37	  0.00
86	22	18	v	 0	 1	 0	 1	 2	 1	 1	 1	 0	 2	 2	 1	  0.43	  0.00
87	22	18	v	 0	 1	 0	 1	 2	 1	 1	 1	 0	 2	 2	 1	  0.47	  0.00
88	22	18	v	 0	 1	 0	 3	 2	 1	 1	 1	 0	 2	 2	 1	  0.42	  0.00
89	22	18	v	 0	 1	 0	 1	 1	 1	 1	 2	 1	 1	 1	 1	  0.43	  0.00
90	22	18	v	 0	 1	 0	 3	 1	 1	 1	 2	 1	 1	 1	 1	  0.64	  0.00
91	22	18	v	 0	 1	 0	 2	 2	 1	 1	 1	 0	 2	 2	 1	  0.45	  0.00
92	22	18	v	 0	 1	 0	 3	 2	 1	 1	 2	 0	 2	 2	 1	  0.41	  0.00
93	22	18	v	 0	 1	 0	 3	 2	 1	 1	 1	 0	 2	 2	 1	  0.50	  0.00
94	22	18	v	 0	 1	 0	 3	 2	 1	 1	 1	 0	 2	 2	 1	  1.26	  0.00
95	22	18	v	 0	 1	 0	 2	 1	 1	 1	 2	 1	 1	 1	 1	  0.47	  0.00
96	22	18	v	 0	 1	 1	 1	 1	 2	 2	 1	 0	 1	 1	 1	  0.75	  0.00
97	22	18	v	 0	 1	 1	 2	 2	 2	 2	 2	 1	 2	 2	 1	  0.43	  0.00
98	22	18	v	 0	 1	 1	 1	 1	 2	 2	 1	 0	 1	 1	 1	  0.33	  0.00
99	22	18	v	 0	 1	 1	 3	 2	 2	 2	 2	 1	 2	 2	 1	  0.32	  0.00
100	22	18	v	 0	 1	 1	 1	 1	 2	 2	 1	 0	 1	 1	 1	  0.38	  0.00
101	22	18	v	 0	 1	 1	 2	 2	 2	 2	 1	 1	 2	 2	 1	  0.34	  0.00
102	22	18	v	 0	 1	 1	 2	 1	 2	 2	 1	 0	 1	 1	 1	  0.30	  0.00
103	22	18	v	 0	 1	 1	 2	 2	 2	 2	 2	 1	 2	 2	 1	  0.37	  0.00
104	22	18	v	 0	 1	 1	 3	 1	 2	 2	 1	 0	 1	 1	 1	  0.33	  0.00
105	22	18	v	 0	 1	 1	 2	 2	 2	 2	 2	 1	 2	 2	 1	  0.29	  0.00
106	22	18	v	 0	 1	 1	 3	 1	 2	 2	 1	 0	 1	 1	 1	  0.39	  0.00
107	22	18	v	 0	 1	 1	 3	 1	 2	 2	 1	 0	 1	 1	 1	  0.80	  0.00
108	22	18	v	 0	 1	 1	 3	 1	 2	 2	 1	 0	 1	 1	 1	  0.41	  0.00
109	22	18	v	 0	 1	 1	 1	 1	 2	 2	 1	 0	 1	 1	 1	  0.44	  0.00
110	22	18	v	 0	 1	 1	 2	 2	 2	 2	 2	 1	 2	 2	 1	  0.44	  0.00
111	22	18	v	 0	 1	 1	 3	 2	 2	 2	 2	 1	 2	 2	 1	  0.32	  0.00
112	22	18	v	 0	 1	 1	 2	 1	 2	 2	 1	 0	 1	 1	 1	  0.44	  0.00
113	22	18	v	 0	 1	 1	 2	 2	 2	 2	 1	 1	 2	 2	 1	  0.30	  0.00
114	22	18	v	 0	 1	 1	 3	 1	 2	 2	 1	 0	 1	 1	 1	  0.46	  0.00
115	22	18	v	 0	 1	 1	 1	 2	 2	 2	 2	 1	 2	 2	 1	  0.58	  0.00
116	22	18	v	 0	 1	 1	 3	 2	 2	 2	 2	 1	 2	 2	 1	  0.41	  0.00
117	22	18	v	 0	 1	 1	 1	 1	 2	 2	 2	 0	 1	 1	 1	  0.60	  0.00
118	22	18	v	 0	 1	 1	 1	 1	 2	 2	 2	 0	 1	 1	 1	  0.49	  0.00
119	22	18	v	 0	 1	 1	 1	 2	 2	 2	 2	 1	 2	 2	 1	  0.30	  0.00
120	22	18	v	 0	 1	 1	 3	 1	 2	 2	 2	 0	 1	 1	 1	  0.36	  0.00
121	22	18	v	 0	 1	 1	 3	 2	 2	 2	 1	 1	 2	 2	 1	  0.32	  0.00
122	22	18	v	 0	 1	 1	 1	 2	 2	 2	 2	 1	 2	 2	 1	  0.41	  0.00
123	22	18	v	 0	 1	 1	 1	 1	 2	 2	 2	 0	 1	 1	 1	  0.24	  0.00
124	22	18	v	 0	 1	 1	 3	 1	 2	 2	 2	 0	 1	 1	 1	  0.41	  0.00
125	22	18	v	 0	 1	 1	 1	 1	 2	 2	 2	 0	 1	 1	 1	  0.38	  0.00
126	22	18	v	 0	 1	 1	 1	 2	 2	 2	 1	 1	 2	 2	 1	  0.34	  0.00
127	22	18	v	 0	 1	 1	 1	 2	 2	 2	 1	 1	 2	 2	 1	  0.48	  0.00
128	22	18	v	 0	 1	 1	 2	 2	 2	 2	 1	 1	 2	 2	 1	  0.37	  0.00
129	22	18	v	 0	 1	 1	 2	 1	 2	 2	 2	 0	 1	 1	 1	  0.31	  0.00
130	22	18	v	 0	 1	 1	 1	 2	 2	 2	 1	 1	 2	 2	 1	  0.38	  0.00
131	22	18	v	 0	 1	 1	 2	 1	 2	 2	 2	 0	 1	 1	 1	  0.30	  0.00
132	22	18	v	 0	 1	 1	 2	 2	 2	 2	 1	 1	 2	 2	 1	  0.34	  0.00
133	22	18	v	 0	 1	 1	 3	 2	 2	 2	 1	 1	 2	 2	 1	  0.43	  0.00
134	22	18	v	 0	 1	 1	 1	 1	 2	 2	 1	 0	 1	 1	 1	  0.35	  0.00
135	22	18	v	 0	 1	 1	 3	 1	 2	 2	 2	 0	 1	 1	 1	  0.64	  0.00
136	22	18	v	 0	 1	 1	 2	 2	 2	 2	 1	 1	 2	 2	 1	  0.33	  0.00
137	22	18	v	 0	 1	 1	 2	 1	 2	 2	 2	 0	 1	 1	 1	  0.60	  0.00
138	22	18	v	 0	 1	 1	 3	 2	 2	 2	 2	 1	 2	 2	 1	  0.47	  0.00
139	22	18	v	 0	 1	 1	 3	 1	 2	 2	 1	 0	 1	 1	 1	  0.29	  0.00
140	22	18	v	 0	 1	 1	 1	 1	 2	 2	 2	 0	 1	 1	 1	  0.47	  0.00
141	22	18	v	 0	 1	 1	 3	 1	 2	 2	 2	 0	 1	 1	 1	  0.67	  0.00
142	22	18	v	 0	 1	 1	 2	 2	 2	 2	 1	 1	 2	 2	 1	  0.28	  0.00
143	22	18	v	 0	 1	 1	 1	 1	 2	 2	 2	 0	 1	 1	 1	  0.35	  0.00
144	22	18	v	 0	 1	 1	 2	 1	 2	 2	 2	 0	 1	 1	 1	  0.40	  0.00
145	22	18	v	 0	 1	 1	 2	 1	 2	 2	 1	 0	 1	 1	 1	  0.44	  0.00
146	22	18	v	 0	 1	 1	 1	 2	 2	 2	 1	 1	 2	 2	 1	  0.30	  0.00
147	22	18	v	 0	 1	 1	 2	 2	 2	 2	 2	 1	 2	 1	 0	  0.37	  0.00
148	22	18	v	 0	 1	 1	 2	 1	 2	 2	 1	 0	 1	 1	 1	  0.35	  0.00
149	22	18	v	 0	 1	 1	 3	 1	 2	 2	 2	 0	 1	 1	 1	  0.36	  0.00
150	22	18	v	 0	 1	 1	 3	 2	 2	 2	 2	 1	 2	 2	 1	  0.35	  0.00
151	22	18	v	 0	 1	 1	 2	 1	 2	 2	 1	 0	 1	 1	 1	  0.42	  0.00
152	22	18	v	 0	 1	 1	 3	 2	 2	 2	 1	 1	 2	 2	 1	  0.28	  0.00
153	22	18	v	 0	 1	 1	 2	 2	 2	 2	 2	 1	 2	 2	 1	  0.46	  0.00
154	22	18	v	 0	 1	 1	 2	 2	 2	 2	 2	 1	 2	 2	 1	  0.41	  0.00
155	22	18	v	 0	 1	 1	 2	 1	 2	 2	 2	 0	 1	 1	 1	  0.36	  0.00
156	22	18	v	 0	 1	 1	 2	 2	 2	 2	 1	 1	 2	 2	 1	  0.33	  0.00
157	22	18	v	 0	 1	 1	 3	 2	 2	 2	 1	 1	 2	 2	 1	  0.47	  0.00
158	22	18	v	 0	 1	 1	 2	 1	 2	 2	 1	 0	 1	 1	 1	  0.39	  0.00
159	22	18	v	 0	 1	 1	 1	 2	 2	 2	 2	 1	 2	 2	 1	  0.35	  0.00
160	22	18	v	 0	 1	 1	 2	 1	 2	 2	 2	 0	 1	 1	 1	  0.34	  0.00
161	22	18	v	 0	 1	 1	 1	 1	 2	 2	 2	 0	 1	 1	 1	  0.39	  0.00
162	22	18	v	 0	 1	 1	 1	 2	 2	 2	 1	 1	 2	 2	 1	  0.29	  0.00
163	22	18	v	 0	 1	 1	 3	 1	 2	 2	 2	 0	 1	 1	 1	  0.43	  0.00
164	22	18	v	 0	 1	 1	 2	 2	 2	 2	 2	 1	 2	 2	 1	  0.37	  0.00
165	22	18	v	 0	 1	 1	 1	 2	 2	 2	 2	 1	 2	 2	 1	  0.31	  0.00
166	22	18	v	 0	 1	 1	 3	 1	 2	 2	 1	 0	 1	 1	 1	  0.38	  0.00
167	22	18	v	 0	 1	 1	 1	 2	 2	 2	 1	 1	 2	 2	 1	  0.31	  0.00
168	22	18	v	 0	 1	 1	 3	 2	 2	 2	 1	 1	 2	 2	 1	  0.43	  0.00
169	22	18	v	 0	 1	 1	 3	 2	 2	 2	 1	 1	 2	 2	 1	  0.44	  0.00
170	22	18	v	 0	 1	 1	 3	 2	 2	 2	 2	 1	 2	 2	 1	  0.55	  0.00
171	22	18	v	 0	 1	 1	 2	 1	 2	 2	 1	 0	 1	 1	 1	  0.30	  0.00
172	22	18	v	 0	 1	 1	 2	 1	 2	 2	 2	 0	 1	 1	 1	  0.51	  0.00
173	22	18	v	 0	 1	 1	 3	 2	 2	 2	 1	 1	 2	 2	 1	  0.35	  0.00
174	22	18	v	 0	 1	 1	 2	 1	 2	 2	 1	 0	 1	 1	 1	  0.42	  0.00
175	22	18	v	 0	 1	 1	 1	 2	 2	 2	 1	 1	 2	 2	 1	  0.35	  0.00
176	22	18	v	 0	 1	 1	 1	 1	 2	 2	 1	 0	 1	 1	 1	  0.34	  0.00
177	22	18	v	 0	 1	 1	 3	 2	 2	 2	 2	 1	 2	 2	 1	  0.33	  0.00
178	22	18	v	 0	 1	 1	 3	 1	 2	 2	 2	 0	 1	 1	 1	  0.35	  0.00
179	22	18	v	 0	 1	 1	 3	 2	 2	 2	 2	 1	 2	 2	 1	  0.28	  0.00
180	22	18	v	 0	 1	 1	 1	 1	 2	 2	 1	 0	 1	 1	 1	  0.32	  0.00
181	22	18	v	 0	 1	 1	 3	 2	 2	 2	 1	 1	 2	 2	 1	  0.32	  0.00
182	22	18	v	 0	 1	 1	 1	 2	 2	 2	 2	 1	 2	 1	 0	  0.22	  0.00
183	22	18	v	 0	 1	 1	 3	 1	 2	 2	 1	 0	 1	 1	 1	  0.40	  0.00
184	22	18	v	 0	 1	 1	 1	 2	 2	 2	 2	 1	 2	 2	 1	  0.27	  0.00
185	22	18	v	 0	 1	 1	 1	 1	 2	 2	 2	 0	 1	 1	 1	  0.34	  0.00
186	22	18	v	 0	 1	 1	 2	 2	 2	 2	 1	 1	 2	 2	 1	  0.27	  0.00
187	22	18	v	 0	 1	 1	 2	 1	 2	 2	 2	 0	 1	 1	 1	  0.31	  0.00
188	22	18	v	 0	 1	 1	 1	 2	 2	 2	 2	 1	 2	 2	 1	  0.34	  0.00
189	22	18	v	 0	 1	 1	 1	 1	 2	 2	 1	 0	 1	 1	 1	  0.30	  0.00
190	22	18	v	 0	 1	 1	 3	 1	 2	 2	 2	 0	 1	 1	 1	  0.45	  0.00
191	22	18	v	 0	 1	 1	 1	 2	 2	 2	 1	 1	 2	 2	 1	  0.30	  0.00
192	22	18	v	 0	 1	 2	 2	 1	 1	 1	 2	 1	 1	 1	 1	  0.30	  0.00
193	22	18	v	 0	 1	 2	 1	 2	 1	 1	 2	 0	 2	 2	 1	  0.40	  0.00
194	22	18	v	 0	 1	 2	 2	 2	 1	 1	 1	 0	 2	 2	 1	  0.86	  0.00
195	22	18	v	 0	 1	 2	 1	 1	 1	 1	 1	 1	 1	 1	 1	  0.32	  0.00
196	22	18	v	 0	 1	 2	 2	 2	 1	 1	 1	 0	 2	 2	 1	  0.29	  0.00
197	22	18	v	 0	 1	 2	 1	 1	 1	 1	 1	 1	 1	 1	 1	  0.35	  0.00
198	22	18	v	 0	 1	 2	 2	 2	 1	 1	 1	 0	 2	 2	 1	  0.43	  0.00
199	22	18	v	 0	 1	 2	 2	 2	 1	 1	 1	 0	 2	 2	 1	  0.38	  0.00
200	22	18	v	 0	 1	 2	 1	 2	 1	 1	 1	 0	 2	 2	 1	  0.45	  0.00
201	22	18	v	 0	 1	 2	 2	 2	 1	 1	 2	 0	 2	 1	 0	  0.36	  0.00
202	22	18	v	 0	 1	 2	 2	 1	 1	 1	 1	 1	 1	 1	 1	  0.35	  0.00
203	22	18	v	 0	 1	 2	 1	 1	 1	 1	 1	 1	 1	 2	 0	  0.27	  0.00
204	22	18	v	 0	 1	 2	 2	 1	 1	 1	 2	 1	 1	 1	 1	  0.34	  0.00
205	22	18	v	 0	 1	 2	 2	 2	 1	 1	 1	 0	 2	 2	 1	  0.39	  0.00
206	22	18	v	 0	 1	 2	 1	 2	 1	 1	 1	 0	 2	 2	 1	  0.45	  0.00
207	22	18	v	 0	 1	 2	 1	 1	 1	 1	 2	 1	 1	 1	 1	  0.33	  0.00
208	22	18	v	 0	 1	 2	 2	 2	 1	 1	 2	 0	 2	 2	 1	  0.30	  0.00
209	22	18	v	 0	 1	 2	 1	 2	 1	 1	 2	 0	 2	 2	 1	  0.41	  0.00
210	22	18	v	 0	 1	 2	 3	 2	 1	 1	 1	 0	 2	 2	 1	  0.38	  0.00
211	22	18	v	 0	 1	 2	 1	 2	 1	 1	 1	 0	 2	 2	 1	  0.35	  0.00
212	22	18	v	 0	 1	 2	 2	 1	 1	 1	 2	 1	 1	 1	 1	  0.38	  0.00
213	22	18	v	 0	 1	 2	 1	 2	 1	 1	 2	 0	 2	 2	 1	  0.30	  0.00
214	22	18	v	 0	 1	 2	 1	 2	 1	 1	 2	 0	 2	 2	 1	  0.41	  0.00
215	22	18	v	 0	 1	 2	 3	 1	 1	 1	 2	 1	 1	 1	 1	  0.30	  0.00
216	22	18	v	 0	 1	 2	 1	 2	 1	 1	 2	 0	 2	 2	 1	  0.29	  0.00
217	22	18	v	 0	 1	 2	 3	 2	 1	 1	 2	 0	 2	 2	 1	  0.36	  0.00
218	22	18	v	 0	 1	 2	 2	 1	 1	 1	 2	 1	 1	 1	 1	  0.40	  0.00
219	22	18	v	 0	 1	 2	 2	 1	 1	 1	 1	 1	 1	 1	 1	  0.40	  0.00
220	22	18	v	 0	 1	 2	 3	 1	 1	 1	 2	 1	 1	 1	 1	  0.41	  0.00
221	22	18	v	 0	 1	 2	 3	 1	 1	 1	 2	 1	 1	 1	 1	  0.41	  0.00
222	22	18	v	 0	 1	 2	 2	 2	 1	 1	 2	 0	 2	 2	 1	  0.37	  0.00
223	22	18	v	 0	 1	 2	 2	 2	 1	 1	 2	 0	 2	 2	 1	  0.41	  0.00
224	22	18	v	 0	 1	 2	 1	 2	 1	 1	 1	 0	 2	 2	 1	  0.45	  0.00
225	22	18	v	 0	 1	 2	 3	 1	 1	 1	 1	 1	 1	 1	 1	  0.41	  0.00
226	22	18	v	 0	 1	 2	 3	 2	 1	 1	 2	 0	 2	 2	 1	  0.31	  0.00
227	22	18	v	 0	 1	 2	 1	 1	 1	 1	 1	 1	 1	 1	 1	  0.33	  0.00
228	22	18	v	 0	 1	 2	 3	 2	 1	 1	 1	 0	 2	 2	 1	  0.29	  0.00
229	22	18	v	 0	 1	 2	 2	 2	 1	 1	 2	 0	 2	 2	 1	  0.38	  0.00
230	22	18	v	 0	 1	 2	 2	 1	 1	 1	 1	 1	 1	 1	 1	  0.42	  0.00
231	22	18	v	 0	 1	 2	 3	 1	 1	 1	 1	 1	 1	 1	 1	  0.44	  0.00
232	22	18	v	 0	 1	 2	 3	 2	 1	 1	 2	 0	 2	 2	 1	  0.41	  0.00
233	22	18	v	 0	 1	 2	 3	 1	 1	 1	 1	 1	 1	 1	 1	  0.61	  0.00
234	22	18	v	 0	 1	 2	 2	 1	 1	 1	 1	 1	 1	 1	 1	  0.44	  0.00
235	22	18	v	 0	 1	 2	 2	 2	 1	 1	 1	 0	 2	 2	 1	  0.31	  0.00
236	22	18	v	 0	 1	 2	 2	 2	 1	 1	 2	 0	 2	 2	 1	  0.48	  0.00
237	22	18	v	 0	 1	 2	 3	 1	 1	 1	 2	 1	 1	 1	 1	  0.37	  0.00
238	22	18	v	 0	 1	 2	 1	 2	 1	 1	 2	 0	 2	 2	 1	  0.31	  0.00
239	22	18	v	 0	 1	 2	 3	 2	 1	 1	 2	 0	 2	 2	 1	  0.39	  0.00
240	22	18	v	 0	 1	 2	 1	 2	 1	 1	 1	 0	 2	 2	 1	  0.35	  0.00
241	22	18	v	 0	 1	 2	 3	 2	 1	 1	 2	 0	 2	 2	 1	  0.38	  0.00
242	22	18	v	 0	 1	 2	 2	 1	 1	 1	 2	 1	 1	 1	 1	  0.30	  0.00
243	22	18	v	 0	 1	 2	 3	 1	 1	 1	 1	 1	 1	 1	 1	  0.41	  0.00
244	22	18	v	 0	 1	 2	 1	 2	 1	 1	 1	 0	 2	 2	 1	  0.36	  0.00
245	22	18	v	 0	 1	 2	 2	 2	 1	 1	 2	 0	 2	 2	 1	  0.25	  0.00
246	22	18	v	 0	 1	 2	 1	 2	 1	 1	 2	 0	 2	 2	 1	  0.34	  0.00
247	22	18	v	 0	 1	 2	 2	 2	 1	 1	 2	 0	 2	 2	 1	  0.37	  0.00
248	22	18	v	 0	 1	 2	 2	 1	 1	 1	 2	 1	 1	 1	 1	  0.33	  0.00
249	22	18	v	 0	 1	 2	 1	 1	 1	 1	 1	 1	 1	 1	 1	  0.35	  0.00
250	22	18	v	 0	 1	 2	 2	 1	 1	 1	 2	 1	 1	 1	 1	  0.34	  0.00
251	22	18	v	 0	 1	 2	 2	 1	 1	 1	 1	 1	 1	 1	 1	  0.35	  0.00
252	22	18	v	 0	 1	 2	 3	 2	 1	 1	 2	 0	 2	 2	 1	  0.38	  0.00
253	22	18	v	 0	 1	 2	 1	 1	 1	 1	 2	 1	 1	 1	 1	  0.38	  0.00
254	22	18	v	 0	 1	 2	 2	 1	 1	 1	 1	 1	 1	 1	 1	  0.43	  0.00
255	22	18	v	 0	 1	 2	 3	 2	 1	 1	 1	 0	 2	 2	 1	  0.46	  0.00
256	22	18	v	 0	 1	 2	 1	 2	 1	 1	 2	 0	 2	 2	 1	  0.38	  0.00
257	22	18	v	 0	 1	 2	 1	 1	 1	 1	 2	 1	 1	 1	 1	  0.35	  0.00
258	22	18	v	 0	 1	 2	 3	 2	 1	 1	 2	 0	 2	 2	 1	  0.33	  0.00
259	22	18	v	 0	 1	 2	 1	 1	 1	 1	 2	 1	 1	 1	 1	  0.46	  0.00
260	22	18	v	 0	 1	 2	 3	 2	 1	 1	 1	 0	 2	 2	 1	  0.31	  0.00
261	22	18	v	 0	 1	 2	 3	 1	 1	 1	 2	 1	 1	 1	 1	  0.36	  0.00
262	22	18	v	 0	 1	 2	 3	 1	 1	 1	 1	 1	 1	 1	 1	  0.78	  0.00
263	22	18	v	 0	 1	 2	 3	 2	 1	 1	 1	 0	 2	 2	 1	  0.36	  0.00
264	22	18	v	 0	 1	 2	 3	 1	 1	 1	 1	 1	 1	 1	 1	  0.56	  0.00
265	22	18	v	 0	 1	 2	 2	 1	 1	 1	 1	 1	 1	 1	 1	  0.40	  0.00
266	22	18	v	 0	 1	 2	 3	 2	 1	 1	 1	 0	 2	 2	 1	  0.31	  0.00
267	22	18	v	 0	 1	 2	 3	 1	 1	 1	 1	 1	 1	 1	 1	  0.35	  0.00
268	22	18	v	 0	 1	 2	 1	 1	 1	 1	 1	 1	 1	 2	 0	  0.46	  0.00
269	22	18	v	 0	 1	 2	 1	 1	 1	 1	 2	 1	 1	 1	 1	  0.36	  0.00
270	22	18	v	 0	 1	 2	 2	 1	 1	 1	 1	 1	 1	 1	 1	  0.39	  0.00
271	22	18	v	 0	 1	 2	 2	 2	 1	 1	 1	 0	 2	 2	 1	  0.39	  0.00
272	22	18	v	 0	 1	 2	 3	 1	 1	 1	 1	 1	 1	 1	 1	  0.47	  0.00
273	22	18	v	 0	 1	 2	 1	 1	 1	 1	 1	 1	 1	 1	 1	  0.34	  0.00
274	22	18	v	 0	 1	 2	 2	 2	 1	 1	 1	 0	 2	 2	 1	  0.38	  0.00
275	22	18	v	 0	 1	 2	 1	 1	 1	 1	 2	 1	 1	 1	 1	  0.37	  0.00
276	22	18	v	 0	 1	 2	 1	 1	 1	 1	 2	 1	 1	 1	 1	  0.38	  0.00
277	22	18	v	 0	 1	 2	 3	 2	 1	 1	 1	 0	 2	 2	 1	  0.33	  0.00
278	22	18	v	 0	 1	 2	 1	 1	 1	 1	 2	 1	 1	 1	 1	  0.46	  0.00
279	22	18	v	 0	 1	 2	 3	 2	 1	 1	 2	 0	 2	 2	 1	  0.32	  0.00
280	22	18	v	 0	 1	 2	 1	 2	 1	 1	 1	 0	 2	 2	 1	  0.44	  0.00
281	22	18	v	 0	 1	 2	 3	 1	 1	 1	 2	 1	 1	 1	 1	  0.38	  0.00
282	22	18	v	 0	 1	 2	 3	 1	 1	 1	 2	 1	 1	 1	 1	  0.39	  0.00
283	22	18	v	 0	 1	 2	 1	 2	 1	 1	 1	 0	 2	 2	 1	  0.32	  0.00
284	22	18	v	 0	 1	 2	 2	 1	 1	 1	 2	 1	 1	 1	 1	  0.29	  0.00
285	22	18	v	 0	 1	 2	 3	 2	 1	 1	 1	 0	 2	 2	 1	  0.31	  0.00
286	22	18	v	 0	 1	 2	 3	 1	 1	 1	 2	 1	 1	 1	 1	  0.30	  0.00
287	22	18	v	 0	 1	 2	 1	 1	 1	 1	 1	 1	 1	 1	 1	  0.33	  0.00
288	22	18	v	 0	 1	 3	 3	 2	 2	 2	 2	 1	 2	 2	 1	  0.40	  0.00
289	22	18	v	 0	 1	 3	 1	 1	 2	 2	 2	 0	 1	 1	 1	  0.29	  0.00
290	22	18	v	 0	 1	 3	 1	 2	 2	 2	 2	 1	 2	 2	 1	  0.29	  0.00
291	22	18	v	 0	 1	 3	 3	 1	 2	 2	 1	 0	 1	 1	 1	  0.29	  0.00
292	22	18	v	 0	 1	 3	 3	 2	 2	 2	 2	 1	 2	 2	 1	  0.27	  0.00
293	22	18	v	 0	 1	 3	 1	 1	 2	 2	 1	 0	 1	 1	 1	  0.32	  0.00
294	22	18	v	 0	 1	 3	 3	 1	 2	 2	 1	 0	 1	 2	 0	  0.22	  0.00
295	22	18	v	 0	 1	 3	 2	 1	 2	 2	 1	 0	 1	 1	 1	  0.32	  0.00
296	22	18	v	 0	 1	 3	 1	 2	 2	 2	 1	 1	 2	 2	 1	  0.33	  0.00
297	22	18	v	 0	 1	 3	 1	 2	 2	 2	 1	 1	 2	 2	 1	  0.41	  0.00
298	22	18	v	 0	 1	 3	 1	 1	 2	 2	 2	 0	 1	 1	 1	  0.33	  0.00
299	22	18	v	 0	 1	 3	 1	 1	 2	 2	 2	 0	 1	 1	 1	  0.36	  0.00
300	22	18	v	 0	 1	 3	 1	 1	 2	 2	 1	 0	 1	 1	 1	  0.33	  0.00
301	22	18	v	 0	 1	 3	 2	 1	 2	 2	 2	 0	 1	 2	 0	  0.26	  0.00
302	22	18	v	 0	 1	 3	 3	 2	 2	 2	 1	 1	 2	 2	 1	  0.42	  0.00
303	22	18	v	 0	 1	 3	 3	 2	 2	 2	 1	 1	 2	 2	 1	  0.39	  0.00
304	22	18	v	 0	 1	 3	 2	 2	 2	 2	 2	 1	 2	 2	 1	  0.38	  0.00
305	22	18	v	 0	 1	 3	 1	 1	 2	 2	 1	 0	 1	 1	 1	  0.30	  0.00
306	22	18	v	 0	 1	 3	 2	 1	 2	 2	 2	 0	 1	 1	 1	  0.30	  0.00
307	22	18	v	 0	 1	 3	 1	 2	 2	 2	 2	 1	 2	 2	 1	  0.36	  0.00
308	22	18	v	 0	 1	 3	 3	 2	 2	 2	 2	 1	 2	 2	 1	  0.59	  0.00
309	22	18	v	 0	 1	 3	 1	 1	 2	 2	 2	 0	 1	 1	 1	  0.32	  0.00
310	22	18	v	 0	 1	 3	 3	 2	 2	 2	 2	 1	 2	 2	 1	  0.34	  0.00
311	22	18	v	 0	 1	 3	 3	 1	 2	 2	 1	 0	 1	 1	 1	  0.31	  0.00
312	22	18	v	 0	 1	 3	 2	 1	 2	 2	 1	 0	 1	 1	 1	  0.42	  0.00
313	22	18	v	 0	 1	 3	 3	 2	 2	 2	 1	 1	 2	 2	 1	  0.29	  0.00
314	22	18	v	 0	 1	 3	 3	 1	 2	 2	 2	 0	 1	 1	 1	  0.34	  0.00
315	22	18	v	 0	 1	 3	 3	 2	 2	 2	 2	 1	 2	 2	 1	  0.36	  0.00
316	22	18	v	 0	 1	 3	 2	 2	 2	 2	 1	 1	 2	 2	 1	  0.41	  0.00
317	22	18	v	 0	 1	 3	 3	 1	 2	 2	 1	 0	 1	 1	 1	  0.35	  0.00
318	22	18	v	 0	 1	 3	 2	 2	 2	 2	 2	 1	 2	 2	 1	  0.37	  0.00
319	22	18	v	 0	 1	 3	 1	 2	 2	 2	 2	 1	 2	 2	 1	  0.46	  0.00
320	22	18	v	 0	 1	 3	 1	 2	 2	 2	 1	 1	 2	 2	 1	  0.40	  0.00
321	22	18	v	 0	 1	 3	 1	 1	 2	 2	 2	 0	 1	 1	 1	  0.38	  0.00
322	22	18	v	 0	 1	 3	 2	 2	 2	 2	 2	 1	 2	 2	 1	  0.36	  0.00
323	22	18	v	 0	 1	 3	 1	 2	 2	 2	 2	 1	 2	 2	 1	  0.45	  0.00
324	22	18	v	 0	 1	 3	 2	 2	 2	 2	 1	 1	 2	 2	 1	  0.58	  0.00
325	22	18	v	 0	 1	 3	 3	 1	 2	 2	 2	 0	 1	 1	 1	  0.30	  0.00
326	22	18	v	 0	 1	 3	 1	 1	 2	 2	 1	 0	 1	 1	 1	  0.42	  0.00
327	22	18	v	 0	 1	 3	 3	 2	 2	 2	 2	 1	 2	 2	 1	  0.36	  0.00
328	22	18	v	 0	 1	 3	 2	 1	 2	 2	 1	 0	 1	 1	 1	  0.33	  0.00
329	22	18	v	 0	 1	 3	 3	 1	 2	 2	 2	 0	 1	 1	 1	  0.42	  0.00
330	22	18	v	 0	 1	 3	 2	 1	 2	 2	 2	 0	 1	 1	 1	  0.39	  0.00
331	22	18	v	 0	 1	 3	 2	 2	 2	 2	 2	 1	 2	 2	 1	  0.26	  0.00
332	22	18	v	 0	 1	 3	 2	 1	 2	 2	 2	 0	 1	 1	 1	  0.31	  0.00
333	22	18	v	 0	 1	 3	 2	 2	 2	 2	 1	 1	 2	 2	 1	  0.31	  0.00
334	22	18	v	 0	 1	 3	 2	 1	 2	 2	 2	 0	 1	 1	 1	  0.31	  0.00
335	22	18	v	 0	 1	 3	 2	 1	 2	 2	 2	 0	 1	 2	 0	  0.24	  0.00
336	22	18	v	 0	 1	 3	 3	 2	 2	 2	 1	 1	 2	 2	 1	  0.41	  0.00
337	22	18	v	 0	 1	 3	 3	 1	 2	 2	 2	 0	 1	 1	 1	  0.32	  0.00
338	22	18	v	 0	 1	 3	 2	 2	 2	 2	 2	 1	 2	 2	 1	  0.39	  0.00
339	22	18	v	 0	 1	 3	 2	 2	 2	 2	 1	 1	 2	 1	 0	  0.28	  0.00
340	22	18	v	 0	 1	 3	 3	 2	 2	 2	 1	 1	 2	 2	 1	  0.30	  0.00
341	22	18	v	 0	 1	 3	 2	 1	 2	 2	 1	 0	 1	 1	 1	  0.32	  0.00
342	22	18	v	 0	 1	 3	 1	 1	 2	 2	 1	 0	 1	 1	 1	  0.41	  0.00
343	22	18	v	 0	 1	 3	 3	 1	 2	 2	 2	 0	 1	 1	 1	  0.42	  0.00
344	22	18	v	 0	 1	 3	 1	 2	 2	 2	 2	 1	 2	 2	 1	  0.36	  0.00
345	22	18	v	 0	 1	 3	 2	 2	 2	 2	 1	 1	 2	 2	 1	  0.38	  0.00
346	22	18	v	 0	 1	 3	 1	 2	 2	 2	 1	 1	 2	 2	 1	  0.37	  0.00
347	22	18	v	 0	 1	 3	 2	 2	 2	 2	 2	 1	 2	 2	 1	  0.41	  0.00
348	22	18	v	 0	 1	 3	 3	 1	 2	 2	 1	 0	 1	 1	 1	  0.40	  0.00
349	22	18	v	 0	 1	 3	 2	 1	 2	 2	 1	 0	 1	 1	 1	  0.44	  0.00
350	22	18	v	 0	 1	 3	 3	 1	 2	 2	 1	 0	 1	 1	 1	  0.36	  0.00
351	22	18	v	 0	 1	 3	 2	 2	 2	 2	 1	 1	 2	 2	 1	  0.39	  0.00
352	22	18	v	 0	 1	 3	 2	 2	 2	 2	 2	 1	 2	 2	 1	  0.37	  0.00
353	22	18	v	 0	 1	 3	 2	 1	 2	 2	 1	 0	 1	 1	 1	  0.33	  0.00
354	22	18	v	 0	 1	 3	 3	 2	 2	 2	 1	 1	 2	 2	 1	  0.32	  0.00
355	22	18	v	 0	 1	 3	 1	 2	 2	 2	 2	 1	 2	 2	 1	  0.38	  0.00
356	22	18	v	 0	 1	 3	 2	 2	 2	 2	 1	 1	 2	 2	 1	  0.36	  0.00
357	22	18	v	 0	 1	 3	 2	 1	 2	 2	 2	 0	 1	 1	 1	  0.35	  0.00
358	22	18	v	 0	 1	 3	 1	 2	 2	 2	 1	 1	 2	 2	 1	  0.37	  0.00
359	22	18	v	 0	 1	 3	 3	 2	 2	 2	 1	 1	 2	 2	 1	  0.40	  0.00
360	22	18	v	 0	 1	 3	 1	 2	 2	 2	 1	 1	 2	 2	 1	  0.42	  0.00
361	22	18	v	 0	 1	 3	 3	 1	 2	 2	 1	 0	 1	 1	 1	  0.40	  0.00
362	22	18	v	 0	 1	 3	 2	 2	 2	 2	 1	 1	 2	 2	 1	  0.34	  0.00
363	22	18	v	 0	 1	 3	 1	 1	 2	 2	 2	 0	 1	 1	 1	  0.38	  0.00
364	22	18	v	 0	 1	 3	 3	 2	 2	 2	 1	 1	 2	 2	 1	  0.32	  0.00
365	22	18	v	 0	 1	 3	 1	 2	 2	 2	 2	 1	 2	 2	 1	  0.46	  0.00
366	22	18	v	 0	 1	 3	 2	 1	 2	 2	 2	 0	 1	 1	 1	  0.38	  0.00
367	22	18	v	 0	 1	 3	 3	 2	 2	 2	 2	 1	 2	 2	 1	  0.43	  0.00
368	22	18	v	 0	 1	 3	 1	 2	 2	 2	 2	 1	 2	 1	 0	  0.32	  0.00
369	22	18	v	 0	 1	 3	 1	 1	 2	 2	 2	 0	 1	 1	 1	  0.45	  0.00
370	22	18	v	 0	 1	 3	 1	 1	 2	 2	 1	 0	 1	 2	 0	  0.26	  0.00
371	22	18	v	 0	 1	 3	 3	 1	 2	 2	 1	 0	 1	 1	 1	  0.36	  0.00
372	22	18	v	 0	 1	 3	 1	 2	 2	 2	 1	 1	 2	 2	 1	  0.38	  0.00
373	22	18	v	 0	 1	 3	 3	 2	 2	 2	 2	 1	 2	 2	 1	  0.44	  0.00
374	22	18	v	 0	 1	 3	 3	 1	 2	 2	 2	 0	 1	 1	 1	  0.39	  0.00
375	22	18	v	 0	 1	 3	 1	 1	 2	 2	 1	 0	 1	 1	 1	  0.41	  0.00
376	22	18	v	 0	 1	 3	 2	 1	 2	 2	 1	 0	 1	 1	 1	  0.41	  0.00
377	22	18	v	 0	 1	 3	 1	 1	 2	 2	 1	 0	 1	 1	 1	  0.43	  0.00
378	22	18	v	 0	 1	 3	 2	 2	 2	 2	 2	 1	 2	 2	 1	  0.35	  0.00
379	22	18	v	 0	 1	 3	 3	 1	 2	 2	 2	 0	 1	 1	 1	  0.35	  0.00
380	22	18	v	 0	 1	 3	 1	 1	 2	 2	 2	 0	 1	 1	 1	  0.41	  0.00
381	22	18	v	 0	 1	 3	 3	 1	 2	 2	 2	 0	 1	 1	 1	  0.42	  0.00
382	22	18	v	 0	 1	 3	 2	 1	 2	 2	 1	 0	 1	 1	 1	  0.40	  0.00
383	22	18	v	 0	 1	 3	 1	 2	 2	 2	 1	 1	 2	 2	 1	  0.42	  0.00
