00	63	19	v	 1	 2	 0	 3	 1	 2	 1	 2	 0	 1	 1	 1	  0.58	  0.00
01	63	19	v	 1	 2	 0	 1	 1	 2	 1	 2	 0	 1	 1	 1	  0.40	  0.00
02	63	19	v	 1	 2	 0	 2	 2	 2	 1	 2	 1	 2	 2	 1	  0.36	  0.00
03	63	19	v	 1	 2	 0	 2	 2	 2	 1	 1	 1	 2	 2	 1	  0.37	  0.00
04	63	19	v	 1	 2	 0	 2	 2	 2	 1	 2	 1	 2	 2	 1	  0.38	  0.00
05	63	19	v	 1	 2	 0	 1	 2	 2	 1	 1	 1	 2	 2	 1	  0.36	  0.00
06	63	19	v	 1	 2	 0	 2	 1	 2	 1	 2	 0	 1	 1	 1	  0.41	  0.00
07	63	19	v	 1	 2	 0	 3	 2	 2	 1	 1	 1	 2	 2	 1	  0.33	  0.00
08	63	19	v	 1	 2	 0	 1	 2	 2	 1	 2	 1	 2	 2	 1	  0.34	  0.00
09	63	19	v	 1	 2	 0	 3	 1	 2	 1	 2	 0	 1	 1	 1	  0.42	  0.00
10	63	19	v	 1	 2	 0	 2	 2	 2	 1	 2	 1	 2	 2	 1	  0.37	  0.00
11	63	19	v	 1	 2	 0	 2	 2	 2	 1	 1	 1	 2	 2	 1	  0.41	  0.00
12	63	19	v	 1	 2	 0	 3	 1	 2	 1	 1	 0	 1	 1	 1	  0.39	  0.00
13	63	19	v	 1	 2	 0	 2	 1	 2	 1	 1	 0	 1	 1	 1	  0.36	  0.00
14	63	19	v	 1	 2	 0	 1	 2	 2	 1	 1	 1	 2	 2	 1	  0.35	  0.00
15	63	19	v	 1	 2	 0	 2	 1	 2	 1	 1	 0	 1	 1	 1	  0.32	  0.00
16	63	19	v	 1	 2	 0	 3	 2	 2	 1	 2	 1	 2	 2	 1	  0.41	  0.00
17	63	19	v	 1	 2	 0	 1	 2	 2	 1	 2	 1	 2	 2	 1	  0.39	  0.00
18	63	19	v	 1	 2	 0	 2	 1	 2	 1	 1	 0	 1	 1	 1	  0.34	  0.00
19	63	19	v	 1	 2	 0	 3	 1	 2	 1	 2	 0	 1	 1	 1	  0.33	  0.00
20	63	19	v	 1	 2	 0	 2	 2	 2	 1	 1	 1	 2	 2	 1	  0.35	  0.00
21	63	19	v	 1	 2	 0	 1	 1	 2	 1	 1	 0	 1	 1	 1	  0.35	  0.00
22	63	19	v	 1	 2	 0	 1	 1	 2	 1	 2	 0	 1	 1	 1	  0.39	  0.00
23	63	19	v	 1	 2	 0	 3	 2	 2	 1	 1	 1	 2	 2	 1	  0.32	  0.00
24	63	19	v	 1	 2	 0	 2	 1	 2	 1	 1	 0	 1	 1	 1	  0.34	  0.00
25	63	19	v	 1	 2	 0	 1	 2	 2	 1	 2	 1	 2	 2	 1	  0.37	  0.00
26	63	19	v	 1	 2	 0	 2	 1	 2	 1	 1	 0	 1	 1	 1	  0.28	  0.00
27	63	19	v	 1	 2	 0	 2	 2	 2	 1	 1	 1	 2	 2	 1	  0.39	  0.00
28	63	19	v	 1	 2	 0	 3	 2	 2	 1	 2	 1	 2	 2	 1	  0.44	  0.00
29	63	19	v	 1	 2	 0	 1	 1	 2	 1	 2	 0	 1	 1	 1	  0.38	  0.00
30	63	19	v	 1	 2	 0	 2	 1	 2	 1	 2	 0	 1	 1	 1	  0.56	  0.00
31	63	19	v	 1	 2	 0	 1	 2	 2	 1	 1	 1	 2	 2	 1	  0.32	  0.00
32	63	19	v	 1	 2	 0	 3	 1	 2	 1	 2	 0	 1	 1	 1	  0.38	  0.00
33	63	19	v	 1	 2	 0	 3	 1	 2	 1	 2	 0	 1	 1	 1	  0.36	  0.00
34	63	19	v	 1	 2	 0	 1	 2	 2	 1	 2	 1	 2	 2	 1	  0.34	  0.00
35	63	19	v	 1	 2	 0	 3	 2	 2	 1	 1	 1	 2	 2	 1	  0.40	  0.00
36	63	19	v	 1	 2	 0	 3	 2	 2	 1	 1	 1	 2	 2	 1	  0.41	  0.00
37	63	19	v	 1	 2	 0	 1	 2	 2	 1	 1	 1	 2	 2	 1	  0.35	  0.00
38	63	19	v	 1	 2	 0	 2	 1	 2	 1	 1	 0	 1	 1	 1	  0.40	  0.00
39	63	19	v	 1	 2	 0	 2	 2	 2	 1	 1	 1	 2	 2	 1	  0.43	  0.00
40	63	19	v	 1	 2	 0	 3	 1	 2	 1	 1	 0	 1	 1	 1	  0.40	  0.00
41	63	19	v	 1	 2	 0	 2	 2	 2	 1	 1	 1	 2	 2	 1	  0.35	  0.00
42	63	19	v	 1	 2	 0	 3	 1	 2	 1	 1	 0	 1	 1	 1	  0.40	  0.00
43	63	19	v	 1	 2	 0	 3	 1	 2	 1	 1	 0	 1	 1	 1	  0.44	  0.00
44	63	19	v	 1	 2	 0	 3	 1	 2	 1	 2	 0	 1	 1	 1	  0.34	  0.00
45	63	19	v	 1	 2	 0	 1	 1	 2	 1	 1	 0	 1	 1	 1	  0.37	  0.00
46	63	19	v	 1	 2	 0	 3	 2	 2	 1	 2	 1	 2	 2	 1	  0.38	  0.00
47	63	19	v	 1	 2	 0	 2	 2	 2	 1	 2	 1	 2	 2	 1	  0.43	  0.00
48	63	19	v	 1	 2	 0	 2	 1	 2	 1	 2	 0	 1	 1	 1	  0.38	  0.00
49	63	19	v	 1	 2	 0	 3	 2	 2	 1	 1	 1	 2	 2	 1	  0.42	  0.00
50	63	19	v	 1	 2	 0	 1	 1	 2	 1	 2	 0	 1	 1	 1	  0.37	  0.00
51	63	19	v	 1	 2	 0	 1	 2	 2	 1	 2	 1	 2	 2	 1	  0.29	  0.00
52	63	19	v	 1	 2	 0	 1	 2	 2	 1	 1	 1	 2	 2	 1	  0.46	  0.00
53	63	19	v	 1	 2	 0	 1	 1	 2	 1	 1	 0	 1	 1	 1	  0.29	  0.00
54	63	19	v	 1	 2	 0	 3	 1	 2	 1	 1	 0	 1	 1	 1	  0.43	  0.00
55	63	19	v	 1	 2	 0	 1	 2	 2	 1	 1	 1	 2	 2	 1	  0.34	  0.00
56	63	19	v	 1	 2	 0	 3	 2	 2	 1	 2	 1	 2	 2	 1	  0.39	  0.00
57	63	19	v	 1	 2	 0	 2	 1	 2	 1	 1	 0	 1	 1	 1	  0.35	  0.00
58	63	19	v	 1	 2	 0	 1	 2	 2	 1	 2	 1	 2	 2	 1	  0.37	  0.00
59	63	19	v	 1	 2	 0	 2	 2	 2	 1	 1	 1	 2	 2	 1	  0.40	  0.00
60	63	19	v	 1	 2	 0	 2	 1	 2	 1	 2	 0	 1	 1	 1	  0.36	  0.00
61	63	19	v	 1	 2	 0	 1	 2	 2	 1	 2	 1	 2	 2	 1	  0.35	  0.00
62	63	19	v	 1	 2	 0	 3	 1	 2	 1	 1	 0	 1	 1	 1	  0.38	  0.00
63	63	19	v	 1	 2	 0	 2	 1	 2	 1	 2	 0	 1	 1	 1	  0.39	  0.00
64	63	19	v	 1	 2	 0	 1	 1	 2	 1	 1	 0	 1	 1	 1	  0.42	  0.00
65	63	19	v	 1	 2	 0	 3	 2	 2	 1	 1	 1	 2	 2	 1	  0.50	  0.00
66	63	19	v	 1	 2	 0	 2	 2	 2	 1	 2	 1	 2	 2	 1	  0.43	  0.00
67	63	19	v	 1	 2	 0	 1	 1	 2	 1	 1	 0	 1	 1	 1	  0.36	  0.00
68	63	19	v	 1	 2	 0	 3	 2	 2	 1	 2	 1	 2	 2	 1	  0.39	  0.00
69	63	19	v	 1	 2	 0	 3	 2	 2	 1	 1	 1	 2	 2	 1	  0.37	  0.00
70	63	19	v	 1	 2	 0	 1	 2	 2	 1	 1	 1	 2	 2	 1	  0.42	  0.00
71	63	19	v	 1	 2	 0	 1	 2	 2	 1	 1	 1	 2	 2	 1	  0.40	  0.00
72	63	19	v	 1	 2	 0	 1	 1	 2	 1	 1	 0	 1	 1	 1	  0.41	  0.00
73	63	19	v	 1	 2	 0	 1	 1	 2	 1	 1	 0	 1	 1	 1	  0.33	  0.00
74	63	19	v	 1	 2	 0	 2	 1	 2	 1	 2	 0	 1	 1	 1	  0.38	  0.00
75	63	19	v	 1	 2	 0	 3	 1	 2	 1	 1	 0	 1	 1	 1	  0.37	  0.00
76	63	19	v	 1	 2	 0	 3	 2	 2	 1	 2	 1	 2	 2	 1	  0.39	  0.00
77	63	19	v	 1	 2	 0	 1	 2	 2	 1	 2	 1	 2	 2	 1	  0.39	  0.00
78	63	19	v	 1	 2	 0	 2	 1	 2	 1	 2	 0	 1	 1	 1	  0.35	  0.00
79	63	19	v	 1	 2	 0	 1	 1	 2	 1	 2	 0	 1	 1	 1	  0.33	  0.00
80	63	19	v	 1	 2	 0	 1	 1	 2	 1	 2	 0	 1	 1	 1	  0.49	  0.00
81	63	19	v	 1	 2	 0	 3	 2	 2	 1	 2	 1	 2	 2	 1	  0.41	  0.00
82	63	19	v	 1	 2	 0	 2	 2	 2	 1	 1	 1	 2	 2	 1	  0.43	  0.00
83	63	19	v	 1	 2	 0	 3	 2	 2	 1	 2	 1	 2	 2	 1	  0.53	  0.00
84	63	19	v	 1	 2	 0	 2	 1	 2	 1	 2	 0	 1	 1	 1	  0.43	  0.00
85	63	19	v	 1	 2	 0	 1	 1	 2	 1	 2	 0	 1	 1	 1	  0.37	  0.00
86	63	19	v	 1	 2	 0	 2	 2	 2	 1	 2	 1	 2	 2	 1	  0.63	  0.00
87	63	19	v	 1	 2	 0	 3	 1	 2	 1	 1	 0	 1	 1	 1	  0.33	  0.00
88	63	19	v	 1	 2	 0	 3	 2	 2	 1	 1	 1	 2	 2	 1	  0.44	  0.00
89	63	19	v	 1	 2	 0	 2	 2	 2	 1	 2	 1	 2	 2	 1	  0.38	  0.00
90	63	19	v	 1	 2	 0	 3	 1	 2	 1	 2	 0	 1	 1	 1	  0.29	  0.00
91	63	19	v	 1	 2	 0	 2	 1	 2	 1	 1	 0	 1	 1	 1	  0.44	  0.00
92	63	19	v	 1	 2	 0	 1	 1	 2	 1	 2	 0	 1	 1	 1	  0.35	  0.00
93	63	19	v	 1	 2	 0	 3	 1	 2	 1	 2	 0	 1	 1	 1	  0.35	  0.00
94	63	19	v	 1	 2	 0	 2	 2	 2	 1	 2	 1	 2	 2	 1	  0.40	  0.00
95	63	19	v	 1	 2	 0	 1	 1	 2	 1	 1	 0	 1	 1	 1	  0.34	  0.00
96	63	19	v	 1	 2	 1	 1	 1	 1	 2	 2	 1	 1	 1	 1	  0.42	  0.00
97	63	19	v	 1	 2	 1	 2	 2	 1	 2	 1	 0	 2	 2	 1	  0.33	  0.00
98	63	19	v	 1	 2	 1	 3	 1	 1	 2	 1	 1	 1	 1	 1	  0.33	  0.00
99	63	19	v	 1	 2	 1	 1	 1	 1	 2	 1	 1	 1	 1	 1	  0.35	  0.00
100	63	19	v	 1	 2	 1	 1	 2	 1	 2	 2	 0	 2	 2	 1	  0.40	  0.00
101	63	19	v	 1	 2	 1	 1	 2	 1	 2	 1	 0	 2	 2	 1	  0.38	  0.00
102	63	19	v	 1	 2	 1	 1	 2	 1	 2	 1	 0	 2	 2	 1	  0.33	  0.00
103	63	19	v	 1	 2	 1	 2	 2	 1	 2	 1	 0	 2	 2	 1	  0.42	  0.00
104	63	19	v	 1	 2	 1	 1	 1	 1	 2	 2	 1	 1	 1	 1	  0.42	  0.00
105	63	19	v	 1	 2	 1	 2	 2	 1	 2	 1	 0	 2	 2	 1	  0.37	  0.00
106	63	19	v	 1	 2	 1	 2	 1	 1	 2	 2	 1	 1	 1	 1	  0.43	  0.00
107	63	19	v	 1	 2	 1	 3	 1	 1	 2	 2	 1	 1	 1	 1	  1.73	  0.00
108	63	19	v	 1	 2	 1	 1	 2	 1	 2	 2	 0	 2	 2	 1	  0.32	  0.00
109	63	19	v	 1	 2	 1	 3	 1	 1	 2	 2	 1	 1	 1	 1	  0.42	  0.00
110	63	19	v	 1	 2	 1	 1	 1	 1	 2	 2	 1	 1	 1	 1	  0.37	  0.00
111	63	19	v	 1	 2	 1	 3	 1	 1	 2	 2	 1	 1	 1	 1	  0.36	  0.00
112	63	19	v	 1	 2	 1	 1	 2	 1	 2	 2	 0	 2	 2	 1	  0.43	  0.00
113	63	19	v	 1	 2	 1	 3	 2	 1	 2	 1	 0	 2	 2	 1	  0.39	  0.00
114	63	19	v	 1	 2	 1	 1	 1	 1	 2	 1	 1	 1	 1	 1	  0.34	  0.00
115	63	19	v	 1	 2	 1	 2	 2	 1	 2	 2	 0	 2	 2	 1	  0.95	  0.00
116	63	19	v	 1	 2	 1	 3	 1	 1	 2	 1	 1	 1	 1	 1	  0.34	  0.00
117	63	19	v	 1	 2	 1	 1	 2	 1	 2	 1	 0	 2	 2	 1	  0.40	  0.00
118	63	19	v	 1	 2	 1	 3	 1	 1	 2	 1	 1	 1	 1	 1	  0.43	  0.00
119	63	19	v	 1	 2	 1	 3	 2	 1	 2	 2	 0	 2	 2	 1	  0.42	  0.00
120	63	19	v	 1	 2	 1	 1	 1	 1	 2	 2	 1	 1	 1	 1	  0.36	  0.00
121	63	19	v	 1	 2	 1	 2	 1	 1	 2	 2	 1	 1	 1	 1	  0.37	  0.00
122	63	19	v	 1	 2	 1	 2	 2	 1	 2	 1	 0	 2	 2	 1	  0.43	  0.00
123	63	19	v	 1	 2	 1	 1	 1	 1	 2	 2	 1	 1	 1	 1	  0.37	  0.00
124	63	19	v	 1	 2	 1	 3	 1	 1	 2	 1	 1	 1	 1	 1	  0.38	  0.00
125	63	19	v	 1	 2	 1	 1	 1	 1	 2	 2	 1	 1	 1	 1	  0.41	  0.00
126	63	19	v	 1	 2	 1	 1	 1	 1	 2	 1	 1	 1	 1	 1	  0.34	  0.00
127	63	19	v	 1	 2	 1	 3	 2	 1	 2	 1	 0	 2	 2	 1	  0.41	  0.00
128	63	19	v	 1	 2	 1	 3	 1	 1	 2	 2	 1	 1	 1	 1	  0.30	  0.00
129	63	19	v	 1	 2	 1	 2	 1	 1	 2	 2	 1	 1	 1	 1	  0.38	  0.00
130	63	19	v	 1	 2	 1	 1	 2	 1	 2	 1	 0	 2	 2	 1	  0.36	  0.00
131	63	19	v	 1	 2	 1	 1	 2	 1	 2	 1	 0	 2	 2	 1	  0.37	  0.00
132	63	19	v	 1	 2	 1	 2	 1	 1	 2	 1	 1	 1	 1	 1	  0.32	  0.00
133	63	19	v	 1	 2	 1	 1	 2	 1	 2	 2	 0	 2	 2	 1	  0.30	  0.00
134	63	19	v	 1	 2	 1	 2	 2	 1	 2	 2	 0	 2	 2	 1	  0.37	  0.00
135	63	19	v	 1	 2	 1	 1	 1	 1	 2	 1	 1	 1	 1	 1	  0.34	  0.00
136	63	19	v	 1	 2	 1	 2	 1	 1	 2	 1	 1	 1	 1	 1	  0.39	  0.00
137	63	19	v	 1	 2	 1	 3	 1	 1	 2	 2	 1	 1	 1	 1	  0.35	  0.00
138	63	19	v	 1	 2	 1	 3	 2	 1	 2	 1	 0	 2	 2	 1	  0.41	  0.00
139	63	19	v	 1	 2	 1	 3	 2	 1	 2	 2	 0	 2	 2	 1	  0.57	  0.00
140	63	19	v	 1	 2	 1	 3	 2	 1	 2	 2	 0	 2	 2	 1	  0.40	  0.00
141	63	19	v	 1	 2	 1	 2	 1	 1	 2	 1	 1	 1	 1	 1	  0.36	  0.00
142	63	19	v	 1	 2	 1	 3	 2	 1	 2	 2	 0	 2	 2	 1	  0.37	  0.00
143	63	19	v	 1	 2	 1	 3	 2	 1	 2	 2	 0	 2	 2	 1	  0.46	  0.00
144	63	19	v	 1	 2	 1	 2	 2	 1	 2	 1	 0	 2	 2	 1	  0.48	  0.00
145	63	19	v	 1	 2	 1	 2	 1	 1	 2	 2	 1	 1	 1	 1	  0.43	  0.00
146	63	19	v	 1	 2	 1	 2	 2	 1	 2	 1	 0	 2	 2	 1	  0.36	  0.00
147	63	19	v	 1	 2	 1	 1	 2	 1	 2	 2	 0	 2	 2	 1	  0.38	  0.00
148	63	19	v	 1	 2	 1	 2	 1	 1	 2	 1	 1	 1	 1	 1	  0.36	  0.00
149	63	19	v	 1	 2	 1	 2	 1	 1	 2	 1	 1	 1	 1	 1	  0.39	  0.00
150	63	19	v	 1	 2	 1	 1	 2	 1	 2	 2	 0	 2	 2	 1	  0.38	  0.00
151	63	19	v	 1	 2	 1	 2	 1	 1	 2	 1	 1	 1	 1	 1	  0.34	  0.00
152	63	19	v	 1	 2	 1	 1	 2	 1	 2	 1	 0	 2	 2	 1	  0.39	  0.00
153	63	19	v	 1	 2	 1	 2	 1	 1	 2	 2	 1	 1	 1	 1	  0.39	  0.00
154	63	19	v	 1	 2	 1	 1	 2	 1	 2	 1	 0	 2	 2	 1	  0.39	  0.00
155	63	19	v	 1	 2	 1	 2	 2	 1	 2	 2	 0	 2	 2	 1	  0.41	  0.00
156	63	19	v	 1	 2	 1	 2	 1	 1	 2	 1	 1	 1	 1	 1	  0.34	  0.00
157	63	19	v	 1	 2	 1	 3	 1	 1	 2	 2	 1	 1	 1	 1	  0.37	  0.00
158	63	19	v	 1	 2	 1	 3	 2	 1	 2	 1	 0	 2	 2	 1	  0.44	  0.00
159	63	19	v	 1	 2	 1	 2	 1	 1	 2	 2	 1	 1	 1	 1	  0.33	  0.00
160	63	19	v	 1	 2	 1	 1	 2	 1	 2	 2	 0	 2	 2	 1	  0.46	  0.00
161	63	19	v	 1	 2	 1	 3	 1	 1	 2	 1	 1	 1	 1	 1	  0.38	  0.00
162	63	19	v	 1	 2	 1	 3	 2	 1	 2	 2	 0	 2	 2	 1	  0.44	  0.00
163	63	19	v	 1	 2	 1	 2	 1	 1	 2	 2	 1	 1	 1	 1	  0.31	  0.00
164	63	19	v	 1	 2	 1	 1	 1	 1	 2	 1	 1	 1	 1	 1	  0.44	  0.00
165	63	19	v	 1	 2	 1	 1	 2	 1	 2	 2	 0	 2	 2	 1	  0.41	  0.00
166	63	19	v	 1	 2	 1	 2	 2	 1	 2	 2	 0	 2	 2	 1	  0.38	  0.00
167	63	19	v	 1	 2	 1	 2	 2	 1	 2	 2	 0	 2	 2	 1	  0.44	  0.00
168	63	19	v	 1	 2	 1	 3	 1	 1	 2	 2	 1	 1	 1	 1	  0.41	  0.00
169	63	19	v	 1	 2	 1	 3	 2	 1	 2	 1	 0	 2	 2	 1	  0.34	  0.00
170	63	19	v	 1	 2	 1	 2	 2	 1	 2	 2	 0	 2	 2	 1	  0.43	  0.00
171	63	19	v	 1	 2	 1	 2	 2	 1	 2	 1	 0	 2	 2	 1	  0.45	  0.00
172	63	19	v	 1	 2	 1	 3	 1	 1	 2	 2	 1	 1	 1	 1	  0.35	  0.00
173	63	19	v	 1	 2	 1	 3	 1	 1	 2	 1	 1	 1	 1	 1	  0.44	  0.00
174	63	19	v	 1	 2	 1	 2	 2	 1	 2	 2	 0	 2	 2	 1	  0.38	  0.00
175	63	19	v	 1	 2	 1	 1	 2	 1	 2	 1	 0	 2	 2	 1	  0.43	  0.00
176	63	19	v	 1	 2	 1	 3	 2	 1	 2	 2	 0	 2	 2	 1	  0.46	  0.00
177	63	19	v	 1	 2	 1	 2	 1	 1	 2	 1	 1	 1	 1	 1	  0.44	  0.00
178	63	19	v	 1	 2	 1	 2	 2	 1	 2	 2	 0	 2	 2	 1	  0.42	  0.00
179	63	19	v	 1	 2	 1	 1	 1	 1	 2	 2	 1	 1	 1	 1	  0.43	  0.00
180	63	19	v	 1	 2	 1	 3	 2	 1	 2	 1	 0	 2	 2	 1	  0.38	  0.00
181	63	19	v	 1	 2	 1	 3	 1	 1	 2	 1	 1	 1	 1	 1	  0.39	  0.00
182	63	19	v	 1	 2	 1	 3	 1	 1	 2	 1	 1	 1	 1	 1	  0.42	  0.00
183	63	19	v	 1	 2	 1	 2	 1	 1	 2	 2	 1	 1	 1	 1	  0.40	  0.00
184	63	19	v	 1	 2	 1	 1	 1	 1	 2	 1	 1	 1	 1	 1	  0.35	  0.00
185	63	19	v	 1	 2	 1	 3	 2	 1	 2	 1	 0	 2	 2	 1	  1.94	  0.00
186	63	19	v	 1	 2	 1	 1	 1	 1	 2	 2	 1	 1	 1	 1	  0.36	  0.00
187	63	19	v	 1	 2	 1	 3	 2	 1	 2	 2	 0	 2	 2	 1	  0.49	  0.00
188	63	19	v	 1	 2	 1	 1	 1	 1	 2	 1	 1	 1	 1	 1	  0.39	  0.00
189	63	19	v	 1	 2	 1	 2	 2	 1	 2	 1	 0	 2	 2	 1	  0.44	  0.00
190	63	19	v	 1	 2	 1	 3	 2	 1	 2	 1	 0	 2	 2	 1	  0.49	  0.00
191	63	19	v	 1	 2	 1	 1	 1	 1	 2	 1	 1	 1	 1	 1	  0.35	  0.00
192	63	19	v	 1	 2	 2	 3	 2	 2	 1	 1	 1	 2	 2	 1	  0.42	  0.00
193	63	19	v	 1	 2	 2	 1	 1	 2	 1	 1	 0	 1	 1	 1	  0.36	  0.00
194	63	19	v	 1	 2	 2	 1	 1	 2	 1	 2	 0	 1	 1	 1	  0.36	  0.00
195	63	19	v	 1	 2	 2	 3	 1	 2	 1	 1	 0	 1	 1	 1	  0.36	  0.00
196	63	19	v	 1	 2	 2	 2	 1	 2	 1	 2	 0	 1	 1	 1	  0.36	  0.00
197	63	19	v	 1	 2	 2	 2	 2	 2	 1	 1	 1	 2	 2	 1	  0.89	  0.00
198	63	19	v	 1	 2	 2	 2	 2	 2	 1	 1	 1	 2	 2	 1	  0.46	  0.00
199	63	19	v	 1	 2	 2	 3	 1	 2	 1	 1	 0	 1	 1	 1	  0.39	  0.00
200	63	19	v	 1	 2	 2	 2	 1	 2	 1	 1	 0	 1	 1	 1	  0.43	  0.00
201	63	19	v	 1	 2	 2	 1	 1	 2	 1	 1	 0	 1	 1	 1	  0.38	  0.00
202	63	19	v	 1	 2	 2	 3	 2	 2	 1	 2	 1	 2	 2	 1	  0.46	  0.00
203	63	19	v	 1	 2	 2	 3	 1	 2	 1	 1	 0	 1	 1	 1	  0.33	  0.00
204	63	19	v	 1	 2	 2	 1	 2	 2	 1	 2	 1	 2	 2	 1	  0.43	  0.00
205	63	19	v	 1	 2	 2	 2	 1	 2	 1	 1	 0	 1	 1	 1	  0.46	  0.00
206	63	19	v	 1	 2	 2	 3	 2	 2	 1	 1	 1	 2	 2	 1	  0.50	  0.00
207	63	19	v	 1	 2	 2	 1	 2	 2	 1	 1	 1	 2	 2	 1	  0.41	  0.00
208	63	19	v	 1	 2	 2	 3	 1	 2	 1	 2	 0	 1	 1	 1	  0.34	  0.00
209	63	19	v	 1	 2	 2	 2	 2	 2	 1	 2	 1	 2	 2	 1	  0.34	  0.00
210	63	19	v	 1	 2	 2	 2	 2	 2	 1	 1	 1	 2	 2	 1	  0.43	  0.00
211	63	19	v	 1	 2	 2	 3	 2	 2	 1	 2	 1	 2	 2	 1	  0.39	  0.00
212	63	19	v	 1	 2	 2	 3	 2	 2	 1	 1	 1	 2	 2	 1	  0.41	  0.00
213	63	19	v	 1	 2	 2	 1	 1	 2	 1	 1	 0	 1	 2	 0	  0.28	  0.00
214	63	19	v	 1	 2	 2	 1	 2	 2	 1	 1	 1	 2	 2	 1	  0.41	  0.00
215	63	19	v	 1	 2	 2	 3	 1	 2	 1	 2	 0	 1	 1	 1	  0.34	  0.00
216	63	19	v	 1	 2	 2	 3	 1	 2	 1	 2	 0	 1	 1	 1	  0.36	  0.00
217	63	19	v	 1	 2	 2	 2	 2	 2	 1	 2	 1	 2	 2	 1	  0.29	  0.00
218	63	19	v	 1	 2	 2	 2	 2	 2	 1	 1	 1	 2	 2	 1	  0.41	  0.00
219	63	19	v	 1	 2	 2	 1	 1	 2	 1	 2	 0	 1	 1	 1	  0.31	  0.00
220	63	19	v	 1	 2	 2	 3	 1	 2	 1	 1	 0	 1	 1	 1	  0.42	  0.00
221	63	19	v	 1	 2	 2	 2	 1	 2	 1	 2	 0	 1	 1	 1	  0.35	  0.00
222	63	19	v	 1	 2	 2	 3	 2	 2	 1	 1	 1	 2	 2	 1	  0.37	  0.00
223	63	19	v	 1	 2	 2	 2	 2	 2	 1	 1	 1	 2	 2	 1	  0.35	  0.00
224	63	19	v	 1	 2	 2	 2	 1	 2	 1	 1	 0	 1	 1	 1	  0.33	  0.00
225	63	19	v	 1	 2	 2	 1	 1	 2	 1	 1	 0	 1	 1	 1	  0.33	  0.00
226	63	19	v	 1	 2	 2	 2	 1	 2	 1	 2	 0	 1	 1	 1	  0.32	  0.00
227	63	19	v	 1	 2	 2	 1	 1	 2	 1	 1	 0	 1	 1	 1	  0.29	  0.00
228	63	19	v	 1	 2	 2	 1	 2	 2	 1	 2	 1	 2	 2	 1	  0.36	  0.00
229	63	19	v	 1	 2	 2	 1	 1	 2	 1	 1	 0	 1	 1	 1	  0.30	  0.00
230	63	19	v	 1	 2	 2	 2	 1	 2	 1	 1	 0	 1	 1	 1	  0.35	  0.00
231	63	19	v	 1	 2	 2	 3	 1	 2	 1	 2	 0	 1	 1	 1	  0.33	  0.00
232	63	19	v	 1	 2	 2	 3	 2	 2	 1	 1	 1	 2	 2	 1	  0.39	  0.00
233	63	19	v	 1	 2	 2	 2	 1	 2	 1	 2	 0	 1	 1	 1	  0.31	  0.00
234	63	19	v	 1	 2	 2	 2	 1	 2	 1	 1	 0	 1	 1	 1	  0.32	  0.00
235	63	19	v	 1	 2	 2	 2	 2	 2	 1	 1	 1	 2	 2	 1	  0.32	  0.00
236	63	19	v	 1	 2	 2	 2	 2	 2	 1	 2	 1	 2	 2	 1	  0.42	  0.00
237	63	19	v	 1	 2	 2	 3	 1	 2	 1	 1	 0	 1	 1	 1	  0.31	  0.00
238	63	19	v	 1	 2	 2	 2	 1	 2	 1	 1	 0	 1	 1	 1	  0.35	  0.00
239	63	19	v	 1	 2	 2	 1	 2	 2	 1	 1	 1	 2	 2	 1	  0.36	  0.00
240	63	19	v	 1	 2	 2	 2	 2	 2	 1	 2	 1	 2	 2	 1	  0.39	  0.00
241	63	19	v	 1	 2	 2	 1	 2	 2	 1	 2	 1	 2	 2	 1	  0.34	  0.00
242	63	19	v	 1	 2	 2	 1	 1	 2	 1	 2	 0	 1	 1	 1	  0.29	  0.00
243	63	19	v	 1	 2	 2	 2	 1	 2	 1	 2	 0	 1	 1	 1	  0.34	  0.00
244	63	19	v	 1	 2	 2	 1	 1	 2	 1	 1	 0	 1	 1	 1	  0.29	  0.00
245	63	19	v	 1	 2	 2	 1	 2	 2	 1	 1	 1	 2	 2	 1	  0.34	  0.00
246	63	19	v	 1	 2	 2	 3	 1	 2	 1	 1	 0	 1	 1	 1	  0.33	  0.00
247	63	19	v	 1	 2	 2	 1	 2	 2	 1	 1	 1	 2	 2	 1	  0.35	  0.00
248	63	19	v	 1	 2	 2	 3	 1	 2	 1	 2	 0	 1	 1	 1	  0.34	  0.00
249	63	19	v	 1	 2	 2	 2	 2	 2	 1	 2	 1	 2	 2	 1	  0.28	  0.00
250	63	19	v	 1	 2	 2	 3	 2	 2	 1	 1	 1	 2	 2	 1	  0.37	  0.00
251	63	19	v	 1	 2	 2	 1	 1	 2	 1	 2	 0	 1	 1	 1	  0.29	  0.00
252	63	19	v	 1	 2	 2	 3	 2	 2	 1	 2	 1	 2	 2	 1	  0.38	  0.00
253	63	19	v	 1	 2	 2	 3	 1	 2	 1	 2	 0	 1	 1	 1	  0.29	  0.00
254	63	19	v	 1	 2	 2	 1	 2	 2	 1	 1	 1	 2	 2	 1	  0.34	  0.00
255	63	19	v	 1	 2	 2	 2	 1	 2	 1	 2	 0	 1	 1	 1	  0.37	  0.00
256	63	19	v	 1	 2	 2	 2	 1	 2	 1	 1	 0	 1	 1	 1	  0.36	  0.00
257	63	19	v	 1	 2	 2	 3	 1	 2	 1	 2	 0	 1	 1	 1	  0.45	  0.00
258	63	19	v	 1	 2	 2	 1	 2	 2	 1	 2	 1	 2	 2	 1	  0.41	  0.00
259	63	19	v	 1	 2	 2	 3	 1	 2	 1	 1	 0	 1	 1	 1	  0.35	  0.00
260	63	19	v	 1	 2	 2	 2	 2	 2	 1	 1	 1	 2	 2	 1	  0.43	  0.00
261	63	19	v	 1	 2	 2	 1	 2	 2	 1	 2	 1	 2	 2	 1	  0.41	  0.00
262	63	19	v	 1	 2	 2	 3	 2	 2	 1	 2	 1	 2	 2	 1	  0.41	  0.00
263	63	19	v	 1	 2	 2	 1	 1	 2	 1	 2	 0	 1	 1	 1	  0.41	  0.00
264	63	19	v	 1	 2	 2	 3	 2	 2	 1	 1	 1	 2	 2	 1	  0.40	  0.00
265	63	19	v	 1	 2	 2	 2	 2	 2	 1	 2	 1	 2	 2	 1	  0.40	  0.00
266	63	19	v	 1	 2	 2	 3	 2	 2	 1	 2	 1	 2	 2	 1	  0.35	  0.00
267	63	19	v	 1	 2	 2	 3	 2	 2	 1	 2	 1	 2	 2	 1	  0.38	  0.00
268	63	19	v	 1	 2	 2	 2	 1	 2	 1	 2	 0	 1	 1	 1	  0.27	  0.00
269	63	19	v	 1	 2	 2	 1	 2	 2	 1	 2	 1	 2	 2	 1	  0.35	  0.00
270	63	19	v	 1	 2	 2	 1	 1	 2	 1	 2	 0	 1	 1	 1	  0.29	  0.00
271	63	19	v	 1	 2	 2	 1	 2	 2	 1	 2	 1	 2	 2	 1	  0.37	  0.00
272	63	19	v	 1	 2	 2	 3	 2	 2	 1	 1	 1	 2	 2	 1	  0.48	  0.00
273	63	19	v	 1	 2	 2	 2	 1	 2	 1	 1	 0	 1	 1	 1	  0.39	  0.00
274	63	19	v	 1	 2	 2	 1	 2	 2	 1	 1	 1	 2	 2	 1	  0.33	  0.00
275	63	19	v	 1	 2	 2	 2	 1	 2	 1	 2	 0	 1	 1	 1	  0.38	  0.00
276	63	19	v	 1	 2	 2	 3	 2	 2	 1	 2	 1	 2	 2	 1	  0.34	  0.00
277	63	19	v	 1	 2	 2	 1	 1	 2	 1	 1	 0	 1	 1	 1	  0.27	  0.00
278	63	19	v	 1	 2	 2	 3	 2	 2	 1	 2	 1	 2	 2	 1	  0.32	  0.00
279	63	19	v	 1	 2	 2	 2	 2	 2	 1	 2	 1	 2	 1	 0	  0.21	  0.00
280	63	19	v	 1	 2	 2	 1	 1	 2	 1	 2	 0	 1	 1	 1	  0.38	  0.00
281	63	19	v	 1	 2	 2	 3	 1	 2	 1	 1	 0	 1	 1	 1	  0.40	  0.00
282	63	19	v	 1	 2	 2	 3	 1	 2	 1	 2	 0	 1	 1	 1	  0.38	  0.00
283	63	19	v	 1	 2	 2	 1	 2	 2	 1	 2	 1	 2	 2	 1	  0.46	  0.00
284	63	19	v	 1	 2	 2	 1	 2	 2	 1	 1	 1	 2	 2	 1	  0.46	  0.00
285	63	19	v	 1	 2	 2	 2	 2	 2	 1	 1	 1	 2	 2	 1	  0.75	  0.00
286	63	19	v	 1	 2	 2	 2	 2	 2	 1	 2	 1	 2	 2	 1	  0.40	  0.00
287	63	19	v	 1	 2	 2	 1	 1	 2	 1	 2	 0	 1	 1	 1	  0.40	  0.00
288	63	19	v	 1	 2	 3	 1	 2	 1	 2	 2	 0	 2	 2	 1	  0.41	  0.00
289	63	19	v	 1	 2	 3	 1	 2	 1	 2	 2	 0	 2	 2	 1	  0.41	  0.00
290	63	19	v	 1	 2	 3	 3	 2	 1	 2	 1	 0	 2	 2	 1	  0.41	  0.00
291	63	19	v	 1	 2	 3	 1	 2	 1	 2	 2	 0	 2	 2	 1	  0.38	  0.00
292	63	19	v	 1	 2	 3	 3	 1	 1	 2	 1	 1	 1	 2	 0	  0.43	  0.00
293	63	19	v	 1	 2	 3	 1	 2	 1	 2	 1	 0	 2	 2	 1	  0.41	  0.00
294	63	19	v	 1	 2	 3	 2	 1	 1	 2	 2	 1	 1	 1	 1	  0.42	  0.00
295	63	19	v	 1	 2	 3	 2	 2	 1	 2	 1	 0	 2	 2	 1	  0.38	  0.00
296	63	19	v	 1	 2	 3	 1	 2	 1	 2	 2	 0	 2	 2	 1	  0.44	  0.00
297	63	19	v	 1	 2	 3	 3	 2	 1	 2	 2	 0	 2	 2	 1	  0.41	  0.00
298	63	19	v	 1	 2	 3	 3	 1	 1	 2	 2	 1	 1	 1	 1	  0.41	  0.00
299	63	19	v	 1	 2	 3	 1	 1	 1	 2	 2	 1	 1	 1	 1	  0.67	  0.00
300	63	19	v	 1	 2	 3	 1	 2	 1	 2	 2	 0	 2	 2	 1	  0.39	  0.00
301	63	19	v	 1	 2	 3	 2	 1	 1	 2	 2	 1	 1	 1	 1	  0.37	  0.00
302	63	19	v	 1	 2	 3	 2	 2	 1	 2	 1	 0	 2	 2	 1	  0.31	  0.00
303	63	19	v	 1	 2	 3	 2	 2	 1	 2	 2	 0	 2	 2	 1	  0.42	  0.00
304	63	19	v	 1	 2	 3	 2	 1	 1	 2	 2	 1	 1	 1	 1	  0.37	  0.00
305	63	19	v	 1	 2	 3	 2	 2	 1	 2	 2	 0	 2	 2	 1	  0.40	  0.00
306	63	19	v	 1	 2	 3	 3	 1	 1	 2	 1	 1	 1	 1	 1	  0.36	  0.00
307	63	19	v	 1	 2	 3	 1	 1	 1	 2	 2	 1	 1	 1	 1	  0.42	  0.00
308	63	19	v	 1	 2	 3	 1	 2	 1	 2	 1	 0	 2	 2	 1	  0.36	  0.00
309	63	19	v	 1	 2	 3	 1	 1	 1	 2	 2	 1	 1	 1	 1	  0.33	  0.00
310	63	19	v	 1	 2	 3	 1	 1	 1	 2	 1	 1	 1	 1	 1	  0.38	  0.00
311	63	19	v	 1	 2	 3	 3	 2	 1	 2	 1	 0	 2	 2	 1	  0.34	  0.00
312	63	19	v	 1	 2	 3	 1	 1	 1	 2	 2	 1	 1	 1	 1	  0.32	  0.00
313	63	19	v	 1	 2	 3	 2	 2	 1	 2	 2	 0	 2	 2	 1	  0.35	  0.00
314	63	19	v	 1	 2	 3	 3	 2	 1	 2	 1	 0	 2	 2	 1	  0.44	  0.00
315	63	19	v	 1	 2	 3	 2	 1	 1	 2	 1	 1	 1	 1	 1	  0.40	  0.00
316	63	19	v	 1	 2	 3	 3	 2	 1	 2	 1	 0	 2	 2	 1	  0.43	  0.00
317	63	19	v	 1	 2	 3	 3	 2	 1	 2	 2	 0	 2	 2	 1	  0.42	  0.00
318	63	19	v	 1	 2	 3	 2	 2	 1	 2	 2	 0	 2	 2	 1	  0.45	  0.00
319	63	19	v	 1	 2	 3	 1	 2	 1	 2	 1	 0	 2	 2	 1	  0.44	  0.00
320	63	19	v	 1	 2	 3	 2	 1	 1	 2	 1	 1	 1	 1	 1	  0.42	  0.00
321	63	19	v	 1	 2	 3	 1	 2	 1	 2	 1	 0	 2	 2	 1	  0.71	  0.00
322	63	19	v	 1	 2	 3	 2	 1	 1	 2	 1	 1	 1	 1	 1	  0.39	  0.00
323	63	19	v	 1	 2	 3	 3	 1	 1	 2	 2	 1	 1	 1	 1	  0.58	  0.00
324	63	19	v	 1	 2	 3	 3	 2	 1	 2	 2	 0	 2	 2	 1	  0.46	  0.00
325	63	19	v	 1	 2	 3	 3	 1	 1	 2	 1	 1	 1	 1	 1	  0.74	  0.00
326	63	19	v	 1	 2	 3	 3	 2	 1	 2	 1	 0	 2	 2	 1	  0.71	  0.00
327	63	19	v	 1	 2	 3	 1	 1	 1	 2	 1	 1	 1	 1	 1	  0.31	  0.00
328	63	19	v	 1	 2	 3	 2	 1	 1	 2	 2	 1	 1	 1	 1	  0.37	  0.00
329	63	19	v	 1	 2	 3	 3	 2	 1	 2	 1	 0	 2	 2	 1	  0.46	  0.00
330	63	19	v	 1	 2	 3	 2	 2	 1	 2	 2	 0	 2	 2	 1	  0.47	  0.00
331	63	19	v	 1	 2	 3	 1	 1	 1	 2	 1	 1	 1	 2	 0	  0.71	  0.00
332	63	19	v	 1	 2	 3	 2	 2	 1	 2	 2	 0	 2	 2	 1	  0.37	  0.00
333	63	19	v	 1	 2	 3	 1	 1	 1	 2	 2	 1	 1	 1	 1	  0.35	  0.00
334	63	19	v	 1	 2	 3	 3	 1	 1	 2	 1	 1	 1	 1	 1	  0.38	  0.00
335	63	19	v	 1	 2	 3	 1	 2	 1	 2	 2	 0	 2	 2	 1	  0.40	  0.00
336	63	19	v	 1	 2	 3	 1	 1	 1	 2	 1	 1	 1	 1	 1	  0.34	  0.00
337	63	19	v	 1	 2	 3	 3	 1	 1	 2	 2	 1	 1	 1	 1	  0.42	  0.00
338	63	19	v	 1	 2	 3	 3	 2	 1	 2	 2	 0	 2	 2	 1	  0.47	  0.00
339	63	19	v	 1	 2	 3	 3	 1	 1	 2	 2	 1	 1	 1	 1	  0.41	  0.00
340	63	19	v	 1	 2	 3	 1	 2	 1	 2	 2	 0	 2	 2	 1	  0.42	  0.00
341	63	19	v	 1	 2	 3	 1	 2	 1	 2	 1	 0	 2	 2	 1	  0.44	  0.00
342	63	19	v	 1	 2	 3	 1	 2	 1	 2	 1	 0	 2	 2	 1	  0.41	  0.00
343	63	19	v	 1	 2	 3	 3	 1	 1	 2	 1	 1	 1	 1	 1	  0.40	  0.00
344	63	19	v	 1	 2	 3	 1	 1	 1	 2	 1	 1	 1	 1	 1	  0.38	  0.00
345	63	19	v	 1	 2	 3	 1	 2	 1	 2	 1	 0	 2	 2	 1	  0.47	  0.00
346	63	19	v	 1	 2	 3	 2	 1	 1	 2	 1	 1	 1	 1	 1	  0.33	  0.00
347	63	19	v	 1	 2	 3	 3	 2	 1	 2	 1	 0	 2	 2	 1	  0.37	  0.00
348	63	19	v	 1	 2	 3	 2	 2	 1	 2	 1	 0	 2	 2	 1	  0.44	  0.00
349	63	19	v	 1	 2	 3	 2	 1	 1	 2	 2	 1	 1	 1	 1	  0.35	  0.00
350	63	19	v	 1	 2	 3	 3	 1	 1	 2	 2	 1	 1	 1	 1	  0.40	  0.00
351	63	19	v	 1	 2	 3	 3	 1	 1	 2	 1	 1	 1	 1	 1	  0.38	  0.00
352	63	19	v	 1	 2	 3	 3	 2	 1	 2	 1	 0	 2	 2	 1	  0.45	  0.00
353	63	19	v	 1	 2	 3	 3	 2	 1	 2	 2	 0	 2	 2	 1	  0.36	  0.00
354	63	19	v	 1	 2	 3	 1	 1	 1	 2	 1	 1	 1	 1	 1	  0.30	  0.00
355	63	19	v	 1	 2	 3	 3	 2	 1	 2	 2	 0	 2	 2	 1	  0.41	  0.00
356	63	19	v	 1	 2	 3	 2	 1	 1	 2	 1	 1	 1	 1	 1	  0.36	  0.00
357	63	19	v	 1	 2	 3	 2	 1	 1	 2	 2	 1	 1	 1	 1	  0.48	  0.00
358	63	19	v	 1	 2	 3	 1	 1	 1	 2	 2	 1	 1	 1	 1	  0.44	  0.00
359	63	19	v	 1	 2	 3	 1	 2	 1	 2	 1	 0	 2	 2	 1	  0.37	  0.00
360	63	19	v	 1	 2	 3	 3	 1	 1	 2	 2	 1	 1	 1	 1	  0.30	  0.00
361	63	19	v	 1	 2	 3	 3	 1	 1	 2	 2	 1	 1	 1	 1	  0.35	  0.00
362	63	19	v	 1	 2	 3	 2	 1	 1	 2	 1	 1	 1	 1	 1	  0.33	  0.00
363	63	19	v	 1	 2	 3	 3	 1	 1	 2	 2	 1	 1	 1	 1	  0.34	  0.00
364	63	19	v	 1	 2	 3	 2	 2	 1	 2	 1	 0	 2	 2	 1	  0.38	  0.00
365	63	19	v	 1	 2	 3	 2	 2	 1	 2	 1	 0	 2	 2	 1	  0.45	  0.00
366	63	19	v	 1	 2	 3	 2	 1	 1	 2	 1	 1	 1	 1	 1	  0.30	  0.00
367	63	19	v	 1	 2	 3	 3	 1	 1	 2	 1	 1	 1	 1	 1	  0.35	  0.00
368	63	19	v	 1	 2	 3	 2	 1	 1	 2	 2	 1	 1	 1	 1	  0.42	  0.00
369	63	19	v	 1	 2	 3	 3	 2	 1	 2	 2	 0	 2	 2	 1	  0.46	  0.00
370	63	19	v	 1	 2	 3	 3	 2	 1	 2	 2	 0	 2	 2	 1	  0.52	  0.00
371	63	19	v	 1	 2	 3	 2	 1	 1	 2	 2	 1	 1	 1	 1	  0.32	  0.00
372	63	19	v	 1	 2	 3	 2	 2	 1	 2	 2	 0	 2	 2	 1	  0.53	  0.00
373	63	19	v	 1	 2	 3	 3	 1	 1	 2	 1	 1	 1	 1	 1	  0.36	  0.00
374	63	19	v	 1	 2	 3	 2	 2	 1	 2	 1	 0	 2	 2	 1	  1.94	  0.00
375	63	19	v	 1	 2	 3	 1	 1	 1	 2	 2	 1	 1	 1	 1	  0.36	  0.00
376	63	19	v	 1	 2	 3	 2	 2	 1	 2	 1	 0	 2	 2	 1	  0.38	  0.00
377	63	19	v	 1	 2	 3	 2	 1	 1	 2	 1	 1	 1	 1	 1	  0.35	  0.00
378	63	19	v	 1	 2	 3	 1	 2	 1	 2	 2	 0	 2	 2	 1	  0.35	  0.00
379	63	19	v	 1	 2	 3	 1	 1	 1	 2	 1	 1	 1	 1	 1	  0.33	  0.00
380	63	19	v	 1	 2	 3	 1	 1	 1	 2	 2	 1	 1	 1	 1	  0.34	  0.00
381	63	19	v	 1	 2	 3	 2	 2	 1	 2	 2	 0	 2	 2	 1	  0.39	  0.00
382	63	19	v	 1	 2	 3	 1	 1	 1	 2	 1	 1	 1	 1	 1	  0.42	  0.00
383	63	19	v	 1	 2	 3	 2	 2	 1	 2	 1	 0	 2	 2	 1	  0.33	  0.00
