00	34	18	v	 1	 1	 0	 2	 2	 1	 1	 2	 0	 2	 2	 1	  1.15	  0.00
01	34	18	v	 1	 1	 0	 3	 1	 1	 1	 1	 1	 1	 1	 1	  0.56	  0.00
02	34	18	v	 1	 1	 0	 2	 1	 1	 1	 1	 1	 1	 1	 1	  0.51	  0.00
03	34	18	v	 1	 1	 0	 3	 2	 1	 1	 2	 0	 2	 2	 1	  0.57	  0.00
04	34	18	v	 1	 1	 0	 3	 2	 1	 1	 2	 0	 2	 2	 1	  0.60	  0.00
05	34	18	v	 1	 1	 0	 2	 2	 1	 1	 1	 0	 2	 2	 1	  0.61	  0.00
06	34	18	v	 1	 1	 0	 1	 2	 1	 1	 2	 0	 2	 2	 1	  0.34	  0.00
07	34	18	v	 1	 1	 0	 2	 1	 1	 1	 2	 1	 1	 1	 1	  0.30	  0.00
08	34	18	v	 1	 1	 0	 3	 1	 1	 1	 2	 1	 1	 1	 1	  0.57	  0.00
09	34	18	v	 1	 1	 0	 1	 2	 1	 1	 1	 0	 2	 2	 1	  0.51	  0.00
10	34	18	v	 1	 1	 0	 2	 2	 1	 1	 2	 0	 2	 2	 1	  0.40	  0.00
11	34	18	v	 1	 1	 0	 2	 2	 1	 1	 2	 0	 2	 2	 1	  0.48	  0.00
12	34	18	v	 1	 1	 0	 3	 1	 1	 1	 2	 1	 1	 1	 1	  0.36	  0.00
13	34	18	v	 1	 1	 0	 2	 2	 1	 1	 1	 0	 2	 2	 1	  0.32	  0.00
14	34	18	v	 1	 1	 0	 2	 1	 1	 1	 2	 1	 1	 1	 1	  0.27	  0.00
15	34	18	v	 1	 1	 0	 1	 2	 1	 1	 1	 0	 2	 2	 1	  0.30	  0.00
16	34	18	v	 1	 1	 0	 3	 2	 1	 1	 2	 0	 2	 2	 1	  0.46	  0.00
17	34	18	v	 1	 1	 0	 2	 1	 1	 1	 1	 1	 1	 1	 1	  0.37	  0.00
18	34	18	v	 1	 1	 0	 2	 1	 1	 1	 2	 1	 1	 1	 1	  0.43	  0.00
19	34	18	v	 1	 1	 0	 2	 2	 1	 1	 1	 0	 2	 2	 1	  0.37	  0.00
20	34	18	v	 1	 1	 0	 1	 1	 1	 1	 1	 1	 1	 1	 1	  0.31	  0.00
21	34	18	v	 1	 1	 0	 2	 2	 1	 1	 2	 0	 2	 2	 1	  0.37	  0.00
22	34	18	v	 1	 1	 0	 3	 1	 1	 1	 2	 1	 1	 1	 1	  0.49	  0.00
23	34	18	v	 1	 1	 0	 2	 1	 1	 1	 1	 1	 1	 1	 1	  0.33	  0.00
24	34	18	v	 1	 1	 0	 2	 2	 1	 1	 1	 0	 2	 2	 1	  0.35	  0.00
25	34	18	v	 1	 1	 0	 1	 2	 1	 1	 1	 0	 2	 2	 1	  0.39	  0.00
26	34	18	v	 1	 1	 0	 3	 2	 1	 1	 1	 0	 2	 2	 1	  0.32	  0.00
27	34	18	v	 1	 1	 0	 3	 1	 1	 1	 1	 1	 1	 1	 1	  0.33	  0.00
28	34	18	v	 1	 1	 0	 1	 1	 1	 1	 2	 1	 1	 1	 1	  0.54	  0.00
29	34	18	v	 1	 1	 0	 1	 2	 1	 1	 2	 0	 2	 2	 1	  0.46	  0.00
30	34	18	v	 1	 1	 0	 2	 2	 1	 1	 2	 0	 2	 2	 1	  0.32	  0.00
31	34	18	v	 1	 1	 0	 3	 2	 1	 1	 1	 0	 2	 1	 0	  0.24	  0.00
32	34	18	v	 1	 1	 0	 1	 2	 1	 1	 1	 0	 2	 2	 1	  0.37	  0.00
33	34	18	v	 1	 1	 0	 2	 1	 1	 1	 1	 1	 1	 1	 1	  0.39	  0.00
34	34	18	v	 1	 1	 0	 3	 2	 1	 1	 2	 0	 2	 2	 1	  0.25	  0.00
35	34	18	v	 1	 1	 0	 3	 1	 1	 1	 2	 1	 1	 1	 1	  0.43	  0.00
36	34	18	v	 1	 1	 0	 3	 2	 1	 1	 1	 0	 2	 2	 1	  0.37	  0.00
37	34	18	v	 1	 1	 0	 3	 1	 1	 1	 2	 1	 1	 1	 1	  0.47	  0.00
38	34	18	v	 1	 1	 0	 3	 1	 1	 1	 2	 1	 1	 1	 1	  0.45	  0.00
39	34	18	v	 1	 1	 0	 1	 1	 1	 1	 1	 1	 1	 1	 1	  0.37	  0.00
40	34	18	v	 1	 1	 0	 2	 1	 1	 1	 2	 1	 1	 1	 1	  0.49	  0.00
41	34	18	v	 1	 1	 0	 1	 2	 1	 1	 2	 0	 2	 2	 1	  0.42	  0.00
42	34	18	v	 1	 1	 0	 2	 1	 1	 1	 1	 1	 1	 1	 1	  0.37	  0.00
43	34	18	v	 1	 1	 0	 1	 1	 1	 1	 1	 1	 1	 1	 1	  0.43	  0.00
44	34	18	v	 1	 1	 0	 1	 2	 1	 1	 1	 0	 2	 2	 1	  0.39	  0.00
45	34	18	v	 1	 1	 0	 1	 1	 1	 1	 1	 1	 1	 1	 1	  0.35	  0.00
46	34	18	v	 1	 1	 0	 1	 1	 1	 1	 2	 1	 1	 1	 1	  0.32	  0.00
47	34	18	v	 1	 1	 0	 1	 1	 1	 1	 1	 1	 1	 1	 1	  0.32	  0.00
48	34	18	v	 1	 1	 0	 2	 2	 1	 1	 1	 0	 2	 2	 1	  0.45	  0.00
49	34	18	v	 1	 1	 0	 3	 2	 1	 1	 1	 0	 2	 1	 0	  0.29	  0.00
50	34	18	v	 1	 1	 0	 3	 1	 1	 1	 1	 1	 1	 1	 1	  0.39	  0.00
51	34	18	v	 1	 1	 0	 2	 2	 1	 1	 1	 0	 2	 2	 1	  0.36	  0.00
52	34	18	v	 1	 1	 0	 3	 2	 1	 1	 1	 0	 2	 2	 1	  0.56	  0.00
53	34	18	v	 1	 1	 0	 2	 1	 1	 1	 2	 1	 1	 1	 1	  0.56	  0.00
54	34	18	v	 1	 1	 0	 2	 1	 1	 1	 1	 1	 1	 1	 1	  0.54	  0.00
55	34	18	v	 1	 1	 0	 3	 2	 1	 1	 2	 0	 2	 2	 1	  0.29	  0.00
56	34	18	v	 1	 1	 0	 3	 2	 1	 1	 1	 0	 2	 2	 1	  0.49	  0.00
57	34	18	v	 1	 1	 0	 2	 2	 1	 1	 2	 0	 2	 2	 1	  0.36	  0.00
58	34	18	v	 1	 1	 0	 1	 2	 1	 1	 2	 0	 2	 2	 1	  0.35	  0.00
59	34	18	v	 1	 1	 0	 2	 1	 1	 1	 2	 1	 1	 1	 1	  0.44	  0.00
60	34	18	v	 1	 1	 0	 3	 2	 1	 1	 2	 0	 2	 2	 1	  0.36	  0.00
61	34	18	v	 1	 1	 0	 3	 1	 1	 1	 1	 1	 1	 1	 1	  0.50	  0.00
62	34	18	v	 1	 1	 0	 3	 1	 1	 1	 1	 1	 1	 1	 1	  0.49	  0.00
63	34	18	v	 1	 1	 0	 2	 1	 1	 1	 1	 1	 1	 1	 1	  0.45	  0.00
64	34	18	v	 1	 1	 0	 2	 1	 1	 1	 1	 1	 1	 1	 1	  0.36	  0.00
65	34	18	v	 1	 1	 0	 2	 2	 1	 1	 2	 0	 2	 1	 0	  0.32	  0.00
66	34	18	v	 1	 1	 0	 1	 1	 1	 1	 2	 1	 1	 1	 1	  0.71	  0.00
67	34	18	v	 1	 1	 0	 1	 2	 1	 1	 1	 0	 2	 2	 1	  0.36	  0.00
68	34	18	v	 1	 1	 0	 1	 2	 1	 1	 1	 0	 2	 2	 1	  0.44	  0.00
69	34	18	v	 1	 1	 0	 1	 1	 1	 1	 2	 1	 1	 1	 1	  0.61	  0.00
70	34	18	v	 1	 1	 0	 3	 1	 1	 1	 1	 1	 1	 1	 1	  0.60	  0.00
71	34	18	v	 1	 1	 0	 1	 1	 1	 1	 2	 1	 1	 1	 1	  0.42	  0.00
72	34	18	v	 1	 1	 0	 2	 2	 1	 1	 1	 0	 2	 2	 1	  0.55	  0.00
73	34	18	v	 1	 1	 0	 1	 1	 1	 1	 1	 1	 1	 1	 1	  0.30	  0.00
74	34	18	v	 1	 1	 0	 3	 1	 1	 1	 2	 1	 1	 1	 1	  0.35	  0.00
75	34	18	v	 1	 1	 0	 2	 1	 1	 1	 2	 1	 1	 1	 1	  0.35	  0.00
76	34	18	v	 1	 1	 0	 3	 1	 1	 1	 1	 1	 1	 1	 1	  0.33	  0.00
77	34	18	v	 1	 1	 0	 3	 2	 1	 1	 2	 0	 2	 2	 1	  0.36	  0.00
78	34	18	v	 1	 1	 0	 3	 1	 1	 1	 1	 1	 1	 1	 1	  0.52	  0.00
79	34	18	v	 1	 1	 0	 1	 1	 1	 1	 2	 1	 1	 1	 1	  0.44	  0.00
80	34	18	v	 1	 1	 0	 1	 2	 1	 1	 2	 0	 2	 2	 1	  0.36	  0.00
81	34	18	v	 1	 1	 0	 3	 2	 1	 1	 1	 0	 2	 2	 1	  0.53	  0.00
82	34	18	v	 1	 1	 0	 1	 1	 1	 1	 1	 1	 1	 1	 1	  0.52	  0.00
83	34	18	v	 1	 1	 0	 1	 2	 1	 1	 2	 0	 2	 2	 1	  0.45	  0.00
84	34	18	v	 1	 1	 0	 1	 1	 1	 1	 2	 1	 1	 1	 1	  0.87	  0.00
85	34	18	v	 1	 1	 0	 1	 2	 1	 1	 1	 0	 2	 2	 1	  0.43	  0.00
86	34	18	v	 1	 1	 0	 1	 2	 1	 1	 2	 0	 2	 2	 1	  0.52	  0.00
87	34	18	v	 1	 1	 0	 1	 1	 1	 1	 1	 1	 1	 1	 1	  0.60	  0.00
88	34	18	v	 1	 1	 0	 1	 2	 1	 1	 2	 0	 2	 2	 1	  0.58	  0.00
89	34	18	v	 1	 1	 0	 3	 1	 1	 1	 2	 1	 1	 1	 1	  0.34	  0.00
90	34	18	v	 1	 1	 0	 2	 2	 1	 1	 2	 0	 2	 2	 1	  0.40	  0.00
91	34	18	v	 1	 1	 0	 3	 2	 1	 1	 2	 0	 2	 2	 1	  0.51	  0.00
92	34	18	v	 1	 1	 0	 2	 2	 1	 1	 1	 0	 2	 2	 1	  0.48	  0.00
93	34	18	v	 1	 1	 0	 3	 2	 1	 1	 1	 0	 2	 2	 1	  0.66	  0.00
94	34	18	v	 1	 1	 0	 1	 1	 1	 1	 2	 1	 1	 1	 1	  0.48	  0.00
95	34	18	v	 1	 1	 0	 2	 1	 1	 1	 2	 1	 1	 1	 1	  0.59	  0.00
96	34	18	v	 1	 1	 1	 2	 1	 2	 2	 2	 0	 1	 1	 1	  0.39	  0.00
97	34	18	v	 1	 1	 1	 1	 2	 2	 2	 2	 1	 2	 2	 1	  0.93	  0.00
98	34	18	v	 1	 1	 1	 1	 1	 2	 2	 1	 0	 1	 1	 1	  0.38	  0.00
99	34	18	v	 1	 1	 1	 3	 1	 2	 2	 1	 0	 1	 1	 1	  0.35	  0.00
100	34	18	v	 1	 1	 1	 1	 2	 2	 2	 2	 1	 2	 2	 1	  0.44	  0.00
101	34	18	v	 1	 1	 1	 1	 2	 2	 2	 1	 1	 2	 2	 1	  0.51	  0.00
102	34	18	v	 1	 1	 1	 3	 1	 2	 2	 1	 0	 1	 1	 1	  0.42	  0.00
103	34	18	v	 1	 1	 1	 1	 1	 2	 2	 1	 0	 1	 1	 1	  0.41	  0.00
104	34	18	v	 1	 1	 1	 2	 2	 2	 2	 2	 1	 2	 1	 0	  0.34	  0.00
105	34	18	v	 1	 1	 1	 3	 2	 2	 2	 1	 1	 2	 2	 1	  0.42	  0.00
106	34	18	v	 1	 1	 1	 1	 2	 2	 2	 2	 1	 2	 2	 1	  0.33	  0.00
107	34	18	v	 1	 1	 1	 3	 1	 2	 2	 1	 0	 1	 1	 1	  0.31	  0.00
108	34	18	v	 1	 1	 1	 3	 1	 2	 2	 1	 0	 1	 1	 1	  0.35	  0.00
109	34	18	v	 1	 1	 1	 3	 2	 2	 2	 2	 1	 2	 2	 1	  0.54	  0.00
110	34	18	v	 1	 1	 1	 2	 1	 2	 2	 2	 0	 1	 1	 1	  0.40	  0.00
111	34	18	v	 1	 1	 1	 1	 1	 2	 2	 1	 0	 1	 1	 1	  0.43	  0.00
112	34	18	v	 1	 1	 1	 2	 1	 2	 2	 2	 0	 1	 1	 1	  0.35	  0.00
113	34	18	v	 1	 1	 1	 1	 2	 2	 2	 1	 1	 2	 2	 1	  0.53	  0.00
114	34	18	v	 1	 1	 1	 3	 2	 2	 2	 2	 1	 2	 2	 1	  0.53	  0.00
115	34	18	v	 1	 1	 1	 2	 2	 2	 2	 1	 1	 2	 2	 1	  0.47	  0.00
116	34	18	v	 1	 1	 1	 2	 1	 2	 2	 1	 0	 1	 1	 1	  0.36	  0.00
117	34	18	v	 1	 1	 1	 3	 2	 2	 2	 1	 1	 2	 2	 1	  0.41	  0.00
118	34	18	v	 1	 1	 1	 2	 1	 2	 2	 1	 0	 1	 1	 1	  0.40	  0.00
119	34	18	v	 1	 1	 1	 3	 1	 2	 2	 2	 0	 1	 1	 1	  0.48	  0.00
120	34	18	v	 1	 1	 1	 2	 1	 2	 2	 1	 0	 1	 1	 1	  0.45	  0.00
121	34	18	v	 1	 1	 1	 1	 2	 2	 2	 2	 1	 2	 2	 1	  0.89	  0.00
122	34	18	v	 1	 1	 1	 1	 2	 2	 2	 2	 1	 2	 2	 1	  0.70	  0.00
123	34	18	v	 1	 1	 1	 2	 1	 2	 2	 1	 0	 1	 1	 1	  0.33	  0.00
124	34	18	v	 1	 1	 1	 3	 1	 2	 2	 2	 0	 1	 1	 1	  0.59	  0.00
125	34	18	v	 1	 1	 1	 3	 2	 2	 2	 2	 1	 2	 2	 1	  0.74	  0.00
126	34	18	v	 1	 1	 1	 1	 1	 2	 2	 1	 0	 1	 1	 1	  0.43	  0.00
127	34	18	v	 1	 1	 1	 3	 1	 2	 2	 2	 0	 1	 1	 1	  0.37	  0.00
128	34	18	v	 1	 1	 1	 1	 2	 2	 2	 1	 1	 2	 2	 1	  0.42	  0.00
129	34	18	v	 1	 1	 1	 3	 1	 2	 2	 2	 0	 1	 1	 1	  0.49	  0.00
130	34	18	v	 1	 1	 1	 2	 2	 2	 2	 2	 1	 2	 2	 1	  0.68	  0.00
131	34	18	v	 1	 1	 1	 3	 2	 2	 2	 1	 1	 2	 2	 1	  0.69	  0.00
132	34	18	v	 1	 1	 1	 3	 1	 2	 2	 1	 0	 1	 1	 1	  0.67	  0.00
133	34	18	v	 1	 1	 1	 3	 2	 2	 2	 1	 1	 2	 2	 1	  0.52	  0.00
134	34	18	v	 1	 1	 1	 3	 1	 2	 2	 2	 0	 1	 1	 1	  0.35	  0.00
135	34	18	v	 1	 1	 1	 1	 2	 2	 2	 1	 1	 2	 2	 1	  0.42	  0.00
136	34	18	v	 1	 1	 1	 1	 2	 2	 2	 1	 1	 2	 2	 1	  0.74	  0.00
137	34	18	v	 1	 1	 1	 1	 1	 2	 2	 2	 0	 1	 1	 1	  0.39	  0.00
138	34	18	v	 1	 1	 1	 3	 2	 2	 2	 1	 1	 2	 2	 1	  0.35	  0.00
139	34	18	v	 1	 1	 1	 1	 1	 2	 2	 2	 0	 1	 1	 1	  0.42	  0.00
140	34	18	v	 1	 1	 1	 2	 1	 2	 2	 1	 0	 1	 1	 1	  0.46	  0.00
141	34	18	v	 1	 1	 1	 2	 2	 2	 2	 2	 1	 2	 2	 1	  0.42	  0.00
142	34	18	v	 1	 1	 1	 2	 2	 2	 2	 1	 1	 2	 2	 1	  0.34	  0.00
143	34	18	v	 1	 1	 1	 1	 2	 2	 2	 2	 1	 2	 2	 1	  1.10	  0.00
144	34	18	v	 1	 1	 1	 2	 1	 2	 2	 1	 0	 1	 1	 1	  0.42	  0.00
145	34	18	v	 1	 1	 1	 2	 2	 2	 2	 2	 1	 2	 2	 1	  0.43	  0.00
146	34	18	v	 1	 1	 1	 2	 2	 2	 2	 1	 1	 2	 2	 1	  0.54	  0.00
147	34	18	v	 1	 1	 1	 2	 1	 2	 2	 1	 0	 1	 1	 1	  0.72	  0.00
148	34	18	v	 1	 1	 1	 1	 1	 2	 2	 1	 0	 1	 1	 1	  0.47	  0.00
149	34	18	v	 1	 1	 1	 3	 1	 2	 2	 1	 0	 1	 1	 1	  0.50	  0.00
150	34	18	v	 1	 1	 1	 2	 1	 2	 2	 2	 0	 1	 1	 1	  0.75	  0.00
151	34	18	v	 1	 1	 1	 2	 2	 2	 2	 2	 1	 2	 2	 1	  0.39	  0.00
152	34	18	v	 1	 1	 1	 3	 2	 2	 2	 2	 1	 2	 2	 1	  0.62	  0.00
153	34	18	v	 1	 1	 1	 3	 1	 2	 2	 1	 0	 1	 1	 1	  0.67	  0.00
154	34	18	v	 1	 1	 1	 1	 2	 2	 2	 1	 1	 2	 2	 1	  0.49	  0.00
155	34	18	v	 1	 1	 1	 2	 2	 2	 2	 2	 1	 2	 2	 1	  0.62	  0.00
156	34	18	v	 1	 1	 1	 1	 1	 2	 2	 2	 0	 1	 1	 1	  0.39	  0.00
157	34	18	v	 1	 1	 1	 2	 2	 2	 2	 1	 1	 2	 2	 1	  0.52	  0.00
158	34	18	v	 1	 1	 1	 3	 2	 2	 2	 1	 1	 2	 2	 1	  0.40	  0.00
159	34	18	v	 1	 1	 1	 2	 2	 2	 2	 1	 1	 2	 2	 1	  0.37	  0.00
160	34	18	v	 1	 1	 1	 2	 1	 2	 2	 2	 0	 1	 1	 1	  0.44	  0.00
161	34	18	v	 1	 1	 1	 3	 2	 2	 2	 1	 1	 2	 2	 1	  0.38	  0.00
162	34	18	v	 1	 1	 1	 2	 2	 2	 2	 1	 1	 2	 2	 1	  0.43	  0.00
163	34	18	v	 1	 1	 1	 3	 2	 2	 2	 2	 1	 2	 2	 1	  0.45	  0.00
164	34	18	v	 1	 1	 1	 1	 2	 2	 2	 2	 1	 2	 2	 1	  0.40	  0.00
165	34	18	v	 1	 1	 1	 3	 1	 2	 2	 2	 0	 1	 1	 1	  0.37	  0.00
166	34	18	v	 1	 1	 1	 1	 2	 2	 2	 1	 1	 2	 2	 1	  0.41	  0.00
167	34	18	v	 1	 1	 1	 1	 2	 2	 2	 1	 1	 2	 2	 1	  0.58	  0.00
168	34	18	v	 1	 1	 1	 1	 1	 2	 2	 1	 0	 1	 1	 1	  0.35	  0.00
169	34	18	v	 1	 1	 1	 1	 1	 2	 2	 2	 0	 1	 1	 1	  1.44	  0.00
170	34	18	v	 1	 1	 1	 3	 2	 2	 2	 2	 1	 2	 2	 1	  0.49	  0.00
171	34	18	v	 1	 1	 1	 3	 1	 2	 2	 1	 0	 1	 1	 1	  0.37	  0.00
172	34	18	v	 1	 1	 1	 2	 1	 2	 2	 2	 0	 1	 1	 1	  0.49	  0.00
173	34	18	v	 1	 1	 1	 3	 2	 2	 2	 1	 1	 2	 2	 1	  0.44	  0.00
174	34	18	v	 1	 1	 1	 1	 1	 2	 2	 2	 0	 1	 1	 1	  0.43	  0.00
175	34	18	v	 1	 1	 1	 1	 1	 2	 2	 2	 0	 1	 1	 1	  1.75	  0.00
176	34	18	v	 1	 1	 1	 1	 1	 2	 2	 2	 0	 1	 1	 1	  0.52	  0.00
177	34	18	v	 1	 1	 1	 3	 1	 2	 2	 2	 0	 1	 1	 1	  0.45	  0.00
178	34	18	v	 1	 1	 1	 2	 2	 2	 2	 2	 1	 2	 2	 1	  0.62	  0.00
179	34	18	v	 1	 1	 1	 2	 2	 2	 2	 1	 1	 2	 2	 1	  0.59	  0.00
180	34	18	v	 1	 1	 1	 3	 1	 2	 2	 2	 0	 1	 1	 1	  0.46	  0.00
181	34	18	v	 1	 1	 1	 2	 1	 2	 2	 1	 0	 1	 1	 1	  0.40	  0.00
182	34	18	v	 1	 1	 1	 3	 2	 2	 2	 2	 1	 2	 2	 1	  0.47	  0.00
183	34	18	v	 1	 1	 1	 2	 2	 2	 2	 2	 1	 2	 2	 1	  0.54	  0.00
184	34	18	v	 1	 1	 1	 1	 2	 2	 2	 2	 1	 2	 2	 1	  0.48	  0.00
185	34	18	v	 1	 1	 1	 1	 1	 2	 2	 1	 0	 1	 1	 1	  0.62	  0.00
186	34	18	v	 1	 1	 1	 1	 1	 2	 2	 1	 0	 1	 1	 1	  0.42	  0.00
187	34	18	v	 1	 1	 1	 3	 2	 2	 2	 2	 1	 2	 2	 1	  0.45	  0.00
188	34	18	v	 1	 1	 1	 1	 1	 2	 2	 2	 0	 1	 1	 1	  0.74	  0.00
189	34	18	v	 1	 1	 1	 2	 2	 2	 2	 1	 1	 2	 2	 1	  0.39	  0.00
190	34	18	v	 1	 1	 1	 2	 1	 2	 2	 2	 0	 1	 1	 1	  0.36	  0.00
191	34	18	v	 1	 1	 1	 2	 1	 2	 2	 2	 0	 1	 1	 1	  0.39	  0.00
192	34	18	v	 1	 1	 2	 1	 1	 1	 1	 1	 1	 1	 1	 1	  0.69	  0.00
193	34	18	v	 1	 1	 2	 1	 1	 1	 1	 1	 1	 1	 1	 1	  0.44	  0.00
194	34	18	v	 1	 1	 2	 2	 2	 1	 1	 1	 0	 2	 2	 1	  0.40	  0.00
195	34	18	v	 1	 1	 2	 2	 2	 1	 1	 1	 0	 2	 2	 1	  0.45	  0.00
196	34	18	v	 1	 1	 2	 3	 2	 1	 1	 2	 0	 2	 2	 1	  0.45	  0.00
197	34	18	v	 1	 1	 2	 2	 1	 1	 1	 1	 1	 1	 1	 1	  0.55	  0.00
198	34	18	v	 1	 1	 2	 1	 2	 1	 1	 1	 0	 2	 2	 1	  0.42	  0.00
199	34	18	v	 1	 1	 2	 2	 2	 1	 1	 2	 0	 2	 2	 1	  0.61	  0.00
200	34	18	v	 1	 1	 2	 3	 2	 1	 1	 2	 0	 2	 2	 1	  0.60	  0.00
201	34	18	v	 1	 1	 2	 3	 1	 1	 1	 2	 1	 1	 1	 1	  0.43	  0.00
202	34	18	v	 1	 1	 2	 1	 1	 1	 1	 2	 1	 1	 1	 1	  0.46	  0.00
203	34	18	v	 1	 1	 2	 3	 2	 1	 1	 2	 0	 2	 2	 1	  0.42	  0.00
204	34	18	v	 1	 1	 2	 1	 1	 1	 1	 1	 1	 1	 1	 1	  0.33	  0.00
205	34	18	v	 1	 1	 2	 1	 1	 1	 1	 2	 1	 1	 1	 1	  0.29	  0.00
206	34	18	v	 1	 1	 2	 2	 1	 1	 1	 1	 1	 1	 1	 1	  0.32	  0.00
207	34	18	v	 1	 1	 2	 3	 2	 1	 1	 1	 0	 2	 2	 1	  0.47	  0.00
208	34	18	v	 1	 1	 2	 1	 1	 1	 1	 2	 1	 1	 1	 1	  0.45	  0.00
209	34	18	v	 1	 1	 2	 1	 2	 1	 1	 1	 0	 2	 2	 1	  0.65	  0.00
210	34	18	v	 1	 1	 2	 2	 2	 1	 1	 1	 0	 2	 2	 1	  0.56	  0.00
211	34	18	v	 1	 1	 2	 3	 2	 1	 1	 1	 0	 2	 2	 1	  0.83	  0.00
212	34	18	v	 1	 1	 2	 2	 2	 1	 1	 1	 0	 2	 2	 1	  0.53	  0.00
213	34	18	v	 1	 1	 2	 3	 1	 1	 1	 2	 1	 1	 1	 1	  0.43	  0.00
214	34	18	v	 1	 1	 2	 3	 1	 1	 1	 1	 1	 1	 1	 1	  0.69	  0.00
215	34	18	v	 1	 1	 2	 2	 2	 1	 1	 2	 0	 2	 2	 1	  1.15	  0.00
216	34	18	v	 1	 1	 2	 1	 2	 1	 1	 2	 0	 2	 2	 1	  0.55	  0.00
217	34	18	v	 1	 1	 2	 2	 2	 1	 1	 1	 0	 2	 2	 1	  0.49	  0.00
218	34	18	v	 1	 1	 2	 2	 1	 1	 1	 1	 1	 1	 1	 1	  0.49	  0.00
219	34	18	v	 1	 1	 2	 3	 1	 1	 1	 2	 1	 1	 1	 1	  0.35	  0.00
220	34	18	v	 1	 1	 2	 3	 2	 1	 1	 2	 0	 2	 2	 1	  0.52	  0.00
221	34	18	v	 1	 1	 2	 1	 1	 1	 1	 1	 1	 1	 1	 1	  0.59	  0.00
222	34	18	v	 1	 1	 2	 2	 2	 1	 1	 1	 0	 2	 2	 1	  0.35	  0.00
223	34	18	v	 1	 1	 2	 1	 2	 1	 1	 1	 0	 2	 2	 1	  0.35	  0.00
224	34	18	v	 1	 1	 2	 1	 2	 1	 1	 1	 0	 2	 2	 1	  0.44	  0.00
225	34	18	v	 1	 1	 2	 3	 2	 1	 1	 2	 0	 2	 2	 1	  0.80	  0.00
226	34	18	v	 1	 1	 2	 3	 1	 1	 1	 1	 1	 1	 1	 1	  0.38	  0.00
227	34	18	v	 1	 1	 2	 1	 2	 1	 1	 2	 0	 2	 2	 1	  1.77	  0.00
228	34	18	v	 1	 1	 2	 1	 1	 1	 1	 1	 1	 1	 1	 1	  0.82	  0.00
229	34	18	v	 1	 1	 2	 2	 1	 1	 1	 2	 1	 1	 1	 1	  0.67	  0.00
230	34	18	v	 1	 1	 2	 2	 2	 1	 1	 1	 0	 2	 2	 1	  0.50	  0.00
231	34	18	v	 1	 1	 2	 2	 1	 1	 1	 2	 1	 1	 1	 1	  0.49	  0.00
232	34	18	v	 1	 1	 2	 3	 1	 1	 1	 2	 1	 1	 1	 1	  0.59	  0.00
233	34	18	v	 1	 1	 2	 2	 1	 1	 1	 1	 1	 1	 1	 1	  0.39	  0.00
234	34	18	v	 1	 1	 2	 1	 2	 1	 1	 2	 0	 2	 2	 1	  0.61	  0.00
235	34	18	v	 1	 1	 2	 1	 1	 1	 1	 1	 1	 1	 1	 1	  0.36	  0.00
236	34	18	v	 1	 1	 2	 3	 1	 1	 1	 1	 1	 1	 1	 1	  0.37	  0.00
237	34	18	v	 1	 1	 2	 3	 2	 1	 1	 1	 0	 2	 2	 1	  0.41	  0.00
238	34	18	v	 1	 1	 2	 1	 2	 1	 1	 2	 0	 2	 2	 1	  0.46	  0.00
239	34	18	v	 1	 1	 2	 2	 1	 1	 1	 1	 1	 1	 1	 1	  0.32	  0.00
240	34	18	v	 1	 1	 2	 1	 1	 1	 1	 2	 1	 1	 1	 1	  0.38	  0.00
241	34	18	v	 1	 1	 2	 2	 2	 1	 1	 2	 0	 2	 2	 1	  0.38	  0.00
242	34	18	v	 1	 1	 2	 3	 1	 1	 1	 1	 1	 1	 1	 1	  0.76	  0.00
243	34	18	v	 1	 1	 2	 2	 1	 1	 1	 2	 1	 1	 1	 1	  0.70	  0.00
244	34	18	v	 1	 1	 2	 3	 2	 1	 1	 1	 0	 2	 2	 1	  0.28	  0.00
245	34	18	v	 1	 1	 2	 3	 1	 1	 1	 1	 1	 1	 1	 1	  0.33	  0.00
246	34	18	v	 1	 1	 2	 3	 1	 1	 1	 1	 1	 1	 1	 1	  0.40	  0.00
247	34	18	v	 1	 1	 2	 3	 2	 1	 1	 2	 0	 2	 2	 1	  0.48	  0.00
248	34	18	v	 1	 1	 2	 2	 2	 1	 1	 2	 0	 2	 2	 1	  0.44	  0.00
249	34	18	v	 1	 1	 2	 2	 1	 1	 1	 2	 1	 1	 1	 1	  0.53	  0.00
250	34	18	v	 1	 1	 2	 1	 2	 1	 1	 1	 0	 2	 2	 1	  0.38	  0.00
251	34	18	v	 1	 1	 2	 3	 1	 1	 1	 1	 1	 1	 1	 1	  0.46	  0.00
252	34	18	v	 1	 1	 2	 2	 2	 1	 1	 2	 0	 2	 2	 1	  0.52	  0.00
253	34	18	v	 1	 1	 2	 1	 2	 1	 1	 2	 0	 2	 2	 1	  0.47	  0.00
254	34	18	v	 1	 1	 2	 1	 1	 1	 1	 2	 1	 1	 1	 1	  0.59	  0.00
255	34	18	v	 1	 1	 2	 1	 1	 1	 1	 2	 1	 1	 1	 1	  0.40	  0.00
256	34	18	v	 1	 1	 2	 2	 1	 1	 1	 2	 1	 1	 1	 1	  0.68	  0.00
257	34	18	v	 1	 1	 2	 3	 2	 1	 1	 2	 0	 2	 2	 1	  0.56	  0.00
258	34	18	v	 1	 1	 2	 3	 1	 1	 1	 2	 1	 1	 1	 1	  0.68	  0.00
259	34	18	v	 1	 1	 2	 1	 2	 1	 1	 1	 0	 2	 2	 1	  0.39	  0.00
260	34	18	v	 1	 1	 2	 2	 1	 1	 1	 2	 1	 1	 1	 1	  0.28	  0.00
261	34	18	v	 1	 1	 2	 1	 1	 1	 1	 2	 1	 1	 1	 1	  0.42	  0.00
262	34	18	v	 1	 1	 2	 1	 1	 1	 1	 1	 1	 1	 1	 1	  0.38	  0.00
263	34	18	v	 1	 1	 2	 2	 2	 1	 1	 2	 0	 2	 2	 1	  0.61	  0.00
264	34	18	v	 1	 1	 2	 3	 1	 1	 1	 2	 1	 1	 1	 1	  0.43	  0.00
265	34	18	v	 1	 1	 2	 1	 1	 1	 1	 2	 1	 1	 1	 1	  0.50	  0.00
266	34	18	v	 1	 1	 2	 2	 1	 1	 1	 1	 1	 1	 1	 1	  0.69	  0.00
267	34	18	v	 1	 1	 2	 2	 1	 1	 1	 2	 1	 1	 1	 1	  0.37	  0.00
268	34	18	v	 1	 1	 2	 3	 2	 1	 1	 1	 0	 2	 2	 1	  0.62	  0.00
269	34	18	v	 1	 1	 2	 2	 2	 1	 1	 2	 0	 2	 2	 1	  0.46	  0.00
270	34	18	v	 1	 1	 2	 1	 2	 1	 1	 2	 0	 2	 2	 1	  0.65	  0.00
271	34	18	v	 1	 1	 2	 3	 1	 1	 1	 2	 1	 1	 1	 1	  0.43	  0.00
272	34	18	v	 1	 1	 2	 3	 2	 1	 1	 2	 0	 2	 2	 1	  0.38	  0.00
273	34	18	v	 1	 1	 2	 1	 2	 1	 1	 1	 0	 2	 2	 1	  0.66	  0.00
274	34	18	v	 1	 1	 2	 3	 1	 1	 1	 2	 1	 1	 1	 1	  0.40	  0.00
275	34	18	v	 1	 1	 2	 1	 2	 1	 1	 1	 0	 2	 2	 1	  0.45	  0.00
276	34	18	v	 1	 1	 2	 2	 2	 1	 1	 1	 0	 2	 2	 1	  0.48	  0.00
277	34	18	v	 1	 1	 2	 1	 2	 1	 1	 2	 0	 2	 2	 1	  0.42	  0.00
278	34	18	v	 1	 1	 2	 2	 1	 1	 1	 1	 1	 1	 1	 1	  1.03	  0.00
279	34	18	v	 1	 1	 2	 3	 2	 1	 1	 1	 0	 2	 2	 1	  0.68	  0.00
280	34	18	v	 1	 1	 2	 2	 2	 1	 1	 2	 0	 2	 2	 1	  0.39	  0.00
281	34	18	v	 1	 1	 2	 1	 2	 1	 1	 2	 0	 2	 2	 1	  0.48	  0.00
282	34	18	v	 1	 1	 2	 2	 1	 1	 1	 1	 1	 1	 1	 1	  0.76	  0.00
283	34	18	v	 1	 1	 2	 3	 2	 1	 1	 1	 0	 2	 2	 1	  0.45	  0.00
284	34	18	v	 1	 1	 2	 2	 1	 1	 1	 2	 1	 1	 1	 1	  0.35	  0.00
285	34	18	v	 1	 1	 2	 3	 1	 1	 1	 1	 1	 1	 1	 1	  0.30	  0.00
286	34	18	v	 1	 1	 2	 3	 2	 1	 1	 1	 0	 2	 2	 1	  0.17	  0.00
287	34	18	v	 1	 1	 2	 1	 1	 1	 1	 1	 1	 1	 1	 1	  0.20	  0.00
288	34	18	v	 1	 1	 3	 3	 1	 2	 2	 1	 0	 1	 1	 1	  0.55	  0.00
289	34	18	v	 1	 1	 3	 1	 2	 2	 2	 1	 1	 2	 1	 0	  0.28	  0.00
290	34	18	v	 1	 1	 3	 2	 1	 2	 2	 2	 0	 1	 1	 1	  0.52	  0.00
291	34	18	v	 1	 1	 3	 1	 2	 2	 2	 2	 1	 2	 2	 1	  0.32	  0.00
292	34	18	v	 1	 1	 3	 2	 2	 2	 2	 1	 1	 2	 2	 1	  0.33	  0.00
293	34	18	v	 1	 1	 3	 3	 1	 2	 2	 1	 0	 1	 1	 1	  0.28	  0.00
294	34	18	v	 1	 1	 3	 1	 2	 2	 2	 2	 1	 2	 2	 1	  0.31	  0.00
295	34	18	v	 1	 1	 3	 3	 2	 2	 2	 1	 1	 2	 2	 1	  0.49	  0.00
296	34	18	v	 1	 1	 3	 3	 1	 2	 2	 2	 0	 1	 1	 1	  0.31	  0.00
297	34	18	v	 1	 1	 3	 3	 2	 2	 2	 2	 1	 2	 2	 1	  0.31	  0.00
298	34	18	v	 1	 1	 3	 3	 2	 2	 2	 2	 1	 2	 2	 1	  0.31	  0.00
299	34	18	v	 1	 1	 3	 2	 1	 2	 2	 1	 0	 1	 1	 1	  0.39	  0.00
300	34	18	v	 1	 1	 3	 1	 1	 2	 2	 2	 0	 1	 1	 1	  0.33	  0.00
301	34	18	v	 1	 1	 3	 3	 2	 2	 2	 2	 1	 2	 2	 1	  0.27	  0.00
302	34	18	v	 1	 1	 3	 1	 1	 2	 2	 1	 0	 1	 1	 1	  0.28	  0.00
303	34	18	v	 1	 1	 3	 3	 2	 2	 2	 1	 1	 2	 2	 1	  0.28	  0.00
304	34	18	v	 1	 1	 3	 3	 1	 2	 2	 2	 0	 1	 1	 1	  0.25	  0.00
305	34	18	v	 1	 1	 3	 3	 2	 2	 2	 2	 1	 2	 2	 1	  0.23	  0.00
306	34	18	v	 1	 1	 3	 2	 1	 2	 2	 2	 0	 1	 1	 1	  0.30	  0.00
307	34	18	v	 1	 1	 3	 3	 2	 2	 2	 1	 1	 2	 2	 1	  0.25	  0.00
308	34	18	v	 1	 1	 3	 2	 2	 2	 2	 2	 1	 2	 2	 1	  0.59	  0.00
309	34	18	v	 1	 1	 3	 2	 1	 2	 2	 1	 0	 1	 1	 1	  0.38	  0.00
310	34	18	v	 1	 1	 3	 1	 2	 2	 2	 2	 1	 2	 2	 1	  0.32	  0.00
311	34	18	v	 1	 1	 3	 1	 2	 2	 2	 1	 1	 2	 2	 1	  0.39	  0.00
312	34	18	v	 1	 1	 3	 2	 2	 2	 2	 1	 1	 2	 2	 1	  0.47	  0.00
313	34	18	v	 1	 1	 3	 1	 1	 2	 2	 2	 0	 1	 1	 1	  0.42	  0.00
314	34	18	v	 1	 1	 3	 1	 2	 2	 2	 2	 1	 2	 2	 1	  0.29	  0.00
315	34	18	v	 1	 1	 3	 1	 1	 2	 2	 1	 0	 1	 1	 1	  0.42	  0.00
316	34	18	v	 1	 1	 3	 2	 1	 2	 2	 1	 0	 1	 1	 1	  0.57	  0.00
317	34	18	v	 1	 1	 3	 3	 1	 2	 2	 2	 0	 1	 1	 1	  0.33	  0.00
318	34	18	v	 1	 1	 3	 3	 1	 2	 2	 1	 0	 1	 1	 1	  0.42	  0.00
319	34	18	v	 1	 1	 3	 2	 2	 2	 2	 2	 1	 2	 2	 1	  0.44	  0.00
320	34	18	v	 1	 1	 3	 2	 1	 2	 2	 2	 0	 1	 1	 1	  0.58	  0.00
321	34	18	v	 1	 1	 3	 1	 2	 2	 2	 1	 1	 2	 2	 1	  0.33	  0.00
322	34	18	v	 1	 1	 3	 1	 1	 2	 2	 1	 0	 1	 1	 1	  0.25	  0.00
323	34	18	v	 1	 1	 3	 2	 2	 2	 2	 1	 1	 2	 2	 1	  0.27	  0.00
324	34	18	v	 1	 1	 3	 2	 2	 2	 2	 2	 1	 2	 1	 0	  0.10	  0.00
325	34	18	v	 1	 1	 3	 1	 1	 2	 2	 1	 0	 1	 1	 1	  0.31	  0.00
326	34	18	v	 1	 1	 3	 3	 1	 2	 2	 1	 0	 1	 1	 1	  0.69	  0.00
327	34	18	v	 1	 1	 3	 1	 2	 2	 2	 2	 1	 2	 2	 1	  0.36	  0.00
328	34	18	v	 1	 1	 3	 2	 1	 2	 2	 2	 0	 1	 1	 1	  0.29	  0.00
329	34	18	v	 1	 1	 3	 2	 2	 2	 2	 2	 1	 2	 2	 1	  0.29	  0.00
330	34	18	v	 1	 1	 3	 1	 1	 2	 2	 1	 0	 1	 1	 1	  0.25	  0.00
331	34	18	v	 1	 1	 3	 3	 2	 2	 2	 1	 1	 2	 2	 1	  0.35	  0.00
332	34	18	v	 1	 1	 3	 1	 2	 2	 2	 2	 1	 2	 1	 0	  0.29	  0.00
333	34	18	v	 1	 1	 3	 2	 2	 2	 2	 2	 1	 2	 2	 1	  0.47	  0.00
334	34	18	v	 1	 1	 3	 1	 1	 2	 2	 2	 0	 1	 1	 1	  0.41	  0.00
335	34	18	v	 1	 1	 3	 3	 1	 2	 2	 2	 0	 1	 2	 0	  0.30	  0.00
336	34	18	v	 1	 1	 3	 1	 1	 2	 2	 1	 0	 1	 1	 1	  0.49	  0.00
337	34	18	v	 1	 1	 3	 2	 2	 2	 2	 1	 1	 2	 2	 1	  0.50	  0.00
338	34	18	v	 1	 1	 3	 2	 1	 2	 2	 2	 0	 1	 1	 1	  0.40	  0.00
339	34	18	v	 1	 1	 3	 1	 1	 2	 2	 1	 0	 1	 1	 1	  0.39	  0.00
340	34	18	v	 1	 1	 3	 3	 2	 2	 2	 2	 1	 2	 2	 1	  0.37	  0.00
341	34	18	v	 1	 1	 3	 3	 2	 2	 2	 1	 1	 2	 2	 1	  0.38	  0.00
342	34	18	v	 1	 1	 3	 3	 1	 2	 2	 2	 0	 1	 1	 1	  0.39	  0.00
343	34	18	v	 1	 1	 3	 1	 1	 2	 2	 2	 0	 1	 1	 1	  0.31	  0.00
344	34	18	v	 1	 1	 3	 2	 2	 2	 2	 1	 1	 2	 2	 1	  0.31	  0.00
345	34	18	v	 1	 1	 3	 1	 2	 2	 2	 2	 1	 2	 2	 1	  0.32	  0.00
346	34	18	v	 1	 1	 3	 2	 1	 2	 2	 1	 0	 1	 1	 1	  0.43	  0.00
347	34	18	v	 1	 1	 3	 2	 2	 2	 2	 2	 1	 2	 2	 1	  0.27	  0.00
348	34	18	v	 1	 1	 3	 1	 2	 2	 2	 1	 1	 2	 1	 0	  0.14	  0.00
349	34	18	v	 1	 1	 3	 2	 1	 2	 2	 1	 0	 1	 1	 1	  0.41	  0.00
350	34	18	v	 1	 1	 3	 3	 1	 2	 2	 1	 0	 1	 1	 1	  0.41	  0.00
351	34	18	v	 1	 1	 3	 2	 1	 2	 2	 1	 0	 1	 2	 0	  0.25	  0.00
352	34	18	v	 1	 1	 3	 2	 2	 2	 2	 1	 1	 2	 2	 1	  0.33	  0.00
353	34	18	v	 1	 1	 3	 3	 1	 2	 2	 1	 0	 1	 1	 1	  0.41	  0.00
354	34	18	v	 1	 1	 3	 2	 1	 2	 2	 2	 0	 1	 1	 1	  0.41	  0.00
355	34	18	v	 1	 1	 3	 2	 2	 2	 2	 2	 1	 2	 2	 1	  0.51	  0.00
356	34	18	v	 1	 1	 3	 3	 1	 2	 2	 2	 0	 1	 1	 1	  0.29	  0.00
357	34	18	v	 1	 1	 3	 1	 2	 2	 2	 1	 1	 2	 2	 1	  0.36	  0.00
358	34	18	v	 1	 1	 3	 1	 1	 2	 2	 2	 0	 1	 1	 1	  0.38	  0.00
359	34	18	v	 1	 1	 3	 2	 1	 2	 2	 1	 0	 1	 1	 1	  0.37	  0.00
360	34	18	v	 1	 1	 3	 1	 1	 2	 2	 1	 0	 1	 1	 1	  0.63	  0.00
361	34	18	v	 1	 1	 3	 1	 2	 2	 2	 1	 1	 2	 2	 1	  0.37	  0.00
362	34	18	v	 1	 1	 3	 3	 1	 2	 2	 1	 0	 1	 1	 1	  0.27	  0.00
363	34	18	v	 1	 1	 3	 3	 2	 2	 2	 1	 1	 2	 2	 1	  0.36	  0.00
364	34	18	v	 1	 1	 3	 3	 2	 2	 2	 1	 1	 2	 2	 1	  0.40	  0.00
365	34	18	v	 1	 1	 3	 3	 2	 2	 2	 2	 1	 2	 2	 1	  0.37	  0.00
366	34	18	v	 1	 1	 3	 1	 1	 2	 2	 2	 0	 1	 1	 1	  0.43	  0.00
367	34	18	v	 1	 1	 3	 2	 1	 2	 2	 2	 0	 1	 1	 1	  0.57	  0.00
368	34	18	v	 1	 1	 3	 1	 2	 2	 2	 1	 1	 2	 2	 1	  0.53	  0.00
369	34	18	v	 1	 1	 3	 1	 2	 2	 2	 2	 1	 2	 2	 1	  0.48	  0.00
370	34	18	v	 1	 1	 3	 3	 1	 2	 2	 2	 0	 1	 1	 1	  0.48	  0.00
371	34	18	v	 1	 1	 3	 2	 1	 2	 2	 2	 0	 1	 1	 1	  0.38	  0.00
372	34	18	v	 1	 1	 3	 3	 2	 2	 2	 1	 1	 2	 2	 1	  0.76	  0.00
373	34	18	v	 1	 1	 3	 2	 2	 2	 2	 2	 1	 2	 2	 1	  0.38	  0.00
374	34	18	v	 1	 1	 3	 2	 1	 2	 2	 1	 0	 1	 1	 1	  0.50	  0.00
375	34	18	v	 1	 1	 3	 3	 2	 2	 2	 2	 1	 2	 2	 1	  0.38	  0.00
376	34	18	v	 1	 1	 3	 1	 1	 2	 2	 2	 0	 1	 1	 1	  0.53	  0.00
377	34	18	v	 1	 1	 3	 3	 1	 2	 2	 1	 0	 1	 1	 1	  0.37	  0.00
378	34	18	v	 1	 1	 3	 3	 1	 2	 2	 2	 0	 1	 1	 1	  0.33	  0.00
379	34	18	v	 1	 1	 3	 1	 2	 2	 2	 1	 1	 2	 2	 1	  0.31	  0.00
380	34	18	v	 1	 1	 3	 1	 1	 2	 2	 2	 0	 1	 1	 1	  0.33	  0.00
381	34	18	v	 1	 1	 3	 2	 2	 2	 2	 1	 1	 2	 2	 1	  0.37	  0.00
382	34	18	v	 1	 1	 3	 2	 2	 2	 2	 1	 1	 2	 2	 1	  0.44	  0.00
383	34	18	v	 1	 1	 3	 3	 2	 2	 2	 2	 1	 2	 2	 1	  0.46	  0.00
