00	17	19	v	 0	 2	 0	 3	 2	 2	 1	 1	 1	 2	 2	 1	  0.98	  0.00
01	17	19	v	 0	 2	 0	 1	 2	 2	 1	 1	 1	 2	 2	 1	  0.62	  0.00
02	17	19	v	 0	 2	 0	 2	 1	 2	 1	 2	 0	 1	 1	 1	  0.35	  0.00
03	17	19	v	 0	 2	 0	 2	 2	 2	 1	 2	 1	 2	 2	 1	  0.34	  0.00
04	17	19	v	 0	 2	 0	 2	 2	 2	 1	 1	 1	 2	 2	 1	  0.39	  0.00
05	17	19	v	 0	 2	 0	 1	 2	 2	 1	 1	 1	 2	 2	 1	  0.58	  0.00
06	17	19	v	 0	 2	 0	 1	 2	 2	 1	 1	 1	 2	 2	 1	  0.48	  0.00
07	17	19	v	 0	 2	 0	 1	 1	 2	 1	 2	 0	 1	 1	 1	  0.29	  0.00
08	17	19	v	 0	 2	 0	 2	 1	 2	 1	 1	 0	 1	 1	 1	  0.40	  0.00
09	17	19	v	 0	 2	 0	 2	 1	 2	 1	 1	 0	 1	 1	 1	  0.44	  0.00
10	17	19	v	 0	 2	 0	 2	 2	 2	 1	 1	 1	 2	 2	 1	  0.37	  0.00
11	17	19	v	 0	 2	 0	 1	 1	 2	 1	 1	 0	 1	 1	 1	  0.39	  0.00
12	17	19	v	 0	 2	 0	 1	 1	 2	 1	 2	 0	 1	 1	 1	  0.40	  0.00
13	17	19	v	 0	 2	 0	 1	 2	 2	 1	 2	 1	 2	 2	 1	  0.57	  0.00
14	17	19	v	 0	 2	 0	 2	 1	 2	 1	 1	 0	 1	 1	 1	  0.63	  0.00
15	17	19	v	 0	 2	 0	 3	 1	 2	 1	 2	 0	 1	 1	 1	  0.40	  0.00
16	17	19	v	 0	 2	 0	 3	 1	 2	 1	 2	 0	 1	 1	 1	  0.65	  0.00
17	17	19	v	 0	 2	 0	 1	 2	 2	 1	 2	 1	 2	 2	 1	  0.47	  0.00
18	17	19	v	 0	 2	 0	 1	 1	 2	 1	 2	 0	 1	 1	 1	  0.36	  0.00
19	17	19	v	 0	 2	 0	 1	 1	 2	 1	 1	 0	 1	 1	 1	  0.53	  0.00
20	17	19	v	 0	 2	 0	 2	 1	 2	 1	 2	 0	 1	 1	 1	  0.54	  0.00
21	17	19	v	 0	 2	 0	 1	 1	 2	 1	 2	 0	 1	 1	 1	  0.33	  0.00
22	17	19	v	 0	 2	 0	 3	 2	 2	 1	 1	 1	 2	 2	 1	  0.48	  0.00
23	17	19	v	 0	 2	 0	 3	 1	 2	 1	 1	 0	 1	 1	 1	  0.35	  0.00
24	17	19	v	 0	 2	 0	 1	 1	 2	 1	 1	 0	 1	 1	 1	  0.47	  0.00
25	17	19	v	 0	 2	 0	 3	 1	 2	 1	 1	 0	 1	 1	 1	  0.35	  0.00
26	17	19	v	 0	 2	 0	 2	 2	 2	 1	 1	 1	 2	 2	 1	  0.30	  0.00
27	17	19	v	 0	 2	 0	 2	 1	 2	 1	 2	 0	 1	 1	 1	  0.38	  0.00
28	17	19	v	 0	 2	 0	 3	 2	 2	 1	 1	 1	 2	 2	 1	  0.42	  0.00
29	17	19	v	 0	 2	 0	 3	 1	 2	 1	 1	 0	 1	 1	 1	  0.37	  0.00
30	17	19	v	 0	 2	 0	 3	 1	 2	 1	 1	 0	 1	 1	 1	  0.34	  0.00
31	17	19	v	 0	 2	 0	 1	 2	 2	 1	 1	 1	 2	 2	 1	  0.52	  0.00
32	17	19	v	 0	 2	 0	 3	 1	 2	 1	 2	 0	 1	 1	 1	  0.55	  0.00
33	17	19	v	 0	 2	 0	 1	 1	 2	 1	 1	 0	 1	 1	 1	  0.56	  0.00
34	17	19	v	 0	 2	 0	 3	 2	 2	 1	 1	 1	 2	 2	 1	  0.49	  0.00
35	17	19	v	 0	 2	 0	 2	 1	 2	 1	 2	 0	 1	 1	 1	  0.43	  0.00
36	17	19	v	 0	 2	 0	 1	 2	 2	 1	 2	 1	 2	 2	 1	  0.37	  0.00
37	17	19	v	 0	 2	 0	 3	 1	 2	 1	 1	 0	 1	 1	 1	  0.40	  0.00
38	17	19	v	 0	 2	 0	 3	 1	 2	 1	 1	 0	 1	 1	 1	  0.39	  0.00
39	17	19	v	 0	 2	 0	 2	 2	 2	 1	 1	 1	 2	 2	 1	  0.44	  0.00
40	17	19	v	 0	 2	 0	 1	 2	 2	 1	 2	 1	 2	 2	 1	  0.62	  0.00
41	17	19	v	 0	 2	 0	 2	 2	 2	 1	 1	 1	 2	 2	 1	  0.44	  0.00
42	17	19	v	 0	 2	 0	 3	 2	 2	 1	 1	 1	 2	 2	 1	  0.42	  0.00
43	17	19	v	 0	 2	 0	 1	 1	 2	 1	 2	 0	 1	 1	 1	  0.33	  0.00
44	17	19	v	 0	 2	 0	 1	 1	 2	 1	 1	 0	 1	 1	 1	  0.59	  0.00
45	17	19	v	 0	 2	 0	 2	 1	 2	 1	 1	 0	 1	 1	 1	  0.50	  0.00
46	17	19	v	 0	 2	 0	 2	 2	 2	 1	 1	 1	 2	 2	 1	  0.51	  0.00
47	17	19	v	 0	 2	 0	 2	 2	 2	 1	 2	 1	 2	 2	 1	  0.49	  0.00
48	17	19	v	 0	 2	 0	 1	 2	 2	 1	 2	 1	 2	 2	 1	  0.48	  0.00
49	17	19	v	 0	 2	 0	 2	 1	 2	 1	 2	 0	 1	 1	 1	  0.44	  0.00
50	17	19	v	 0	 2	 0	 2	 1	 2	 1	 2	 0	 1	 1	 1	  0.48	  0.00
51	17	19	v	 0	 2	 0	 3	 2	 2	 1	 2	 1	 2	 2	 1	  0.41	  0.00
52	17	19	v	 0	 2	 0	 1	 1	 2	 1	 1	 0	 1	 1	 1	  0.66	  0.00
53	17	19	v	 0	 2	 0	 3	 2	 2	 1	 2	 1	 2	 2	 1	  0.49	  0.00
54	17	19	v	 0	 2	 0	 3	 2	 2	 1	 2	 1	 2	 2	 1	  0.43	  0.00
55	17	19	v	 0	 2	 0	 3	 2	 2	 1	 1	 1	 2	 2	 1	  0.44	  0.00
56	17	19	v	 0	 2	 0	 2	 1	 2	 1	 2	 0	 1	 1	 1	  0.39	  0.00
57	17	19	v	 0	 2	 0	 2	 1	 2	 1	 1	 0	 1	 1	 1	  0.64	  0.00
58	17	19	v	 0	 2	 0	 1	 1	 2	 1	 1	 0	 1	 1	 1	  0.53	  0.00
59	17	19	v	 0	 2	 0	 1	 2	 2	 1	 2	 1	 2	 2	 1	  0.57	  0.00
60	17	19	v	 0	 2	 0	 2	 1	 2	 1	 1	 0	 1	 1	 1	  0.38	  0.00
61	17	19	v	 0	 2	 0	 3	 1	 2	 1	 2	 0	 1	 1	 1	  0.49	  0.00
62	17	19	v	 0	 2	 0	 2	 2	 2	 1	 2	 1	 2	 2	 1	  0.90	  0.00
63	17	19	v	 0	 2	 0	 1	 1	 2	 1	 1	 0	 1	 1	 1	  0.49	  0.00
64	17	19	v	 0	 2	 0	 1	 2	 2	 1	 1	 1	 2	 2	 1	  0.45	  0.00
65	17	19	v	 0	 2	 0	 3	 2	 2	 1	 1	 1	 2	 2	 1	  0.40	  0.00
66	17	19	v	 0	 2	 0	 3	 1	 2	 1	 1	 0	 1	 1	 1	  0.43	  0.00
67	17	19	v	 0	 2	 0	 2	 2	 2	 1	 2	 1	 2	 2	 1	  0.33	  0.00
68	17	19	v	 0	 2	 0	 2	 2	 2	 1	 2	 1	 2	 2	 1	  0.43	  0.00
69	17	19	v	 0	 2	 0	 1	 1	 2	 1	 2	 0	 1	 1	 1	  0.40	  0.00
70	17	19	v	 0	 2	 0	 3	 1	 2	 1	 2	 0	 1	 1	 1	  0.46	  0.00
71	17	19	v	 0	 2	 0	 1	 2	 2	 1	 2	 1	 2	 2	 1	  0.41	  0.00
72	17	19	v	 0	 2	 0	 1	 2	 2	 1	 1	 1	 2	 2	 1	  0.56	  0.00
73	17	19	v	 0	 2	 0	 1	 1	 2	 1	 2	 0	 1	 1	 1	  0.65	  0.00
74	17	19	v	 0	 2	 0	 3	 2	 2	 1	 2	 1	 2	 2	 1	  0.45	  0.00
75	17	19	v	 0	 2	 0	 1	 1	 2	 1	 2	 0	 1	 1	 1	  0.39	  0.00
76	17	19	v	 0	 2	 0	 3	 1	 2	 1	 2	 0	 1	 1	 1	  0.52	  0.00
77	17	19	v	 0	 2	 0	 3	 2	 2	 1	 2	 1	 2	 2	 1	  0.91	  0.00
78	17	19	v	 0	 2	 0	 2	 2	 2	 1	 1	 1	 2	 2	 1	  0.49	  0.00
79	17	19	v	 0	 2	 0	 2	 2	 2	 1	 1	 1	 2	 2	 1	  0.59	  0.00
80	17	19	v	 0	 2	 0	 2	 1	 2	 1	 1	 0	 1	 1	 1	  0.32	  0.00
81	17	19	v	 0	 2	 0	 3	 1	 2	 1	 2	 0	 1	 1	 1	  0.46	  0.00
82	17	19	v	 0	 2	 0	 2	 2	 2	 1	 2	 1	 2	 2	 1	  0.69	  0.00
83	17	19	v	 0	 2	 0	 1	 2	 2	 1	 1	 1	 2	 2	 1	  0.98	  0.00
84	17	19	v	 0	 2	 0	 2	 1	 2	 1	 1	 0	 1	 1	 1	  0.52	  0.00
85	17	19	v	 0	 2	 0	 2	 1	 2	 1	 2	 0	 1	 1	 1	  0.48	  0.00
86	17	19	v	 0	 2	 0	 1	 2	 2	 1	 2	 1	 2	 2	 1	  0.32	  0.00
87	17	19	v	 0	 2	 0	 3	 2	 2	 1	 2	 1	 2	 1	 0	  0.32	  0.00
88	17	19	v	 0	 2	 0	 3	 2	 2	 1	 2	 1	 2	 2	 1	  0.47	  0.00
89	17	19	v	 0	 2	 0	 3	 1	 2	 1	 2	 0	 1	 1	 1	  0.41	  0.00
90	17	19	v	 0	 2	 0	 3	 2	 2	 1	 2	 1	 2	 2	 1	  0.41	  0.00
91	17	19	v	 0	 2	 0	 1	 2	 2	 1	 1	 1	 2	 2	 1	  0.47	  0.00
92	17	19	v	 0	 2	 0	 3	 2	 2	 1	 1	 1	 2	 2	 1	  0.43	  0.00
93	17	19	v	 0	 2	 0	 2	 2	 2	 1	 2	 1	 2	 2	 1	  0.53	  0.00
94	17	19	v	 0	 2	 0	 3	 1	 2	 1	 1	 0	 1	 1	 1	  0.40	  0.00
95	17	19	v	 0	 2	 0	 2	 2	 2	 1	 2	 1	 2	 2	 1	  0.59	  0.00
96	17	19	v	 0	 2	 1	 2	 2	 1	 2	 1	 0	 2	 2	 1	  0.56	  0.00
97	17	19	v	 0	 2	 1	 3	 1	 1	 2	 2	 1	 1	 1	 1	  0.56	  0.00
98	17	19	v	 0	 2	 1	 2	 2	 1	 2	 1	 0	 2	 2	 1	  0.42	  0.00
99	17	19	v	 0	 2	 1	 3	 1	 1	 2	 1	 1	 1	 1	 1	  0.38	  0.00
100	17	19	v	 0	 2	 1	 3	 1	 1	 2	 2	 1	 1	 1	 1	  0.43	  0.00
101	17	19	v	 0	 2	 1	 2	 1	 1	 2	 2	 1	 1	 1	 1	  0.37	  0.00
102	17	19	v	 0	 2	 1	 2	 2	 1	 2	 2	 0	 2	 2	 1	  0.37	  0.00
103	17	19	v	 0	 2	 1	 2	 2	 1	 2	 1	 0	 2	 2	 1	  0.42	  0.00
104	17	19	v	 0	 2	 1	 2	 2	 1	 2	 2	 0	 2	 2	 1	  0.46	  0.00
105	17	19	v	 0	 2	 1	 3	 1	 1	 2	 2	 1	 1	 1	 1	  0.45	  0.00
106	17	19	v	 0	 2	 1	 3	 1	 1	 2	 1	 1	 1	 1	 1	  0.60	  0.00
107	17	19	v	 0	 2	 1	 2	 1	 1	 2	 1	 1	 1	 1	 1	  0.56	  0.00
108	17	19	v	 0	 2	 1	 3	 2	 1	 2	 1	 0	 2	 2	 1	  0.52	  0.00
109	17	19	v	 0	 2	 1	 1	 2	 1	 2	 1	 0	 2	 2	 1	  0.82	  0.00
110	17	19	v	 0	 2	 1	 3	 1	 1	 2	 2	 1	 1	 1	 1	  0.45	  0.00
111	17	19	v	 0	 2	 1	 3	 2	 1	 2	 1	 0	 2	 2	 1	  0.73	  0.00
112	17	19	v	 0	 2	 1	 3	 1	 1	 2	 2	 1	 1	 1	 1	  0.65	  0.00
113	17	19	v	 0	 2	 1	 1	 2	 1	 2	 1	 0	 2	 2	 1	  0.59	  0.00
114	17	19	v	 0	 2	 1	 2	 1	 1	 2	 2	 1	 1	 1	 1	  0.49	  0.00
115	17	19	v	 0	 2	 1	 1	 2	 1	 2	 2	 0	 2	 2	 1	  0.49	  0.00
116	17	19	v	 0	 2	 1	 2	 1	 1	 2	 2	 1	 1	 1	 1	  0.51	  0.00
117	17	19	v	 0	 2	 1	 1	 1	 1	 2	 2	 1	 1	 1	 1	  0.51	  0.00
118	17	19	v	 0	 2	 1	 2	 2	 1	 2	 2	 0	 2	 2	 1	  0.46	  0.00
119	17	19	v	 0	 2	 1	 1	 1	 1	 2	 1	 1	 1	 1	 1	  0.47	  0.00
120	17	19	v	 0	 2	 1	 2	 1	 1	 2	 1	 1	 1	 1	 1	  0.53	  0.00
121	17	19	v	 0	 2	 1	 1	 2	 1	 2	 1	 0	 2	 2	 1	  0.52	  0.00
122	17	19	v	 0	 2	 1	 2	 1	 1	 2	 2	 1	 1	 1	 1	  0.40	  0.00
123	17	19	v	 0	 2	 1	 1	 2	 1	 2	 2	 0	 2	 2	 1	  0.91	  0.00
124	17	19	v	 0	 2	 1	 1	 1	 1	 2	 1	 1	 1	 1	 1	  0.42	  0.00
125	17	19	v	 0	 2	 1	 1	 2	 1	 2	 1	 0	 2	 2	 1	  0.48	  0.00
126	17	19	v	 0	 2	 1	 1	 1	 1	 2	 1	 1	 1	 1	 1	  0.44	  0.00
127	17	19	v	 0	 2	 1	 2	 1	 1	 2	 1	 1	 1	 1	 1	  0.42	  0.00
128	17	19	v	 0	 2	 1	 1	 2	 1	 2	 2	 0	 2	 2	 1	  0.41	  0.00
129	17	19	v	 0	 2	 1	 1	 2	 1	 2	 2	 0	 2	 2	 1	  0.44	  0.00
130	17	19	v	 0	 2	 1	 1	 1	 1	 2	 2	 1	 1	 1	 1	  0.41	  0.00
131	17	19	v	 0	 2	 1	 2	 2	 1	 2	 2	 0	 2	 2	 1	  0.36	  0.00
132	17	19	v	 0	 2	 1	 1	 1	 1	 2	 1	 1	 1	 1	 1	  0.43	  0.00
133	17	19	v	 0	 2	 1	 1	 2	 1	 2	 2	 0	 2	 2	 1	  0.26	  0.00
134	17	19	v	 0	 2	 1	 2	 1	 1	 2	 1	 1	 1	 1	 1	  0.35	  0.00
135	17	19	v	 0	 2	 1	 3	 2	 1	 2	 1	 0	 2	 2	 1	  0.41	  0.00
136	17	19	v	 0	 2	 1	 3	 2	 1	 2	 2	 0	 2	 2	 1	  0.47	  0.00
137	17	19	v	 0	 2	 1	 1	 1	 1	 2	 2	 1	 1	 1	 1	  0.45	  0.00
138	17	19	v	 0	 2	 1	 3	 2	 1	 2	 2	 0	 2	 2	 1	  0.52	  0.00
139	17	19	v	 0	 2	 1	 2	 2	 1	 2	 1	 0	 2	 2	 1	  0.44	  0.00
140	17	19	v	 0	 2	 1	 3	 2	 1	 2	 1	 0	 2	 2	 1	  0.50	  0.00
141	17	19	v	 0	 2	 1	 2	 1	 1	 2	 2	 1	 1	 1	 1	  0.44	  0.00
142	17	19	v	 0	 2	 1	 3	 1	 1	 2	 1	 1	 1	 1	 1	  0.40	  0.00
143	17	19	v	 0	 2	 1	 2	 2	 1	 2	 1	 0	 2	 2	 1	  0.57	  0.00
144	17	19	v	 0	 2	 1	 3	 1	 1	 2	 2	 1	 1	 1	 1	  0.82	  0.00
145	17	19	v	 0	 2	 1	 1	 2	 1	 2	 1	 0	 2	 2	 1	  0.33	  0.00
146	17	19	v	 0	 2	 1	 1	 1	 1	 2	 1	 1	 1	 1	 1	  0.41	  0.00
147	17	19	v	 0	 2	 1	 3	 1	 1	 2	 1	 1	 1	 1	 1	  0.45	  0.00
148	17	19	v	 0	 2	 1	 3	 1	 1	 2	 2	 1	 1	 1	 1	  0.56	  0.00
149	17	19	v	 0	 2	 1	 3	 2	 1	 2	 1	 0	 2	 2	 1	  0.48	  0.00
150	17	19	v	 0	 2	 1	 1	 2	 1	 2	 2	 0	 2	 2	 1	  0.54	  0.00
151	17	19	v	 0	 2	 1	 3	 2	 1	 2	 2	 0	 2	 2	 1	  0.44	  0.00
152	17	19	v	 0	 2	 1	 3	 2	 1	 2	 2	 0	 2	 2	 1	  0.39	  0.00
153	17	19	v	 0	 2	 1	 3	 1	 1	 2	 1	 1	 1	 1	 1	  0.32	  0.00
154	17	19	v	 0	 2	 1	 1	 1	 1	 2	 2	 1	 1	 1	 1	  0.47	  0.00
155	17	19	v	 0	 2	 1	 3	 2	 1	 2	 2	 0	 2	 2	 1	  0.40	  0.00
156	17	19	v	 0	 2	 1	 1	 2	 1	 2	 2	 0	 2	 2	 1	  0.63	  0.00
157	17	19	v	 0	 2	 1	 2	 1	 1	 2	 1	 1	 1	 1	 1	  0.56	  0.00
158	17	19	v	 0	 2	 1	 3	 2	 1	 2	 1	 0	 2	 2	 1	  0.34	  0.00
159	17	19	v	 0	 2	 1	 2	 1	 1	 2	 2	 1	 1	 1	 1	  0.47	  0.00
160	17	19	v	 0	 2	 1	 1	 1	 1	 2	 1	 1	 1	 1	 1	  0.36	  0.00
161	17	19	v	 0	 2	 1	 1	 2	 1	 2	 2	 0	 2	 2	 1	  0.38	  0.00
162	17	19	v	 0	 2	 1	 2	 1	 1	 2	 1	 1	 1	 1	 1	  0.43	  0.00
163	17	19	v	 0	 2	 1	 3	 2	 1	 2	 2	 0	 2	 2	 1	  0.71	  0.00
164	17	19	v	 0	 2	 1	 2	 2	 1	 2	 2	 0	 2	 2	 1	  0.40	  0.00
165	17	19	v	 0	 2	 1	 2	 2	 1	 2	 2	 0	 2	 2	 1	  0.41	  0.00
166	17	19	v	 0	 2	 1	 2	 1	 1	 2	 1	 1	 1	 1	 1	  0.39	  0.00
167	17	19	v	 0	 2	 1	 1	 2	 1	 2	 1	 0	 2	 2	 1	  0.48	  0.00
168	17	19	v	 0	 2	 1	 2	 2	 1	 2	 1	 0	 2	 2	 1	  0.44	  0.00
169	17	19	v	 0	 2	 1	 3	 1	 1	 2	 1	 1	 1	 1	 1	  0.33	  0.00
170	17	19	v	 0	 2	 1	 3	 2	 1	 2	 1	 0	 2	 2	 1	  0.47	  0.00
171	17	19	v	 0	 2	 1	 3	 2	 1	 2	 2	 0	 2	 2	 1	  0.48	  0.00
172	17	19	v	 0	 2	 1	 1	 1	 1	 2	 1	 1	 1	 1	 1	  0.37	  0.00
173	17	19	v	 0	 2	 1	 1	 1	 1	 2	 2	 1	 1	 1	 1	  0.43	  0.00
174	17	19	v	 0	 2	 1	 3	 1	 1	 2	 1	 1	 1	 1	 1	  0.60	  0.00
175	17	19	v	 0	 2	 1	 2	 2	 1	 2	 1	 0	 2	 2	 1	  0.42	  0.00
176	17	19	v	 0	 2	 1	 3	 2	 1	 2	 2	 0	 2	 2	 1	  0.87	  0.00
177	17	19	v	 0	 2	 1	 1	 1	 1	 2	 2	 1	 1	 1	 1	  0.45	  0.00
178	17	19	v	 0	 2	 1	 2	 2	 1	 2	 2	 0	 2	 2	 1	  0.54	  0.00
179	17	19	v	 0	 2	 1	 2	 1	 1	 2	 2	 1	 1	 1	 1	  0.51	  0.00
180	17	19	v	 0	 2	 1	 1	 1	 1	 2	 2	 1	 1	 1	 1	  0.44	  0.00
181	17	19	v	 0	 2	 1	 1	 1	 1	 2	 2	 1	 1	 1	 1	  0.57	  0.00
182	17	19	v	 0	 2	 1	 2	 1	 1	 2	 2	 1	 1	 1	 1	  0.44	  0.00
183	17	19	v	 0	 2	 1	 3	 2	 1	 2	 1	 0	 2	 2	 1	  0.69	  0.00
184	17	19	v	 0	 2	 1	 3	 1	 1	 2	 2	 1	 1	 1	 1	  0.47	  0.00
185	17	19	v	 0	 2	 1	 2	 2	 1	 2	 1	 0	 2	 2	 1	  0.48	  0.00
186	17	19	v	 0	 2	 1	 3	 1	 1	 2	 1	 1	 1	 1	 1	  0.38	  0.00
187	17	19	v	 0	 2	 1	 2	 2	 1	 2	 2	 0	 2	 2	 1	  0.56	  0.00
188	17	19	v	 0	 2	 1	 1	 1	 1	 2	 1	 1	 1	 1	 1	  0.61	  0.00
189	17	19	v	 0	 2	 1	 1	 2	 1	 2	 1	 0	 2	 2	 1	  0.56	  0.00
190	17	19	v	 0	 2	 1	 1	 2	 1	 2	 1	 0	 2	 2	 1	  0.87	  0.00
191	17	19	v	 0	 2	 1	 2	 1	 1	 2	 1	 1	 1	 1	 1	  0.48	  0.00
192	17	19	v	 0	 2	 2	 2	 1	 2	 1	 1	 0	 1	 1	 1	  0.70	  0.00
193	17	19	v	 0	 2	 2	 1	 2	 2	 1	 1	 1	 2	 2	 1	  0.32	  0.00
194	17	19	v	 0	 2	 2	 3	 1	 2	 1	 2	 0	 1	 1	 1	  0.38	  0.00
195	17	19	v	 0	 2	 2	 1	 2	 2	 1	 1	 1	 2	 2	 1	  0.38	  0.00
196	17	19	v	 0	 2	 2	 3	 2	 2	 1	 2	 1	 2	 2	 1	  0.54	  0.00
197	17	19	v	 0	 2	 2	 2	 2	 2	 1	 2	 1	 2	 2	 1	  0.52	  0.00
198	17	19	v	 0	 2	 2	 2	 2	 2	 1	 1	 1	 2	 2	 1	  0.86	  0.00
199	17	19	v	 0	 2	 2	 1	 1	 2	 1	 1	 0	 1	 1	 1	  0.36	  0.00
200	17	19	v	 0	 2	 2	 3	 2	 2	 1	 2	 1	 2	 2	 1	  0.42	  0.00
201	17	19	v	 0	 2	 2	 3	 2	 2	 1	 1	 1	 2	 2	 1	  0.53	  0.00
202	17	19	v	 0	 2	 2	 2	 1	 2	 1	 1	 0	 1	 1	 1	  0.34	  0.00
203	17	19	v	 0	 2	 2	 1	 1	 2	 1	 2	 0	 1	 1	 1	  0.52	  0.00
204	17	19	v	 0	 2	 2	 1	 2	 2	 1	 2	 1	 2	 2	 1	  0.38	  0.00
205	17	19	v	 0	 2	 2	 3	 1	 2	 1	 1	 0	 1	 1	 1	  0.41	  0.00
206	17	19	v	 0	 2	 2	 2	 1	 2	 1	 2	 0	 1	 1	 1	  0.39	  0.00
207	17	19	v	 0	 2	 2	 3	 1	 2	 1	 1	 0	 1	 1	 1	  0.46	  0.00
208	17	19	v	 0	 2	 2	 2	 2	 2	 1	 2	 1	 2	 2	 1	  0.46	  0.00
209	17	19	v	 0	 2	 2	 2	 1	 2	 1	 1	 0	 1	 1	 1	  0.57	  0.00
210	17	19	v	 0	 2	 2	 3	 2	 2	 1	 2	 1	 2	 2	 1	  0.48	  0.00
211	17	19	v	 0	 2	 2	 3	 1	 2	 1	 2	 0	 1	 1	 1	  0.43	  0.00
212	17	19	v	 0	 2	 2	 1	 1	 2	 1	 2	 0	 1	 1	 1	  0.54	  0.00
213	17	19	v	 0	 2	 2	 3	 1	 2	 1	 2	 0	 1	 1	 1	  0.56	  0.00
214	17	19	v	 0	 2	 2	 2	 2	 2	 1	 1	 1	 2	 2	 1	  0.67	  0.00
215	17	19	v	 0	 2	 2	 2	 1	 2	 1	 1	 0	 1	 1	 1	  0.54	  0.00
216	17	19	v	 0	 2	 2	 3	 2	 2	 1	 2	 1	 2	 2	 1	  0.42	  0.00
217	17	19	v	 0	 2	 2	 1	 2	 2	 1	 2	 1	 2	 2	 1	  0.46	  0.00
218	17	19	v	 0	 2	 2	 1	 1	 2	 1	 2	 0	 1	 1	 1	  0.46	  0.00
219	17	19	v	 0	 2	 2	 3	 2	 2	 1	 1	 1	 2	 2	 1	  0.39	  0.00
220	17	19	v	 0	 2	 2	 1	 1	 2	 1	 1	 0	 1	 1	 1	  0.50	  0.00
221	17	19	v	 0	 2	 2	 3	 1	 2	 1	 2	 0	 1	 1	 1	  0.49	  0.00
222	17	19	v	 0	 2	 2	 2	 2	 2	 1	 2	 1	 2	 2	 1	  0.42	  0.00
223	17	19	v	 0	 2	 2	 2	 1	 2	 1	 2	 0	 1	 1	 1	  0.41	  0.00
224	17	19	v	 0	 2	 2	 2	 1	 2	 1	 1	 0	 1	 1	 1	  0.53	  0.00
225	17	19	v	 0	 2	 2	 2	 1	 2	 1	 2	 0	 1	 1	 1	  0.49	  0.00
226	17	19	v	 0	 2	 2	 2	 1	 2	 1	 2	 0	 1	 1	 1	  0.51	  0.00
227	17	19	v	 0	 2	 2	 2	 2	 2	 1	 2	 1	 2	 2	 1	  0.41	  0.00
228	17	19	v	 0	 2	 2	 2	 2	 2	 1	 2	 1	 2	 2	 1	  0.51	  0.00
229	17	19	v	 0	 2	 2	 3	 2	 2	 1	 1	 1	 2	 2	 1	  0.43	  0.00
230	17	19	v	 0	 2	 2	 2	 1	 2	 1	 1	 0	 1	 1	 1	  0.51	  0.00
231	17	19	v	 0	 2	 2	 2	 2	 2	 1	 2	 1	 2	 2	 1	  0.44	  0.00
232	17	19	v	 0	 2	 2	 1	 1	 2	 1	 2	 0	 1	 1	 1	  0.40	  0.00
233	17	19	v	 0	 2	 2	 1	 1	 2	 1	 2	 0	 1	 1	 1	  0.45	  0.00
234	17	19	v	 0	 2	 2	 1	 1	 2	 1	 1	 0	 1	 1	 1	  0.40	  0.00
235	17	19	v	 0	 2	 2	 1	 1	 2	 1	 2	 0	 1	 1	 1	  0.44	  0.00
236	17	19	v	 0	 2	 2	 2	 2	 2	 1	 2	 1	 2	 2	 1	  0.51	  0.00
237	17	19	v	 0	 2	 2	 3	 2	 2	 1	 2	 1	 2	 2	 1	  0.57	  0.00
238	17	19	v	 0	 2	 2	 3	 1	 2	 1	 1	 0	 1	 1	 1	  0.87	  0.00
239	17	19	v	 0	 2	 2	 1	 1	 2	 1	 1	 0	 1	 1	 1	  0.45	  0.00
240	17	19	v	 0	 2	 2	 3	 2	 2	 1	 1	 1	 2	 2	 1	  0.40	  0.00
241	17	19	v	 0	 2	 2	 2	 2	 2	 1	 1	 1	 2	 2	 1	  0.45	  0.00
242	17	19	v	 0	 2	 2	 1	 2	 2	 1	 2	 1	 2	 2	 1	  0.42	  0.00
243	17	19	v	 0	 2	 2	 2	 1	 2	 1	 1	 0	 1	 1	 1	  0.41	  0.00
244	17	19	v	 0	 2	 2	 2	 1	 2	 1	 1	 0	 1	 1	 1	  0.51	  0.00
245	17	19	v	 0	 2	 2	 1	 2	 2	 1	 2	 1	 2	 2	 1	  0.61	  0.00
246	17	19	v	 0	 2	 2	 2	 2	 2	 1	 1	 1	 2	 2	 1	  0.73	  0.00
247	17	19	v	 0	 2	 2	 1	 2	 2	 1	 2	 1	 2	 2	 1	  0.50	  0.00
248	17	19	v	 0	 2	 2	 3	 2	 2	 1	 1	 1	 2	 2	 1	  0.43	  0.00
249	17	19	v	 0	 2	 2	 2	 1	 2	 1	 2	 0	 1	 1	 1	  0.50	  0.00
250	17	19	v	 0	 2	 2	 2	 1	 2	 1	 2	 0	 1	 1	 1	  0.48	  0.00
251	17	19	v	 0	 2	 2	 1	 1	 2	 1	 1	 0	 1	 1	 1	  0.55	  0.00
252	17	19	v	 0	 2	 2	 1	 2	 2	 1	 1	 1	 2	 2	 1	  0.74	  0.00
253	17	19	v	 0	 2	 2	 2	 2	 2	 1	 1	 1	 2	 2	 1	  0.90	  0.00
254	17	19	v	 0	 2	 2	 1	 2	 2	 1	 1	 1	 2	 2	 1	  0.42	  0.00
255	17	19	v	 0	 2	 2	 3	 1	 2	 1	 1	 0	 1	 1	 1	  0.47	  0.00
256	17	19	v	 0	 2	 2	 1	 2	 2	 1	 1	 1	 2	 2	 1	  0.70	  0.00
257	17	19	v	 0	 2	 2	 1	 2	 2	 1	 1	 1	 2	 2	 1	  0.55	  0.00
258	17	19	v	 0	 2	 2	 2	 2	 2	 1	 1	 1	 2	 2	 1	  0.50	  0.00
259	17	19	v	 0	 2	 2	 1	 1	 2	 1	 1	 0	 1	 1	 1	  0.79	  0.00
260	17	19	v	 0	 2	 2	 3	 1	 2	 1	 2	 0	 1	 1	 1	  0.86	  0.00
261	17	19	v	 0	 2	 2	 3	 2	 2	 1	 1	 1	 2	 2	 1	  0.82	  0.00
262	17	19	v	 0	 2	 2	 2	 1	 2	 1	 2	 0	 1	 1	 1	  0.44	  0.00
263	17	19	v	 0	 2	 2	 3	 2	 2	 1	 1	 1	 2	 2	 1	  0.51	  0.00
264	17	19	v	 0	 2	 2	 2	 2	 2	 1	 1	 1	 2	 2	 1	  0.53	  0.00
265	17	19	v	 0	 2	 2	 3	 2	 2	 1	 2	 1	 2	 2	 1	  0.51	  0.00
266	17	19	v	 0	 2	 2	 3	 1	 2	 1	 1	 0	 1	 1	 1	  0.48	  0.00
267	17	19	v	 0	 2	 2	 2	 2	 2	 1	 2	 1	 2	 2	 1	  0.44	  0.00
268	17	19	v	 0	 2	 2	 3	 1	 2	 1	 2	 0	 1	 1	 1	  0.55	  0.00
269	17	19	v	 0	 2	 2	 1	 1	 2	 1	 1	 0	 1	 1	 1	  0.60	  0.00
270	17	19	v	 0	 2	 2	 3	 1	 2	 1	 1	 0	 1	 1	 1	  0.81	  0.00
271	17	19	v	 0	 2	 2	 3	 1	 2	 1	 1	 0	 1	 1	 1	  0.47	  0.00
272	17	19	v	 0	 2	 2	 2	 2	 2	 1	 1	 1	 2	 2	 1	  0.54	  0.00
273	17	19	v	 0	 2	 2	 1	 1	 2	 1	 2	 0	 1	 1	 1	  0.54	  0.00
274	17	19	v	 0	 2	 2	 1	 2	 2	 1	 1	 1	 2	 2	 1	  0.44	  0.00
275	17	19	v	 0	 2	 2	 1	 1	 2	 1	 2	 0	 1	 1	 1	  0.47	  0.00
276	17	19	v	 0	 2	 2	 1	 2	 2	 1	 2	 1	 2	 2	 1	  0.43	  0.00
277	17	19	v	 0	 2	 2	 1	 2	 2	 1	 1	 1	 2	 2	 1	  0.55	  0.00
278	17	19	v	 0	 2	 2	 2	 1	 2	 1	 2	 0	 1	 1	 1	  0.93	  0.00
279	17	19	v	 0	 2	 2	 3	 2	 2	 1	 1	 1	 2	 2	 1	  0.66	  0.00
280	17	19	v	 0	 2	 2	 3	 1	 2	 1	 2	 0	 1	 1	 1	  0.41	  0.00
281	17	19	v	 0	 2	 2	 3	 2	 2	 1	 2	 1	 2	 2	 1	  0.36	  0.00
282	17	19	v	 0	 2	 2	 3	 1	 2	 1	 2	 0	 1	 1	 1	  0.45	  0.00
283	17	19	v	 0	 2	 2	 1	 2	 2	 1	 2	 1	 2	 2	 1	  0.32	  0.00
284	17	19	v	 0	 2	 2	 1	 1	 2	 1	 1	 0	 1	 1	 1	  0.34	  0.00
285	17	19	v	 0	 2	 2	 1	 2	 2	 1	 2	 1	 2	 2	 1	  0.24	  0.00
286	17	19	v	 0	 2	 2	 3	 1	 2	 1	 1	 0	 1	 1	 1	  0.33	  0.00
287	17	19	v	 0	 2	 2	 3	 2	 2	 1	 2	 1	 2	 2	 1	  0.32	  0.00
288	17	19	v	 0	 2	 3	 1	 1	 1	 2	 2	 1	 1	 1	 1	  0.43	  0.00
289	17	19	v	 0	 2	 3	 1	 1	 1	 2	 2	 1	 1	 1	 1	  0.46	  0.00
290	17	19	v	 0	 2	 3	 1	 1	 1	 2	 1	 1	 1	 1	 1	  0.46	  0.00
291	17	19	v	 0	 2	 3	 1	 2	 1	 2	 1	 0	 2	 2	 1	  0.28	  0.00
292	17	19	v	 0	 2	 3	 1	 2	 1	 2	 1	 0	 2	 2	 1	  0.35	  0.00
293	17	19	v	 0	 2	 3	 2	 1	 1	 2	 1	 1	 1	 1	 1	  0.43	  0.00
294	17	19	v	 0	 2	 3	 1	 1	 1	 2	 1	 1	 1	 1	 1	  0.62	  0.00
295	17	19	v	 0	 2	 3	 1	 2	 1	 2	 2	 0	 2	 2	 1	  0.49	  0.00
296	17	19	v	 0	 2	 3	 2	 2	 1	 2	 2	 0	 2	 2	 1	  0.59	  0.00
297	17	19	v	 0	 2	 3	 2	 1	 1	 2	 2	 1	 1	 1	 1	  0.58	  0.00
298	17	19	v	 0	 2	 3	 2	 2	 1	 2	 1	 0	 2	 2	 1	  0.42	  0.00
299	17	19	v	 0	 2	 3	 2	 2	 1	 2	 2	 0	 2	 2	 1	  0.70	  0.00
300	17	19	v	 0	 2	 3	 1	 1	 1	 2	 2	 1	 1	 1	 1	  0.36	  0.00
301	17	19	v	 0	 2	 3	 3	 1	 1	 2	 2	 1	 1	 1	 1	  0.52	  0.00
302	17	19	v	 0	 2	 3	 2	 2	 1	 2	 2	 0	 2	 2	 1	  0.65	  0.00
303	17	19	v	 0	 2	 3	 1	 1	 1	 2	 2	 1	 1	 1	 1	  0.51	  0.00
304	17	19	v	 0	 2	 3	 2	 2	 1	 2	 2	 0	 2	 2	 1	  0.86	  0.00
305	17	19	v	 0	 2	 3	 3	 2	 1	 2	 2	 0	 2	 2	 1	  0.48	  0.00
306	17	19	v	 0	 2	 3	 1	 1	 1	 2	 2	 1	 1	 1	 1	  0.44	  0.00
307	17	19	v	 0	 2	 3	 3	 1	 1	 2	 2	 1	 1	 1	 1	  0.53	  0.00
308	17	19	v	 0	 2	 3	 3	 2	 1	 2	 2	 0	 2	 2	 1	  0.58	  0.00
309	17	19	v	 0	 2	 3	 3	 2	 1	 2	 1	 0	 2	 2	 1	  0.41	  0.00
310	17	19	v	 0	 2	 3	 1	 1	 1	 2	 1	 1	 1	 1	 1	  0.66	  0.00
311	17	19	v	 0	 2	 3	 3	 1	 1	 2	 2	 1	 1	 1	 1	  0.47	  0.00
312	17	19	v	 0	 2	 3	 1	 2	 1	 2	 2	 0	 2	 2	 1	  0.42	  0.00
313	17	19	v	 0	 2	 3	 2	 2	 1	 2	 1	 0	 2	 2	 1	  0.52	  0.00
314	17	19	v	 0	 2	 3	 3	 2	 1	 2	 1	 0	 2	 2	 1	  0.48	  0.00
315	17	19	v	 0	 2	 3	 3	 1	 1	 2	 2	 1	 1	 1	 1	  0.89	  0.00
316	17	19	v	 0	 2	 3	 1	 2	 1	 2	 2	 0	 2	 2	 1	  0.46	  0.00
317	17	19	v	 0	 2	 3	 2	 1	 1	 2	 1	 1	 1	 1	 1	  0.53	  0.00
318	17	19	v	 0	 2	 3	 3	 2	 1	 2	 2	 0	 2	 2	 1	  0.46	  0.00
319	17	19	v	 0	 2	 3	 3	 2	 1	 2	 1	 0	 2	 2	 1	  0.84	  0.00
320	17	19	v	 0	 2	 3	 1	 2	 1	 2	 2	 0	 2	 2	 1	  0.81	  0.00
321	17	19	v	 0	 2	 3	 3	 1	 1	 2	 1	 1	 1	 1	 1	  0.39	  0.00
322	17	19	v	 0	 2	 3	 3	 2	 1	 2	 1	 0	 2	 2	 1	  0.47	  0.00
323	17	19	v	 0	 2	 3	 3	 2	 1	 2	 1	 0	 2	 2	 1	  0.41	  0.00
324	17	19	v	 0	 2	 3	 1	 1	 1	 2	 1	 1	 1	 1	 1	  0.48	  0.00
325	17	19	v	 0	 2	 3	 1	 1	 1	 2	 1	 1	 1	 1	 1	  0.42	  0.00
326	17	19	v	 0	 2	 3	 2	 1	 1	 2	 2	 1	 1	 1	 1	  0.53	  0.00
327	17	19	v	 0	 2	 3	 2	 2	 1	 2	 1	 0	 2	 2	 1	  0.38	  0.00
328	17	19	v	 0	 2	 3	 1	 1	 1	 2	 2	 1	 1	 1	 1	  0.54	  0.00
329	17	19	v	 0	 2	 3	 3	 1	 1	 2	 1	 1	 1	 1	 1	  0.61	  0.00
330	17	19	v	 0	 2	 3	 1	 1	 1	 2	 2	 1	 1	 1	 1	  0.58	  0.00
331	17	19	v	 0	 2	 3	 1	 2	 1	 2	 2	 0	 2	 2	 1	  0.84	  0.00
332	17	19	v	 0	 2	 3	 2	 2	 1	 2	 1	 0	 2	 2	 1	  0.95	  0.00
333	17	19	v	 0	 2	 3	 1	 2	 1	 2	 1	 0	 2	 1	 0	  0.69	  0.00
334	17	19	v	 0	 2	 3	 1	 2	 1	 2	 1	 0	 2	 1	 0	  0.48	  0.00
335	17	19	v	 0	 2	 3	 2	 1	 1	 2	 1	 1	 1	 1	 1	  0.47	  0.00
336	17	19	v	 0	 2	 3	 3	 1	 1	 2	 1	 1	 1	 1	 1	  0.51	  0.00
337	17	19	v	 0	 2	 3	 1	 2	 1	 2	 1	 0	 2	 2	 1	  0.39	  0.00
338	17	19	v	 0	 2	 3	 3	 1	 1	 2	 1	 1	 1	 1	 1	  0.48	  0.00
339	17	19	v	 0	 2	 3	 2	 2	 1	 2	 1	 0	 2	 2	 1	  0.37	  0.00
340	17	19	v	 0	 2	 3	 3	 2	 1	 2	 1	 0	 2	 2	 1	  0.57	  0.00
341	17	19	v	 0	 2	 3	 3	 2	 1	 2	 2	 0	 2	 2	 1	  0.67	  0.00
342	17	19	v	 0	 2	 3	 2	 1	 1	 2	 2	 1	 1	 1	 1	  0.45	  0.00
343	17	19	v	 0	 2	 3	 3	 1	 1	 2	 1	 1	 1	 1	 1	  0.51	  0.00
344	17	19	v	 0	 2	 3	 3	 2	 1	 2	 1	 0	 2	 2	 1	  0.40	  0.00
345	17	19	v	 0	 2	 3	 2	 1	 1	 2	 1	 1	 1	 1	 1	  0.51	  0.00
346	17	19	v	 0	 2	 3	 1	 1	 1	 2	 1	 1	 1	 1	 1	  0.35	  0.00
347	17	19	v	 0	 2	 3	 3	 2	 1	 2	 2	 0	 2	 2	 1	  0.30	  0.00
348	17	19	v	 0	 2	 3	 1	 2	 1	 2	 1	 0	 2	 2	 1	  0.51	  0.00
349	17	19	v	 0	 2	 3	 3	 2	 1	 2	 2	 0	 2	 2	 1	  0.45	  0.00
350	17	19	v	 0	 2	 3	 3	 1	 1	 2	 1	 1	 1	 1	 1	  0.43	  0.00
351	17	19	v	 0	 2	 3	 2	 1	 1	 2	 2	 1	 1	 1	 1	  0.50	  0.00
352	17	19	v	 0	 2	 3	 2	 1	 1	 2	 1	 1	 1	 1	 1	  0.47	  0.00
353	17	19	v	 0	 2	 3	 2	 1	 1	 2	 1	 1	 1	 1	 1	  0.41	  0.00
354	17	19	v	 0	 2	 3	 2	 2	 1	 2	 2	 0	 2	 2	 1	  0.89	  0.00
355	17	19	v	 0	 2	 3	 3	 1	 1	 2	 2	 1	 1	 1	 1	  0.75	  0.00
356	17	19	v	 0	 2	 3	 2	 1	 1	 2	 1	 1	 1	 1	 1	  0.44	  0.00
357	17	19	v	 0	 2	 3	 3	 2	 1	 2	 1	 0	 2	 2	 1	  0.36	  0.00
358	17	19	v	 0	 2	 3	 1	 2	 1	 2	 1	 0	 2	 2	 1	  0.44	  0.00
359	17	19	v	 0	 2	 3	 2	 1	 1	 2	 2	 1	 1	 1	 1	  0.51	  0.00
360	17	19	v	 0	 2	 3	 2	 1	 1	 2	 2	 1	 1	 1	 1	  0.50	  0.00
361	17	19	v	 0	 2	 3	 2	 2	 1	 2	 1	 0	 2	 2	 1	  0.69	  0.00
362	17	19	v	 0	 2	 3	 2	 2	 1	 2	 1	 0	 2	 2	 1	  0.69	  0.00
363	17	19	v	 0	 2	 3	 2	 1	 1	 2	 1	 1	 1	 1	 1	  0.59	  0.00
364	17	19	v	 0	 2	 3	 3	 2	 1	 2	 2	 0	 2	 2	 1	  0.41	  0.00
365	17	19	v	 0	 2	 3	 3	 1	 1	 2	 2	 1	 1	 1	 1	  0.50	  0.00
366	17	19	v	 0	 2	 3	 1	 1	 1	 2	 2	 1	 1	 1	 1	  0.44	  0.00
367	17	19	v	 0	 2	 3	 1	 2	 1	 2	 2	 0	 2	 2	 1	  0.90	  0.00
368	17	19	v	 0	 2	 3	 1	 2	 1	 2	 2	 0	 2	 2	 1	  0.66	  0.00
369	17	19	v	 0	 2	 3	 2	 1	 1	 2	 2	 1	 1	 1	 1	  0.42	  0.00
370	17	19	v	 0	 2	 3	 1	 2	 1	 2	 1	 0	 2	 2	 1	  0.41	  0.00
371	17	19	v	 0	 2	 3	 2	 2	 1	 2	 2	 0	 2	 2	 1	  0.40	  0.00
372	17	19	v	 0	 2	 3	 2	 2	 1	 2	 2	 0	 2	 2	 1	  0.45	  0.00
373	17	19	v	 0	 2	 3	 1	 1	 1	 2	 1	 1	 1	 1	 1	  0.41	  0.00
374	17	19	v	 0	 2	 3	 3	 1	 1	 2	 1	 1	 1	 1	 1	  0.54	  0.00
375	17	19	v	 0	 2	 3	 1	 2	 1	 2	 2	 0	 2	 2	 1	  0.46	  0.00
376	17	19	v	 0	 2	 3	 2	 2	 1	 2	 1	 0	 2	 2	 1	  0.56	  0.00
377	17	19	v	 0	 2	 3	 3	 1	 1	 2	 2	 1	 1	 1	 1	  0.46	  0.00
378	17	19	v	 0	 2	 3	 3	 1	 1	 2	 1	 1	 1	 1	 1	  0.60	  0.00
379	17	19	v	 0	 2	 3	 3	 2	 1	 2	 2	 0	 2	 2	 1	  0.44	  0.00
380	17	19	v	 0	 2	 3	 1	 1	 1	 2	 1	 1	 1	 1	 1	  0.37	  0.00
381	17	19	v	 0	 2	 3	 2	 2	 1	 2	 2	 0	 2	 2	 1	  0.53	  0.00
382	17	19	v	 0	 2	 3	 3	 1	 1	 2	 2	 1	 1	 1	 1	  0.40	  0.00
383	17	19	v	 0	 2	 3	 2	 1	 1	 2	 2	 1	 1	 1	 1	  0.44	  0.00
