00	60	19	v	 1	 1	 0	 3	 1	 1	 1	 2	 1	 1	 1	 1	  0.46	  0.00
01	60	19	v	 1	 1	 0	 3	 2	 1	 1	 2	 0	 2	 2	 1	  0.47	  0.00
02	60	19	v	 1	 1	 0	 1	 1	 1	 1	 1	 1	 1	 1	 1	  0.33	  0.00
03	60	19	v	 1	 1	 0	 1	 1	 1	 1	 2	 1	 1	 1	 1	  0.37	  0.00
04	60	19	v	 1	 1	 0	 2	 1	 1	 1	 2	 1	 1	 1	 1	  0.39	  0.00
05	60	19	v	 1	 1	 0	 2	 2	 1	 1	 1	 0	 2	 2	 1	  0.38	  0.00
06	60	19	v	 1	 1	 0	 3	 2	 1	 1	 1	 0	 2	 2	 1	  0.37	  0.00
07	60	19	v	 1	 1	 0	 1	 1	 1	 1	 1	 1	 1	 1	 1	  0.32	  0.00
08	60	19	v	 1	 1	 0	 1	 1	 1	 1	 2	 1	 1	 1	 1	  0.30	  0.00
09	60	19	v	 1	 1	 0	 3	 1	 1	 1	 1	 1	 1	 1	 1	  0.41	  0.00
10	60	19	v	 1	 1	 0	 3	 2	 1	 1	 2	 0	 2	 1	 0	  0.34	  0.00
11	60	19	v	 1	 1	 0	 3	 2	 1	 1	 2	 0	 2	 2	 1	  0.45	  0.00
12	60	19	v	 1	 1	 0	 1	 2	 1	 1	 2	 0	 2	 2	 1	  0.41	  0.00
13	60	19	v	 1	 1	 0	 3	 1	 1	 1	 2	 1	 1	 1	 1	  0.35	  0.00
14	60	19	v	 1	 1	 0	 2	 2	 1	 1	 2	 0	 2	 2	 1	  0.35	  0.00
15	60	19	v	 1	 1	 0	 2	 1	 1	 1	 1	 1	 1	 1	 1	  0.35	  0.00
16	60	19	v	 1	 1	 0	 2	 2	 1	 1	 2	 0	 2	 2	 1	  0.34	  0.00
17	60	19	v	 1	 1	 0	 2	 2	 1	 1	 1	 0	 2	 2	 1	  0.42	  0.00
18	60	19	v	 1	 1	 0	 2	 1	 1	 1	 2	 1	 1	 1	 1	  0.37	  0.00
19	60	19	v	 1	 1	 0	 1	 2	 1	 1	 1	 0	 2	 2	 1	  0.36	  0.00
20	60	19	v	 1	 1	 0	 3	 2	 1	 1	 1	 0	 2	 2	 1	  0.42	  0.00
21	60	19	v	 1	 1	 0	 1	 2	 1	 1	 1	 0	 2	 2	 1	  0.42	  0.00
22	60	19	v	 1	 1	 0	 3	 1	 1	 1	 2	 1	 1	 1	 1	  0.35	  0.00
23	60	19	v	 1	 1	 0	 3	 2	 1	 1	 1	 0	 2	 2	 1	  0.37	  0.00
24	60	19	v	 1	 1	 0	 2	 1	 1	 1	 1	 1	 1	 1	 1	  0.35	  0.00
25	60	19	v	 1	 1	 0	 2	 1	 1	 1	 2	 1	 1	 1	 1	  0.47	  0.00
26	60	19	v	 1	 1	 0	 1	 1	 1	 1	 2	 1	 1	 1	 1	  0.42	  0.00
27	60	19	v	 1	 1	 0	 3	 1	 1	 1	 1	 1	 1	 1	 1	  0.40	  0.00
28	60	19	v	 1	 1	 0	 1	 2	 1	 1	 2	 0	 2	 2	 1	  0.39	  0.00
29	60	19	v	 1	 1	 0	 1	 1	 1	 1	 2	 1	 1	 1	 1	  0.36	  0.00
30	60	19	v	 1	 1	 0	 1	 1	 1	 1	 1	 1	 1	 1	 1	  0.37	  0.00
31	60	19	v	 1	 1	 0	 1	 2	 1	 1	 2	 0	 2	 2	 1	  0.43	  0.00
32	60	19	v	 1	 1	 0	 3	 1	 1	 1	 1	 1	 1	 1	 1	  0.56	  0.00
33	60	19	v	 1	 1	 0	 3	 2	 1	 1	 1	 0	 2	 2	 1	  0.38	  0.00
34	60	19	v	 1	 1	 0	 3	 1	 1	 1	 1	 1	 1	 1	 1	  0.33	  0.00
35	60	19	v	 1	 1	 0	 2	 2	 1	 1	 1	 0	 2	 2	 1	  0.39	  0.00
36	60	19	v	 1	 1	 0	 3	 1	 1	 1	 1	 1	 1	 1	 1	  0.35	  0.00
37	60	19	v	 1	 1	 0	 1	 1	 1	 1	 2	 1	 1	 1	 1	  0.33	  0.00
38	60	19	v	 1	 1	 0	 2	 1	 1	 1	 1	 1	 1	 1	 1	  0.35	  0.00
39	60	19	v	 1	 1	 0	 2	 1	 1	 1	 1	 1	 1	 1	 1	  0.36	  0.00
40	60	19	v	 1	 1	 0	 3	 2	 1	 1	 1	 0	 2	 2	 1	  0.68	  0.00
41	60	19	v	 1	 1	 0	 1	 1	 1	 1	 2	 1	 1	 1	 1	  0.41	  0.00
42	60	19	v	 1	 1	 0	 1	 1	 1	 1	 2	 1	 1	 1	 1	  0.40	  0.00
43	60	19	v	 1	 1	 0	 3	 1	 1	 1	 2	 1	 1	 1	 1	  0.42	  0.00
44	60	19	v	 1	 1	 0	 3	 2	 1	 1	 2	 0	 2	 2	 1	  0.37	  0.00
45	60	19	v	 1	 1	 0	 1	 1	 1	 1	 1	 1	 1	 1	 1	  0.37	  0.00
46	60	19	v	 1	 1	 0	 1	 2	 1	 1	 2	 0	 2	 2	 1	  0.31	  0.00
47	60	19	v	 1	 1	 0	 1	 2	 1	 1	 2	 0	 2	 2	 1	  0.42	  0.00
48	60	19	v	 1	 1	 0	 3	 1	 1	 1	 1	 1	 1	 1	 1	  0.36	  0.00
49	60	19	v	 1	 1	 0	 3	 1	 1	 1	 1	 1	 1	 1	 1	  0.40	  0.00
50	60	19	v	 1	 1	 0	 2	 2	 1	 1	 2	 0	 2	 2	 1	  0.32	  0.00
51	60	19	v	 1	 1	 0	 1	 2	 1	 1	 2	 0	 2	 2	 1	  0.66	  0.00
52	60	19	v	 1	 1	 0	 1	 1	 1	 1	 2	 1	 1	 1	 1	  0.30	  0.00
53	60	19	v	 1	 1	 0	 2	 2	 1	 1	 1	 0	 2	 2	 1	  0.35	  0.00
54	60	19	v	 1	 1	 0	 2	 2	 1	 1	 1	 0	 2	 2	 1	  0.44	  0.00
55	60	19	v	 1	 1	 0	 2	 2	 1	 1	 1	 0	 2	 2	 1	  0.40	  0.00
56	60	19	v	 1	 1	 0	 2	 2	 1	 1	 2	 0	 2	 2	 1	  0.42	  0.00
57	60	19	v	 1	 1	 0	 3	 1	 1	 1	 2	 1	 1	 1	 1	  0.33	  0.00
58	60	19	v	 1	 1	 0	 2	 1	 1	 1	 1	 1	 1	 1	 1	  0.41	  0.00
59	60	19	v	 1	 1	 0	 2	 1	 1	 1	 2	 1	 1	 1	 1	  0.37	  0.00
60	60	19	v	 1	 1	 0	 3	 2	 1	 1	 2	 0	 2	 2	 1	  0.37	  0.00
61	60	19	v	 1	 1	 0	 3	 1	 1	 1	 2	 1	 1	 1	 1	  0.33	  0.00
62	60	19	v	 1	 1	 0	 2	 2	 1	 1	 2	 0	 2	 2	 1	  0.60	  0.00
63	60	19	v	 1	 1	 0	 1	 1	 1	 1	 1	 1	 1	 1	 1	  0.37	  0.00
64	60	19	v	 1	 1	 0	 3	 2	 1	 1	 2	 0	 2	 2	 1	  0.40	  0.00
65	60	19	v	 1	 1	 0	 2	 1	 1	 1	 1	 1	 1	 1	 1	  0.30	  0.00
66	60	19	v	 1	 1	 0	 3	 2	 1	 1	 1	 0	 2	 2	 1	  0.29	  0.00
67	60	19	v	 1	 1	 0	 2	 2	 1	 1	 2	 0	 2	 2	 1	  0.42	  0.00
68	60	19	v	 1	 1	 0	 1	 1	 1	 1	 1	 1	 1	 1	 1	  0.50	  0.00
69	60	19	v	 1	 1	 0	 1	 2	 1	 1	 2	 0	 2	 2	 1	  0.39	  0.00
70	60	19	v	 1	 1	 0	 1	 2	 1	 1	 1	 0	 2	 2	 1	  0.63	  0.00
71	60	19	v	 1	 1	 0	 2	 1	 1	 1	 2	 1	 1	 1	 1	  0.35	  0.00
72	60	19	v	 1	 1	 0	 1	 1	 1	 1	 1	 1	 1	 1	 1	  0.35	  0.00
73	60	19	v	 1	 1	 0	 2	 2	 1	 1	 2	 0	 2	 2	 1	  0.30	  0.00
74	60	19	v	 1	 1	 0	 1	 2	 1	 1	 1	 0	 2	 2	 1	  0.37	  0.00
75	60	19	v	 1	 1	 0	 2	 2	 1	 1	 1	 0	 2	 2	 1	  0.40	  0.00
76	60	19	v	 1	 1	 0	 1	 2	 1	 1	 1	 0	 2	 2	 1	  0.39	  0.00
77	60	19	v	 1	 1	 0	 2	 1	 1	 1	 1	 1	 1	 1	 1	  0.32	  0.00
78	60	19	v	 1	 1	 0	 1	 2	 1	 1	 1	 0	 2	 2	 1	  0.34	  0.00
79	60	19	v	 1	 1	 0	 3	 1	 1	 1	 2	 1	 1	 1	 1	  0.36	  0.00
80	60	19	v	 1	 1	 0	 3	 2	 1	 1	 1	 0	 2	 2	 1	  0.31	  0.00
81	60	19	v	 1	 1	 0	 3	 2	 1	 1	 1	 0	 2	 2	 1	  0.41	  0.00
82	60	19	v	 1	 1	 0	 2	 2	 1	 1	 2	 0	 2	 2	 1	  0.35	  0.00
83	60	19	v	 1	 1	 0	 3	 1	 1	 1	 2	 1	 1	 1	 1	  0.36	  0.00
84	60	19	v	 1	 1	 0	 2	 1	 1	 1	 1	 1	 1	 1	 1	  0.41	  0.00
85	60	19	v	 1	 1	 0	 2	 1	 1	 1	 2	 1	 1	 1	 1	  0.35	  0.00
86	60	19	v	 1	 1	 0	 2	 1	 1	 1	 2	 1	 1	 1	 1	  0.41	  0.00
87	60	19	v	 1	 1	 0	 3	 2	 1	 1	 2	 0	 2	 2	 1	  0.41	  0.00
88	60	19	v	 1	 1	 0	 2	 1	 1	 1	 2	 1	 1	 1	 1	  0.31	  0.00
89	60	19	v	 1	 1	 0	 1	 2	 1	 1	 1	 0	 2	 2	 1	  0.36	  0.00
90	60	19	v	 1	 1	 0	 2	 2	 1	 1	 1	 0	 2	 2	 1	  0.40	  0.00
91	60	19	v	 1	 1	 0	 3	 2	 1	 1	 2	 0	 2	 2	 1	  0.42	  0.00
92	60	19	v	 1	 1	 0	 1	 2	 1	 1	 2	 0	 2	 2	 1	  0.40	  0.00
93	60	19	v	 1	 1	 0	 3	 1	 1	 1	 1	 1	 1	 1	 1	  0.43	  0.00
94	60	19	v	 1	 1	 0	 1	 1	 1	 1	 1	 1	 1	 1	 1	  0.53	  0.00
95	60	19	v	 1	 1	 0	 1	 2	 1	 1	 1	 0	 2	 2	 1	  0.84	  0.00
96	60	19	v	 1	 1	 1	 1	 1	 2	 2	 1	 0	 1	 1	 1	  0.40	  0.00
97	60	19	v	 1	 1	 1	 3	 2	 2	 2	 2	 1	 2	 2	 1	  0.37	  0.00
98	60	19	v	 1	 1	 1	 2	 2	 2	 2	 1	 1	 2	 2	 1	  0.38	  0.00
99	60	19	v	 1	 1	 1	 3	 2	 2	 2	 2	 1	 2	 2	 1	  0.38	  0.00
100	60	19	v	 1	 1	 1	 2	 1	 2	 2	 1	 0	 1	 1	 1	  0.27	  0.00
101	60	19	v	 1	 1	 1	 2	 1	 2	 2	 1	 0	 1	 1	 1	  0.36	  0.00
102	60	19	v	 1	 1	 1	 3	 1	 2	 2	 2	 0	 1	 1	 1	  0.37	  0.00
103	60	19	v	 1	 1	 1	 1	 2	 2	 2	 2	 1	 2	 2	 1	  0.28	  0.00
104	60	19	v	 1	 1	 1	 2	 2	 2	 2	 1	 1	 2	 2	 1	  0.38	  0.00
105	60	19	v	 1	 1	 1	 3	 2	 2	 2	 1	 1	 2	 2	 1	  0.41	  0.00
106	60	19	v	 1	 1	 1	 2	 1	 2	 2	 2	 0	 1	 1	 1	  0.38	  0.00
107	60	19	v	 1	 1	 1	 1	 2	 2	 2	 2	 1	 2	 2	 1	  0.50	  0.00
108	60	19	v	 1	 1	 1	 1	 2	 2	 2	 2	 1	 2	 2	 1	  0.44	  0.00
109	60	19	v	 1	 1	 1	 3	 1	 2	 2	 2	 0	 1	 1	 1	  0.41	  0.00
110	60	19	v	 1	 1	 1	 3	 1	 2	 2	 1	 0	 1	 1	 1	  0.43	  0.00
111	60	19	v	 1	 1	 1	 2	 2	 2	 2	 1	 1	 2	 2	 1	  0.34	  0.00
112	60	19	v	 1	 1	 1	 2	 2	 2	 2	 1	 1	 2	 2	 1	  0.37	  0.00
113	60	19	v	 1	 1	 1	 1	 1	 2	 2	 2	 0	 1	 1	 1	  0.33	  0.00
114	60	19	v	 1	 1	 1	 3	 2	 2	 2	 2	 1	 2	 2	 1	  0.37	  0.00
115	60	19	v	 1	 1	 1	 1	 2	 2	 2	 2	 1	 2	 2	 1	  0.40	  0.00
116	60	19	v	 1	 1	 1	 3	 1	 2	 2	 2	 0	 1	 1	 1	  0.34	  0.00
117	60	19	v	 1	 1	 1	 3	 2	 2	 2	 1	 1	 2	 2	 1	  0.35	  0.00
118	60	19	v	 1	 1	 1	 3	 1	 2	 2	 1	 0	 1	 1	 1	  0.29	  0.00
119	60	19	v	 1	 1	 1	 2	 1	 2	 2	 1	 0	 1	 1	 1	  0.39	  0.00
120	60	19	v	 1	 1	 1	 2	 1	 2	 2	 2	 0	 1	 1	 1	  0.39	  0.00
121	60	19	v	 1	 1	 1	 1	 2	 2	 2	 2	 1	 2	 2	 1	  0.43	  0.00
122	60	19	v	 1	 1	 1	 2	 2	 2	 2	 2	 1	 2	 2	 1	  0.53	  0.00
123	60	19	v	 1	 1	 1	 1	 1	 2	 2	 2	 0	 1	 1	 1	  0.37	  0.00
124	60	19	v	 1	 1	 1	 2	 2	 2	 2	 2	 1	 2	 2	 1	  0.32	  0.00
125	60	19	v	 1	 1	 1	 2	 1	 2	 2	 1	 0	 1	 1	 1	  0.37	  0.00
126	60	19	v	 1	 1	 1	 3	 2	 2	 2	 2	 1	 2	 2	 1	  0.35	  0.00
127	60	19	v	 1	 1	 1	 2	 1	 2	 2	 2	 0	 1	 1	 1	  0.38	  0.00
128	60	19	v	 1	 1	 1	 2	 1	 2	 2	 2	 0	 1	 1	 1	  0.44	  0.00
129	60	19	v	 1	 1	 1	 1	 2	 2	 2	 1	 1	 2	 2	 1	  0.38	  0.00
130	60	19	v	 1	 1	 1	 3	 1	 2	 2	 2	 0	 1	 1	 1	  0.33	  0.00
131	60	19	v	 1	 1	 1	 1	 1	 2	 2	 2	 0	 1	 1	 1	  0.44	  0.00
132	60	19	v	 1	 1	 1	 2	 2	 2	 2	 1	 1	 2	 2	 1	  0.30	  0.00
133	60	19	v	 1	 1	 1	 3	 1	 2	 2	 2	 0	 1	 1	 1	  0.36	  0.00
134	60	19	v	 1	 1	 1	 1	 1	 2	 2	 2	 0	 1	 1	 1	  0.41	  0.00
135	60	19	v	 1	 1	 1	 3	 1	 2	 2	 1	 0	 1	 1	 1	  0.44	  0.00
136	60	19	v	 1	 1	 1	 3	 1	 2	 2	 1	 0	 1	 1	 1	  0.43	  0.00
137	60	19	v	 1	 1	 1	 3	 2	 2	 2	 2	 1	 2	 2	 1	  0.28	  0.00
138	60	19	v	 1	 1	 1	 1	 2	 2	 2	 1	 1	 2	 2	 1	  0.30	  0.00
139	60	19	v	 1	 1	 1	 1	 2	 2	 2	 1	 1	 2	 2	 1	  0.56	  0.00
140	60	19	v	 1	 1	 1	 3	 1	 2	 2	 1	 0	 1	 1	 1	  0.48	  0.00
141	60	19	v	 1	 1	 1	 1	 1	 2	 2	 1	 0	 1	 1	 1	  0.39	  0.00
142	60	19	v	 1	 1	 1	 2	 2	 2	 2	 1	 1	 2	 2	 1	  0.37	  0.00
143	60	19	v	 1	 1	 1	 2	 1	 2	 2	 2	 0	 1	 1	 1	  0.51	  0.00
144	60	19	v	 1	 1	 1	 1	 1	 2	 2	 1	 0	 1	 1	 1	  0.40	  0.00
145	60	19	v	 1	 1	 1	 1	 1	 2	 2	 1	 0	 1	 1	 1	  0.38	  0.00
146	60	19	v	 1	 1	 1	 1	 2	 2	 2	 1	 1	 2	 2	 1	  0.38	  0.00
147	60	19	v	 1	 1	 1	 2	 2	 2	 2	 2	 1	 2	 2	 1	  0.37	  0.00
148	60	19	v	 1	 1	 1	 2	 2	 2	 2	 2	 1	 2	 2	 1	  0.37	  0.00
149	60	19	v	 1	 1	 1	 2	 1	 2	 2	 2	 0	 1	 1	 1	  0.39	  0.00
150	60	19	v	 1	 1	 1	 3	 1	 2	 2	 1	 0	 1	 1	 1	  0.43	  0.00
151	60	19	v	 1	 1	 1	 2	 2	 2	 2	 2	 1	 2	 2	 1	  0.32	  0.00
152	60	19	v	 1	 1	 1	 3	 2	 2	 2	 1	 1	 2	 2	 1	  0.45	  0.00
153	60	19	v	 1	 1	 1	 2	 1	 2	 2	 2	 0	 1	 1	 1	  0.51	  0.00
154	60	19	v	 1	 1	 1	 3	 2	 2	 2	 1	 1	 2	 2	 1	  0.50	  0.00
155	60	19	v	 1	 1	 1	 1	 1	 2	 2	 2	 0	 1	 1	 1	  0.35	  0.00
156	60	19	v	 1	 1	 1	 3	 1	 2	 2	 1	 0	 1	 1	 1	  0.87	  0.00
157	60	19	v	 1	 1	 1	 1	 1	 2	 2	 1	 0	 1	 1	 1	  0.44	  0.00
158	60	19	v	 1	 1	 1	 3	 2	 2	 2	 1	 1	 2	 2	 1	  0.35	  0.00
159	60	19	v	 1	 1	 1	 2	 2	 2	 2	 2	 1	 2	 2	 1	  0.44	  0.00
160	60	19	v	 1	 1	 1	 1	 2	 2	 2	 2	 1	 2	 2	 1	  0.38	  0.00
161	60	19	v	 1	 1	 1	 1	 1	 2	 2	 2	 0	 1	 1	 1	  0.37	  0.00
162	60	19	v	 1	 1	 1	 2	 1	 2	 2	 2	 0	 1	 1	 1	  0.46	  0.00
163	60	19	v	 1	 1	 1	 1	 2	 2	 2	 2	 1	 2	 2	 1	  0.30	  0.00
164	60	19	v	 1	 1	 1	 2	 2	 2	 2	 1	 1	 2	 2	 1	  0.35	  0.00
165	60	19	v	 1	 1	 1	 1	 1	 2	 2	 1	 0	 1	 1	 1	  0.37	  0.00
166	60	19	v	 1	 1	 1	 3	 1	 2	 2	 1	 0	 1	 1	 1	  0.34	  0.00
167	60	19	v	 1	 1	 1	 2	 2	 2	 2	 2	 1	 2	 2	 1	  0.47	  0.00
168	60	19	v	 1	 1	 1	 3	 2	 2	 2	 1	 1	 2	 2	 1	  0.46	  0.00
169	60	19	v	 1	 1	 1	 1	 1	 2	 2	 1	 0	 1	 1	 1	  0.33	  0.00
170	60	19	v	 1	 1	 1	 1	 2	 2	 2	 1	 1	 2	 2	 1	  0.34	  0.00
171	60	19	v	 1	 1	 1	 3	 2	 2	 2	 1	 1	 2	 2	 1	  0.38	  0.00
172	60	19	v	 1	 1	 1	 2	 1	 2	 2	 1	 0	 1	 1	 1	  0.41	  0.00
173	60	19	v	 1	 1	 1	 3	 1	 2	 2	 2	 0	 1	 1	 1	  0.43	  0.00
174	60	19	v	 1	 1	 1	 1	 1	 2	 2	 2	 0	 1	 1	 1	  0.45	  0.00
175	60	19	v	 1	 1	 1	 2	 2	 2	 2	 2	 1	 2	 2	 1	  0.37	  0.00
176	60	19	v	 1	 1	 1	 3	 1	 2	 2	 2	 0	 1	 1	 1	  0.34	  0.00
177	60	19	v	 1	 1	 1	 2	 1	 2	 2	 1	 0	 1	 1	 1	  0.55	  0.00
178	60	19	v	 1	 1	 1	 3	 2	 2	 2	 2	 1	 2	 2	 1	  0.33	  0.00
179	60	19	v	 1	 1	 1	 2	 1	 2	 2	 1	 0	 1	 1	 1	  0.37	  0.00
180	60	19	v	 1	 1	 1	 3	 2	 2	 2	 2	 1	 2	 2	 1	  0.37	  0.00
181	60	19	v	 1	 1	 1	 2	 1	 2	 2	 1	 0	 1	 1	 1	  0.35	  0.00
182	60	19	v	 1	 1	 1	 3	 2	 2	 2	 1	 1	 2	 2	 1	  0.28	  0.00
183	60	19	v	 1	 1	 1	 3	 2	 2	 2	 2	 1	 2	 2	 1	  0.74	  0.00
184	60	19	v	 1	 1	 1	 3	 1	 2	 2	 2	 0	 1	 1	 1	  0.36	  0.00
185	60	19	v	 1	 1	 1	 1	 2	 2	 2	 2	 1	 2	 2	 1	  0.38	  0.00
186	60	19	v	 1	 1	 1	 1	 2	 2	 2	 1	 1	 2	 2	 1	  0.32	  0.00
187	60	19	v	 1	 1	 1	 2	 2	 2	 2	 1	 1	 2	 2	 1	  0.34	  0.00
188	60	19	v	 1	 1	 1	 1	 1	 2	 2	 2	 0	 1	 1	 1	  0.35	  0.00
189	60	19	v	 1	 1	 1	 1	 1	 2	 2	 1	 0	 1	 1	 1	  0.38	  0.00
190	60	19	v	 1	 1	 1	 1	 2	 2	 2	 1	 1	 2	 2	 1	  0.37	  0.00
191	60	19	v	 1	 1	 1	 1	 2	 2	 2	 1	 1	 2	 2	 1	  0.43	  0.00
192	60	19	v	 1	 1	 2	 3	 1	 1	 1	 2	 1	 1	 1	 1	  0.34	  0.00
193	60	19	v	 1	 1	 2	 2	 2	 1	 1	 2	 0	 2	 2	 1	  0.30	  0.00
194	60	19	v	 1	 1	 2	 3	 2	 1	 1	 1	 0	 2	 2	 1	  0.44	  0.00
195	60	19	v	 1	 1	 2	 1	 1	 1	 1	 2	 1	 1	 1	 1	  0.31	  0.00
196	60	19	v	 1	 1	 2	 3	 1	 1	 1	 2	 1	 1	 1	 1	  0.44	  0.00
197	60	19	v	 1	 1	 2	 2	 2	 1	 1	 2	 0	 2	 2	 1	  0.35	  0.00
198	60	19	v	 1	 1	 2	 3	 1	 1	 1	 2	 1	 1	 1	 1	  0.33	  0.00
199	60	19	v	 1	 1	 2	 2	 2	 1	 1	 1	 0	 2	 2	 1	  0.37	  0.00
200	60	19	v	 1	 1	 2	 2	 1	 1	 1	 2	 1	 1	 1	 1	  0.36	  0.00
201	60	19	v	 1	 1	 2	 3	 2	 1	 1	 2	 0	 2	 2	 1	  0.29	  0.00
202	60	19	v	 1	 1	 2	 1	 1	 1	 1	 1	 1	 1	 1	 1	  0.33	  0.00
203	60	19	v	 1	 1	 2	 1	 2	 1	 1	 1	 0	 2	 2	 1	  0.35	  0.00
204	60	19	v	 1	 1	 2	 3	 2	 1	 1	 1	 0	 2	 2	 1	  0.37	  0.00
205	60	19	v	 1	 1	 2	 1	 1	 1	 1	 2	 1	 1	 1	 1	  0.34	  0.00
206	60	19	v	 1	 1	 2	 2	 1	 1	 1	 1	 1	 1	 1	 1	  0.33	  0.00
207	60	19	v	 1	 1	 2	 1	 1	 1	 1	 2	 1	 1	 1	 1	  0.39	  0.00
208	60	19	v	 1	 1	 2	 1	 2	 1	 1	 1	 0	 2	 2	 1	  0.40	  0.00
209	60	19	v	 1	 1	 2	 3	 2	 1	 1	 1	 0	 2	 2	 1	  0.41	  0.00
210	60	19	v	 1	 1	 2	 2	 1	 1	 1	 1	 1	 1	 1	 1	  0.46	  0.00
211	60	19	v	 1	 1	 2	 3	 1	 1	 1	 2	 1	 1	 1	 1	  0.28	  0.00
212	60	19	v	 1	 1	 2	 3	 1	 1	 1	 2	 1	 1	 1	 1	  0.38	  0.00
213	60	19	v	 1	 1	 2	 3	 2	 1	 1	 2	 0	 2	 2	 1	  0.34	  0.00
214	60	19	v	 1	 1	 2	 3	 1	 1	 1	 1	 1	 1	 1	 1	  0.33	  0.00
215	60	19	v	 1	 1	 2	 1	 1	 1	 1	 2	 1	 1	 1	 1	  0.35	  0.00
216	60	19	v	 1	 1	 2	 1	 2	 1	 1	 2	 0	 2	 2	 1	  0.31	  0.00
217	60	19	v	 1	 1	 2	 1	 2	 1	 1	 2	 0	 2	 2	 1	  0.42	  0.00
218	60	19	v	 1	 1	 2	 3	 1	 1	 1	 1	 1	 1	 1	 1	  0.33	  0.00
219	60	19	v	 1	 1	 2	 3	 1	 1	 1	 1	 1	 1	 1	 1	  0.35	  0.00
220	60	19	v	 1	 1	 2	 2	 1	 1	 1	 2	 1	 1	 1	 1	  0.39	  0.00
221	60	19	v	 1	 1	 2	 3	 2	 1	 1	 2	 0	 2	 2	 1	  0.38	  0.00
222	60	19	v	 1	 1	 2	 2	 2	 1	 1	 2	 0	 2	 2	 1	  0.40	  0.00
223	60	19	v	 1	 1	 2	 2	 1	 1	 1	 1	 1	 1	 1	 1	  0.57	  0.00
224	60	19	v	 1	 1	 2	 2	 2	 1	 1	 1	 0	 2	 2	 1	  0.31	  0.00
225	60	19	v	 1	 1	 2	 3	 1	 1	 1	 1	 1	 1	 1	 1	  0.35	  0.00
226	60	19	v	 1	 1	 2	 2	 1	 1	 1	 2	 1	 1	 1	 1	  0.47	  0.00
227	60	19	v	 1	 1	 2	 1	 1	 1	 1	 2	 1	 1	 1	 1	  0.35	  0.00
228	60	19	v	 1	 1	 2	 1	 1	 1	 1	 2	 1	 1	 1	 1	  0.32	  0.00
229	60	19	v	 1	 1	 2	 1	 2	 1	 1	 2	 0	 2	 2	 1	  0.35	  0.00
230	60	19	v	 1	 1	 2	 1	 2	 1	 1	 2	 0	 2	 2	 1	  0.39	  0.00
231	60	19	v	 1	 1	 2	 3	 1	 1	 1	 2	 1	 1	 1	 1	  0.37	  0.00
232	60	19	v	 1	 1	 2	 3	 1	 1	 1	 2	 1	 1	 1	 1	  0.36	  0.00
233	60	19	v	 1	 1	 2	 1	 2	 1	 1	 1	 0	 2	 2	 1	  0.61	  0.00
234	60	19	v	 1	 1	 2	 1	 2	 1	 1	 2	 0	 2	 2	 1	  0.48	  0.00
235	60	19	v	 1	 1	 2	 2	 1	 1	 1	 2	 1	 1	 1	 1	  0.30	  0.00
236	60	19	v	 1	 1	 2	 3	 2	 1	 1	 2	 0	 2	 2	 1	  0.30	  0.00
237	60	19	v	 1	 1	 2	 2	 1	 1	 1	 1	 1	 1	 1	 1	  0.31	  0.00
238	60	19	v	 1	 1	 2	 3	 2	 1	 1	 1	 0	 2	 2	 1	  0.25	  0.00
239	60	19	v	 1	 1	 2	 1	 1	 1	 1	 1	 1	 1	 1	 1	  0.29	  0.00
240	60	19	v	 1	 1	 2	 2	 2	 1	 1	 2	 0	 2	 2	 1	  0.28	  0.00
241	60	19	v	 1	 1	 2	 2	 2	 1	 1	 1	 0	 2	 2	 1	  0.50	  0.00
242	60	19	v	 1	 1	 2	 2	 2	 1	 1	 2	 0	 2	 2	 1	  0.37	  0.00
243	60	19	v	 1	 1	 2	 1	 2	 1	 1	 1	 0	 2	 2	 1	  0.40	  0.00
244	60	19	v	 1	 1	 2	 2	 1	 1	 1	 2	 1	 1	 1	 1	  0.26	  0.00
245	60	19	v	 1	 1	 2	 3	 2	 1	 1	 2	 0	 2	 2	 1	  0.34	  0.00
246	60	19	v	 1	 1	 2	 1	 2	 1	 1	 2	 0	 2	 2	 1	  0.35	  0.00
247	60	19	v	 1	 1	 2	 2	 1	 1	 1	 2	 1	 1	 1	 1	  0.32	  0.00
248	60	19	v	 1	 1	 2	 2	 2	 1	 1	 2	 0	 2	 2	 1	  0.27	  0.00
249	60	19	v	 1	 1	 2	 1	 2	 1	 1	 2	 0	 2	 2	 1	  0.37	  0.00
250	60	19	v	 1	 1	 2	 1	 2	 1	 1	 1	 0	 2	 2	 1	  0.29	  0.00
251	60	19	v	 1	 1	 2	 1	 1	 1	 1	 1	 1	 1	 1	 1	  0.34	  0.00
252	60	19	v	 1	 1	 2	 3	 2	 1	 1	 1	 0	 2	 2	 1	  0.31	  0.00
253	60	19	v	 1	 1	 2	 2	 1	 1	 1	 1	 1	 1	 1	 1	  0.39	  0.00
254	60	19	v	 1	 1	 2	 3	 2	 1	 1	 2	 0	 2	 2	 1	  0.31	  0.00
255	60	19	v	 1	 1	 2	 3	 2	 1	 1	 2	 0	 2	 2	 1	  0.34	  0.00
256	60	19	v	 1	 1	 2	 2	 2	 1	 1	 1	 0	 2	 2	 1	  0.32	  0.00
257	60	19	v	 1	 1	 2	 1	 1	 1	 1	 2	 1	 1	 1	 1	  0.34	  0.00
258	60	19	v	 1	 1	 2	 1	 1	 1	 1	 1	 1	 1	 1	 1	  0.36	  0.00
259	60	19	v	 1	 1	 2	 3	 2	 1	 1	 1	 0	 2	 2	 1	  0.38	  0.00
260	60	19	v	 1	 1	 2	 1	 1	 1	 1	 1	 1	 1	 1	 1	  0.52	  0.00
261	60	19	v	 1	 1	 2	 1	 1	 1	 1	 2	 1	 1	 1	 1	  0.37	  0.00
262	60	19	v	 1	 1	 2	 2	 2	 1	 1	 2	 0	 2	 2	 1	  0.28	  0.00
263	60	19	v	 1	 1	 2	 1	 1	 1	 1	 1	 1	 1	 1	 1	  0.36	  0.00
264	60	19	v	 1	 1	 2	 3	 1	 1	 1	 1	 1	 1	 1	 1	  0.40	  0.00
265	60	19	v	 1	 1	 2	 3	 2	 1	 1	 2	 0	 2	 2	 1	  0.27	  0.00
266	60	19	v	 1	 1	 2	 1	 1	 1	 1	 1	 1	 1	 1	 1	  0.33	  0.00
267	60	19	v	 1	 1	 2	 2	 1	 1	 1	 1	 1	 1	 1	 1	  0.34	  0.00
268	60	19	v	 1	 1	 2	 2	 1	 1	 1	 1	 1	 1	 1	 1	  0.40	  0.00
269	60	19	v	 1	 1	 2	 1	 2	 1	 1	 1	 0	 2	 2	 1	  0.36	  0.00
270	60	19	v	 1	 1	 2	 2	 1	 1	 1	 1	 1	 1	 1	 1	  0.34	  0.00
271	60	19	v	 1	 1	 2	 2	 2	 1	 1	 1	 0	 2	 2	 1	  0.35	  0.00
272	60	19	v	 1	 1	 2	 3	 1	 1	 1	 1	 1	 1	 1	 1	  0.39	  0.00
273	60	19	v	 1	 1	 2	 3	 1	 1	 1	 1	 1	 1	 1	 1	  0.35	  0.00
274	60	19	v	 1	 1	 2	 1	 2	 1	 1	 1	 0	 2	 2	 1	  0.41	  0.00
275	60	19	v	 1	 1	 2	 1	 2	 1	 1	 2	 0	 2	 2	 1	  0.36	  0.00
276	60	19	v	 1	 1	 2	 2	 2	 1	 1	 1	 0	 2	 2	 1	  0.37	  0.00
277	60	19	v	 1	 1	 2	 3	 1	 1	 1	 2	 1	 1	 1	 1	  0.39	  0.00
278	60	19	v	 1	 1	 2	 2	 2	 1	 1	 2	 0	 2	 2	 1	  0.35	  0.00
279	60	19	v	 1	 1	 2	 2	 1	 1	 1	 2	 1	 1	 1	 1	  0.40	  0.00
280	60	19	v	 1	 1	 2	 1	 2	 1	 1	 1	 0	 2	 2	 1	  0.34	  0.00
281	60	19	v	 1	 1	 2	 2	 1	 1	 1	 2	 1	 1	 1	 1	  0.32	  0.00
282	60	19	v	 1	 1	 2	 2	 2	 1	 1	 1	 0	 2	 2	 1	  0.34	  0.00
283	60	19	v	 1	 1	 2	 3	 2	 1	 1	 1	 0	 2	 2	 1	  0.38	  0.00
284	60	19	v	 1	 1	 2	 3	 1	 1	 1	 1	 1	 1	 1	 1	  0.33	  0.00
285	60	19	v	 1	 1	 2	 2	 2	 1	 1	 1	 0	 2	 2	 1	  0.32	  0.00
286	60	19	v	 1	 1	 2	 1	 1	 1	 1	 1	 1	 1	 1	 1	  0.49	  0.00
287	60	19	v	 1	 1	 2	 3	 2	 1	 1	 1	 0	 2	 2	 1	  0.36	  0.00
288	60	19	v	 1	 1	 3	 3	 1	 2	 2	 2	 0	 1	 1	 1	  0.38	  0.00
289	60	19	v	 1	 1	 3	 2	 1	 2	 2	 2	 0	 1	 1	 1	  0.35	  0.00
290	60	19	v	 1	 1	 3	 1	 2	 2	 2	 2	 1	 2	 2	 1	  0.32	  0.00
291	60	19	v	 1	 1	 3	 3	 1	 2	 2	 1	 0	 1	 1	 1	  0.33	  0.00
292	60	19	v	 1	 1	 3	 2	 2	 2	 2	 1	 1	 2	 2	 1	  0.38	  0.00
293	60	19	v	 1	 1	 3	 1	 2	 2	 2	 1	 1	 2	 2	 1	  0.36	  0.00
294	60	19	v	 1	 1	 3	 3	 2	 2	 2	 2	 1	 2	 2	 1	  0.44	  0.00
295	60	19	v	 1	 1	 3	 3	 1	 2	 2	 2	 0	 1	 1	 1	  0.38	  0.00
296	60	19	v	 1	 1	 3	 2	 1	 2	 2	 2	 0	 1	 1	 1	  0.41	  0.00
297	60	19	v	 1	 1	 3	 3	 2	 2	 2	 1	 1	 2	 2	 1	  0.34	  0.00
298	60	19	v	 1	 1	 3	 1	 2	 2	 2	 1	 1	 2	 2	 1	  0.37	  0.00
299	60	19	v	 1	 1	 3	 1	 2	 2	 2	 2	 1	 2	 2	 1	  0.35	  0.00
300	60	19	v	 1	 1	 3	 1	 1	 2	 2	 1	 0	 1	 1	 1	  0.33	  0.00
301	60	19	v	 1	 1	 3	 3	 2	 2	 2	 2	 1	 2	 2	 1	  0.36	  0.00
302	60	19	v	 1	 1	 3	 2	 1	 2	 2	 1	 0	 1	 1	 1	  0.56	  0.00
303	60	19	v	 1	 1	 3	 3	 1	 2	 2	 1	 0	 1	 1	 1	  0.42	  0.00
304	60	19	v	 1	 1	 3	 2	 1	 2	 2	 2	 0	 1	 1	 1	  0.35	  0.00
305	60	19	v	 1	 1	 3	 2	 1	 2	 2	 1	 0	 1	 1	 1	  0.36	  0.00
306	60	19	v	 1	 1	 3	 1	 2	 2	 2	 2	 1	 2	 2	 1	  0.33	  0.00
307	60	19	v	 1	 1	 3	 1	 2	 2	 2	 1	 1	 2	 2	 1	  0.44	  0.00
308	60	19	v	 1	 1	 3	 1	 1	 2	 2	 2	 0	 1	 1	 1	  0.38	  0.00
309	60	19	v	 1	 1	 3	 3	 2	 2	 2	 2	 1	 2	 2	 1	  0.35	  0.00
310	60	19	v	 1	 1	 3	 1	 1	 2	 2	 2	 0	 1	 1	 1	  0.39	  0.00
311	60	19	v	 1	 1	 3	 3	 1	 2	 2	 2	 0	 1	 1	 1	  0.42	  0.00
312	60	19	v	 1	 1	 3	 2	 1	 2	 2	 2	 0	 1	 1	 1	  0.38	  0.00
313	60	19	v	 1	 1	 3	 2	 2	 2	 2	 1	 1	 2	 2	 1	  0.37	  0.00
314	60	19	v	 1	 1	 3	 3	 1	 2	 2	 2	 0	 1	 1	 1	  0.41	  0.00
315	60	19	v	 1	 1	 3	 1	 1	 2	 2	 2	 0	 1	 1	 1	  0.49	  0.00
316	60	19	v	 1	 1	 3	 1	 1	 2	 2	 1	 0	 1	 1	 1	  0.49	  0.00
317	60	19	v	 1	 1	 3	 3	 1	 2	 2	 2	 0	 1	 1	 1	  0.53	  0.00
318	60	19	v	 1	 1	 3	 2	 2	 2	 2	 2	 1	 2	 2	 1	  0.39	  0.00
319	60	19	v	 1	 1	 3	 3	 2	 2	 2	 2	 1	 2	 2	 1	  0.41	  0.00
320	60	19	v	 1	 1	 3	 1	 2	 2	 2	 1	 1	 2	 2	 1	  0.40	  0.00
321	60	19	v	 1	 1	 3	 1	 2	 2	 2	 1	 1	 2	 2	 1	  0.50	  0.00
322	60	19	v	 1	 1	 3	 2	 1	 2	 2	 1	 0	 1	 1	 1	  0.37	  0.00
323	60	19	v	 1	 1	 3	 3	 1	 2	 2	 2	 0	 1	 1	 1	  0.44	  0.00
324	60	19	v	 1	 1	 3	 3	 2	 2	 2	 1	 1	 2	 2	 1	  0.64	  0.00
325	60	19	v	 1	 1	 3	 1	 2	 2	 2	 1	 1	 2	 2	 1	  0.30	  0.00
326	60	19	v	 1	 1	 3	 3	 1	 2	 2	 1	 0	 1	 1	 1	  0.43	  0.00
327	60	19	v	 1	 1	 3	 1	 2	 2	 2	 1	 1	 2	 2	 1	  0.40	  0.00
328	60	19	v	 1	 1	 3	 3	 2	 2	 2	 2	 1	 2	 2	 1	  0.31	  0.00
329	60	19	v	 1	 1	 3	 1	 1	 2	 2	 2	 0	 1	 1	 1	  0.47	  0.00
330	60	19	v	 1	 1	 3	 2	 1	 2	 2	 2	 0	 1	 1	 1	  0.44	  0.00
331	60	19	v	 1	 1	 3	 1	 1	 2	 2	 2	 0	 1	 1	 1	  0.43	  0.00
332	60	19	v	 1	 1	 3	 2	 1	 2	 2	 1	 0	 1	 1	 1	  0.33	  0.00
333	60	19	v	 1	 1	 3	 2	 2	 2	 2	 1	 1	 2	 2	 1	  0.34	  0.00
334	60	19	v	 1	 1	 3	 2	 1	 2	 2	 2	 0	 1	 1	 1	  0.33	  0.00
335	60	19	v	 1	 1	 3	 3	 1	 2	 2	 1	 0	 1	 1	 1	  0.38	  0.00
336	60	19	v	 1	 1	 3	 2	 2	 2	 2	 2	 1	 2	 2	 1	  0.40	  0.00
337	60	19	v	 1	 1	 3	 1	 2	 2	 2	 2	 1	 2	 2	 1	  0.40	  0.00
338	60	19	v	 1	 1	 3	 2	 2	 2	 2	 2	 1	 2	 2	 1	  0.37	  0.00
339	60	19	v	 1	 1	 3	 3	 1	 2	 2	 1	 0	 1	 1	 1	  0.40	  0.00
340	60	19	v	 1	 1	 3	 2	 1	 2	 2	 1	 0	 1	 1	 1	  0.49	  0.00
341	60	19	v	 1	 1	 3	 2	 2	 2	 2	 1	 1	 2	 2	 1	  0.46	  0.00
342	60	19	v	 1	 1	 3	 3	 1	 2	 2	 1	 0	 1	 1	 1	  0.32	  0.00
343	60	19	v	 1	 1	 3	 3	 1	 2	 2	 2	 0	 1	 1	 1	  0.37	  0.00
344	60	19	v	 1	 1	 3	 2	 2	 2	 2	 1	 1	 2	 2	 1	  0.39	  0.00
345	60	19	v	 1	 1	 3	 3	 2	 2	 2	 2	 1	 2	 2	 1	  0.31	  0.00
346	60	19	v	 1	 1	 3	 3	 2	 2	 2	 2	 1	 2	 2	 1	  0.36	  0.00
347	60	19	v	 1	 1	 3	 2	 2	 2	 2	 2	 1	 2	 2	 1	  0.35	  0.00
348	60	19	v	 1	 1	 3	 1	 1	 2	 2	 1	 0	 1	 1	 1	  0.43	  0.00
349	60	19	v	 1	 1	 3	 1	 1	 2	 2	 1	 0	 1	 1	 1	  0.40	  0.00
350	60	19	v	 1	 1	 3	 1	 2	 2	 2	 2	 1	 2	 2	 1	  0.33	  0.00
351	60	19	v	 1	 1	 3	 1	 1	 2	 2	 1	 0	 1	 1	 1	  0.36	  0.00
352	60	19	v	 1	 1	 3	 1	 1	 2	 2	 1	 0	 1	 1	 1	  0.51	  0.00
353	60	19	v	 1	 1	 3	 2	 1	 2	 2	 2	 0	 1	 1	 1	  0.91	  0.00
354	60	19	v	 1	 1	 3	 1	 2	 2	 2	 2	 1	 2	 2	 1	  0.38	  0.00
355	60	19	v	 1	 1	 3	 3	 2	 2	 2	 1	 1	 2	 2	 1	  0.71	  0.00
356	60	19	v	 1	 1	 3	 1	 2	 2	 2	 1	 1	 2	 2	 1	  0.46	  0.00
357	60	19	v	 1	 1	 3	 2	 1	 2	 2	 2	 0	 1	 1	 1	  0.48	  0.00
358	60	19	v	 1	 1	 3	 3	 2	 2	 2	 1	 1	 2	 2	 1	  0.49	  0.00
359	60	19	v	 1	 1	 3	 2	 1	 2	 2	 1	 0	 1	 1	 1	  0.45	  0.00
360	60	19	v	 1	 1	 3	 2	 2	 2	 2	 2	 1	 2	 2	 1	  0.28	  0.00
361	60	19	v	 1	 1	 3	 2	 1	 2	 2	 1	 0	 1	 1	 1	  0.31	  0.00
362	60	19	v	 1	 1	 3	 2	 2	 2	 2	 2	 1	 2	 2	 1	  0.33	  0.00
363	60	19	v	 1	 1	 3	 2	 2	 2	 2	 1	 1	 2	 2	 1	  0.44	  0.00
364	60	19	v	 1	 1	 3	 3	 1	 2	 2	 2	 0	 1	 1	 1	  0.38	  0.00
365	60	19	v	 1	 1	 3	 2	 1	 2	 2	 1	 0	 1	 1	 1	  0.38	  0.00
366	60	19	v	 1	 1	 3	 1	 2	 2	 2	 2	 1	 2	 2	 1	  0.34	  0.00
367	60	19	v	 1	 1	 3	 2	 2	 2	 2	 1	 1	 2	 2	 1	  0.36	  0.00
368	60	19	v	 1	 1	 3	 3	 1	 2	 2	 1	 0	 1	 1	 1	  0.39	  0.00
369	60	19	v	 1	 1	 3	 1	 1	 2	 2	 2	 0	 1	 1	 1	  0.40	  0.00
370	60	19	v	 1	 1	 3	 3	 2	 2	 2	 1	 1	 2	 2	 1	  0.33	  0.00
371	60	19	v	 1	 1	 3	 3	 2	 2	 2	 1	 1	 2	 2	 1	  0.40	  0.00
372	60	19	v	 1	 1	 3	 2	 2	 2	 2	 1	 1	 2	 2	 1	  0.39	  0.00
373	60	19	v	 1	 1	 3	 1	 1	 2	 2	 1	 0	 1	 1	 1	  0.41	  0.00
374	60	19	v	 1	 1	 3	 3	 2	 2	 2	 2	 1	 2	 2	 1	  0.33	  0.00
375	60	19	v	 1	 1	 3	 3	 2	 2	 2	 1	 1	 2	 2	 1	  0.41	  0.00
376	60	19	v	 1	 1	 3	 1	 1	 2	 2	 1	 0	 1	 1	 1	  0.43	  0.00
377	60	19	v	 1	 1	 3	 3	 1	 2	 2	 1	 0	 1	 1	 1	  0.41	  0.00
378	60	19	v	 1	 1	 3	 3	 2	 2	 2	 1	 1	 2	 2	 1	  0.59	  0.00
379	60	19	v	 1	 1	 3	 1	 1	 2	 2	 2	 0	 1	 1	 1	  0.33	  0.00
380	60	19	v	 1	 1	 3	 1	 2	 2	 2	 2	 1	 2	 2	 1	  0.32	  0.00
381	60	19	v	 1	 1	 3	 2	 2	 2	 2	 2	 1	 2	 2	 1	  0.53	  0.00
382	60	19	v	 1	 1	 3	 1	 1	 2	 2	 2	 0	 1	 1	 1	  0.33	  0.00
383	60	19	v	 1	 1	 3	 2	 2	 2	 2	 2	 1	 2	 2	 1	  0.29	  0.00
