00	43	18	m	 1	 2	 0	 1	 1	 2	 1	 2	 0	 1	 1	 1	  1.01	  0.00
01	43	18	m	 1	 2	 0	 3	 1	 2	 1	 1	 0	 1	 1	 1	  0.71	  0.00
02	43	18	m	 1	 2	 0	 3	 2	 2	 1	 2	 1	 2	 2	 1	  0.40	  0.00
03	43	18	m	 1	 2	 0	 2	 1	 2	 1	 2	 0	 1	 1	 1	  0.41	  0.00
04	43	18	m	 1	 2	 0	 3	 2	 2	 1	 2	 1	 2	 2	 1	  0.37	  0.00
05	43	18	m	 1	 2	 0	 3	 1	 2	 1	 2	 0	 1	 1	 1	  0.35	  0.00
06	43	18	m	 1	 2	 0	 3	 1	 2	 1	 2	 0	 1	 1	 1	  0.57	  0.00
07	43	18	m	 1	 2	 0	 2	 1	 2	 1	 1	 0	 1	 1	 1	  0.38	  0.00
08	43	18	m	 1	 2	 0	 3	 2	 2	 1	 1	 1	 2	 2	 1	  0.49	  0.00
09	43	18	m	 1	 2	 0	 2	 2	 2	 1	 1	 1	 2	 2	 1	  0.52	  0.00
10	43	18	m	 1	 2	 0	 3	 2	 2	 1	 2	 1	 2	 2	 1	  0.42	  0.00
11	43	18	m	 1	 2	 0	 3	 1	 2	 1	 1	 0	 1	 1	 1	  0.45	  0.00
12	43	18	m	 1	 2	 0	 2	 2	 2	 1	 2	 1	 2	 2	 1	  0.47	  0.00
13	43	18	m	 1	 2	 0	 1	 2	 2	 1	 2	 1	 2	 2	 1	  0.44	  0.00
14	43	18	m	 1	 2	 0	 1	 1	 2	 1	 2	 0	 1	 1	 1	  0.40	  0.00
15	43	18	m	 1	 2	 0	 2	 1	 2	 1	 1	 0	 1	 1	 1	  0.42	  0.00
16	43	18	m	 1	 2	 0	 2	 1	 2	 1	 1	 0	 1	 1	 1	  0.36	  0.00
17	43	18	m	 1	 2	 0	 1	 1	 2	 1	 1	 0	 1	 1	 1	  0.38	  0.00
18	43	18	m	 1	 2	 0	 1	 2	 2	 1	 2	 1	 2	 2	 1	  0.35	  0.00
19	43	18	m	 1	 2	 0	 3	 1	 2	 1	 1	 0	 1	 1	 1	  0.36	  0.00
20	43	18	m	 1	 2	 0	 3	 1	 2	 1	 1	 0	 1	 1	 1	  0.39	  0.00
21	43	18	m	 1	 2	 0	 1	 2	 2	 1	 2	 1	 2	 2	 1	  0.49	  0.00
22	43	18	m	 1	 2	 0	 1	 1	 2	 1	 1	 0	 1	 1	 1	  0.35	  0.00
23	43	18	m	 1	 2	 0	 1	 2	 2	 1	 2	 1	 2	 2	 1	  0.40	  0.00
24	43	18	m	 1	 2	 0	 1	 2	 2	 1	 1	 1	 2	 2	 1	  0.40	  0.00
25	43	18	m	 1	 2	 0	 2	 2	 2	 1	 1	 1	 2	 2	 1	  0.39	  0.00
26	43	18	m	 1	 2	 0	 2	 1	 2	 1	 1	 0	 1	 1	 1	  0.39	  0.00
27	43	18	m	 1	 2	 0	 1	 2	 2	 1	 2	 1	 2	 2	 1	  0.38	  0.00
28	43	18	m	 1	 2	 0	 1	 2	 2	 1	 1	 1	 2	 2	 1	  0.46	  0.00
29	43	18	m	 1	 2	 0	 3	 1	 2	 1	 2	 0	 1	 1	 1	  0.43	  0.00
30	43	18	m	 1	 2	 0	 2	 2	 2	 1	 2	 1	 2	 2	 1	  0.41	  0.00
31	43	18	m	 1	 2	 0	 1	 1	 2	 1	 2	 0	 1	 1	 1	  0.43	  0.00
32	43	18	m	 1	 2	 0	 1	 2	 2	 1	 1	 1	 2	 2	 1	  0.45	  0.00
33	43	18	m	 1	 2	 0	 1	 1	 2	 1	 2	 0	 1	 1	 1	  0.43	  0.00
34	43	18	m	 1	 2	 0	 2	 2	 2	 1	 1	 1	 2	 2	 1	  0.41	  0.00
35	43	18	m	 1	 2	 0	 2	 1	 2	 1	 2	 0	 1	 1	 1	  0.43	  0.00
36	43	18	m	 1	 2	 0	 3	 1	 2	 1	 2	 0	 1	 1	 1	  0.42	  0.00
37	43	18	m	 1	 2	 0	 3	 2	 2	 1	 1	 1	 2	 2	 1	  0.41	  0.00
38	43	18	m	 1	 2	 0	 2	 2	 2	 1	 2	 1	 2	 2	 1	  0.44	  0.00
39	43	18	m	 1	 2	 0	 2	 2	 2	 1	 2	 1	 2	 2	 1	  0.40	  0.00
40	43	18	m	 1	 2	 0	 3	 1	 2	 1	 1	 0	 1	 1	 1	  0.40	  0.00
41	43	18	m	 1	 2	 0	 2	 1	 2	 1	 2	 0	 1	 1	 1	  0.55	  0.00
42	43	18	m	 1	 2	 0	 3	 2	 2	 1	 2	 1	 2	 2	 1	  0.45	  0.00
43	43	18	m	 1	 2	 0	 2	 2	 2	 1	 1	 1	 2	 2	 1	  0.46	  0.00
44	43	18	m	 1	 2	 0	 2	 1	 2	 1	 1	 0	 1	 1	 1	  0.43	  0.00
45	43	18	m	 1	 2	 0	 3	 2	 2	 1	 1	 1	 2	 2	 1	  0.37	  0.00
46	43	18	m	 1	 2	 0	 3	 1	 2	 1	 2	 0	 1	 1	 1	  0.42	  0.00
47	43	18	m	 1	 2	 0	 1	 1	 2	 1	 1	 0	 1	 1	 1	  0.41	  0.00
48	43	18	m	 1	 2	 0	 3	 2	 2	 1	 2	 1	 2	 2	 1	  0.43	  0.00
49	43	18	m	 1	 2	 0	 3	 1	 2	 1	 1	 0	 1	 1	 1	  0.41	  0.00
50	43	18	m	 1	 2	 0	 3	 2	 2	 1	 2	 1	 2	 2	 1	  0.43	  0.00
51	43	18	m	 1	 2	 0	 1	 1	 2	 1	 1	 0	 1	 1	 1	  0.38	  0.00
52	43	18	m	 1	 2	 0	 3	 2	 2	 1	 1	 1	 2	 2	 1	  0.38	  0.00
53	43	18	m	 1	 2	 0	 2	 1	 2	 1	 2	 0	 1	 1	 1	  0.39	  0.00
54	43	18	m	 1	 2	 0	 3	 2	 2	 1	 1	 1	 2	 2	 1	  0.44	  0.00
55	43	18	m	 1	 2	 0	 1	 1	 2	 1	 2	 0	 1	 1	 1	  0.34	  0.00
56	43	18	m	 1	 2	 0	 3	 1	 2	 1	 1	 0	 1	 1	 1	  0.43	  0.00
57	43	18	m	 1	 2	 0	 2	 2	 2	 1	 1	 1	 2	 2	 1	  0.43	  0.00
58	43	18	m	 1	 2	 0	 1	 2	 2	 1	 1	 1	 2	 2	 1	  0.44	  0.00
59	43	18	m	 1	 2	 0	 3	 2	 2	 1	 1	 1	 2	 2	 1	  0.46	  0.00
60	43	18	m	 1	 2	 0	 2	 1	 2	 1	 2	 0	 1	 1	 1	  0.39	  0.00
61	43	18	m	 1	 2	 0	 2	 2	 2	 1	 1	 1	 2	 2	 1	  0.42	  0.00
62	43	18	m	 1	 2	 0	 2	 1	 2	 1	 1	 0	 1	 1	 1	  0.58	  0.00
63	43	18	m	 1	 2	 0	 3	 2	 2	 1	 2	 1	 2	 2	 1	  0.42	  0.00
64	43	18	m	 1	 2	 0	 2	 1	 2	 1	 2	 0	 1	 1	 1	  0.72	  0.00
65	43	18	m	 1	 2	 0	 3	 1	 2	 1	 1	 0	 1	 1	 1	  0.50	  0.00
66	43	18	m	 1	 2	 0	 2	 2	 2	 1	 1	 1	 2	 2	 1	  0.40	  0.00
67	43	18	m	 1	 2	 0	 1	 2	 2	 1	 1	 1	 2	 2	 1	  0.48	  0.00
68	43	18	m	 1	 2	 0	 3	 1	 2	 1	 2	 0	 1	 1	 1	  0.38	  0.00
69	43	18	m	 1	 2	 0	 3	 1	 2	 1	 2	 0	 1	 1	 1	  0.41	  0.00
70	43	18	m	 1	 2	 0	 2	 2	 2	 1	 2	 1	 2	 2	 1	  0.33	  0.00
71	43	18	m	 1	 2	 0	 2	 2	 2	 1	 1	 1	 2	 2	 1	  0.52	  0.00
72	43	18	m	 1	 2	 0	 1	 1	 2	 1	 1	 0	 1	 1	 1	  0.42	  0.00
73	43	18	m	 1	 2	 0	 1	 1	 2	 1	 1	 0	 1	 1	 1	  0.45	  0.00
74	43	18	m	 1	 2	 0	 3	 2	 2	 1	 1	 1	 2	 2	 1	  0.37	  0.00
75	43	18	m	 1	 2	 0	 1	 2	 2	 1	 1	 1	 2	 2	 1	  0.44	  0.00
76	43	18	m	 1	 2	 0	 1	 1	 2	 1	 1	 0	 1	 1	 1	  0.38	  0.00
77	43	18	m	 1	 2	 0	 2	 2	 2	 1	 2	 1	 2	 2	 1	  0.36	  0.00
78	43	18	m	 1	 2	 0	 2	 2	 2	 1	 2	 1	 2	 2	 1	  0.51	  0.00
79	43	18	m	 1	 2	 0	 1	 2	 2	 1	 2	 1	 2	 2	 1	  0.44	  0.00
80	43	18	m	 1	 2	 0	 1	 2	 2	 1	 1	 1	 2	 2	 1	  0.63	  0.00
81	43	18	m	 1	 2	 0	 1	 1	 2	 1	 2	 0	 1	 1	 1	  0.39	  0.00
82	43	18	m	 1	 2	 0	 1	 2	 2	 1	 2	 1	 2	 2	 1	  0.42	  0.00
83	43	18	m	 1	 2	 0	 1	 1	 2	 1	 2	 0	 1	 1	 1	  0.48	  0.00
84	43	18	m	 1	 2	 0	 2	 1	 2	 1	 2	 0	 1	 1	 1	  0.46	  0.00
85	43	18	m	 1	 2	 0	 3	 1	 2	 1	 2	 0	 1	 1	 1	  0.54	  0.00
86	43	18	m	 1	 2	 0	 3	 2	 2	 1	 2	 1	 2	 2	 1	  0.51	  0.00
87	43	18	m	 1	 2	 0	 2	 1	 2	 1	 2	 0	 1	 1	 1	  0.41	  0.00
88	43	18	m	 1	 2	 0	 1	 2	 2	 1	 2	 1	 2	 2	 1	  0.40	  0.00
89	43	18	m	 1	 2	 0	 2	 2	 2	 1	 2	 1	 2	 2	 1	  0.39	  0.00
90	43	18	m	 1	 2	 0	 1	 2	 2	 1	 1	 1	 2	 2	 1	  0.46	  0.00
91	43	18	m	 1	 2	 0	 3	 2	 2	 1	 1	 1	 2	 2	 1	  0.46	  0.00
92	43	18	m	 1	 2	 0	 1	 1	 2	 1	 1	 0	 1	 1	 1	  0.50	  0.00
93	43	18	m	 1	 2	 0	 1	 1	 2	 1	 2	 0	 1	 1	 1	  0.59	  0.00
94	43	18	m	 1	 2	 0	 2	 1	 2	 1	 1	 0	 1	 1	 1	  0.56	  0.00
95	43	18	m	 1	 2	 0	 2	 1	 2	 1	 1	 0	 1	 1	 1	  0.69	  0.00
96	43	18	m	 1	 2	 1	 3	 2	 1	 2	 1	 0	 2	 2	 1	  0.51	  0.00
97	43	18	m	 1	 2	 1	 3	 2	 1	 2	 2	 0	 2	 2	 1	  0.46	  0.00
98	43	18	m	 1	 2	 1	 3	 2	 1	 2	 2	 0	 2	 2	 1	  0.44	  0.00
99	43	18	m	 1	 2	 1	 1	 1	 1	 2	 2	 1	 1	 1	 1	  0.38	  0.00
100	43	18	m	 1	 2	 1	 2	 2	 1	 2	 1	 0	 2	 2	 1	  0.39	  0.00
101	43	18	m	 1	 2	 1	 1	 1	 1	 2	 1	 1	 1	 1	 1	  0.44	  0.00
102	43	18	m	 1	 2	 1	 2	 1	 1	 2	 2	 1	 1	 1	 1	  0.49	  0.00
103	43	18	m	 1	 2	 1	 3	 1	 1	 2	 2	 1	 1	 1	 1	  0.52	  0.00
104	43	18	m	 1	 2	 1	 3	 1	 1	 2	 1	 1	 1	 1	 1	  0.40	  0.00
105	43	18	m	 1	 2	 1	 1	 2	 1	 2	 1	 0	 2	 2	 1	  0.41	  0.00
106	43	18	m	 1	 2	 1	 1	 2	 1	 2	 1	 0	 2	 2	 1	  0.46	  0.00
107	43	18	m	 1	 2	 1	 1	 1	 1	 2	 1	 1	 1	 1	 1	  0.34	  0.00
108	43	18	m	 1	 2	 1	 2	 1	 1	 2	 2	 1	 1	 1	 1	  0.41	  0.00
109	43	18	m	 1	 2	 1	 2	 1	 1	 2	 1	 1	 1	 1	 1	  0.44	  0.00
110	43	18	m	 1	 2	 1	 2	 2	 1	 2	 1	 0	 2	 2	 1	  0.45	  0.00
111	43	18	m	 1	 2	 1	 3	 2	 1	 2	 1	 0	 2	 2	 1	  0.48	  0.00
112	43	18	m	 1	 2	 1	 2	 1	 1	 2	 1	 1	 1	 1	 1	  0.39	  0.00
113	43	18	m	 1	 2	 1	 2	 2	 1	 2	 2	 0	 2	 2	 1	  0.40	  0.00
114	43	18	m	 1	 2	 1	 1	 2	 1	 2	 1	 0	 2	 2	 1	  0.42	  0.00
115	43	18	m	 1	 2	 1	 3	 2	 1	 2	 1	 0	 2	 2	 1	  0.68	  0.00
116	43	18	m	 1	 2	 1	 2	 1	 1	 2	 2	 1	 1	 1	 1	  0.40	  0.00
117	43	18	m	 1	 2	 1	 2	 1	 1	 2	 1	 1	 1	 1	 1	  0.42	  0.00
118	43	18	m	 1	 2	 1	 2	 2	 1	 2	 1	 0	 2	 2	 1	  0.44	  0.00
119	43	18	m	 1	 2	 1	 2	 2	 1	 2	 2	 0	 2	 2	 1	  0.49	  0.00
120	43	18	m	 1	 2	 1	 2	 1	 1	 2	 1	 1	 1	 1	 1	  0.60	  0.00
121	43	18	m	 1	 2	 1	 3	 1	 1	 2	 2	 1	 1	 1	 1	  0.51	  0.00
122	43	18	m	 1	 2	 1	 1	 2	 1	 2	 1	 0	 2	 2	 1	  0.43	  0.00
123	43	18	m	 1	 2	 1	 2	 2	 1	 2	 2	 0	 2	 2	 1	  0.42	  0.00
124	43	18	m	 1	 2	 1	 3	 1	 1	 2	 2	 1	 1	 1	 1	  0.32	  0.00
125	43	18	m	 1	 2	 1	 3	 2	 1	 2	 2	 0	 2	 2	 1	  0.42	  0.00
126	43	18	m	 1	 2	 1	 3	 1	 1	 2	 1	 1	 1	 1	 1	  0.39	  0.00
127	43	18	m	 1	 2	 1	 1	 2	 1	 2	 2	 0	 2	 2	 1	  0.38	  0.00
128	43	18	m	 1	 2	 1	 2	 1	 1	 2	 1	 1	 1	 1	 1	  0.43	  0.00
129	43	18	m	 1	 2	 1	 2	 1	 1	 2	 1	 1	 1	 1	 1	  0.49	  0.00
130	43	18	m	 1	 2	 1	 1	 2	 1	 2	 2	 0	 2	 2	 1	  0.38	  0.00
131	43	18	m	 1	 2	 1	 3	 1	 1	 2	 2	 1	 1	 1	 1	  0.47	  0.00
132	43	18	m	 1	 2	 1	 1	 1	 1	 2	 1	 1	 1	 1	 1	  0.44	  0.00
133	43	18	m	 1	 2	 1	 3	 1	 1	 2	 1	 1	 1	 1	 1	  0.79	  0.00
134	43	18	m	 1	 2	 1	 1	 2	 1	 2	 2	 0	 2	 2	 1	  0.42	  0.00
135	43	18	m	 1	 2	 1	 2	 1	 1	 2	 2	 1	 1	 1	 1	  0.39	  0.00
136	43	18	m	 1	 2	 1	 2	 2	 1	 2	 2	 0	 2	 2	 1	  0.41	  0.00
137	43	18	m	 1	 2	 1	 2	 2	 1	 2	 1	 0	 2	 2	 1	  0.52	  0.00
138	43	18	m	 1	 2	 1	 1	 2	 1	 2	 1	 0	 2	 2	 1	  0.50	  0.00
139	43	18	m	 1	 2	 1	 2	 1	 1	 2	 2	 1	 1	 1	 1	  0.48	  0.00
140	43	18	m	 1	 2	 1	 3	 2	 1	 2	 2	 0	 2	 2	 1	  0.44	  0.00
141	43	18	m	 1	 2	 1	 3	 1	 1	 2	 2	 1	 1	 1	 1	  0.52	  0.00
142	43	18	m	 1	 2	 1	 1	 1	 1	 2	 1	 1	 1	 1	 1	  0.51	  0.00
143	43	18	m	 1	 2	 1	 1	 2	 1	 2	 1	 0	 2	 2	 1	  0.42	  0.00
144	43	18	m	 1	 2	 1	 2	 1	 1	 2	 2	 1	 1	 1	 1	  0.36	  0.00
145	43	18	m	 1	 2	 1	 3	 1	 1	 2	 1	 1	 1	 1	 1	  0.45	  0.00
146	43	18	m	 1	 2	 1	 1	 1	 1	 2	 1	 1	 1	 1	 1	  0.41	  0.00
147	43	18	m	 1	 2	 1	 3	 2	 1	 2	 1	 0	 2	 2	 1	  0.47	  0.00
148	43	18	m	 1	 2	 1	 3	 1	 1	 2	 1	 1	 1	 1	 1	  0.44	  0.00
149	43	18	m	 1	 2	 1	 1	 2	 1	 2	 1	 0	 2	 2	 1	  0.49	  0.00
150	43	18	m	 1	 2	 1	 2	 2	 1	 2	 1	 0	 2	 2	 1	  0.51	  0.00
151	43	18	m	 1	 2	 1	 2	 1	 1	 2	 2	 1	 1	 1	 1	  0.49	  0.00
152	43	18	m	 1	 2	 1	 1	 2	 1	 2	 2	 0	 2	 2	 1	  0.50	  0.00
153	43	18	m	 1	 2	 1	 1	 1	 1	 2	 2	 1	 1	 1	 1	  0.45	  0.00
154	43	18	m	 1	 2	 1	 3	 2	 1	 2	 1	 0	 2	 2	 1	  0.38	  0.00
155	43	18	m	 1	 2	 1	 2	 1	 1	 2	 1	 1	 1	 1	 1	  0.40	  0.00
156	43	18	m	 1	 2	 1	 1	 1	 1	 2	 1	 1	 1	 1	 1	  0.53	  0.00
157	43	18	m	 1	 2	 1	 3	 1	 1	 2	 2	 1	 1	 1	 1	  0.52	  0.00
158	43	18	m	 1	 2	 1	 1	 2	 1	 2	 2	 0	 2	 2	 1	  0.47	  0.00
159	43	18	m	 1	 2	 1	 3	 2	 1	 2	 2	 0	 2	 2	 1	  0.56	  0.00
160	43	18	m	 1	 2	 1	 2	 1	 1	 2	 2	 1	 1	 1	 1	  0.41	  0.00
161	43	18	m	 1	 2	 1	 2	 2	 1	 2	 2	 0	 2	 2	 1	  0.40	  0.00
162	43	18	m	 1	 2	 1	 2	 1	 1	 2	 1	 1	 1	 1	 1	  0.39	  0.00
163	43	18	m	 1	 2	 1	 1	 2	 1	 2	 2	 0	 2	 2	 1	  0.35	  0.00
164	43	18	m	 1	 2	 1	 1	 2	 1	 2	 2	 0	 2	 2	 1	  0.61	  0.00
165	43	18	m	 1	 2	 1	 1	 1	 1	 2	 2	 1	 1	 1	 1	  0.41	  0.00
166	43	18	m	 1	 2	 1	 3	 2	 1	 2	 2	 0	 2	 2	 1	  0.41	  0.00
167	43	18	m	 1	 2	 1	 1	 2	 1	 2	 2	 0	 2	 2	 1	  0.45	  0.00
168	43	18	m	 1	 2	 1	 3	 2	 1	 2	 1	 0	 2	 2	 1	  0.58	  0.00
169	43	18	m	 1	 2	 1	 3	 1	 1	 2	 1	 1	 1	 1	 1	  0.45	  0.00
170	43	18	m	 1	 2	 1	 3	 2	 1	 2	 1	 0	 2	 2	 1	  0.52	  0.00
171	43	18	m	 1	 2	 1	 3	 1	 1	 2	 2	 1	 1	 1	 1	  0.40	  0.00
172	43	18	m	 1	 2	 1	 1	 1	 1	 2	 1	 1	 1	 1	 1	  0.42	  0.00
173	43	18	m	 1	 2	 1	 2	 2	 1	 2	 1	 0	 2	 2	 1	  0.53	  0.00
174	43	18	m	 1	 2	 1	 1	 2	 1	 2	 1	 0	 2	 2	 1	  0.47	  0.00
175	43	18	m	 1	 2	 1	 2	 2	 1	 2	 2	 0	 2	 2	 1	  0.47	  0.00
176	43	18	m	 1	 2	 1	 3	 1	 1	 2	 1	 1	 1	 1	 1	  0.39	  0.00
177	43	18	m	 1	 2	 1	 3	 1	 1	 2	 1	 1	 1	 1	 1	  0.84	  0.00
178	43	18	m	 1	 2	 1	 3	 1	 1	 2	 2	 1	 1	 1	 1	  0.47	  0.00
179	43	18	m	 1	 2	 1	 1	 1	 1	 2	 2	 1	 1	 1	 1	  0.55	  0.00
180	43	18	m	 1	 2	 1	 3	 2	 1	 2	 2	 0	 2	 2	 1	  0.45	  0.00
181	43	18	m	 1	 2	 1	 3	 2	 1	 2	 2	 0	 2	 2	 1	  0.46	  0.00
182	43	18	m	 1	 2	 1	 2	 2	 1	 2	 1	 0	 2	 2	 1	  0.70	  0.00
183	43	18	m	 1	 2	 1	 3	 2	 1	 2	 1	 0	 2	 2	 1	  0.48	  0.00
184	43	18	m	 1	 2	 1	 1	 1	 1	 2	 1	 1	 1	 1	 1	  0.69	  0.00
185	43	18	m	 1	 2	 1	 2	 2	 1	 2	 1	 0	 2	 2	 1	  0.64	  0.00
186	43	18	m	 1	 2	 1	 1	 1	 1	 2	 2	 1	 1	 1	 1	  0.50	  0.00
187	43	18	m	 1	 2	 1	 2	 2	 1	 2	 2	 0	 2	 2	 1	  0.43	  0.00
188	43	18	m	 1	 2	 1	 2	 2	 1	 2	 2	 0	 2	 2	 1	  0.67	  0.00
189	43	18	m	 1	 2	 1	 1	 1	 1	 2	 2	 1	 1	 1	 1	  0.65	  0.00
190	43	18	m	 1	 2	 1	 1	 1	 1	 2	 2	 1	 1	 1	 1	  0.42	  0.00
191	43	18	m	 1	 2	 1	 1	 1	 1	 2	 2	 1	 1	 1	 1	  0.41	  0.00
192	43	18	m	 1	 2	 2	 1	 1	 2	 1	 1	 0	 1	 1	 1	  0.44	  0.00
193	43	18	m	 1	 2	 2	 1	 1	 2	 1	 2	 0	 1	 1	 1	  0.40	  0.00
194	43	18	m	 1	 2	 2	 2	 2	 2	 1	 1	 1	 2	 2	 1	  0.52	  0.00
195	43	18	m	 1	 2	 2	 3	 2	 2	 1	 2	 1	 2	 2	 1	  0.51	  0.00
196	43	18	m	 1	 2	 2	 2	 1	 2	 1	 2	 0	 1	 1	 1	  0.31	  0.00
197	43	18	m	 1	 2	 2	 3	 2	 2	 1	 2	 1	 2	 2	 1	  0.38	  0.00
198	43	18	m	 1	 2	 2	 3	 1	 2	 1	 2	 0	 1	 1	 1	  0.33	  0.00
199	43	18	m	 1	 2	 2	 1	 2	 2	 1	 2	 1	 2	 2	 1	  0.42	  0.00
200	43	18	m	 1	 2	 2	 1	 1	 2	 1	 1	 0	 1	 1	 1	  0.92	  0.00
201	43	18	m	 1	 2	 2	 2	 1	 2	 1	 1	 0	 1	 1	 1	  0.60	  0.00
202	43	18	m	 1	 2	 2	 1	 1	 2	 1	 2	 0	 1	 1	 1	  0.48	  0.00
203	43	18	m	 1	 2	 2	 1	 1	 2	 1	 2	 0	 1	 1	 1	  0.31	  0.00
204	43	18	m	 1	 2	 2	 3	 2	 2	 1	 2	 1	 2	 2	 1	  0.44	  0.00
205	43	18	m	 1	 2	 2	 3	 1	 2	 1	 2	 0	 1	 1	 1	  0.39	  0.00
206	43	18	m	 1	 2	 2	 2	 2	 2	 1	 1	 1	 2	 2	 1	  0.36	  0.00
207	43	18	m	 1	 2	 2	 2	 1	 2	 1	 2	 0	 1	 1	 1	  0.31	  0.00
208	43	18	m	 1	 2	 2	 1	 2	 2	 1	 2	 1	 2	 2	 1	  0.38	  0.00
209	43	18	m	 1	 2	 2	 1	 2	 2	 1	 1	 1	 2	 2	 1	  0.44	  0.00
210	43	18	m	 1	 2	 2	 1	 1	 2	 1	 2	 0	 1	 1	 1	  0.42	  0.00
211	43	18	m	 1	 2	 2	 2	 2	 2	 1	 2	 1	 2	 2	 1	  0.42	  0.00
212	43	18	m	 1	 2	 2	 1	 1	 2	 1	 2	 0	 1	 1	 1	  0.38	  0.00
213	43	18	m	 1	 2	 2	 3	 2	 2	 1	 1	 1	 2	 2	 1	  0.48	  0.00
214	43	18	m	 1	 2	 2	 2	 2	 2	 1	 2	 1	 2	 2	 1	  0.44	  0.00
215	43	18	m	 1	 2	 2	 3	 1	 2	 1	 2	 0	 1	 1	 1	  0.35	  0.00
216	43	18	m	 1	 2	 2	 1	 1	 2	 1	 1	 0	 1	 1	 1	  0.41	  0.00
217	43	18	m	 1	 2	 2	 2	 1	 2	 1	 2	 0	 1	 1	 1	  0.58	  0.00
218	43	18	m	 1	 2	 2	 3	 2	 2	 1	 1	 1	 2	 2	 1	  0.45	  0.00
219	43	18	m	 1	 2	 2	 2	 1	 2	 1	 2	 0	 1	 1	 1	  0.71	  0.00
220	43	18	m	 1	 2	 2	 3	 1	 2	 1	 2	 0	 1	 1	 1	  0.56	  0.00
221	43	18	m	 1	 2	 2	 3	 2	 2	 1	 1	 1	 2	 2	 1	  0.35	  0.00
222	43	18	m	 1	 2	 2	 3	 1	 2	 1	 1	 0	 1	 1	 1	  0.55	  0.00
223	43	18	m	 1	 2	 2	 1	 2	 2	 1	 1	 1	 2	 2	 1	  0.46	  0.00
224	43	18	m	 1	 2	 2	 2	 2	 2	 1	 1	 1	 2	 2	 1	  0.45	  0.00
225	43	18	m	 1	 2	 2	 1	 2	 2	 1	 1	 1	 2	 2	 1	  0.53	  0.00
226	43	18	m	 1	 2	 2	 1	 2	 2	 1	 2	 1	 2	 2	 1	  0.52	  0.00
227	43	18	m	 1	 2	 2	 3	 1	 2	 1	 1	 0	 1	 1	 1	  0.53	  0.00
228	43	18	m	 1	 2	 2	 3	 1	 2	 1	 1	 0	 1	 1	 1	  0.67	  0.00
229	43	18	m	 1	 2	 2	 3	 1	 2	 1	 2	 0	 1	 1	 1	  0.58	  0.00
230	43	18	m	 1	 2	 2	 1	 2	 2	 1	 2	 1	 2	 2	 1	  0.47	  0.00
231	43	18	m	 1	 2	 2	 1	 2	 2	 1	 1	 1	 2	 2	 1	  0.49	  0.00
232	43	18	m	 1	 2	 2	 1	 2	 2	 1	 1	 1	 2	 2	 1	  0.69	  0.00
233	43	18	m	 1	 2	 2	 3	 2	 2	 1	 1	 1	 2	 2	 1	  0.59	  0.00
234	43	18	m	 1	 2	 2	 3	 1	 2	 1	 1	 0	 1	 1	 1	  1.34	  0.00
235	43	18	m	 1	 2	 2	 2	 1	 2	 1	 1	 0	 1	 1	 1	  0.56	  0.00
236	43	18	m	 1	 2	 2	 2	 1	 2	 1	 1	 0	 1	 1	 1	  0.46	  0.00
237	43	18	m	 1	 2	 2	 2	 2	 2	 1	 1	 1	 2	 2	 1	  0.42	  0.00
238	43	18	m	 1	 2	 2	 3	 2	 2	 1	 1	 1	 2	 2	 1	  0.70	  0.00
239	43	18	m	 1	 2	 2	 2	 1	 2	 1	 1	 0	 1	 1	 1	  0.48	  0.00
240	43	18	m	 1	 2	 2	 2	 1	 2	 1	 2	 0	 1	 1	 1	  0.50	  0.00
241	43	18	m	 1	 2	 2	 2	 1	 2	 1	 1	 0	 1	 1	 1	  0.50	  0.00
242	43	18	m	 1	 2	 2	 2	 2	 2	 1	 2	 1	 2	 2	 1	  0.50	  0.00
243	43	18	m	 1	 2	 2	 3	 2	 2	 1	 2	 1	 2	 2	 1	  0.56	  0.00
244	43	18	m	 1	 2	 2	 2	 2	 2	 1	 2	 1	 2	 2	 1	  0.51	  0.00
245	43	18	m	 1	 2	 2	 2	 1	 2	 1	 1	 0	 1	 1	 1	  0.51	  0.00
246	43	18	m	 1	 2	 2	 3	 2	 2	 1	 2	 1	 2	 2	 1	  0.55	  0.00
247	43	18	m	 1	 2	 2	 3	 1	 2	 1	 1	 0	 1	 1	 1	  0.75	  0.00
248	43	18	m	 1	 2	 2	 2	 2	 2	 1	 2	 1	 2	 2	 1	  0.41	  0.00
249	43	18	m	 1	 2	 2	 3	 2	 2	 1	 1	 1	 2	 2	 1	  0.47	  0.00
250	43	18	m	 1	 2	 2	 2	 1	 2	 1	 2	 0	 1	 1	 1	  0.45	  0.00
251	43	18	m	 1	 2	 2	 1	 2	 2	 1	 2	 1	 2	 2	 1	  0.41	  0.00
252	43	18	m	 1	 2	 2	 2	 1	 2	 1	 2	 0	 1	 1	 1	  0.61	  0.00
253	43	18	m	 1	 2	 2	 1	 1	 2	 1	 1	 0	 1	 1	 1	  0.47	  0.00
254	43	18	m	 1	 2	 2	 1	 1	 2	 1	 1	 0	 1	 1	 1	  0.51	  0.00
255	43	18	m	 1	 2	 2	 1	 2	 2	 1	 1	 1	 2	 2	 1	  0.41	  0.00
256	43	18	m	 1	 2	 2	 3	 1	 2	 1	 1	 0	 1	 1	 1	  0.54	  0.00
257	43	18	m	 1	 2	 2	 1	 1	 2	 1	 1	 0	 1	 1	 1	  0.54	  0.00
258	43	18	m	 1	 2	 2	 1	 1	 2	 1	 2	 0	 1	 1	 1	  0.87	  0.00
259	43	18	m	 1	 2	 2	 2	 2	 2	 1	 2	 1	 2	 2	 1	  0.51	  0.00
260	43	18	m	 1	 2	 2	 3	 2	 2	 1	 2	 1	 2	 2	 1	  0.52	  0.00
261	43	18	m	 1	 2	 2	 1	 1	 2	 1	 1	 0	 1	 1	 1	  0.43	  0.00
262	43	18	m	 1	 2	 2	 3	 1	 2	 1	 1	 0	 1	 1	 1	  0.46	  0.00
263	43	18	m	 1	 2	 2	 2	 2	 2	 1	 2	 1	 2	 2	 1	  0.46	  0.00
264	43	18	m	 1	 2	 2	 2	 1	 2	 1	 1	 0	 1	 1	 1	  0.58	  0.00
265	43	18	m	 1	 2	 2	 1	 2	 2	 1	 1	 1	 2	 2	 1	  0.58	  0.00
266	43	18	m	 1	 2	 2	 2	 2	 2	 1	 2	 1	 2	 2	 1	  0.47	  0.00
267	43	18	m	 1	 2	 2	 3	 2	 2	 1	 2	 1	 2	 2	 1	  0.44	  0.00
268	43	18	m	 1	 2	 2	 1	 2	 2	 1	 2	 1	 2	 2	 1	  0.52	  0.00
269	43	18	m	 1	 2	 2	 3	 1	 2	 1	 2	 0	 1	 1	 1	  0.53	  0.00
270	43	18	m	 1	 2	 2	 3	 2	 2	 1	 1	 1	 2	 2	 1	  0.46	  0.00
271	43	18	m	 1	 2	 2	 1	 1	 2	 1	 2	 0	 1	 1	 1	  0.44	  0.00
272	43	18	m	 1	 2	 2	 1	 2	 2	 1	 2	 1	 2	 2	 1	  0.44	  0.00
273	43	18	m	 1	 2	 2	 2	 1	 2	 1	 2	 0	 1	 1	 1	  0.40	  0.00
274	43	18	m	 1	 2	 2	 1	 1	 2	 1	 2	 0	 1	 1	 1	  0.54	  0.00
275	43	18	m	 1	 2	 2	 1	 2	 2	 1	 1	 1	 2	 2	 1	  0.53	  0.00
276	43	18	m	 1	 2	 2	 1	 2	 2	 1	 2	 1	 2	 2	 1	  0.49	  0.00
277	43	18	m	 1	 2	 2	 3	 2	 2	 1	 2	 1	 2	 2	 1	  0.53	  0.00
278	43	18	m	 1	 2	 2	 2	 2	 2	 1	 1	 1	 2	 2	 1	  0.50	  0.00
279	43	18	m	 1	 2	 2	 3	 1	 2	 1	 1	 0	 1	 1	 1	  0.47	  0.00
280	43	18	m	 1	 2	 2	 2	 2	 2	 1	 1	 1	 2	 2	 1	  0.32	  0.00
281	43	18	m	 1	 2	 2	 1	 1	 2	 1	 1	 0	 1	 1	 1	  0.46	  0.00
282	43	18	m	 1	 2	 2	 3	 2	 2	 1	 1	 1	 2	 2	 1	  0.35	  0.00
283	43	18	m	 1	 2	 2	 2	 1	 2	 1	 1	 0	 1	 1	 1	  0.49	  0.00
284	43	18	m	 1	 2	 2	 2	 2	 2	 1	 1	 1	 2	 2	 1	  0.39	  0.00
285	43	18	m	 1	 2	 2	 3	 1	 2	 1	 2	 0	 1	 1	 1	  0.48	  0.00
286	43	18	m	 1	 2	 2	 3	 1	 2	 1	 2	 0	 1	 1	 1	  0.43	  0.00
287	43	18	m	 1	 2	 2	 2	 2	 2	 1	 1	 1	 2	 2	 1	  0.61	  0.00
288	43	18	m	 1	 2	 3	 2	 1	 1	 2	 1	 1	 1	 1	 1	  0.46	  0.00
289	43	18	m	 1	 2	 3	 1	 2	 1	 2	 2	 0	 2	 2	 1	  0.50	  0.00
290	43	18	m	 1	 2	 3	 3	 2	 1	 2	 1	 0	 2	 2	 1	  0.39	  0.00
291	43	18	m	 1	 2	 3	 2	 2	 1	 2	 2	 0	 2	 2	 1	  0.68	  0.00
292	43	18	m	 1	 2	 3	 2	 2	 1	 2	 1	 0	 2	 2	 1	  0.43	  0.00
293	43	18	m	 1	 2	 3	 2	 1	 1	 2	 1	 1	 1	 1	 1	  0.50	  0.00
294	43	18	m	 1	 2	 3	 2	 1	 1	 2	 1	 1	 1	 1	 1	  0.46	  0.00
295	43	18	m	 1	 2	 3	 2	 1	 1	 2	 1	 1	 1	 1	 1	  0.49	  0.00
296	43	18	m	 1	 2	 3	 1	 2	 1	 2	 1	 0	 2	 2	 1	  0.38	  0.00
297	43	18	m	 1	 2	 3	 3	 1	 1	 2	 1	 1	 1	 1	 1	  0.51	  0.00
298	43	18	m	 1	 2	 3	 1	 2	 1	 2	 1	 0	 2	 2	 1	  0.33	  0.00
299	43	18	m	 1	 2	 3	 3	 2	 1	 2	 2	 0	 2	 2	 1	  0.46	  0.00
300	43	18	m	 1	 2	 3	 2	 1	 1	 2	 2	 1	 1	 1	 1	  0.39	  0.00
301	43	18	m	 1	 2	 3	 2	 2	 1	 2	 1	 0	 2	 2	 1	  0.42	  0.00
302	43	18	m	 1	 2	 3	 3	 2	 1	 2	 2	 0	 2	 2	 1	  0.46	  0.00
303	43	18	m	 1	 2	 3	 1	 1	 1	 2	 2	 1	 1	 1	 1	  0.43	  0.00
304	43	18	m	 1	 2	 3	 2	 1	 1	 2	 2	 1	 1	 1	 1	  0.57	  0.00
305	43	18	m	 1	 2	 3	 2	 1	 1	 2	 2	 1	 1	 1	 1	  0.46	  0.00
306	43	18	m	 1	 2	 3	 3	 2	 1	 2	 2	 0	 2	 2	 1	  0.42	  0.00
307	43	18	m	 1	 2	 3	 1	 2	 1	 2	 2	 0	 2	 2	 1	  0.60	  0.00
308	43	18	m	 1	 2	 3	 2	 1	 1	 2	 2	 1	 1	 1	 1	  0.41	  0.00
309	43	18	m	 1	 2	 3	 2	 1	 1	 2	 2	 1	 1	 1	 1	  0.47	  0.00
310	43	18	m	 1	 2	 3	 1	 1	 1	 2	 1	 1	 1	 1	 1	  0.51	  0.00
311	43	18	m	 1	 2	 3	 3	 1	 1	 2	 1	 1	 1	 1	 1	  0.75	  0.00
312	43	18	m	 1	 2	 3	 2	 2	 1	 2	 2	 0	 2	 2	 1	  0.50	  0.00
313	43	18	m	 1	 2	 3	 2	 2	 1	 2	 1	 0	 2	 2	 1	  0.47	  0.00
314	43	18	m	 1	 2	 3	 1	 2	 1	 2	 2	 0	 2	 2	 1	  0.58	  0.00
315	43	18	m	 1	 2	 3	 2	 2	 1	 2	 2	 0	 2	 2	 1	  0.54	  0.00
316	43	18	m	 1	 2	 3	 3	 1	 1	 2	 2	 1	 1	 1	 1	  0.43	  0.00
317	43	18	m	 1	 2	 3	 3	 2	 1	 2	 2	 0	 2	 2	 1	  0.40	  0.00
318	43	18	m	 1	 2	 3	 2	 2	 1	 2	 2	 0	 2	 2	 1	  0.55	  0.00
319	43	18	m	 1	 2	 3	 1	 2	 1	 2	 1	 0	 2	 2	 1	  0.57	  0.00
320	43	18	m	 1	 2	 3	 1	 1	 1	 2	 2	 1	 1	 1	 1	  0.46	  0.00
321	43	18	m	 1	 2	 3	 2	 2	 1	 2	 2	 0	 2	 2	 1	  0.39	  0.00
322	43	18	m	 1	 2	 3	 3	 2	 1	 2	 1	 0	 2	 2	 1	  0.63	  0.00
323	43	18	m	 1	 2	 3	 2	 2	 1	 2	 1	 0	 2	 2	 1	  0.56	  0.00
324	43	18	m	 1	 2	 3	 3	 2	 1	 2	 2	 0	 2	 2	 1	  0.59	  0.00
325	43	18	m	 1	 2	 3	 3	 1	 1	 2	 1	 1	 1	 1	 1	  0.76	  0.00
326	43	18	m	 1	 2	 3	 1	 2	 1	 2	 2	 0	 2	 2	 1	  0.47	  0.00
327	43	18	m	 1	 2	 3	 3	 1	 1	 2	 2	 1	 1	 1	 1	  0.63	  0.00
328	43	18	m	 1	 2	 3	 1	 2	 1	 2	 1	 0	 2	 2	 1	  0.43	  0.00
329	43	18	m	 1	 2	 3	 1	 1	 1	 2	 1	 1	 1	 1	 1	  0.47	  0.00
330	43	18	m	 1	 2	 3	 3	 1	 1	 2	 2	 1	 1	 1	 1	  0.49	  0.00
331	43	18	m	 1	 2	 3	 1	 1	 1	 2	 2	 1	 1	 1	 1	  0.42	  0.00
332	43	18	m	 1	 2	 3	 1	 1	 1	 2	 2	 1	 1	 2	 0	  0.50	  0.00
333	43	18	m	 1	 2	 3	 2	 2	 1	 2	 2	 0	 2	 2	 1	  0.57	  0.00
334	43	18	m	 1	 2	 3	 3	 2	 1	 2	 1	 0	 2	 2	 1	  0.59	  0.00
335	43	18	m	 1	 2	 3	 2	 1	 1	 2	 2	 1	 1	 1	 1	  0.42	  0.00
336	43	18	m	 1	 2	 3	 1	 2	 1	 2	 2	 0	 2	 2	 1	  0.43	  0.00
337	43	18	m	 1	 2	 3	 2	 1	 1	 2	 2	 1	 1	 1	 1	  0.38	  0.00
338	43	18	m	 1	 2	 3	 3	 2	 1	 2	 1	 0	 2	 2	 1	  0.48	  0.00
339	43	18	m	 1	 2	 3	 3	 1	 1	 2	 1	 1	 1	 1	 1	  0.38	  0.00
340	43	18	m	 1	 2	 3	 1	 1	 1	 2	 2	 1	 1	 1	 1	  0.63	  0.00
341	43	18	m	 1	 2	 3	 1	 1	 1	 2	 1	 1	 1	 1	 1	  0.49	  0.00
342	43	18	m	 1	 2	 3	 3	 2	 1	 2	 1	 0	 2	 2	 1	  0.48	  0.00
343	43	18	m	 1	 2	 3	 1	 1	 1	 2	 1	 1	 1	 1	 1	  0.33	  0.00
344	43	18	m	 1	 2	 3	 3	 2	 1	 2	 1	 0	 2	 2	 1	  0.36	  0.00
345	43	18	m	 1	 2	 3	 3	 2	 1	 2	 2	 0	 2	 2	 1	  0.61	  0.00
346	43	18	m	 1	 2	 3	 2	 2	 1	 2	 1	 0	 2	 2	 1	  0.44	  0.00
347	43	18	m	 1	 2	 3	 1	 2	 1	 2	 1	 0	 2	 2	 1	  0.39	  0.00
348	43	18	m	 1	 2	 3	 3	 1	 1	 2	 2	 1	 1	 1	 1	  0.41	  0.00
349	43	18	m	 1	 2	 3	 2	 2	 1	 2	 1	 0	 2	 2	 1	  0.64	  0.00
350	43	18	m	 1	 2	 3	 2	 1	 1	 2	 1	 1	 1	 1	 1	  0.36	  0.00
351	43	18	m	 1	 2	 3	 2	 1	 1	 2	 1	 1	 1	 1	 1	  0.44	  0.00
352	43	18	m	 1	 2	 3	 3	 1	 1	 2	 1	 1	 1	 1	 1	  0.41	  0.00
353	43	18	m	 1	 2	 3	 3	 2	 1	 2	 2	 0	 2	 2	 1	  0.30	  0.00
354	43	18	m	 1	 2	 3	 1	 1	 1	 2	 2	 1	 1	 1	 1	  0.33	  0.00
355	43	18	m	 1	 2	 3	 3	 2	 1	 2	 2	 0	 2	 2	 1	  0.35	  0.00
356	43	18	m	 1	 2	 3	 3	 1	 1	 2	 2	 1	 1	 1	 1	  0.28	  0.00
357	43	18	m	 1	 2	 3	 2	 2	 1	 2	 2	 0	 2	 2	 1	  0.30	  0.00
358	43	18	m	 1	 2	 3	 3	 1	 1	 2	 2	 1	 1	 1	 1	  0.38	  0.00
359	43	18	m	 1	 2	 3	 1	 2	 1	 2	 1	 0	 2	 2	 1	  0.36	  0.00
360	43	18	m	 1	 2	 3	 1	 2	 1	 2	 2	 0	 2	 2	 1	  0.43	  0.00
361	43	18	m	 1	 2	 3	 1	 1	 1	 2	 2	 1	 1	 1	 1	  0.40	  0.00
362	43	18	m	 1	 2	 3	 1	 2	 1	 2	 2	 0	 2	 2	 1	  0.27	  0.00
363	43	18	m	 1	 2	 3	 3	 1	 1	 2	 1	 1	 1	 1	 1	  0.29	  0.00
364	43	18	m	 1	 2	 3	 3	 2	 1	 2	 1	 0	 2	 2	 1	  0.43	  0.00
365	43	18	m	 1	 2	 3	 2	 1	 1	 2	 1	 1	 1	 1	 1	  0.37	  0.00
366	43	18	m	 1	 2	 3	 3	 1	 1	 2	 1	 1	 1	 1	 1	  0.41	  0.00
367	43	18	m	 1	 2	 3	 1	 1	 1	 2	 1	 1	 1	 1	 1	  0.43	  0.00
368	43	18	m	 1	 2	 3	 1	 2	 1	 2	 1	 0	 2	 2	 1	  0.46	  0.00
369	43	18	m	 1	 2	 3	 1	 2	 1	 2	 1	 0	 2	 2	 1	  0.46	  0.00
370	43	18	m	 1	 2	 3	 1	 1	 1	 2	 2	 1	 1	 1	 1	  0.36	  0.00
371	43	18	m	 1	 2	 3	 1	 1	 1	 2	 1	 1	 1	 1	 1	  0.51	  0.00
372	43	18	m	 1	 2	 3	 2	 2	 1	 2	 1	 0	 2	 2	 1	  0.38	  0.00
373	43	18	m	 1	 2	 3	 3	 1	 1	 2	 1	 1	 1	 1	 1	  0.43	  0.00
374	43	18	m	 1	 2	 3	 2	 2	 1	 2	 1	 0	 2	 2	 1	  0.46	  0.00
375	43	18	m	 1	 2	 3	 1	 1	 1	 2	 1	 1	 1	 1	 1	  0.49	  0.00
376	43	18	m	 1	 2	 3	 3	 1	 1	 2	 2	 1	 1	 1	 1	  0.45	  0.00
377	43	18	m	 1	 2	 3	 1	 2	 1	 2	 2	 0	 2	 2	 1	  0.48	  0.00
378	43	18	m	 1	 2	 3	 3	 2	 1	 2	 1	 0	 2	 2	 1	  0.54	  0.00
379	43	18	m	 1	 2	 3	 2	 2	 1	 2	 2	 0	 2	 2	 1	  0.43	  0.00
380	43	18	m	 1	 2	 3	 3	 1	 1	 2	 2	 1	 1	 1	 1	  0.31	  0.00
381	43	18	m	 1	 2	 3	 2	 1	 1	 2	 1	 1	 1	 1	 1	  0.54	  0.00
382	43	18	m	 1	 2	 3	 1	 1	 1	 2	 1	 1	 1	 1	 1	  0.46	  0.00
383	43	18	m	 1	 2	 3	 2	 1	 1	 2	 2	 1	 1	 1	 1	  0.45	  0.00
