00	28	19	v	 1	 1	 0	 0	 1	 2	 1	 0	 1	 1	 1	414.65	  0.06
01	28	19	v	 1	 1	 0	 0	 0	 1	 1	 1	 1	 1	 1	548.85	  0.06
02	28	19	v	 1	 1	 0	 1	 1	 0	 1	 1	 2	 2	 1	398.33	  0.06
03	28	19	v	 1	 1	 0	 0	 1	 0	 1	 0	 1	 1	 1	570.77	  0.06
04	28	19	v	 1	 1	 0	 0	 1	 0	 1	 0	 1	 1	 1	1093.63	  0.06
05	28	19	v	 1	 1	 0	 1	 1	 0	 1	 1	 2	 2	 1	577.05	  0.06
06	28	19	v	 1	 1	 0	 0	 0	 2	 1	 1	 1	 1	 1	1271.75	  0.06
07	28	19	v	 1	 1	 0	 1	 0	 2	 1	 0	 2	 2	 1	592.32	  0.06
08	28	19	v	 1	 1	 0	 1	 0	 1	 1	 0	 2	 2	 1	596.30	  0.06
09	28	19	v	 1	 1	 0	 1	 1	 2	 1	 1	 2	 2	 1	532.78	  0.07
10	28	19	v	 1	 1	 0	 0	 1	 0	 1	 0	 1	 1	 1	592.83	  0.06
11	28	19	v	 1	 1	 0	 1	 0	 1	 1	 0	 2	 2	 1	727.98	  0.06
12	28	19	v	 1	 1	 0	 0	 0	 1	 1	 1	 1	 1	 1	521.26	  0.06
13	28	19	v	 1	 1	 0	 1	 1	 1	 1	 1	 2	 2	 1	437.55	  0.06
14	28	19	v	 1	 1	 0	 0	 0	 2	 1	 1	 1	 1	 1	476.29	  0.06
15	28	19	v	 1	 1	 0	 0	 1	 2	 1	 0	 1	 1	 1	503.38	  0.06
16	28	19	v	 1	 1	 0	 0	 0	 2	 1	 1	 1	 1	 1	555.91	  0.07
17	28	19	v	 1	 1	 0	 0	 1	 2	 1	 0	 1	 1	 1	429.48	  0.06
18	28	19	v	 1	 1	 0	 1	 1	 1	 1	 1	 2	 2	 1	468.15	  0.06
19	28	19	v	 1	 1	 0	 0	 1	 0	 1	 0	 1	 2	 0	470.47	  0.08
20	28	19	v	 1	 1	 0	 1	 1	 1	 1	 1	 2	 1	 0	414.38	  0.06
21	28	19	v	 1	 1	 0	 1	 0	 0	 1	 0	 2	 2	 1	569.70	  0.08
22	28	19	v	 1	 1	 0	 0	 0	 2	 1	 1	 1	 1	 1	437.78	  0.06
23	28	19	v	 1	 1	 0	 1	 0	 1	 1	 0	 2	 2	 1	447.04	  0.06
24	28	19	v	 1	 1	 0	 0	 1	 2	 1	 0	 1	 1	 1	413.86	  0.20
25	28	19	v	 1	 1	 0	 1	 0	 2	 1	 0	 2	 2	 1	473.97	  0.06
26	28	19	v	 1	 1	 0	 1	 0	 0	 1	 0	 2	 2	 1	518.47	  0.06
27	28	19	v	 1	 1	 0	 1	 0	 0	 1	 0	 2	 2	 1	485.05	  0.07
28	28	19	v	 1	 1	 0	 0	 1	 2	 1	 0	 1	 1	 1	505.94	  0.06
29	28	19	v	 1	 1	 0	 0	 0	 1	 1	 1	 1	 1	 1	527.74	  0.06
30	28	19	v	 1	 1	 0	 0	 1	 0	 1	 0	 1	 1	 1	444.14	  0.22
31	28	19	v	 1	 1	 0	 1	 1	 0	 1	 1	 2	 2	 1	678.14	  0.06
32	28	19	v	 1	 1	 0	 1	 1	 2	 1	 1	 2	 2	 1	556.91	  0.06
33	28	19	v	 1	 1	 0	 1	 0	 2	 1	 0	 2	 2	 1	618.48	  0.07
34	28	19	v	 1	 1	 0	 0	 1	 1	 1	 0	 1	 1	 1	737.02	  0.06
35	28	19	v	 1	 1	 0	 0	 0	 1	 1	 1	 1	 1	 1	565.92	  0.06
36	28	19	v	 1	 1	 0	 0	 1	 2	 1	 0	 1	 1	 1	437.19	  0.22
37	28	19	v	 1	 1	 0	 1	 1	 0	 1	 1	 2	 2	 1	988.78	  0.06
38	28	19	v	 1	 1	 0	 1	 1	 2	 1	 1	 2	 2	 1	617.59	  0.06
39	28	19	v	 1	 1	 0	 1	 0	 1	 1	 0	 2	 2	 1	559.03	  0.06
40	28	19	v	 1	 1	 0	 0	 0	 0	 1	 1	 1	 1	 1	1054.05	  0.07
41	28	19	v	 1	 1	 0	 0	 1	 1	 1	 0	 1	 1	 1	589.52	  0.09
42	28	19	v	 1	 1	 0	 1	 0	 2	 1	 0	 2	 2	 1	536.76	  0.06
43	28	19	v	 1	 1	 0	 1	 0	 2	 1	 0	 2	 2	 1	570.19	  0.06
44	28	19	v	 1	 1	 0	 0	 0	 1	 1	 1	 1	 1	 1	462.07	  0.09
45	28	19	v	 1	 1	 0	 1	 1	 0	 1	 1	 2	 2	 1	520.06	  0.06
46	28	19	v	 1	 1	 0	 0	 0	 0	 1	 1	 1	 2	 0	383.06	  0.06
47	28	19	v	 1	 1	 0	 0	 0	 1	 1	 1	 1	 1	 1	429.02	  0.06
48	28	19	v	 1	 1	 0	 0	 1	 1	 1	 0	 1	 1	 1	475.05	  0.06
49	28	19	v	 1	 1	 0	 1	 0	 2	 1	 0	 2	 2	 1	510.77	  0.22
50	28	19	v	 1	 1	 0	 1	 0	 0	 1	 0	 2	 2	 1	580.34	  0.06
51	28	19	v	 1	 1	 0	 1	 0	 1	 1	 0	 2	 2	 1	589.80	  0.07
52	28	19	v	 1	 1	 0	 0	 0	 2	 1	 1	 1	 1	 1	573.46	  0.06
53	28	19	v	 1	 1	 0	 1	 0	 0	 1	 0	 2	 2	 1	711.46	  0.06
54	28	19	v	 1	 1	 0	 0	 0	 0	 1	 1	 1	 1	 1	527.79	  0.06
55	28	19	v	 1	 1	 0	 1	 0	 1	 1	 0	 2	 2	 1	631.54	  0.06
56	28	19	v	 1	 1	 0	 0	 0	 0	 1	 1	 1	 1	 1	661.27	  0.06
57	28	19	v	 1	 1	 0	 1	 1	 2	 1	 1	 2	 2	 1	513.76	  0.06
58	28	19	v	 1	 1	 0	 0	 1	 1	 1	 0	 1	 1	 1	669.67	  0.06
59	28	19	v	 1	 1	 0	 1	 0	 0	 1	 0	 2	 2	 1	499.79	  0.06
60	28	19	v	 1	 1	 0	 0	 1	 0	 1	 0	 1	 1	 1	507.28	  0.06
61	28	19	v	 1	 1	 0	 1	 0	 0	 1	 0	 2	 2	 1	539.72	  0.06
62	28	19	v	 1	 1	 0	 1	 0	 1	 1	 0	 2	 2	 1	520.13	  0.07
63	28	19	v	 1	 1	 0	 1	 1	 1	 1	 1	 2	 2	 1	460.10	  0.06
64	28	19	v	 1	 1	 0	 0	 1	 1	 1	 0	 1	 1	 1	524.63	  0.06
65	28	19	v	 1	 1	 0	 1	 1	 1	 1	 1	 2	 2	 1	440.79	  0.06
66	28	19	v	 1	 1	 0	 0	 1	 0	 1	 0	 1	 1	 1	512.13	  0.06
67	28	19	v	 1	 1	 0	 0	 0	 2	 1	 1	 1	 1	 1	563.37	  0.07
68	28	19	v	 1	 1	 0	 0	 0	 0	 1	 1	 1	 1	 1	472.06	  0.22
69	28	19	v	 1	 1	 0	 1	 1	 0	 1	 1	 2	 2	 1	593.55	  0.07
70	28	19	v	 1	 1	 0	 0	 0	 0	 1	 1	 1	 1	 1	516.67	  0.06
71	28	19	v	 1	 1	 0	 0	 0	 2	 1	 1	 1	 1	 1	553.06	  0.06
72	28	19	v	 1	 1	 0	 0	 1	 1	 1	 0	 1	 1	 1	421.16	  0.06
73	28	19	v	 1	 1	 0	 1	 1	 1	 1	 1	 2	 2	 1	502.45	  0.08
74	28	19	v	 1	 1	 0	 0	 1	 1	 1	 0	 1	 1	 1	449.13	  0.06
75	28	19	v	 1	 1	 0	 1	 1	 0	 1	 1	 2	 2	 1	416.29	  0.06
76	28	19	v	 1	 1	 0	 1	 1	 0	 1	 1	 2	 2	 1	704.57	  0.06
77	28	19	v	 1	 1	 0	 1	 1	 2	 1	 1	 2	 2	 1	579.36	  0.07
78	28	19	v	 1	 1	 0	 1	 1	 2	 1	 1	 2	 2	 1	449.77	  0.06
79	28	19	v	 1	 1	 0	 0	 1	 0	 1	 0	 1	 1	 1	519.71	  0.06
80	28	19	v	 1	 1	 0	 1	 1	 1	 1	 1	 2	 2	 1	540.31	  0.06
81	28	19	v	 1	 1	 0	 1	 1	 1	 1	 1	 2	 2	 1	527.74	  0.06
82	28	19	v	 1	 1	 0	 1	 1	 2	 1	 1	 2	 2	 1	463.47	  0.06
83	28	19	v	 1	 1	 0	 0	 0	 1	 1	 1	 1	 1	 1	520.34	  0.22
84	28	19	v	 1	 1	 0	 0	 1	 1	 1	 0	 1	 1	 1	471.92	  0.06
85	28	19	v	 1	 1	 0	 1	 1	 2	 1	 1	 2	 2	 1	438.59	  0.22
86	28	19	v	 1	 1	 0	 0	 0	 0	 1	 1	 1	 1	 1	448.23	  0.06
87	28	19	v	 1	 1	 0	 1	 0	 0	 1	 0	 2	 2	 1	928.14	  0.06
88	28	19	v	 1	 1	 0	 1	 0	 2	 1	 0	 2	 2	 1	569.16	  0.06
89	28	19	v	 1	 1	 0	 0	 0	 0	 1	 1	 1	 1	 1	544.55	  0.13
90	28	19	v	 1	 1	 0	 1	 0	 2	 1	 0	 2	 2	 1	538.23	  0.06
91	28	19	v	 1	 1	 0	 0	 1	 2	 1	 0	 1	 1	 1	419.83	  0.06
92	28	19	v	 1	 1	 0	 1	 0	 1	 1	 0	 2	 2	 1	617.35	  0.06
93	28	19	v	 1	 1	 0	 0	 1	 2	 1	 0	 1	 1	 1	552.11	  0.06
94	28	19	v	 1	 1	 0	 0	 0	 2	 1	 1	 1	 1	 1	560.58	  0.06
95	28	19	v	 1	 1	 0	 0	 0	 1	 1	 1	 1	 1	 1	944.20	  0.06
96	28	19	v	 1	 1	 1	 0	 0	 1	 2	 1	 1	 1	 1	412.52	  0.06
97	28	19	v	 1	 1	 1	 0	 1	 1	 2	 0	 1	 1	 1	535.94	  0.10
98	28	19	v	 1	 1	 1	 0	 0	 1	 2	 1	 1	 1	 1	389.69	  0.19
99	28	19	v	 1	 1	 1	 1	 0	 1	 2	 0	 2	 2	 1	422.00	  0.06
100	28	19	v	 1	 1	 1	 0	 0	 2	 2	 1	 1	 1	 1	380.06	  0.06
101	28	19	v	 1	 1	 1	 1	 0	 1	 2	 0	 2	 2	 1	391.16	  0.06
102	28	19	v	 1	 1	 1	 0	 1	 1	 2	 0	 1	 1	 1	358.87	  0.06
103	28	19	v	 1	 1	 1	 1	 1	 2	 2	 1	 2	 2	 1	382.27	  0.06
104	28	19	v	 1	 1	 1	 1	 0	 0	 2	 0	 2	 2	 1	421.31	  0.06
105	28	19	v	 1	 1	 1	 1	 1	 1	 2	 1	 2	 2	 1	404.40	  0.06
106	28	19	v	 1	 1	 1	 0	 0	 2	 2	 1	 1	 1	 1	591.30	  0.07
107	28	19	v	 1	 1	 1	 1	 1	 0	 2	 1	 2	 1	 0	424.20	  0.06
108	28	19	v	 1	 1	 1	 0	 1	 2	 2	 0	 1	 1	 1	627.36	  0.06
109	28	19	v	 1	 1	 1	 1	 0	 0	 2	 0	 2	 2	 1	642.66	  0.06
110	28	19	v	 1	 1	 1	 0	 0	 0	 2	 1	 1	 1	 1	500.66	  0.07
111	28	19	v	 1	 1	 1	 0	 0	 0	 2	 1	 1	 1	 1	516.20	  0.06
112	28	19	v	 1	 1	 1	 0	 1	 1	 2	 0	 1	 1	 1	507.83	  0.06
113	28	19	v	 1	 1	 1	 1	 0	 1	 2	 0	 2	 2	 1	450.32	  0.06
114	28	19	v	 1	 1	 1	 1	 1	 0	 2	 1	 2	 2	 1	474.28	  0.09
115	28	19	v	 1	 1	 1	 0	 1	 1	 2	 0	 1	 1	 1	501.52	  0.09
116	28	19	v	 1	 1	 1	 0	 1	 1	 2	 0	 1	 1	 1	428.41	  0.06
117	28	19	v	 1	 1	 1	 1	 0	 1	 2	 0	 2	 2	 1	553.17	  0.06
118	28	19	v	 1	 1	 1	 1	 0	 2	 2	 0	 2	 2	 1	586.64	  0.08
119	28	19	v	 1	 1	 1	 1	 0	 0	 2	 0	 2	 2	 1	534.99	  0.07
120	28	19	v	 1	 1	 1	 1	 0	 2	 2	 0	 2	 2	 1	400.74	  0.06
121	28	19	v	 1	 1	 1	 0	 1	 2	 2	 0	 1	 1	 1	487.22	  0.06
122	28	19	v	 1	 1	 1	 0	 0	 1	 2	 1	 1	 1	 1	439.32	  0.06
123	28	19	v	 1	 1	 1	 1	 1	 1	 2	 1	 2	 2	 1	493.52	  0.06
124	28	19	v	 1	 1	 1	 1	 0	 2	 2	 0	 2	 2	 1	654.54	  0.06
125	28	19	v	 1	 1	 1	 1	 0	 0	 2	 0	 2	 2	 1	429.10	  0.06
126	28	19	v	 1	 1	 1	 0	 0	 2	 2	 1	 1	 1	 1	499.53	  0.06
127	28	19	v	 1	 1	 1	 0	 1	 0	 2	 0	 1	 1	 1	402.77	  0.07
128	28	19	v	 1	 1	 1	 1	 1	 2	 2	 1	 2	 2	 1	442.48	  0.06
129	28	19	v	 1	 1	 1	 0	 1	 2	 2	 0	 1	 1	 1	508.60	  0.06
130	28	19	v	 1	 1	 1	 0	 0	 1	 2	 1	 1	 1	 1	479.20	  0.06
131	28	19	v	 1	 1	 1	 1	 0	 1	 2	 0	 2	 2	 1	469.20	  0.06
132	28	19	v	 1	 1	 1	 0	 0	 2	 2	 1	 1	 1	 1	1041.11	  0.06
133	28	19	v	 1	 1	 1	 0	 1	 0	 2	 0	 1	 1	 1	543.24	  0.06
134	28	19	v	 1	 1	 1	 1	 1	 2	 2	 1	 2	 2	 1	441.91	  0.21
135	28	19	v	 1	 1	 1	 1	 0	 0	 2	 0	 2	 2	 1	487.00	  0.22
136	28	19	v	 1	 1	 1	 0	 1	 2	 2	 0	 1	 1	 1	446.77	  0.22
137	28	19	v	 1	 1	 1	 0	 1	 2	 2	 0	 1	 1	 1	471.99	  0.07
138	28	19	v	 1	 1	 1	 1	 0	 0	 2	 0	 2	 2	 1	506.15	  0.06
139	28	19	v	 1	 1	 1	 1	 0	 1	 2	 0	 2	 2	 1	460.58	  0.07
140	28	19	v	 1	 1	 1	 0	 1	 0	 2	 0	 1	 2	 0	370.03	  0.06
141	28	19	v	 1	 1	 1	 0	 0	 0	 2	 1	 1	 1	 1	520.79	  0.22
142	28	19	v	 1	 1	 1	 1	 1	 2	 2	 1	 2	 2	 1	550.72	  0.06
143	28	19	v	 1	 1	 1	 0	 0	 2	 2	 1	 1	 1	 1	451.85	  0.06
144	28	19	v	 1	 1	 1	 1	 1	 2	 2	 1	 2	 2	 1	469.07	  0.07
145	28	19	v	 1	 1	 1	 1	 1	 1	 2	 1	 2	 1	 0	394.56	  0.06
146	28	19	v	 1	 1	 1	 0	 0	 0	 2	 1	 1	 1	 1	705.93	  0.06
147	28	19	v	 1	 1	 1	 1	 0	 0	 2	 0	 2	 2	 1	460.01	  0.06
148	28	19	v	 1	 1	 1	 0	 0	 1	 2	 1	 1	 1	 1	411.14	  0.10
149	28	19	v	 1	 1	 1	 1	 0	 2	 2	 0	 2	 2	 1	410.55	  0.06
150	28	19	v	 1	 1	 1	 0	 1	 0	 2	 0	 1	 1	 1	393.57	  0.06
151	28	19	v	 1	 1	 1	 0	 1	 1	 2	 0	 1	 1	 1	560.92	  0.06
152	28	19	v	 1	 1	 1	 0	 0	 1	 2	 1	 1	 1	 1	434.14	  0.12
153	28	19	v	 1	 1	 1	 1	 1	 0	 2	 1	 2	 2	 1	603.68	  0.06
154	28	19	v	 1	 1	 1	 0	 0	 2	 2	 1	 1	 1	 1	447.23	  0.20
155	28	19	v	 1	 1	 1	 0	 0	 1	 2	 1	 1	 1	 1	381.13	  0.06
156	28	19	v	 1	 1	 1	 1	 1	 0	 2	 1	 2	 2	 1	637.46	  0.08
157	28	19	v	 1	 1	 1	 0	 1	 0	 2	 0	 1	 1	 1	495.32	  0.06
158	28	19	v	 1	 1	 1	 1	 1	 2	 2	 1	 2	 2	 1	597.95	  0.06
159	28	19	v	 1	 1	 1	 0	 1	 0	 2	 0	 1	 1	 1	479.82	  0.06
160	28	19	v	 1	 1	 1	 1	 1	 2	 2	 1	 2	 2	 1	502.19	  0.06
161	28	19	v	 1	 1	 1	 0	 1	 2	 2	 0	 1	 1	 1	474.02	  0.08
162	28	19	v	 1	 1	 1	 0	 1	 2	 2	 0	 1	 1	 1	594.20	  0.06
163	28	19	v	 1	 1	 1	 1	 1	 0	 2	 1	 2	 2	 1	455.49	  0.06
164	28	19	v	 1	 1	 1	 1	 1	 0	 2	 1	 2	 2	 1	508.30	  0.07
165	28	19	v	 1	 1	 1	 0	 1	 0	 2	 0	 1	 2	 0	573.88	  0.06
166	28	19	v	 1	 1	 1	 1	 1	 1	 2	 1	 2	 2	 1	555.32	  0.07
167	28	19	v	 1	 1	 1	 1	 0	 1	 2	 0	 2	 2	 1	546.40	  0.06
168	28	19	v	 1	 1	 1	 1	 1	 0	 2	 1	 2	 2	 1	470.22	  0.06
169	28	19	v	 1	 1	 1	 0	 0	 1	 2	 1	 1	 1	 1	1484.87	  0.06
170	28	19	v	 1	 1	 1	 0	 0	 0	 2	 1	 1	 1	 1	439.31	  0.08
171	28	19	v	 1	 1	 1	 0	 0	 2	 2	 1	 1	 1	 1	398.37	  0.07
172	28	19	v	 1	 1	 1	 1	 0	 2	 2	 0	 2	 2	 1	535.01	  0.06
173	28	19	v	 1	 1	 1	 1	 0	 2	 2	 0	 2	 2	 1	438.06	  0.06
174	28	19	v	 1	 1	 1	 1	 1	 1	 2	 1	 2	 2	 1	492.30	  0.06
175	28	19	v	 1	 1	 1	 1	 0	 2	 2	 0	 2	 2	 1	525.99	  0.06
176	28	19	v	 1	 1	 1	 0	 0	 0	 2	 1	 1	 1	 1	516.49	  0.07
177	28	19	v	 1	 1	 1	 0	 1	 2	 2	 0	 1	 1	 1	585.98	  0.06
178	28	19	v	 1	 1	 1	 0	 0	 0	 2	 1	 1	 1	 1	475.77	  0.06
179	28	19	v	 1	 1	 1	 1	 1	 1	 2	 1	 2	 2	 1	498.33	  0.10
180	28	19	v	 1	 1	 1	 0	 1	 1	 2	 0	 1	 1	 1	355.20	  0.06
181	28	19	v	 1	 1	 1	 0	 1	 1	 2	 0	 1	 2	 0	363.93	  0.06
182	28	19	v	 1	 1	 1	 1	 1	 1	 2	 1	 2	 2	 1	524.98	  0.06
183	28	19	v	 1	 1	 1	 1	 0	 0	 2	 0	 2	 2	 1	522.51	  0.06
184	28	19	v	 1	 1	 1	 0	 0	 0	 2	 1	 1	 1	 1	701.99	  0.06
185	28	19	v	 1	 1	 1	 1	 1	 1	 2	 1	 2	 2	 1	571.49	  0.07
186	28	19	v	 1	 1	 1	 1	 1	 0	 2	 1	 2	 2	 1	558.38	  0.06
187	28	19	v	 1	 1	 1	 1	 0	 2	 2	 0	 2	 2	 1	546.13	  0.06
188	28	19	v	 1	 1	 1	 1	 1	 2	 2	 1	 2	 2	 1	474.51	  0.07
189	28	19	v	 1	 1	 1	 0	 1	 0	 2	 0	 1	 1	 1	509.83	  0.07
190	28	19	v	 1	 1	 1	 1	 0	 1	 2	 0	 2	 2	 1	451.45	  0.06
191	28	19	v	 1	 1	 1	 0	 0	 2	 2	 1	 1	 1	 1	492.11	  0.06
192	28	19	v	 1	 1	 2	 1	 1	 2	 1	 1	 2	 2	 1	556.90	  0.06
193	28	19	v	 1	 1	 2	 0	 1	 2	 1	 0	 1	 1	 1	430.45	  0.06
194	28	19	v	 1	 1	 2	 0	 1	 1	 1	 0	 1	 1	 1	500.68	  0.06
195	28	19	v	 1	 1	 2	 1	 1	 0	 1	 1	 2	 2	 1	472.34	  0.06
196	28	19	v	 1	 1	 2	 1	 0	 1	 1	 0	 2	 2	 1	445.84	  0.06
197	28	19	v	 1	 1	 2	 1	 1	 0	 1	 1	 2	 2	 1	508.17	  0.06
198	28	19	v	 1	 1	 2	 1	 1	 1	 1	 1	 2	 2	 1	454.05	  0.06
199	28	19	v	 1	 1	 2	 0	 0	 2	 1	 1	 1	 1	 1	523.14	  0.06
200	28	19	v	 1	 1	 2	 1	 0	 1	 1	 0	 2	 2	 1	419.51	  0.06
201	28	19	v	 1	 1	 2	 1	 0	 2	 1	 0	 2	 2	 1	443.46	  0.06
202	28	19	v	 1	 1	 2	 0	 0	 1	 1	 1	 1	 1	 1	619.42	  0.08
203	28	19	v	 1	 1	 2	 0	 0	 2	 1	 1	 1	 1	 1	466.94	  0.06
204	28	19	v	 1	 1	 2	 0	 1	 1	 1	 0	 1	 1	 1	489.64	  0.06
205	28	19	v	 1	 1	 2	 0	 0	 2	 1	 1	 1	 1	 1	417.87	  0.06
206	28	19	v	 1	 1	 2	 1	 0	 2	 1	 0	 2	 2	 1	457.84	  0.06
207	28	19	v	 1	 1	 2	 0	 1	 2	 1	 0	 1	 1	 1	392.83	  0.06
208	28	19	v	 1	 1	 2	 1	 0	 1	 1	 0	 2	 2	 1	377.61	  0.06
209	28	19	v	 1	 1	 2	 0	 1	 0	 1	 0	 1	 1	 1	378.34	  0.06
210	28	19	v	 1	 1	 2	 1	 1	 0	 1	 1	 2	 2	 1	1047.05	  0.09
211	28	19	v	 1	 1	 2	 1	 0	 2	 1	 0	 2	 2	 1	1540.35	  0.07
212	28	19	v	 1	 1	 2	 0	 1	 1	 1	 0	 1	 1	 1	700.63	  0.06
213	28	19	v	 1	 1	 2	 0	 0	 2	 1	 1	 1	 1	 1	529.19	  0.06
214	28	19	v	 1	 1	 2	 1	 0	 0	 1	 0	 2	 2	 1	669.81	  0.06
215	28	19	v	 1	 1	 2	 0	 0	 0	 1	 1	 1	 1	 1	669.15	  0.06
216	28	19	v	 1	 1	 2	 0	 0	 2	 1	 1	 1	 1	 1	578.68	  0.06
217	28	19	v	 1	 1	 2	 1	 1	 2	 1	 1	 2	 2	 1	539.05	  0.06
218	28	19	v	 1	 1	 2	 0	 0	 0	 1	 1	 1	 1	 1	556.35	  0.07
219	28	19	v	 1	 1	 2	 0	 0	 1	 1	 1	 1	 1	 1	700.03	  0.06
220	28	19	v	 1	 1	 2	 1	 0	 0	 1	 0	 2	 2	 1	504.62	  0.06
221	28	19	v	 1	 1	 2	 1	 1	 1	 1	 1	 2	 2	 1	501.41	  0.06
222	28	19	v	 1	 1	 2	 0	 0	 2	 1	 1	 1	 1	 1	467.68	  0.06
223	28	19	v	 1	 1	 2	 1	 1	 2	 1	 1	 2	 2	 1	470.63	  0.09
224	28	19	v	 1	 1	 2	 0	 0	 0	 1	 1	 1	 1	 1	617.07	  0.10
225	28	19	v	 1	 1	 2	 0	 0	 0	 1	 1	 1	 1	 1	472.85	  0.06
226	28	19	v	 1	 1	 2	 1	 1	 1	 1	 1	 2	 2	 1	520.03	  0.06
227	28	19	v	 1	 1	 2	 1	 0	 2	 1	 0	 2	 1	 0	342.18	  0.06
228	28	19	v	 1	 1	 2	 1	 0	 2	 1	 0	 2	 2	 1	581.57	  0.23
229	28	19	v	 1	 1	 2	 0	 1	 0	 1	 0	 1	 1	 1	488.94	  0.06
230	28	19	v	 1	 1	 2	 1	 1	 0	 1	 1	 2	 2	 1	456.62	  0.06
231	28	19	v	 1	 1	 2	 1	 1	 1	 1	 1	 2	 2	 1	443.67	  0.06
232	28	19	v	 1	 1	 2	 0	 1	 2	 1	 0	 1	 2	 0	457.02	  0.06
233	28	19	v	 1	 1	 2	 1	 0	 0	 1	 0	 2	 2	 1	702.75	  0.06
234	28	19	v	 1	 1	 2	 0	 0	 0	 1	 1	 1	 1	 1	547.05	  0.06
235	28	19	v	 1	 1	 2	 0	 1	 0	 1	 0	 1	 1	 1	609.51	  0.09
236	28	19	v	 1	 1	 2	 1	 0	 1	 1	 0	 2	 2	 1	556.84	  0.08
237	28	19	v	 1	 1	 2	 0	 0	 2	 1	 1	 1	 1	 1	520.15	  0.09
238	28	19	v	 1	 1	 2	 0	 1	 2	 1	 0	 1	 1	 1	574.86	  0.06
239	28	19	v	 1	 1	 2	 1	 1	 0	 1	 1	 2	 2	 1	372.66	  0.06
240	28	19	v	 1	 1	 2	 0	 0	 1	 1	 1	 1	 1	 1	314.23	  0.06
241	28	19	v	 1	 1	 2	 0	 0	 0	 1	 1	 1	 1	 1	567.88	  0.08
242	28	19	v	 1	 1	 2	 0	 1	 2	 1	 0	 1	 1	 1	652.64	  0.06
243	28	19	v	 1	 1	 2	 0	 0	 1	 1	 1	 1	 1	 1	432.69	  0.06
244	28	19	v	 1	 1	 2	 1	 1	 1	 1	 1	 2	 2	 1	651.36	  0.06
245	28	19	v	 1	 1	 2	 0	 1	 2	 1	 0	 1	 1	 1	857.07	  0.06
246	28	19	v	 1	 1	 2	 1	 1	 2	 1	 1	 2	 1	 0	1056.77	  0.06
247	28	19	v	 1	 1	 2	 0	 1	 1	 1	 0	 1	 1	 1	696.28	  0.06
248	28	19	v	 1	 1	 2	 0	 1	 0	 1	 0	 1	 1	 1	562.15	  0.07
249	28	19	v	 1	 1	 2	 1	 0	 0	 1	 0	 2	 2	 1	551.88	  0.06
250	28	19	v	 1	 1	 2	 0	 0	 1	 1	 1	 1	 1	 1	511.06	  0.10
251	28	19	v	 1	 1	 2	 0	 1	 1	 1	 0	 1	 1	 1	424.50	  0.06
252	28	19	v	 1	 1	 2	 1	 0	 2	 1	 0	 2	 2	 1	423.60	  0.06
253	28	19	v	 1	 1	 2	 1	 0	 1	 1	 0	 2	 2	 1	397.37	  0.06
254	28	19	v	 1	 1	 2	 1	 0	 0	 1	 0	 2	 2	 1	343.71	  0.06
255	28	19	v	 1	 1	 2	 1	 1	 0	 1	 1	 2	 2	 1	455.78	  0.06
256	28	19	v	 1	 1	 2	 0	 1	 2	 1	 0	 1	 1	 1	446.87	  0.06
257	28	19	v	 1	 1	 2	 1	 0	 2	 1	 0	 2	 2	 1	446.75	  0.06
258	28	19	v	 1	 1	 2	 1	 1	 1	 1	 1	 2	 2	 1	581.48	  0.06
259	28	19	v	 1	 1	 2	 0	 1	 1	 1	 0	 1	 1	 1	1002.47	  0.06
260	28	19	v	 1	 1	 2	 0	 1	 0	 1	 0	 1	 1	 1	474.31	  0.06
261	28	19	v	 1	 1	 2	 1	 0	 1	 1	 0	 2	 1	 0	377.70	  0.06
262	28	19	v	 1	 1	 2	 1	 1	 1	 1	 1	 2	 2	 1	501.46	  0.20
263	28	19	v	 1	 1	 2	 1	 0	 0	 1	 0	 2	 2	 1	400.35	  0.07
264	28	19	v	 1	 1	 2	 1	 1	 2	 1	 1	 2	 2	 1	399.81	  0.06
265	28	19	v	 1	 1	 2	 0	 1	 0	 1	 0	 1	 1	 1	494.14	  0.07
266	28	19	v	 1	 1	 2	 1	 1	 1	 1	 1	 2	 2	 1	559.70	  0.06
267	28	19	v	 1	 1	 2	 0	 1	 2	 1	 0	 1	 1	 1	462.13	  0.06
268	28	19	v	 1	 1	 2	 0	 0	 1	 1	 1	 1	 1	 1	519.01	  0.06
269	28	19	v	 1	 1	 2	 1	 0	 0	 1	 0	 2	 2	 1	677.36	  0.06
270	28	19	v	 1	 1	 2	 0	 0	 1	 1	 1	 1	 1	 1	520.02	  0.07
271	28	19	v	 1	 1	 2	 0	 0	 2	 1	 1	 1	 1	 1	559.47	  0.20
272	28	19	v	 1	 1	 2	 1	 0	 2	 1	 0	 2	 2	 1	707.75	  0.08
273	28	19	v	 1	 1	 2	 0	 1	 1	 1	 0	 1	 1	 1	505.64	  0.06
274	28	19	v	 1	 1	 2	 1	 1	 2	 1	 1	 2	 2	 1	1194.91	  0.07
275	28	19	v	 1	 1	 2	 1	 1	 2	 1	 1	 2	 2	 1	515.71	  0.06
276	28	19	v	 1	 1	 2	 0	 0	 1	 1	 1	 1	 1	 1	522.76	  0.06
277	28	19	v	 1	 1	 2	 1	 0	 0	 1	 0	 2	 2	 1	507.83	  0.06
278	28	19	v	 1	 1	 2	 0	 1	 0	 1	 0	 1	 1	 1	383.62	  0.10
279	28	19	v	 1	 1	 2	 0	 1	 0	 1	 0	 1	 1	 1	488.87	  0.06
280	28	19	v	 1	 1	 2	 0	 1	 1	 1	 0	 1	 1	 1	461.20	  0.10
281	28	19	v	 1	 1	 2	 0	 0	 0	 1	 1	 1	 1	 1	550.65	  0.06
282	28	19	v	 1	 1	 2	 1	 1	 0	 1	 1	 2	 2	 1	525.96	  0.08
283	28	19	v	 1	 1	 2	 1	 1	 2	 1	 1	 2	 2	 1	409.12	  0.06
284	28	19	v	 1	 1	 2	 1	 0	 1	 1	 0	 2	 2	 1	461.03	  0.08
285	28	19	v	 1	 1	 2	 1	 0	 1	 1	 0	 2	 2	 1	386.79	  0.06
286	28	19	v	 1	 1	 2	 0	 0	 0	 1	 1	 1	 1	 1	570.78	  0.06
287	28	19	v	 1	 1	 2	 1	 1	 0	 1	 1	 2	 2	 1	501.18	  0.08
288	28	19	v	 1	 1	 3	 1	 1	 1	 2	 1	 2	 2	 1	636.13	  0.06
289	28	19	v	 1	 1	 3	 1	 0	 2	 2	 0	 2	 2	 1	531.03	  0.06
290	28	19	v	 1	 1	 3	 0	 0	 2	 2	 1	 1	 1	 1	578.03	  0.21
291	28	19	v	 1	 1	 3	 1	 1	 1	 2	 1	 2	 2	 1	588.57	  0.06
292	28	19	v	 1	 1	 3	 0	 1	 2	 2	 0	 1	 1	 1	438.06	  0.06
293	28	19	v	 1	 1	 3	 1	 0	 0	 2	 0	 2	 2	 1	508.51	  0.07
294	28	19	v	 1	 1	 3	 0	 1	 1	 2	 0	 1	 1	 1	621.61	  0.06
295	28	19	v	 1	 1	 3	 0	 0	 1	 2	 1	 1	 1	 1	478.24	  0.06
296	28	19	v	 1	 1	 3	 0	 0	 1	 2	 1	 1	 1	 1	415.87	  0.06
297	28	19	v	 1	 1	 3	 0	 0	 2	 2	 1	 1	 1	 1	302.59	  0.06
298	28	19	v	 1	 1	 3	 1	 1	 2	 2	 1	 2	 2	 1	908.33	  0.06
299	28	19	v	 1	 1	 3	 1	 1	 1	 2	 1	 2	 2	 1	523.43	  0.06
300	28	19	v	 1	 1	 3	 0	 1	 2	 2	 0	 1	 2	 0	447.17	  0.06
301	28	19	v	 1	 1	 3	 1	 1	 2	 2	 1	 2	 2	 1	450.92	  0.07
302	28	19	v	 1	 1	 3	 0	 0	 0	 2	 1	 1	 1	 1	427.30	  0.06
303	28	19	v	 1	 1	 3	 1	 0	 2	 2	 0	 2	 2	 1	442.01	  0.06
304	28	19	v	 1	 1	 3	 0	 0	 1	 2	 1	 1	 1	 1	635.36	  0.06
305	28	19	v	 1	 1	 3	 1	 0	 2	 2	 0	 2	 2	 1	518.25	  0.06
306	28	19	v	 1	 1	 3	 1	 1	 0	 2	 1	 2	 2	 1	595.92	  0.06
307	28	19	v	 1	 1	 3	 0	 0	 0	 2	 1	 1	 1	 1	801.25	  0.06
308	28	19	v	 1	 1	 3	 1	 0	 0	 2	 0	 2	 2	 1	477.74	  0.06
309	28	19	v	 1	 1	 3	 0	 1	 2	 2	 0	 1	 1	 1	610.69	  0.06
310	28	19	v	 1	 1	 3	 0	 0	 1	 2	 1	 1	 1	 1	577.90	  0.22
311	28	19	v	 1	 1	 3	 0	 1	 0	 2	 0	 1	 1	 1	564.56	  0.06
312	28	19	v	 1	 1	 3	 0	 1	 1	 2	 0	 1	 1	 1	481.84	  0.06
313	28	19	v	 1	 1	 3	 1	 1	 2	 2	 1	 2	 2	 1	527.61	  0.06
314	28	19	v	 1	 1	 3	 0	 1	 0	 2	 0	 1	 1	 1	636.81	  0.06
315	28	19	v	 1	 1	 3	 0	 1	 1	 2	 0	 1	 1	 1	520.11	  0.06
316	28	19	v	 1	 1	 3	 1	 1	 1	 2	 1	 2	 2	 1	511.37	  0.06
317	28	19	v	 1	 1	 3	 1	 0	 0	 2	 0	 2	 2	 1	460.50	  0.06
318	28	19	v	 1	 1	 3	 0	 1	 1	 2	 0	 1	 1	 1	525.44	  0.06
319	28	19	v	 1	 1	 3	 0	 1	 0	 2	 0	 1	 1	 1	434.69	  0.06
320	28	19	v	 1	 1	 3	 1	 0	 0	 2	 0	 2	 2	 1	602.88	  0.06
321	28	19	v	 1	 1	 3	 1	 0	 2	 2	 0	 2	 2	 1	516.53	  0.06
322	28	19	v	 1	 1	 3	 0	 1	 2	 2	 0	 1	 1	 1	442.23	  0.06
323	28	19	v	 1	 1	 3	 1	 0	 0	 2	 0	 2	 2	 1	517.66	  0.06
324	28	19	v	 1	 1	 3	 1	 0	 1	 2	 0	 2	 2	 1	442.94	  0.06
325	28	19	v	 1	 1	 3	 1	 1	 2	 2	 1	 2	 2	 1	520.76	  0.06
326	28	19	v	 1	 1	 3	 1	 0	 1	 2	 0	 2	 2	 1	425.27	  0.22
327	28	19	v	 1	 1	 3	 0	 0	 0	 2	 1	 1	 1	 1	506.30	  0.20
328	28	19	v	 1	 1	 3	 1	 1	 0	 2	 1	 2	 2	 1	448.67	  0.06
329	28	19	v	 1	 1	 3	 1	 1	 2	 2	 1	 2	 2	 1	407.73	  0.06
330	28	19	v	 1	 1	 3	 1	 0	 0	 2	 0	 2	 2	 1	809.07	  0.07
331	28	19	v	 1	 1	 3	 0	 0	 2	 2	 1	 1	 1	 1	440.91	  0.06
332	28	19	v	 1	 1	 3	 0	 1	 0	 2	 0	 1	 1	 1	428.72	  0.08
333	28	19	v	 1	 1	 3	 0	 0	 0	 2	 1	 1	 1	 1	536.15	  0.06
334	28	19	v	 1	 1	 3	 1	 1	 0	 2	 1	 2	 2	 1	565.81	  0.06
335	28	19	v	 1	 1	 3	 0	 1	 2	 2	 0	 1	 1	 1	352.98	  0.06
336	28	19	v	 1	 1	 3	 0	 0	 1	 2	 1	 1	 1	 1	442.76	  0.10
337	28	19	v	 1	 1	 3	 1	 1	 0	 2	 1	 2	 2	 1	479.77	  0.06
338	28	19	v	 1	 1	 3	 0	 0	 0	 2	 1	 1	 1	 1	461.02	  0.06
339	28	19	v	 1	 1	 3	 0	 1	 0	 2	 0	 1	 1	 1	427.97	  0.07
340	28	19	v	 1	 1	 3	 0	 0	 2	 2	 1	 1	 1	 1	364.67	  0.20
341	28	19	v	 1	 1	 3	 0	 0	 1	 2	 1	 1	 1	 1	370.45	  0.21
342	28	19	v	 1	 1	 3	 1	 0	 1	 2	 0	 2	 1	 0	373.92	  0.06
343	28	19	v	 1	 1	 3	 1	 1	 1	 2	 1	 2	 2	 1	462.15	  0.06
344	28	19	v	 1	 1	 3	 1	 1	 1	 2	 1	 2	 2	 1	421.10	  0.10
345	28	19	v	 1	 1	 3	 1	 1	 0	 2	 1	 2	 2	 1	369.48	  0.07
346	28	19	v	 1	 1	 3	 0	 1	 0	 2	 0	 1	 1	 1	508.27	  0.08
347	28	19	v	 1	 1	 3	 1	 0	 0	 2	 0	 2	 2	 1	670.88	  0.06
348	28	19	v	 1	 1	 3	 0	 1	 2	 2	 0	 1	 1	 1	419.74	  0.06
349	28	19	v	 1	 1	 3	 0	 0	 0	 2	 1	 1	 1	 1	356.31	  0.06
350	28	19	v	 1	 1	 3	 1	 0	 2	 2	 0	 2	 2	 1	515.97	  0.06
351	28	19	v	 1	 1	 3	 0	 1	 1	 2	 0	 1	 1	 1	651.49	  0.06
352	28	19	v	 1	 1	 3	 1	 0	 1	 2	 0	 2	 2	 1	549.10	  0.06
353	28	19	v	 1	 1	 3	 0	 1	 1	 2	 0	 1	 1	 1	671.40	  0.06
354	28	19	v	 1	 1	 3	 0	 0	 2	 2	 1	 1	 1	 1	743.28	  0.06
355	28	19	v	 1	 1	 3	 0	 0	 0	 2	 1	 1	 1	 1	459.00	  0.06
356	28	19	v	 1	 1	 3	 0	 0	 0	 2	 1	 1	 1	 1	609.89	  0.21
357	28	19	v	 1	 1	 3	 1	 1	 1	 2	 1	 2	 2	 1	564.61	  0.20
358	28	19	v	 1	 1	 3	 1	 1	 2	 2	 1	 2	 2	 1	650.83	  0.06
359	28	19	v	 1	 1	 3	 1	 0	 2	 2	 0	 2	 2	 1	778.78	  0.06
360	28	19	v	 1	 1	 3	 0	 0	 1	 2	 1	 1	 1	 1	637.13	  0.06
361	28	19	v	 1	 1	 3	 0	 1	 0	 2	 0	 1	 1	 1	564.82	  0.09
362	28	19	v	 1	 1	 3	 1	 0	 1	 2	 0	 2	 2	 1	487.15	  0.06
363	28	19	v	 1	 1	 3	 1	 1	 1	 2	 1	 2	 2	 1	488.28	  0.06
364	28	19	v	 1	 1	 3	 1	 1	 0	 2	 1	 2	 2	 1	481.24	  0.06
365	28	19	v	 1	 1	 3	 1	 0	 1	 2	 0	 2	 2	 1	514.85	  0.12
366	28	19	v	 1	 1	 3	 0	 0	 1	 2	 1	 1	 1	 1	497.64	  0.07
367	28	19	v	 1	 1	 3	 1	 0	 2	 2	 0	 2	 2	 1	482.58	  0.06
368	28	19	v	 1	 1	 3	 1	 1	 2	 2	 1	 2	 2	 1	528.35	  0.06
369	28	19	v	 1	 1	 3	 0	 1	 1	 2	 0	 1	 1	 1	599.31	  0.06
370	28	19	v	 1	 1	 3	 0	 0	 2	 2	 1	 1	 1	 1	457.74	  0.07
371	28	19	v	 1	 1	 3	 0	 1	 2	 2	 0	 1	 1	 1	399.61	  0.06
372	28	19	v	 1	 1	 3	 1	 1	 0	 2	 1	 2	 1	 0	452.76	  0.06
373	28	19	v	 1	 1	 3	 1	 1	 0	 2	 1	 2	 2	 1	636.90	  0.20
374	28	19	v	 1	 1	 3	 1	 0	 1	 2	 0	 2	 2	 1	427.19	  0.06
375	28	19	v	 1	 1	 3	 0	 0	 2	 2	 1	 1	 1	 1	518.84	  0.08
376	28	19	v	 1	 1	 3	 0	 0	 2	 2	 1	 1	 1	 1	463.98	  0.06
377	28	19	v	 1	 1	 3	 0	 1	 2	 2	 0	 1	 1	 1	471.36	  0.06
378	28	19	v	 1	 1	 3	 1	 0	 0	 2	 0	 2	 2	 1	904.32	  0.07
379	28	19	v	 1	 1	 3	 1	 1	 2	 2	 1	 2	 2	 1	523.11	  0.06
380	28	19	v	 1	 1	 3	 1	 0	 2	 2	 0	 2	 2	 1	455.96	  0.06
381	28	19	v	 1	 1	 3	 0	 1	 1	 2	 0	 1	 1	 1	622.41	  0.07
382	28	19	v	 1	 1	 3	 1	 0	 1	 2	 0	 2	 2	 1	965.21	  0.07
383	28	19	v	 1	 1	 3	 0	 1	 0	 2	 0	 1	 1	 1	350.39	  0.06
