00	30	18	v	 1	 1	 0	 0	 0	 1	 1	 1	 1	 1	 1	462.19	  0.06
01	30	18	v	 1	 1	 0	 0	 0	 1	 1	 1	 1	 1	 1	650.00	  0.06
02	30	18	v	 1	 1	 0	 0	 1	 1	 1	 0	 1	 1	 1	533.19	  0.07
03	30	18	v	 1	 1	 0	 1	 0	 1	 1	 0	 2	 2	 1	535.24	  0.06
04	30	18	v	 1	 1	 0	 0	 0	 0	 1	 1	 1	 1	 1	629.73	  0.06
05	30	18	v	 1	 1	 0	 1	 1	 2	 1	 1	 2	 2	 1	424.05	  0.06
06	30	18	v	 1	 1	 0	 0	 1	 0	 1	 0	 1	 1	 1	394.10	  0.06
07	30	18	v	 1	 1	 0	 0	 0	 0	 1	 1	 1	 1	 1	574.80	  0.06
08	30	18	v	 1	 1	 0	 0	 0	 1	 1	 1	 1	 1	 1	777.31	  0.06
09	30	18	v	 1	 1	 0	 0	 0	 1	 1	 1	 1	 1	 1	620.72	  0.06
10	30	18	v	 1	 1	 0	 1	 0	 0	 1	 0	 2	 2	 1	509.26	  0.06
11	30	18	v	 1	 1	 0	 1	 0	 0	 1	 0	 2	 2	 1	520.71	  0.06
12	30	18	v	 1	 1	 0	 1	 0	 2	 1	 0	 2	 2	 1	555.82	  0.06
13	30	18	v	 1	 1	 0	 0	 0	 1	 1	 1	 1	 1	 1	769.25	  0.06
14	30	18	v	 1	 1	 0	 1	 0	 0	 1	 0	 2	 2	 1	694.94	  0.06
15	30	18	v	 1	 1	 0	 0	 0	 2	 1	 1	 1	 1	 1	1228.63	  0.08
16	30	18	v	 1	 1	 0	 1	 1	 2	 1	 1	 2	 2	 1	596.73	  0.09
17	30	18	v	 1	 1	 0	 0	 0	 0	 1	 1	 1	 1	 1	545.08	  0.06
18	30	18	v	 1	 1	 0	 0	 1	 0	 1	 0	 1	 1	 1	587.99	  0.12
19	30	18	v	 1	 1	 0	 1	 0	 0	 1	 0	 2	 2	 1	851.33	  0.09
20	30	18	v	 1	 1	 0	 1	 0	 1	 1	 0	 2	 2	 1	539.98	  0.06
21	30	18	v	 1	 1	 0	 1	 0	 1	 1	 0	 2	 2	 1	456.31	  0.06
22	30	18	v	 1	 1	 0	 0	 1	 1	 1	 0	 1	 1	 1	447.45	  0.06
23	30	18	v	 1	 1	 0	 0	 0	 0	 1	 1	 1	 1	 1	660.33	  0.06
24	30	18	v	 1	 1	 0	 1	 1	 0	 1	 1	 2	 2	 1	385.75	  0.06
25	30	18	v	 1	 1	 0	 1	 1	 2	 1	 1	 2	 2	 1	399.76	  0.10
26	30	18	v	 1	 1	 0	 1	 0	 1	 1	 0	 2	 2	 1	536.42	  0.06
27	30	18	v	 1	 1	 0	 0	 0	 0	 1	 1	 1	 1	 1	652.32	  0.09
28	30	18	v	 1	 1	 0	 1	 1	 0	 1	 1	 2	 0	 0	2000.21	  0.00
29	30	18	v	 1	 1	 0	 1	 1	 1	 1	 1	 2	 2	 1	509.20	  0.06
30	30	18	v	 1	 1	 0	 1	 1	 0	 1	 1	 2	 2	 1	488.72	  0.21
31	30	18	v	 1	 1	 0	 0	 0	 1	 1	 1	 1	 1	 1	951.54	  0.08
32	30	18	v	 1	 1	 0	 0	 1	 0	 1	 0	 1	 2	 0	489.14	  0.06
33	30	18	v	 1	 1	 0	 0	 1	 2	 1	 0	 1	 1	 1	589.38	  0.06
34	30	18	v	 1	 1	 0	 0	 1	 0	 1	 0	 1	 1	 1	644.68	  0.06
35	30	18	v	 1	 1	 0	 1	 0	 2	 1	 0	 2	 2	 1	522.65	  0.06
36	30	18	v	 1	 1	 0	 1	 0	 0	 1	 0	 2	 1	 0	374.00	  0.06
37	30	18	v	 1	 1	 0	 1	 1	 2	 1	 1	 2	 2	 1	913.03	  0.06
38	30	18	v	 1	 1	 0	 0	 1	 2	 1	 0	 1	 1	 1	514.44	  0.06
39	30	18	v	 1	 1	 0	 0	 1	 0	 1	 0	 1	 1	 1	490.09	  0.21
40	30	18	v	 1	 1	 0	 0	 1	 2	 1	 0	 1	 1	 1	584.94	  0.06
41	30	18	v	 1	 1	 0	 0	 0	 2	 1	 1	 1	 1	 1	480.66	  0.06
42	30	18	v	 1	 1	 0	 1	 1	 2	 1	 1	 2	 2	 1	540.04	  0.06
43	30	18	v	 1	 1	 0	 1	 0	 2	 1	 0	 2	 2	 1	462.35	  0.06
44	30	18	v	 1	 1	 0	 1	 1	 0	 1	 1	 2	 2	 1	420.94	  0.06
45	30	18	v	 1	 1	 0	 0	 0	 0	 1	 1	 1	 1	 1	1063.03	  0.08
46	30	18	v	 1	 1	 0	 1	 1	 1	 1	 1	 2	 2	 1	587.02	  0.07
47	30	18	v	 1	 1	 0	 0	 1	 1	 1	 0	 1	 1	 1	400.18	  0.06
48	30	18	v	 1	 1	 0	 1	 0	 2	 1	 0	 2	 2	 1	399.21	  0.07
49	30	18	v	 1	 1	 0	 0	 1	 1	 1	 0	 1	 1	 1	371.94	  0.06
50	30	18	v	 1	 1	 0	 0	 0	 0	 1	 1	 1	 1	 1	1366.23	  0.06
51	30	18	v	 1	 1	 0	 1	 1	 0	 1	 1	 2	 2	 1	800.87	  0.07
52	30	18	v	 1	 1	 0	 0	 1	 2	 1	 0	 1	 1	 1	596.21	  0.06
53	30	18	v	 1	 1	 0	 1	 0	 1	 1	 0	 2	 2	 1	1129.56	  0.06
54	30	18	v	 1	 1	 0	 1	 1	 1	 1	 1	 2	 2	 1	523.81	  0.23
55	30	18	v	 1	 1	 0	 1	 0	 0	 1	 0	 2	 2	 1	385.72	  0.07
56	30	18	v	 1	 1	 0	 1	 1	 1	 1	 1	 2	 2	 1	452.46	  0.07
57	30	18	v	 1	 1	 0	 0	 1	 0	 1	 0	 1	 1	 1	624.36	  0.06
58	30	18	v	 1	 1	 0	 0	 1	 2	 1	 0	 1	 1	 1	783.13	  0.07
59	30	18	v	 1	 1	 0	 0	 1	 2	 1	 0	 1	 1	 1	568.00	  0.06
60	30	18	v	 1	 1	 0	 1	 0	 2	 1	 0	 2	 2	 1	725.40	  0.06
61	30	18	v	 1	 1	 0	 1	 0	 1	 1	 0	 2	 2	 1	565.78	  0.06
62	30	18	v	 1	 1	 0	 0	 0	 1	 1	 1	 1	 1	 1	537.05	  0.06
63	30	18	v	 1	 1	 0	 1	 0	 1	 1	 0	 2	 0	 0	2000.37	  0.00
64	30	18	v	 1	 1	 0	 0	 1	 2	 1	 0	 1	 1	 1	614.38	  0.06
65	30	18	v	 1	 1	 0	 0	 0	 2	 1	 1	 1	 1	 1	556.09	  0.06
66	30	18	v	 1	 1	 0	 1	 0	 2	 1	 0	 2	 2	 1	667.53	  0.06
67	30	18	v	 1	 1	 0	 0	 1	 1	 1	 0	 1	 1	 1	538.43	  0.06
68	30	18	v	 1	 1	 0	 0	 0	 2	 1	 1	 1	 1	 1	546.84	  0.06
69	30	18	v	 1	 1	 0	 1	 0	 1	 1	 0	 2	 2	 1	736.38	  0.08
70	30	18	v	 1	 1	 0	 1	 1	 0	 1	 1	 2	 2	 1	466.56	  0.27
71	30	18	v	 1	 1	 0	 1	 0	 2	 1	 0	 2	 2	 1	539.12	  0.06
72	30	18	v	 1	 1	 0	 0	 0	 2	 1	 1	 1	 1	 1	703.59	  0.06
73	30	18	v	 1	 1	 0	 1	 1	 1	 1	 1	 2	 2	 1	451.10	  0.08
74	30	18	v	 1	 1	 0	 0	 0	 2	 1	 1	 1	 1	 1	496.54	  0.06
75	30	18	v	 1	 1	 0	 1	 1	 2	 1	 1	 2	 2	 1	435.13	  0.06
76	30	18	v	 1	 1	 0	 0	 1	 0	 1	 0	 1	 1	 1	522.33	  0.10
77	30	18	v	 1	 1	 0	 1	 1	 2	 1	 1	 2	 2	 1	508.59	  0.06
78	30	18	v	 1	 1	 0	 0	 1	 0	 1	 0	 1	 1	 1	382.70	  0.06
79	30	18	v	 1	 1	 0	 0	 0	 2	 1	 1	 1	 1	 1	541.71	  0.06
80	30	18	v	 1	 1	 0	 1	 1	 1	 1	 1	 2	 2	 1	481.01	  0.06
81	30	18	v	 1	 1	 0	 1	 0	 0	 1	 0	 2	 2	 1	540.45	  0.06
82	30	18	v	 1	 1	 0	 1	 0	 0	 1	 0	 2	 2	 1	443.31	  0.06
83	30	18	v	 1	 1	 0	 1	 1	 0	 1	 1	 2	 2	 1	373.22	  0.06
84	30	18	v	 1	 1	 0	 0	 1	 1	 1	 0	 1	 1	 1	654.26	  0.07
85	30	18	v	 1	 1	 0	 1	 1	 2	 1	 1	 2	 2	 1	367.94	  0.06
86	30	18	v	 1	 1	 0	 1	 1	 1	 1	 1	 2	 2	 1	604.29	  0.22
87	30	18	v	 1	 1	 0	 0	 1	 1	 1	 0	 1	 1	 1	668.92	  0.06
88	30	18	v	 1	 1	 0	 1	 1	 0	 1	 1	 2	 1	 0	761.81	  0.06
89	30	18	v	 1	 1	 0	 0	 0	 1	 1	 1	 1	 1	 1	904.83	  0.09
90	30	18	v	 1	 1	 0	 1	 1	 1	 1	 1	 2	 2	 1	489.02	  0.06
91	30	18	v	 1	 1	 0	 0	 1	 2	 1	 0	 1	 1	 1	1244.15	  0.06
92	30	18	v	 1	 1	 0	 0	 0	 0	 1	 1	 1	 1	 1	573.78	  0.06
93	30	18	v	 1	 1	 0	 1	 0	 2	 1	 0	 2	 2	 1	797.72	  0.06
94	30	18	v	 1	 1	 0	 0	 1	 1	 1	 0	 1	 1	 1	582.02	  0.10
95	30	18	v	 1	 1	 0	 0	 0	 2	 1	 1	 1	 1	 1	567.14	  0.06
96	30	18	v	 1	 1	 1	 0	 1	 0	 2	 0	 1	 1	 1	564.20	  0.08
97	30	18	v	 1	 1	 1	 1	 0	 1	 2	 0	 2	 2	 1	455.69	  0.07
98	30	18	v	 1	 1	 1	 0	 0	 2	 2	 1	 1	 1	 1	408.01	  0.20
99	30	18	v	 1	 1	 1	 0	 0	 0	 2	 1	 1	 1	 1	540.59	  0.06
100	30	18	v	 1	 1	 1	 0	 1	 1	 2	 0	 1	 2	 0	691.63	  0.06
101	30	18	v	 1	 1	 1	 0	 1	 0	 2	 0	 1	 1	 1	771.34	  0.06
102	30	18	v	 1	 1	 1	 1	 0	 1	 2	 0	 2	 2	 1	536.71	  0.06
103	30	18	v	 1	 1	 1	 0	 1	 1	 2	 0	 1	 1	 1	729.26	  0.19
104	30	18	v	 1	 1	 1	 0	 1	 2	 2	 0	 1	 1	 1	714.34	  0.06
105	30	18	v	 1	 1	 1	 0	 0	 0	 2	 1	 1	 1	 1	701.71	  0.06
106	30	18	v	 1	 1	 1	 1	 1	 0	 2	 1	 2	 2	 1	734.36	  0.06
107	30	18	v	 1	 1	 1	 1	 0	 2	 2	 0	 2	 2	 1	640.85	  0.11
108	30	18	v	 1	 1	 1	 1	 1	 2	 2	 1	 2	 2	 1	442.10	  0.10
109	30	18	v	 1	 1	 1	 0	 1	 2	 2	 0	 1	 1	 1	574.22	  0.13
110	30	18	v	 1	 1	 1	 0	 0	 1	 2	 1	 1	 1	 1	428.67	  0.06
111	30	18	v	 1	 1	 1	 0	 0	 0	 2	 1	 1	 1	 1	531.99	  0.21
112	30	18	v	 1	 1	 1	 1	 0	 0	 2	 0	 2	 1	 0	428.60	  0.06
113	30	18	v	 1	 1	 1	 1	 1	 2	 2	 1	 2	 2	 1	492.15	  0.06
114	30	18	v	 1	 1	 1	 1	 1	 1	 2	 1	 2	 2	 1	509.09	  0.06
115	30	18	v	 1	 1	 1	 1	 1	 2	 2	 1	 2	 2	 1	438.39	  0.06
116	30	18	v	 1	 1	 1	 0	 1	 0	 2	 0	 1	 1	 1	849.89	  0.06
117	30	18	v	 1	 1	 1	 0	 0	 0	 2	 1	 1	 1	 1	515.45	  0.06
118	30	18	v	 1	 1	 1	 0	 0	 2	 2	 1	 1	 1	 1	540.03	  0.06
119	30	18	v	 1	 1	 1	 1	 1	 0	 2	 1	 2	 2	 1	454.27	  0.06
120	30	18	v	 1	 1	 1	 1	 1	 0	 2	 1	 2	 2	 1	613.55	  0.06
121	30	18	v	 1	 1	 1	 0	 0	 0	 2	 1	 1	 1	 1	470.62	  0.22
122	30	18	v	 1	 1	 1	 0	 1	 2	 2	 0	 1	 1	 1	789.17	  0.20
123	30	18	v	 1	 1	 1	 1	 0	 2	 2	 0	 2	 2	 1	621.90	  0.06
124	30	18	v	 1	 1	 1	 0	 0	 1	 2	 1	 1	 1	 1	527.51	  0.06
125	30	18	v	 1	 1	 1	 1	 1	 2	 2	 1	 2	 2	 1	492.82	  0.06
126	30	18	v	 1	 1	 1	 0	 1	 0	 2	 0	 1	 1	 1	538.75	  0.09
127	30	18	v	 1	 1	 1	 1	 1	 0	 2	 1	 2	 2	 1	535.37	  0.07
128	30	18	v	 1	 1	 1	 0	 1	 0	 2	 0	 1	 1	 1	421.97	  0.06
129	30	18	v	 1	 1	 1	 1	 1	 1	 2	 1	 2	 2	 1	457.85	  0.06
130	30	18	v	 1	 1	 1	 1	 0	 1	 2	 0	 2	 1	 0	453.93	  0.06
131	30	18	v	 1	 1	 1	 1	 1	 1	 2	 1	 2	 2	 1	669.64	  0.06
132	30	18	v	 1	 1	 1	 1	 0	 2	 2	 0	 2	 2	 1	1082.96	  0.25
133	30	18	v	 1	 1	 1	 0	 0	 0	 2	 1	 1	 1	 1	524.07	  0.07
134	30	18	v	 1	 1	 1	 1	 0	 1	 2	 0	 2	 2	 1	482.36	  0.06
135	30	18	v	 1	 1	 1	 0	 0	 1	 2	 1	 1	 1	 1	520.32	  0.11
136	30	18	v	 1	 1	 1	 1	 0	 2	 2	 0	 2	 1	 0	476.66	  0.06
137	30	18	v	 1	 1	 1	 0	 1	 0	 2	 0	 1	 1	 1	746.96	  0.06
138	30	18	v	 1	 1	 1	 1	 1	 0	 2	 1	 2	 2	 1	428.18	  0.08
139	30	18	v	 1	 1	 1	 0	 1	 2	 2	 0	 1	 1	 1	805.27	  0.06
140	30	18	v	 1	 1	 1	 0	 1	 0	 2	 0	 1	 1	 1	1445.06	  0.06
141	30	18	v	 1	 1	 1	 1	 0	 2	 2	 0	 2	 2	 1	711.01	  0.06
142	30	18	v	 1	 1	 1	 0	 1	 1	 2	 0	 1	 1	 1	420.31	  0.06
143	30	18	v	 1	 1	 1	 1	 0	 2	 2	 0	 2	 2	 1	549.69	  0.06
144	30	18	v	 1	 1	 1	 1	 0	 1	 2	 0	 2	 2	 1	698.68	  0.06
145	30	18	v	 1	 1	 1	 1	 0	 0	 2	 0	 2	 2	 1	497.92	  0.06
146	30	18	v	 1	 1	 1	 1	 0	 0	 2	 0	 2	 2	 1	587.56	  0.06
147	30	18	v	 1	 1	 1	 0	 0	 1	 2	 1	 1	 1	 1	633.35	  0.06
148	30	18	v	 1	 1	 1	 0	 1	 2	 2	 0	 1	 1	 1	516.91	  0.06
149	30	18	v	 1	 1	 1	 0	 1	 0	 2	 0	 1	 1	 1	1098.42	  0.06
150	30	18	v	 1	 1	 1	 0	 1	 1	 2	 0	 1	 1	 1	432.51	  0.21
151	30	18	v	 1	 1	 1	 1	 0	 2	 2	 0	 2	 2	 1	809.68	  0.06
152	30	18	v	 1	 1	 1	 1	 0	 0	 2	 0	 2	 2	 1	642.32	  0.06
153	30	18	v	 1	 1	 1	 1	 1	 1	 2	 1	 2	 2	 1	623.21	  0.06
154	30	18	v	 1	 1	 1	 1	 0	 0	 2	 0	 2	 1	 0	642.66	  0.06
155	30	18	v	 1	 1	 1	 0	 0	 0	 2	 1	 1	 1	 1	474.44	  0.06
156	30	18	v	 1	 1	 1	 1	 0	 1	 2	 0	 2	 2	 1	473.99	  0.06
157	30	18	v	 1	 1	 1	 1	 1	 1	 2	 1	 2	 2	 1	455.62	  0.06
158	30	18	v	 1	 1	 1	 0	 1	 2	 2	 0	 1	 2	 0	475.31	  0.07
159	30	18	v	 1	 1	 1	 1	 0	 0	 2	 0	 2	 2	 1	685.38	  0.08
160	30	18	v	 1	 1	 1	 0	 0	 2	 2	 1	 1	 1	 1	462.40	  0.06
161	30	18	v	 1	 1	 1	 0	 0	 2	 2	 1	 1	 1	 1	409.45	  0.20
162	30	18	v	 1	 1	 1	 1	 1	 1	 2	 1	 2	 2	 1	494.26	  0.06
163	30	18	v	 1	 1	 1	 1	 1	 0	 2	 1	 2	 2	 1	542.85	  0.12
164	30	18	v	 1	 1	 1	 0	 0	 2	 2	 1	 1	 1	 1	696.70	  0.06
165	30	18	v	 1	 1	 1	 0	 0	 1	 2	 1	 1	 1	 1	492.23	  0.08
166	30	18	v	 1	 1	 1	 1	 1	 2	 2	 1	 2	 2	 1	1079.00	  0.06
167	30	18	v	 1	 1	 1	 0	 1	 2	 2	 0	 1	 1	 1	807.30	  0.06
168	30	18	v	 1	 1	 1	 1	 0	 0	 2	 0	 2	 2	 1	554.20	  0.06
169	30	18	v	 1	 1	 1	 0	 0	 1	 2	 1	 1	 1	 1	698.59	  0.06
170	30	18	v	 1	 1	 1	 0	 0	 1	 2	 1	 1	 1	 1	538.93	  0.06
171	30	18	v	 1	 1	 1	 1	 0	 0	 2	 0	 2	 1	 0	465.22	  0.14
172	30	18	v	 1	 1	 1	 0	 0	 2	 2	 1	 1	 1	 1	748.34	  0.06
173	30	18	v	 1	 1	 1	 0	 0	 1	 2	 1	 1	 1	 1	573.36	  0.10
174	30	18	v	 1	 1	 1	 0	 0	 2	 2	 1	 1	 1	 1	571.30	  0.07
175	30	18	v	 1	 1	 1	 1	 0	 1	 2	 0	 2	 2	 1	593.89	  0.06
176	30	18	v	 1	 1	 1	 0	 1	 1	 2	 0	 1	 1	 1	960.14	  0.06
177	30	18	v	 1	 1	 1	 1	 1	 2	 2	 1	 2	 2	 1	833.45	  0.06
178	30	18	v	 1	 1	 1	 0	 1	 2	 2	 0	 1	 0	 0	2000.28	  0.00
179	30	18	v	 1	 1	 1	 1	 0	 1	 2	 0	 2	 2	 1	482.32	  0.06
180	30	18	v	 1	 1	 1	 0	 1	 1	 2	 0	 1	 1	 1	1126.81	  0.06
181	30	18	v	 1	 1	 1	 1	 1	 2	 2	 1	 2	 2	 1	566.02	  0.08
182	30	18	v	 1	 1	 1	 0	 1	 1	 2	 0	 1	 1	 1	469.88	  0.08
183	30	18	v	 1	 1	 1	 1	 1	 2	 2	 1	 2	 2	 1	553.66	  0.06
184	30	18	v	 1	 1	 1	 1	 1	 1	 2	 1	 2	 2	 1	589.10	  0.06
185	30	18	v	 1	 1	 1	 0	 1	 1	 2	 0	 1	 1	 1	718.63	  0.06
186	30	18	v	 1	 1	 1	 0	 0	 0	 2	 1	 1	 1	 1	504.42	  0.10
187	30	18	v	 1	 1	 1	 0	 0	 2	 2	 1	 1	 1	 1	579.33	  0.06
188	30	18	v	 1	 1	 1	 1	 1	 1	 2	 1	 2	 2	 1	659.07	  0.08
189	30	18	v	 1	 1	 1	 1	 0	 2	 2	 0	 2	 2	 1	1110.77	  0.06
190	30	18	v	 1	 1	 1	 1	 1	 0	 2	 1	 2	 2	 1	671.95	  0.06
191	30	18	v	 1	 1	 1	 1	 1	 0	 2	 1	 2	 2	 1	456.79	  0.06
192	30	18	v	 1	 1	 2	 0	 1	 2	 1	 0	 1	 1	 1	561.01	  0.08
193	30	18	v	 1	 1	 2	 0	 0	 0	 1	 1	 1	 1	 1	450.11	  0.08
194	30	18	v	 1	 1	 2	 1	 1	 0	 1	 1	 2	 2	 1	736.95	  0.06
195	30	18	v	 1	 1	 2	 1	 0	 0	 1	 0	 2	 2	 1	464.36	  0.07
196	30	18	v	 1	 1	 2	 1	 1	 1	 1	 1	 2	 2	 1	640.42	  0.06
197	30	18	v	 1	 1	 2	 0	 0	 2	 1	 1	 1	 1	 1	551.48	  0.06
198	30	18	v	 1	 1	 2	 1	 0	 0	 1	 0	 2	 2	 1	534.28	  0.07
199	30	18	v	 1	 1	 2	 0	 1	 1	 1	 0	 1	 1	 1	544.42	  0.06
200	30	18	v	 1	 1	 2	 0	 0	 0	 1	 1	 1	 1	 1	497.17	  0.08
201	30	18	v	 1	 1	 2	 1	 0	 0	 1	 0	 2	 2	 1	420.01	  0.06
202	30	18	v	 1	 1	 2	 0	 0	 1	 1	 1	 1	 1	 1	573.54	  0.06
203	30	18	v	 1	 1	 2	 1	 1	 2	 1	 1	 2	 2	 1	481.42	  0.06
204	30	18	v	 1	 1	 2	 1	 0	 0	 1	 0	 2	 2	 1	765.81	  0.06
205	30	18	v	 1	 1	 2	 0	 1	 0	 1	 0	 1	 1	 1	511.17	  0.06
206	30	18	v	 1	 1	 2	 1	 0	 2	 1	 0	 2	 2	 1	788.65	  0.06
207	30	18	v	 1	 1	 2	 0	 1	 2	 1	 0	 1	 1	 1	606.70	  0.06
208	30	18	v	 1	 1	 2	 0	 0	 0	 1	 1	 1	 1	 1	500.78	  0.06
209	30	18	v	 1	 1	 2	 0	 1	 2	 1	 0	 1	 1	 1	554.76	  0.06
210	30	18	v	 1	 1	 2	 1	 1	 2	 1	 1	 2	 2	 1	574.47	  0.06
211	30	18	v	 1	 1	 2	 1	 1	 2	 1	 1	 2	 2	 1	617.45	  0.06
212	30	18	v	 1	 1	 2	 1	 0	 1	 1	 0	 2	 2	 1	703.33	  0.06
213	30	18	v	 1	 1	 2	 0	 0	 0	 1	 1	 1	 1	 1	544.97	  0.06
214	30	18	v	 1	 1	 2	 0	 0	 2	 1	 1	 1	 1	 1	439.50	  0.08
215	30	18	v	 1	 1	 2	 0	 0	 0	 1	 1	 1	 1	 1	461.14	  0.06
216	30	18	v	 1	 1	 2	 0	 0	 2	 1	 1	 1	 1	 1	551.11	  0.22
217	30	18	v	 1	 1	 2	 1	 1	 1	 1	 1	 2	 2	 1	805.43	  0.06
218	30	18	v	 1	 1	 2	 1	 1	 2	 1	 1	 2	 2	 1	510.95	  0.07
219	30	18	v	 1	 1	 2	 0	 0	 0	 1	 1	 1	 1	 1	661.45	  0.09
220	30	18	v	 1	 1	 2	 1	 1	 0	 1	 1	 2	 2	 1	1116.91	  0.07
221	30	18	v	 1	 1	 2	 1	 0	 2	 1	 0	 2	 2	 1	585.68	  0.06
222	30	18	v	 1	 1	 2	 0	 1	 1	 1	 0	 1	 1	 1	684.80	  0.06
223	30	18	v	 1	 1	 2	 0	 0	 2	 1	 1	 1	 1	 1	601.04	  0.06
224	30	18	v	 1	 1	 2	 0	 0	 0	 1	 1	 1	 1	 1	559.03	  0.06
225	30	18	v	 1	 1	 2	 1	 0	 1	 1	 0	 2	 2	 1	452.75	  0.06
226	30	18	v	 1	 1	 2	 0	 1	 0	 1	 0	 1	 1	 1	628.84	  0.07
227	30	18	v	 1	 1	 2	 0	 1	 1	 1	 0	 1	 1	 1	688.11	  0.06
228	30	18	v	 1	 1	 2	 0	 1	 2	 1	 0	 1	 1	 1	789.08	  0.08
229	30	18	v	 1	 1	 2	 1	 1	 1	 1	 1	 2	 2	 1	598.24	  0.12
230	30	18	v	 1	 1	 2	 1	 1	 2	 1	 1	 2	 2	 1	471.34	  0.06
231	30	18	v	 1	 1	 2	 0	 1	 1	 1	 0	 1	 1	 1	691.83	  0.06
232	30	18	v	 1	 1	 2	 1	 1	 1	 1	 1	 2	 2	 1	632.75	  0.07
233	30	18	v	 1	 1	 2	 0	 1	 1	 1	 0	 1	 1	 1	579.93	  0.06
234	30	18	v	 1	 1	 2	 1	 0	 1	 1	 0	 2	 2	 1	766.28	  0.06
235	30	18	v	 1	 1	 2	 1	 1	 1	 1	 1	 2	 2	 1	483.03	  0.06
236	30	18	v	 1	 1	 2	 0	 1	 2	 1	 0	 1	 1	 1	571.16	  0.06
237	30	18	v	 1	 1	 2	 1	 1	 0	 1	 1	 2	 2	 1	569.75	  0.06
238	30	18	v	 1	 1	 2	 1	 0	 0	 1	 0	 2	 2	 1	617.78	  0.06
239	30	18	v	 1	 1	 2	 0	 1	 2	 1	 0	 1	 1	 1	714.39	  0.06
240	30	18	v	 1	 1	 2	 1	 1	 0	 1	 1	 2	 2	 1	608.72	  0.06
241	30	18	v	 1	 1	 2	 1	 0	 2	 1	 0	 2	 2	 1	485.79	  0.06
242	30	18	v	 1	 1	 2	 1	 1	 0	 1	 1	 2	 2	 1	605.68	  0.06
243	30	18	v	 1	 1	 2	 0	 1	 0	 1	 0	 1	 1	 1	638.66	  0.06
244	30	18	v	 1	 1	 2	 0	 0	 1	 1	 1	 1	 1	 1	553.78	  0.06
245	30	18	v	 1	 1	 2	 1	 1	 2	 1	 1	 2	 2	 1	553.78	  0.06
246	30	18	v	 1	 1	 2	 0	 1	 0	 1	 0	 1	 1	 1	491.74	  0.08
247	30	18	v	 1	 1	 2	 1	 1	 2	 1	 1	 2	 2	 1	1177.19	  0.06
248	30	18	v	 1	 1	 2	 0	 0	 1	 1	 1	 1	 1	 1	459.62	  0.07
249	30	18	v	 1	 1	 2	 1	 1	 0	 1	 1	 2	 2	 1	544.18	  0.06
250	30	18	v	 1	 1	 2	 1	 1	 2	 1	 1	 2	 2	 1	441.67	  0.06
251	30	18	v	 1	 1	 2	 0	 1	 1	 1	 0	 1	 1	 1	467.98	  0.07
252	30	18	v	 1	 1	 2	 0	 1	 2	 1	 0	 1	 1	 1	490.54	  0.06
253	30	18	v	 1	 1	 2	 0	 1	 1	 1	 0	 1	 1	 1	565.04	  0.06
254	30	18	v	 1	 1	 2	 1	 0	 0	 1	 0	 2	 2	 1	674.28	  0.06
255	30	18	v	 1	 1	 2	 1	 0	 2	 1	 0	 2	 2	 1	497.56	  0.08
256	30	18	v	 1	 1	 2	 1	 1	 1	 1	 1	 2	 1	 0	867.45	  0.06
257	30	18	v	 1	 1	 2	 0	 1	 0	 1	 0	 1	 1	 1	554.07	  0.06
258	30	18	v	 1	 1	 2	 1	 0	 2	 1	 0	 2	 2	 1	697.20	  0.06
259	30	18	v	 1	 1	 2	 0	 1	 0	 1	 0	 1	 1	 1	882.70	  0.07
260	30	18	v	 1	 1	 2	 1	 0	 2	 1	 0	 2	 2	 1	631.37	  0.06
261	30	18	v	 1	 1	 2	 0	 0	 1	 1	 1	 1	 1	 1	554.22	  0.06
262	30	18	v	 1	 1	 2	 1	 0	 0	 1	 0	 2	 2	 1	443.22	  0.06
263	30	18	v	 1	 1	 2	 1	 0	 1	 1	 0	 2	 2	 1	616.72	  0.06
264	30	18	v	 1	 1	 2	 1	 0	 1	 1	 0	 2	 2	 1	557.04	  0.06
265	30	18	v	 1	 1	 2	 0	 0	 2	 1	 1	 1	 1	 1	573.20	  0.06
266	30	18	v	 1	 1	 2	 0	 0	 2	 1	 1	 1	 1	 1	505.97	  0.23
267	30	18	v	 1	 1	 2	 1	 1	 0	 1	 1	 2	 2	 1	703.90	  0.08
268	30	18	v	 1	 1	 2	 1	 0	 1	 1	 0	 2	 2	 1	645.84	  0.07
269	30	18	v	 1	 1	 2	 0	 0	 2	 1	 1	 1	 1	 1	429.82	  0.07
270	30	18	v	 1	 1	 2	 0	 1	 2	 1	 0	 1	 1	 1	422.18	  0.07
271	30	18	v	 1	 1	 2	 0	 0	 1	 1	 1	 1	 1	 1	462.15	  0.06
272	30	18	v	 1	 1	 2	 0	 0	 1	 1	 1	 1	 1	 1	499.04	  0.20
273	30	18	v	 1	 1	 2	 1	 0	 2	 1	 0	 2	 2	 1	662.57	  0.06
274	30	18	v	 1	 1	 2	 1	 0	 2	 1	 0	 2	 2	 1	611.89	  0.07
275	30	18	v	 1	 1	 2	 1	 0	 0	 1	 0	 2	 2	 1	440.91	  0.06
276	30	18	v	 1	 1	 2	 0	 1	 1	 1	 0	 1	 1	 1	617.18	  0.06
277	30	18	v	 1	 1	 2	 0	 1	 0	 1	 0	 1	 1	 1	570.53	  0.06
278	30	18	v	 1	 1	 2	 1	 1	 0	 1	 1	 2	 2	 1	499.47	  0.22
279	30	18	v	 1	 1	 2	 0	 1	 0	 1	 0	 1	 1	 1	373.13	  0.06
280	30	18	v	 1	 1	 2	 1	 1	 1	 1	 1	 2	 2	 1	540.57	  0.10
281	30	18	v	 1	 1	 2	 1	 1	 1	 1	 1	 2	 2	 1	472.43	  0.06
282	30	18	v	 1	 1	 2	 0	 0	 1	 1	 1	 1	 1	 1	683.60	  0.06
283	30	18	v	 1	 1	 2	 0	 0	 0	 1	 1	 1	 1	 1	484.62	  0.06
284	30	18	v	 1	 1	 2	 0	 0	 2	 1	 1	 1	 1	 1	600.78	  0.06
285	30	18	v	 1	 1	 2	 0	 0	 1	 1	 1	 1	 1	 1	547.62	  0.07
286	30	18	v	 1	 1	 2	 1	 0	 1	 1	 0	 2	 2	 1	517.60	  0.06
287	30	18	v	 1	 1	 2	 1	 0	 1	 1	 0	 2	 2	 1	489.25	  0.06
288	30	18	v	 1	 1	 3	 0	 1	 2	 2	 0	 1	 1	 1	534.27	  0.06
289	30	18	v	 1	 1	 3	 0	 1	 1	 2	 0	 1	 1	 1	524.04	  0.06
290	30	18	v	 1	 1	 3	 0	 1	 1	 2	 0	 1	 1	 1	488.88	  0.06
291	30	18	v	 1	 1	 3	 0	 1	 0	 2	 0	 1	 1	 1	523.12	  0.06
292	30	18	v	 1	 1	 3	 1	 0	 2	 2	 0	 2	 2	 1	612.35	  0.06
293	30	18	v	 1	 1	 3	 1	 0	 0	 2	 0	 2	 2	 1	423.02	  0.06
294	30	18	v	 1	 1	 3	 1	 0	 2	 2	 0	 2	 0	 0	2000.22	  0.00
295	30	18	v	 1	 1	 3	 0	 0	 0	 2	 1	 1	 1	 1	518.87	  0.09
296	30	18	v	 1	 1	 3	 1	 1	 2	 2	 1	 2	 2	 1	539.45	  0.07
297	30	18	v	 1	 1	 3	 0	 0	 0	 2	 1	 1	 1	 1	731.94	  0.07
298	30	18	v	 1	 1	 3	 1	 0	 0	 2	 0	 2	 2	 1	390.32	  0.06
299	30	18	v	 1	 1	 3	 0	 1	 0	 2	 0	 1	 1	 1	490.26	  0.21
300	30	18	v	 1	 1	 3	 1	 0	 1	 2	 0	 2	 2	 1	356.26	  0.06
301	30	18	v	 1	 1	 3	 1	 1	 0	 2	 1	 2	 0	 0	2000.11	  0.00
302	30	18	v	 1	 1	 3	 1	 0	 0	 2	 0	 2	 0	 0	2000.26	  0.00
303	30	18	v	 1	 1	 3	 1	 1	 0	 2	 1	 2	 0	 0	2000.28	  0.00
304	30	18	v	 1	 1	 3	 0	 0	 1	 2	 1	 1	 1	 1	458.60	  0.06
305	30	18	v	 1	 1	 3	 0	 1	 1	 2	 0	 1	 1	 1	670.31	  0.06
306	30	18	v	 1	 1	 3	 1	 0	 2	 2	 0	 2	 2	 1	669.49	  0.06
307	30	18	v	 1	 1	 3	 0	 0	 0	 2	 1	 1	 2	 0	983.87	  0.06
308	30	18	v	 1	 1	 3	 1	 1	 1	 2	 1	 2	 2	 1	1755.65	  0.07
309	30	18	v	 1	 1	 3	 0	 0	 2	 2	 1	 1	 1	 1	430.67	  0.06
310	30	18	v	 1	 1	 3	 1	 1	 1	 2	 1	 2	 2	 1	1186.55	  0.06
311	30	18	v	 1	 1	 3	 1	 0	 1	 2	 0	 2	 2	 1	620.24	  0.06
312	30	18	v	 1	 1	 3	 0	 0	 2	 2	 1	 1	 1	 1	587.08	  0.06
313	30	18	v	 1	 1	 3	 1	 0	 0	 2	 0	 2	 2	 1	534.24	  0.08
314	30	18	v	 1	 1	 3	 0	 1	 0	 2	 0	 1	 1	 1	388.92	  0.06
315	30	18	v	 1	 1	 3	 1	 1	 2	 2	 1	 2	 2	 1	668.43	  0.07
316	30	18	v	 1	 1	 3	 0	 0	 1	 2	 1	 1	 1	 1	504.01	  0.06
317	30	18	v	 1	 1	 3	 1	 1	 0	 2	 1	 2	 2	 1	491.57	  0.06
318	30	18	v	 1	 1	 3	 0	 0	 2	 2	 1	 1	 1	 1	554.75	  0.08
319	30	18	v	 1	 1	 3	 1	 0	 1	 2	 0	 2	 2	 1	424.19	  0.07
320	30	18	v	 1	 1	 3	 1	 0	 0	 2	 0	 2	 2	 1	613.90	  0.09
321	30	18	v	 1	 1	 3	 0	 1	 0	 2	 0	 1	 1	 1	1205.90	  0.06
322	30	18	v	 1	 1	 3	 0	 1	 0	 2	 0	 1	 1	 1	647.33	  0.06
323	30	18	v	 1	 1	 3	 1	 0	 2	 2	 0	 2	 2	 1	750.03	  0.06
324	30	18	v	 1	 1	 3	 0	 1	 0	 2	 0	 1	 1	 1	763.12	  0.20
325	30	18	v	 1	 1	 3	 0	 1	 2	 2	 0	 1	 1	 1	1052.57	  0.06
326	30	18	v	 1	 1	 3	 1	 1	 2	 2	 1	 2	 2	 1	603.90	  0.07
327	30	18	v	 1	 1	 3	 0	 0	 0	 2	 1	 1	 1	 1	617.07	  0.06
328	30	18	v	 1	 1	 3	 1	 1	 0	 2	 1	 2	 2	 1	483.43	  0.06
329	30	18	v	 1	 1	 3	 0	 1	 2	 2	 0	 1	 1	 1	890.27	  0.06
330	30	18	v	 1	 1	 3	 1	 0	 0	 2	 0	 2	 2	 1	1006.80	  0.06
331	30	18	v	 1	 1	 3	 1	 0	 1	 2	 0	 2	 2	 1	734.42	  0.21
332	30	18	v	 1	 1	 3	 0	 1	 0	 2	 0	 1	 1	 1	714.39	  0.07
333	30	18	v	 1	 1	 3	 0	 1	 1	 2	 0	 1	 1	 1	603.26	  0.21
334	30	18	v	 1	 1	 3	 0	 1	 2	 2	 0	 1	 1	 1	353.45	  0.09
335	30	18	v	 1	 1	 3	 1	 0	 0	 2	 0	 2	 2	 1	521.08	  0.06
336	30	18	v	 1	 1	 3	 0	 0	 1	 2	 1	 1	 1	 1	458.38	  0.06
337	30	18	v	 1	 1	 3	 1	 1	 2	 2	 1	 2	 2	 1	445.10	  0.06
338	30	18	v	 1	 1	 3	 0	 1	 2	 2	 0	 1	 1	 1	638.37	  0.06
339	30	18	v	 1	 1	 3	 1	 0	 1	 2	 0	 2	 2	 1	529.41	  0.06
340	30	18	v	 1	 1	 3	 1	 1	 1	 2	 1	 2	 2	 1	552.47	  0.06
341	30	18	v	 1	 1	 3	 1	 0	 2	 2	 0	 2	 2	 1	662.69	  0.22
342	30	18	v	 1	 1	 3	 1	 1	 1	 2	 1	 2	 2	 1	499.31	  0.06
343	30	18	v	 1	 1	 3	 0	 0	 2	 2	 1	 1	 1	 1	524.12	  0.06
344	30	18	v	 1	 1	 3	 1	 1	 0	 2	 1	 2	 2	 1	492.90	  0.06
345	30	18	v	 1	 1	 3	 1	 0	 2	 2	 0	 2	 2	 1	518.90	  0.06
346	30	18	v	 1	 1	 3	 0	 1	 2	 2	 0	 1	 1	 1	641.43	  0.06
347	30	18	v	 1	 1	 3	 1	 1	 0	 2	 1	 2	 2	 1	776.94	  0.10
348	30	18	v	 1	 1	 3	 0	 1	 1	 2	 0	 1	 1	 1	505.25	  0.06
349	30	18	v	 1	 1	 3	 0	 1	 1	 2	 0	 1	 1	 1	508.98	  0.06
350	30	18	v	 1	 1	 3	 1	 1	 2	 2	 1	 2	 2	 1	287.64	  0.10
351	30	18	v	 1	 1	 3	 0	 0	 1	 2	 1	 1	 1	 1	670.11	  0.08
352	30	18	v	 1	 1	 3	 1	 1	 2	 2	 1	 2	 2	 1	520.06	  0.06
353	30	18	v	 1	 1	 3	 0	 0	 2	 2	 1	 1	 1	 1	272.97	  0.09
354	30	18	v	 1	 1	 3	 1	 1	 1	 2	 1	 2	 2	 1	431.10	  0.07
355	30	18	v	 1	 1	 3	 0	 0	 0	 2	 1	 1	 1	 1	346.46	  0.06
356	30	18	v	 1	 1	 3	 1	 1	 0	 2	 1	 2	 2	 1	412.19	  0.08
357	30	18	v	 1	 1	 3	 1	 0	 1	 2	 0	 2	 2	 1	1267.31	  0.25
358	30	18	v	 1	 1	 3	 0	 0	 0	 2	 1	 1	 1	 1	1001.66	  0.06
359	30	18	v	 1	 1	 3	 1	 1	 1	 2	 1	 2	 2	 1	679.23	  0.07
360	30	18	v	 1	 1	 3	 0	 1	 0	 2	 0	 1	 1	 1	1075.21	  0.06
361	30	18	v	 1	 1	 3	 1	 1	 1	 2	 1	 2	 2	 1	566.59	  0.06
362	30	18	v	 1	 1	 3	 1	 0	 1	 2	 0	 2	 2	 1	545.79	  0.08
363	30	18	v	 1	 1	 3	 0	 0	 0	 2	 1	 1	 1	 1	556.94	  0.07
364	30	18	v	 1	 1	 3	 0	 0	 2	 2	 1	 1	 1	 1	598.38	  0.06
365	30	18	v	 1	 1	 3	 1	 0	 2	 2	 0	 2	 2	 1	664.32	  0.06
366	30	18	v	 1	 1	 3	 0	 0	 0	 2	 1	 1	 1	 1	626.65	  0.08
367	30	18	v	 1	 1	 3	 1	 0	 2	 2	 0	 2	 2	 1	482.19	  0.14
368	30	18	v	 1	 1	 3	 0	 0	 1	 2	 1	 1	 1	 1	718.63	  0.06
369	30	18	v	 1	 1	 3	 1	 0	 1	 2	 0	 2	 2	 1	692.31	  0.08
370	30	18	v	 1	 1	 3	 0	 0	 1	 2	 1	 1	 1	 1	399.24	  0.06
371	30	18	v	 1	 1	 3	 0	 0	 1	 2	 1	 1	 1	 1	567.68	  0.06
372	30	18	v	 1	 1	 3	 0	 0	 1	 2	 1	 1	 1	 1	443.53	  0.06
373	30	18	v	 1	 1	 3	 1	 0	 0	 2	 0	 2	 1	 0	152.53	  0.06
374	30	18	v	 1	 1	 3	 1	 1	 2	 2	 1	 2	 2	 1	406.50	  0.06
375	30	18	v	 1	 1	 3	 0	 1	 1	 2	 0	 1	 1	 1	536.68	  0.06
376	30	18	v	 1	 1	 3	 0	 1	 1	 2	 0	 1	 1	 1	1041.47	  0.20
377	30	18	v	 1	 1	 3	 1	 1	 2	 2	 1	 2	 2	 1	440.36	  0.06
378	30	18	v	 1	 1	 3	 0	 1	 2	 2	 0	 1	 1	 1	674.71	  0.08
379	30	18	v	 1	 1	 3	 0	 1	 2	 2	 0	 1	 1	 1	506.06	  0.06
380	30	18	v	 1	 1	 3	 1	 1	 0	 2	 1	 2	 2	 1	653.41	  0.07
381	30	18	v	 1	 1	 3	 1	 1	 1	 2	 1	 2	 2	 1	535.12	  0.07
382	30	18	v	 1	 1	 3	 0	 0	 2	 2	 1	 1	 1	 1	553.00	  0.09
383	30	18	v	 1	 1	 3	 0	 0	 2	 2	 1	 1	 1	 1	450.40	  0.06
