00	01	20	v	 0	 2	 0	 1	 1	 0	 1	 1	 2	 2	 1	514.02	  0.10
01	01	20	v	 0	 2	 0	 1	 1	 2	 1	 1	 2	 2	 1	438.26	  0.06
02	01	20	v	 0	 2	 0	 0	 1	 0	 1	 0	 1	 1	 1	500.83	  0.06
03	01	20	v	 0	 2	 0	 1	 0	 1	 1	 0	 2	 2	 1	533.57	  0.06
04	01	20	v	 0	 2	 0	 1	 0	 1	 1	 0	 2	 2	 1	572.06	  0.06
05	01	20	v	 0	 2	 0	 1	 1	 2	 1	 1	 2	 2	 1	540.19	  0.06
06	01	20	v	 0	 2	 0	 1	 1	 2	 1	 1	 2	 2	 1	449.37	  0.06
07	01	20	v	 0	 2	 0	 0	 1	 2	 1	 0	 1	 1	 1	498.41	  0.06
08	01	20	v	 0	 2	 0	 1	 0	 1	 1	 0	 2	 2	 1	510.71	  0.06
09	01	20	v	 0	 2	 0	 1	 0	 0	 1	 0	 2	 2	 1	538.79	  0.09
10	01	20	v	 0	 2	 0	 0	 1	 0	 1	 0	 1	 1	 1	563.78	  0.08
11	01	20	v	 0	 2	 0	 0	 0	 2	 1	 1	 1	 1	 1	362.01	  0.06
12	01	20	v	 0	 2	 0	 0	 0	 0	 1	 1	 1	 1	 1	530.68	  0.06
13	01	20	v	 0	 2	 0	 0	 1	 0	 1	 0	 1	 1	 1	614.68	  0.06
14	01	20	v	 0	 2	 0	 1	 1	 2	 1	 1	 2	 2	 1	492.75	  0.08
15	01	20	v	 0	 2	 0	 1	 0	 0	 1	 0	 2	 2	 1	417.21	  0.06
16	01	20	v	 0	 2	 0	 0	 1	 0	 1	 0	 1	 1	 1	347.93	  0.06
17	01	20	v	 0	 2	 0	 0	 0	 1	 1	 1	 1	 1	 1	367.85	  0.06
18	01	20	v	 0	 2	 0	 1	 0	 2	 1	 0	 2	 1	 0	511.88	  0.06
19	01	20	v	 0	 2	 0	 0	 0	 0	 1	 1	 1	 1	 1	686.14	  0.06
20	01	20	v	 0	 2	 0	 0	 1	 2	 1	 0	 1	 1	 1	649.06	  0.07
21	01	20	v	 0	 2	 0	 1	 0	 2	 1	 0	 2	 2	 1	1188.30	  0.06
22	01	20	v	 0	 2	 0	 0	 0	 2	 1	 1	 1	 1	 1	514.71	  0.06
23	01	20	v	 0	 2	 0	 1	 1	 1	 1	 1	 2	 2	 1	614.23	  0.07
24	01	20	v	 0	 2	 0	 0	 1	 1	 1	 0	 1	 1	 1	411.76	  0.08
25	01	20	v	 0	 2	 0	 0	 0	 1	 1	 1	 1	 1	 1	547.75	  0.07
26	01	20	v	 0	 2	 0	 0	 1	 1	 1	 0	 1	 1	 1	618.61	  0.06
27	01	20	v	 0	 2	 0	 1	 1	 1	 1	 1	 2	 2	 1	1067.93	  0.06
28	01	20	v	 0	 2	 0	 1	 1	 0	 1	 1	 2	 2	 1	541.68	  0.06
29	01	20	v	 0	 2	 0	 1	 1	 2	 1	 1	 2	 1	 0	404.06	  0.06
30	01	20	v	 0	 2	 0	 0	 0	 1	 1	 1	 1	 1	 1	558.39	  0.06
31	01	20	v	 0	 2	 0	 0	 0	 2	 1	 1	 1	 1	 1	473.09	  0.06
32	01	20	v	 0	 2	 0	 1	 0	 1	 1	 0	 2	 2	 1	470.61	  0.06
33	01	20	v	 0	 2	 0	 0	 0	 1	 1	 1	 1	 1	 1	460.20	  0.06
34	01	20	v	 0	 2	 0	 0	 0	 0	 1	 1	 1	 2	 0	337.81	  0.06
35	01	20	v	 0	 2	 0	 0	 0	 1	 1	 1	 1	 1	 1	459.42	  0.06
36	01	20	v	 0	 2	 0	 1	 1	 0	 1	 1	 2	 2	 1	458.40	  0.07
37	01	20	v	 0	 2	 0	 1	 0	 0	 1	 0	 2	 1	 0	553.13	  0.06
38	01	20	v	 0	 2	 0	 0	 0	 1	 1	 1	 1	 1	 1	474.17	  0.06
39	01	20	v	 0	 2	 0	 0	 1	 1	 1	 0	 1	 1	 1	475.79	  0.07
40	01	20	v	 0	 2	 0	 0	 1	 0	 1	 0	 1	 1	 1	507.22	  0.06
41	01	20	v	 0	 2	 0	 0	 1	 2	 1	 0	 1	 1	 1	455.72	  0.06
42	01	20	v	 0	 2	 0	 1	 0	 2	 1	 0	 2	 2	 1	1140.08	  0.06
43	01	20	v	 0	 2	 0	 1	 0	 2	 1	 0	 2	 2	 1	454.07	  0.06
44	01	20	v	 0	 2	 0	 1	 0	 2	 1	 0	 2	 2	 1	502.98	  0.06
45	01	20	v	 0	 2	 0	 0	 1	 2	 1	 0	 1	 1	 1	318.34	  0.06
46	01	20	v	 0	 2	 0	 1	 0	 2	 1	 0	 2	 2	 1	641.98	  0.06
47	01	20	v	 0	 2	 0	 1	 1	 1	 1	 1	 2	 2	 1	487.07	  0.06
48	01	20	v	 0	 2	 0	 1	 0	 0	 1	 0	 2	 1	 0	305.01	  0.08
49	01	20	v	 0	 2	 0	 0	 0	 2	 1	 1	 1	 1	 1	440.64	  0.20
50	01	20	v	 0	 2	 0	 0	 1	 2	 1	 0	 1	 2	 0	319.38	  0.10
51	01	20	v	 0	 2	 0	 0	 1	 1	 1	 0	 1	 1	 1	517.79	  0.06
52	01	20	v	 0	 2	 0	 1	 1	 0	 1	 1	 2	 2	 1	506.33	  0.20
53	01	20	v	 0	 2	 0	 0	 1	 0	 1	 0	 1	 1	 1	585.04	  0.06
54	01	20	v	 0	 2	 0	 1	 1	 1	 1	 1	 2	 2	 1	577.45	  0.06
55	01	20	v	 0	 2	 0	 1	 1	 1	 1	 1	 2	 2	 1	408.08	  0.09
56	01	20	v	 0	 2	 0	 0	 1	 2	 1	 0	 1	 1	 1	723.15	  0.06
57	01	20	v	 0	 2	 0	 0	 1	 2	 1	 0	 1	 1	 1	436.63	  0.19
58	01	20	v	 0	 2	 0	 1	 0	 0	 1	 0	 2	 2	 1	549.97	  0.08
59	01	20	v	 0	 2	 0	 1	 0	 0	 1	 0	 2	 2	 1	478.18	  0.06
60	01	20	v	 0	 2	 0	 0	 0	 0	 1	 1	 1	 1	 1	529.45	  0.06
61	01	20	v	 0	 2	 0	 0	 0	 0	 1	 1	 1	 1	 1	426.67	  0.06
62	01	20	v	 0	 2	 0	 0	 0	 2	 1	 1	 1	 1	 1	423.29	  0.06
63	01	20	v	 0	 2	 0	 1	 0	 1	 1	 0	 2	 2	 1	495.53	  0.06
64	01	20	v	 0	 2	 0	 0	 0	 1	 1	 1	 1	 1	 1	429.16	  0.06
65	01	20	v	 0	 2	 0	 1	 1	 2	 1	 1	 2	 2	 1	467.48	  0.06
66	01	20	v	 0	 2	 0	 0	 1	 0	 1	 0	 1	 1	 1	377.38	  0.06
67	01	20	v	 0	 2	 0	 1	 1	 1	 1	 1	 2	 2	 1	562.29	  0.06
68	01	20	v	 0	 2	 0	 0	 0	 0	 1	 1	 1	 1	 1	448.18	  0.06
69	01	20	v	 0	 2	 0	 1	 0	 0	 1	 0	 2	 2	 1	431.26	  0.06
70	01	20	v	 0	 2	 0	 0	 0	 1	 1	 1	 1	 1	 1	474.70	  0.06
71	01	20	v	 0	 2	 0	 1	 1	 0	 1	 1	 2	 2	 1	380.49	  0.06
72	01	20	v	 0	 2	 0	 1	 0	 1	 1	 0	 2	 2	 1	435.54	  0.07
73	01	20	v	 0	 2	 0	 0	 0	 2	 1	 1	 1	 1	 1	373.05	  0.06
74	01	20	v	 0	 2	 0	 1	 0	 1	 1	 0	 2	 2	 1	512.74	  0.07
75	01	20	v	 0	 2	 0	 1	 0	 1	 1	 0	 2	 1	 0	377.78	  0.06
76	01	20	v	 0	 2	 0	 1	 1	 1	 1	 1	 2	 2	 1	687.73	  0.06
77	01	20	v	 0	 2	 0	 0	 0	 2	 1	 1	 1	 1	 1	558.92	  0.06
78	01	20	v	 0	 2	 0	 0	 1	 1	 1	 0	 1	 1	 1	469.44	  0.06
79	01	20	v	 0	 2	 0	 0	 0	 0	 1	 1	 1	 1	 1	450.63	  0.06
80	01	20	v	 0	 2	 0	 1	 1	 0	 1	 1	 2	 2	 1	566.06	  0.06
81	01	20	v	 0	 2	 0	 0	 1	 1	 1	 0	 1	 1	 1	481.45	  0.07
82	01	20	v	 0	 2	 0	 1	 1	 2	 1	 1	 2	 2	 1	491.05	  0.06
83	01	20	v	 0	 2	 0	 1	 1	 0	 1	 1	 2	 2	 1	449.12	  0.06
84	01	20	v	 0	 2	 0	 0	 1	 1	 1	 0	 1	 1	 1	498.05	  0.06
85	01	20	v	 0	 2	 0	 1	 1	 0	 1	 1	 2	 2	 1	422.74	  0.21
86	01	20	v	 0	 2	 0	 0	 1	 1	 1	 0	 1	 1	 1	411.24	  0.06
87	01	20	v	 0	 2	 0	 1	 1	 1	 1	 1	 2	 1	 0	455.12	  0.06
88	01	20	v	 0	 2	 0	 0	 1	 2	 1	 0	 1	 1	 1	483.37	  0.06
89	01	20	v	 0	 2	 0	 1	 1	 2	 1	 1	 2	 1	 0	404.18	  0.06
90	01	20	v	 0	 2	 0	 1	 0	 2	 1	 0	 2	 2	 1	433.41	  0.07
91	01	20	v	 0	 2	 0	 1	 0	 0	 1	 0	 2	 2	 1	751.21	  0.07
92	01	20	v	 0	 2	 0	 0	 0	 2	 1	 1	 1	 1	 1	392.48	  0.06
93	01	20	v	 0	 2	 0	 0	 0	 0	 1	 1	 1	 1	 1	543.27	  0.07
94	01	20	v	 0	 2	 0	 1	 0	 2	 1	 0	 2	 2	 1	526.76	  0.06
95	01	20	v	 0	 2	 0	 0	 1	 0	 1	 0	 1	 2	 0	683.05	  0.06
96	01	20	v	 0	 2	 1	 0	 1	 2	 2	 0	 1	 1	 1	654.26	  0.06
97	01	20	v	 0	 2	 1	 1	 1	 0	 2	 1	 2	 2	 1	612.12	  0.06
98	01	20	v	 0	 2	 1	 1	 0	 2	 2	 0	 2	 2	 1	557.25	  0.08
99	01	20	v	 0	 2	 1	 1	 0	 0	 2	 0	 2	 2	 1	494.54	  0.06
100	01	20	v	 0	 2	 1	 0	 1	 1	 2	 0	 1	 1	 1	410.84	  0.06
101	01	20	v	 0	 2	 1	 1	 1	 0	 2	 1	 2	 2	 1	504.86	  0.06
102	01	20	v	 0	 2	 1	 0	 0	 2	 2	 1	 1	 1	 1	365.63	  0.06
103	01	20	v	 0	 2	 1	 1	 1	 1	 2	 1	 2	 1	 0	418.26	  0.06
104	01	20	v	 0	 2	 1	 0	 0	 2	 2	 1	 1	 1	 1	490.41	  0.06
105	01	20	v	 0	 2	 1	 1	 0	 2	 2	 0	 2	 2	 1	591.12	  0.06
106	01	20	v	 0	 2	 1	 0	 0	 0	 2	 1	 1	 1	 1	646.09	  0.06
107	01	20	v	 0	 2	 1	 1	 1	 0	 2	 1	 2	 2	 1	387.20	  0.06
108	01	20	v	 0	 2	 1	 0	 0	 2	 2	 1	 1	 1	 1	462.40	  0.06
109	01	20	v	 0	 2	 1	 1	 0	 1	 2	 0	 2	 2	 1	548.98	  0.22
110	01	20	v	 0	 2	 1	 1	 0	 2	 2	 0	 2	 2	 1	498.46	  0.06
111	01	20	v	 0	 2	 1	 0	 0	 0	 2	 1	 1	 1	 1	394.35	  0.06
112	01	20	v	 0	 2	 1	 0	 0	 1	 2	 1	 1	 1	 1	518.33	  0.06
113	01	20	v	 0	 2	 1	 1	 1	 1	 2	 1	 2	 2	 1	424.73	  0.06
114	01	20	v	 0	 2	 1	 1	 0	 1	 2	 0	 2	 2	 1	618.26	  0.06
115	01	20	v	 0	 2	 1	 0	 0	 2	 2	 1	 1	 1	 1	458.00	  0.06
116	01	20	v	 0	 2	 1	 0	 0	 0	 2	 1	 1	 1	 1	523.19	  0.07
117	01	20	v	 0	 2	 1	 0	 0	 1	 2	 1	 1	 1	 1	546.01	  0.20
118	01	20	v	 0	 2	 1	 1	 0	 0	 2	 0	 2	 2	 1	441.34	  0.06
119	01	20	v	 0	 2	 1	 1	 1	 2	 2	 1	 2	 2	 1	562.01	  0.08
120	01	20	v	 0	 2	 1	 1	 1	 0	 2	 1	 2	 2	 1	569.23	  0.06
121	01	20	v	 0	 2	 1	 0	 1	 0	 2	 0	 1	 1	 1	621.48	  0.06
122	01	20	v	 0	 2	 1	 1	 1	 0	 2	 1	 2	 2	 1	482.64	  0.07
123	01	20	v	 0	 2	 1	 0	 0	 2	 2	 1	 1	 1	 1	529.65	  0.06
124	01	20	v	 0	 2	 1	 0	 0	 1	 2	 1	 1	 1	 1	781.74	  0.06
125	01	20	v	 0	 2	 1	 0	 1	 0	 2	 0	 1	 1	 1	587.60	  0.06
126	01	20	v	 0	 2	 1	 1	 0	 1	 2	 0	 2	 2	 1	512.57	  0.06
127	01	20	v	 0	 2	 1	 1	 0	 0	 2	 0	 2	 2	 1	582.72	  0.07
128	01	20	v	 0	 2	 1	 1	 1	 0	 2	 1	 2	 2	 1	767.28	  0.06
129	01	20	v	 0	 2	 1	 0	 1	 1	 2	 0	 1	 1	 1	466.00	  0.06
130	01	20	v	 0	 2	 1	 0	 1	 1	 2	 0	 1	 1	 1	522.88	  0.06
131	01	20	v	 0	 2	 1	 1	 1	 1	 2	 1	 2	 2	 1	470.13	  0.06
132	01	20	v	 0	 2	 1	 1	 1	 0	 2	 1	 2	 2	 1	702.17	  0.06
133	01	20	v	 0	 2	 1	 1	 1	 2	 2	 1	 2	 2	 1	773.41	  0.07
134	01	20	v	 0	 2	 1	 0	 0	 2	 2	 1	 1	 1	 1	513.18	  0.06
135	01	20	v	 0	 2	 1	 0	 1	 0	 2	 0	 1	 1	 1	389.98	  0.06
136	01	20	v	 0	 2	 1	 1	 0	 2	 2	 0	 2	 2	 1	558.26	  0.06
137	01	20	v	 0	 2	 1	 0	 1	 1	 2	 0	 1	 1	 1	393.43	  0.06
138	01	20	v	 0	 2	 1	 1	 0	 1	 2	 0	 2	 2	 1	1062.18	  0.06
139	01	20	v	 0	 2	 1	 0	 1	 0	 2	 0	 1	 1	 1	464.33	  0.06
140	01	20	v	 0	 2	 1	 1	 0	 0	 2	 0	 2	 2	 1	846.35	  0.06
141	01	20	v	 0	 2	 1	 1	 1	 2	 2	 1	 2	 2	 1	438.47	  0.06
142	01	20	v	 0	 2	 1	 0	 1	 2	 2	 0	 1	 1	 1	1015.16	  0.06
143	01	20	v	 0	 2	 1	 1	 0	 0	 2	 0	 2	 2	 1	459.50	  0.06
144	01	20	v	 0	 2	 1	 1	 0	 2	 2	 0	 2	 2	 1	612.69	  0.06
145	01	20	v	 0	 2	 1	 0	 1	 2	 2	 0	 1	 1	 1	356.56	  0.06
146	01	20	v	 0	 2	 1	 0	 1	 1	 2	 0	 1	 1	 1	592.57	  0.06
147	01	20	v	 0	 2	 1	 0	 1	 2	 2	 0	 1	 1	 1	576.59	  0.06
148	01	20	v	 0	 2	 1	 0	 0	 1	 2	 1	 1	 1	 1	457.18	  0.06
149	01	20	v	 0	 2	 1	 1	 0	 1	 2	 0	 2	 1	 0	464.21	  0.06
150	01	20	v	 0	 2	 1	 0	 1	 1	 2	 0	 1	 1	 1	411.93	  0.11
151	01	20	v	 0	 2	 1	 1	 1	 1	 2	 1	 2	 2	 1	627.24	  0.06
152	01	20	v	 0	 2	 1	 0	 1	 1	 2	 0	 1	 1	 1	524.64	  0.06
153	01	20	v	 0	 2	 1	 1	 0	 0	 2	 0	 2	 2	 1	626.98	  0.06
154	01	20	v	 0	 2	 1	 1	 1	 1	 2	 1	 2	 2	 1	431.54	  0.06
155	01	20	v	 0	 2	 1	 1	 1	 2	 2	 1	 2	 2	 1	503.67	  0.06
156	01	20	v	 0	 2	 1	 0	 1	 0	 2	 0	 1	 1	 1	549.17	  0.06
157	01	20	v	 0	 2	 1	 1	 0	 1	 2	 0	 2	 2	 1	427.28	  0.08
158	01	20	v	 0	 2	 1	 0	 0	 2	 2	 1	 1	 1	 1	440.23	  0.07
159	01	20	v	 0	 2	 1	 0	 0	 1	 2	 1	 1	 1	 1	357.05	  0.06
160	01	20	v	 0	 2	 1	 1	 1	 2	 2	 1	 2	 2	 1	476.66	  0.06
161	01	20	v	 0	 2	 1	 0	 0	 0	 2	 1	 1	 1	 1	481.00	  0.06
162	01	20	v	 0	 2	 1	 0	 0	 2	 2	 1	 1	 1	 1	405.98	  0.29
163	01	20	v	 0	 2	 1	 1	 1	 2	 2	 1	 2	 2	 1	406.37	  0.07
164	01	20	v	 0	 2	 1	 1	 0	 2	 2	 0	 2	 2	 1	689.42	  0.06
165	01	20	v	 0	 2	 1	 1	 0	 0	 2	 0	 2	 2	 1	524.24	  0.10
166	01	20	v	 0	 2	 1	 0	 1	 0	 2	 0	 1	 1	 1	429.46	  0.06
167	01	20	v	 0	 2	 1	 0	 0	 0	 2	 1	 1	 1	 1	563.87	  0.06
168	01	20	v	 0	 2	 1	 1	 1	 1	 2	 1	 2	 2	 1	629.28	  0.06
169	01	20	v	 0	 2	 1	 0	 1	 2	 2	 0	 1	 1	 1	488.96	  0.06
170	01	20	v	 0	 2	 1	 0	 1	 1	 2	 0	 1	 1	 1	568.70	  0.06
171	01	20	v	 0	 2	 1	 0	 0	 1	 2	 1	 1	 1	 1	468.25	  0.07
172	01	20	v	 0	 2	 1	 1	 0	 2	 2	 0	 2	 1	 0	390.32	  0.06
173	01	20	v	 0	 2	 1	 1	 0	 0	 2	 0	 2	 2	 1	544.88	  0.06
174	01	20	v	 0	 2	 1	 0	 0	 0	 2	 1	 1	 1	 1	632.30	  0.06
175	01	20	v	 0	 2	 1	 1	 1	 2	 2	 1	 2	 2	 1	378.62	  0.06
176	01	20	v	 0	 2	 1	 1	 1	 2	 2	 1	 2	 2	 1	564.37	  0.06
177	01	20	v	 0	 2	 1	 0	 0	 0	 2	 1	 1	 1	 1	570.69	  0.06
178	01	20	v	 0	 2	 1	 1	 1	 0	 2	 1	 2	 2	 1	611.69	  0.07
179	01	20	v	 0	 2	 1	 0	 1	 0	 2	 0	 1	 1	 1	610.61	  0.06
180	01	20	v	 0	 2	 1	 1	 0	 1	 2	 0	 2	 2	 1	585.31	  0.06
181	01	20	v	 0	 2	 1	 1	 0	 2	 2	 0	 2	 2	 1	1191.81	  0.06
182	01	20	v	 0	 2	 1	 0	 1	 2	 2	 0	 1	 1	 1	334.02	  0.09
183	01	20	v	 0	 2	 1	 0	 1	 0	 2	 0	 1	 1	 1	447.01	  0.06
184	01	20	v	 0	 2	 1	 0	 0	 1	 2	 1	 1	 1	 1	426.21	  0.06
185	01	20	v	 0	 2	 1	 1	 1	 1	 2	 1	 2	 2	 1	978.79	  0.06
186	01	20	v	 0	 2	 1	 1	 0	 1	 2	 0	 2	 1	 0	288.76	  0.06
187	01	20	v	 0	 2	 1	 0	 1	 2	 2	 0	 1	 1	 1	342.14	  0.06
188	01	20	v	 0	 2	 1	 0	 0	 0	 2	 1	 1	 1	 1	429.65	  0.06
189	01	20	v	 0	 2	 1	 0	 1	 2	 2	 0	 1	 1	 1	267.11	  0.06
190	01	20	v	 0	 2	 1	 1	 1	 1	 2	 1	 2	 2	 1	364.96	  0.06
191	01	20	v	 0	 2	 1	 0	 0	 1	 2	 1	 1	 1	 1	522.49	  0.06
192	01	20	v	 0	 2	 2	 1	 0	 2	 1	 0	 2	 2	 1	520.80	  0.06
193	01	20	v	 0	 2	 2	 0	 1	 1	 1	 0	 1	 1	 1	435.43	  0.07
194	01	20	v	 0	 2	 2	 1	 1	 2	 1	 1	 2	 2	 1	506.22	  0.06
195	01	20	v	 0	 2	 2	 1	 1	 0	 1	 1	 2	 1	 0	267.05	  0.06
196	01	20	v	 0	 2	 2	 1	 1	 2	 1	 1	 2	 2	 1	522.93	  0.06
197	01	20	v	 0	 2	 2	 1	 0	 2	 1	 0	 2	 2	 1	487.69	  0.06
198	01	20	v	 0	 2	 2	 0	 1	 0	 1	 0	 1	 1	 1	542.78	  0.06
199	01	20	v	 0	 2	 2	 0	 0	 0	 1	 1	 1	 1	 1	464.32	  0.06
200	01	20	v	 0	 2	 2	 1	 0	 0	 1	 0	 2	 2	 1	571.04	  0.09
201	01	20	v	 0	 2	 2	 1	 1	 1	 1	 1	 2	 2	 1	607.08	  0.09
202	01	20	v	 0	 2	 2	 0	 1	 0	 1	 0	 1	 1	 1	1044.75	  0.06
203	01	20	v	 0	 2	 2	 1	 0	 0	 1	 0	 2	 2	 1	859.84	  0.06
204	01	20	v	 0	 2	 2	 0	 0	 1	 1	 1	 1	 1	 1	1481.33	  0.06
205	01	20	v	 0	 2	 2	 0	 0	 1	 1	 1	 1	 0	 0	2000.21	  0.00
206	01	20	v	 0	 2	 2	 1	 1	 0	 1	 1	 2	 2	 1	581.29	  0.06
207	01	20	v	 0	 2	 2	 0	 1	 1	 1	 0	 1	 1	 1	374.08	  0.06
208	01	20	v	 0	 2	 2	 0	 0	 0	 1	 1	 1	 1	 1	480.43	  0.06
209	01	20	v	 0	 2	 2	 1	 1	 2	 1	 1	 2	 2	 1	493.72	  0.06
210	01	20	v	 0	 2	 2	 0	 1	 2	 1	 0	 1	 1	 1	418.44	  0.06
211	01	20	v	 0	 2	 2	 1	 1	 2	 1	 1	 2	 2	 1	478.57	  0.06
212	01	20	v	 0	 2	 2	 0	 0	 1	 1	 1	 1	 1	 1	458.47	  0.06
213	01	20	v	 0	 2	 2	 0	 1	 0	 1	 0	 1	 1	 1	696.17	  0.10
214	01	20	v	 0	 2	 2	 0	 0	 2	 1	 1	 1	 1	 1	457.92	  0.07
215	01	20	v	 0	 2	 2	 0	 1	 0	 1	 0	 1	 1	 1	489.61	  0.06
216	01	20	v	 0	 2	 2	 1	 1	 0	 1	 1	 2	 2	 1	485.80	  0.26
217	01	20	v	 0	 2	 2	 1	 0	 1	 1	 0	 2	 2	 1	995.72	  0.06
218	01	20	v	 0	 2	 2	 0	 1	 1	 1	 0	 1	 1	 1	629.64	  0.06
219	01	20	v	 0	 2	 2	 1	 0	 0	 1	 0	 2	 2	 1	451.45	  0.07
220	01	20	v	 0	 2	 2	 1	 1	 1	 1	 1	 2	 1	 0	450.49	  0.08
221	01	20	v	 0	 2	 2	 1	 0	 0	 1	 0	 2	 2	 1	583.12	  0.07
222	01	20	v	 0	 2	 2	 1	 0	 2	 1	 0	 2	 2	 1	852.32	  0.06
223	01	20	v	 0	 2	 2	 0	 0	 2	 1	 1	 1	 1	 1	635.77	  0.06
224	01	20	v	 0	 2	 2	 0	 0	 1	 1	 1	 1	 1	 1	1256.27	  0.06
225	01	20	v	 0	 2	 2	 1	 0	 2	 1	 0	 2	 2	 1	597.51	  0.06
226	01	20	v	 0	 2	 2	 0	 0	 2	 1	 1	 1	 1	 1	715.19	  0.06
227	01	20	v	 0	 2	 2	 1	 1	 1	 1	 1	 2	 2	 1	426.02	  0.06
228	01	20	v	 0	 2	 2	 0	 1	 2	 1	 0	 1	 1	 1	689.88	  0.20
229	01	20	v	 0	 2	 2	 1	 0	 0	 1	 0	 2	 2	 1	887.56	  0.13
230	01	20	v	 0	 2	 2	 0	 0	 0	 1	 1	 1	 1	 1	747.61	  0.08
231	01	20	v	 0	 2	 2	 0	 0	 2	 1	 1	 1	 1	 1	610.43	  0.06
232	01	20	v	 0	 2	 2	 1	 0	 0	 1	 0	 2	 2	 1	417.80	  0.06
233	01	20	v	 0	 2	 2	 1	 0	 0	 1	 0	 2	 2	 1	529.12	  0.06
234	01	20	v	 0	 2	 2	 0	 0	 0	 1	 1	 1	 1	 1	505.93	  0.07
235	01	20	v	 0	 2	 2	 1	 1	 0	 1	 1	 2	 2	 1	573.97	  0.06
236	01	20	v	 0	 2	 2	 0	 1	 2	 1	 0	 1	 1	 1	271.57	  0.06
237	01	20	v	 0	 2	 2	 0	 1	 1	 1	 0	 1	 1	 1	481.48	  0.06
238	01	20	v	 0	 2	 2	 0	 0	 1	 1	 1	 1	 1	 1	574.30	  0.06
239	01	20	v	 0	 2	 2	 1	 1	 0	 1	 1	 2	 2	 1	1908.26	  0.06
240	01	20	v	 0	 2	 2	 1	 0	 1	 1	 0	 2	 2	 1	567.45	  0.06
241	01	20	v	 0	 2	 2	 1	 1	 1	 1	 1	 2	 2	 1	590.89	  0.06
242	01	20	v	 0	 2	 2	 0	 1	 2	 1	 0	 1	 1	 1	553.64	  0.19
243	01	20	v	 0	 2	 2	 1	 0	 2	 1	 0	 2	 2	 1	924.55	  0.06
244	01	20	v	 0	 2	 2	 0	 1	 0	 1	 0	 1	 1	 1	569.44	  0.06
245	01	20	v	 0	 2	 2	 1	 1	 2	 1	 1	 2	 2	 1	375.89	  0.06
246	01	20	v	 0	 2	 2	 1	 0	 1	 1	 0	 2	 1	 0	431.18	  0.06
247	01	20	v	 0	 2	 2	 0	 1	 1	 1	 0	 1	 1	 1	574.78	  0.06
248	01	20	v	 0	 2	 2	 1	 1	 1	 1	 1	 2	 2	 1	572.64	  0.06
249	01	20	v	 0	 2	 2	 0	 1	 1	 1	 0	 1	 1	 1	732.44	  0.06
250	01	20	v	 0	 2	 2	 1	 0	 2	 1	 0	 2	 2	 1	705.64	  0.06
251	01	20	v	 0	 2	 2	 0	 0	 1	 1	 1	 1	 1	 1	580.05	  0.11
252	01	20	v	 0	 2	 2	 1	 0	 0	 1	 0	 2	 2	 1	1580.59	  0.23
253	01	20	v	 0	 2	 2	 1	 0	 1	 1	 0	 2	 1	 0	599.01	  0.06
254	01	20	v	 0	 2	 2	 1	 1	 2	 1	 1	 2	 2	 1	373.50	  0.06
255	01	20	v	 0	 2	 2	 0	 0	 2	 1	 1	 1	 1	 1	432.69	  0.06
256	01	20	v	 0	 2	 2	 0	 0	 0	 1	 1	 1	 2	 0	1093.32	  0.14
257	01	20	v	 0	 2	 2	 0	 1	 2	 1	 0	 1	 1	 1	494.07	  0.06
258	01	20	v	 0	 2	 2	 0	 0	 1	 1	 1	 1	 1	 1	414.42	  0.07
259	01	20	v	 0	 2	 2	 1	 0	 1	 1	 0	 2	 2	 1	1177.51	  0.06
260	01	20	v	 0	 2	 2	 0	 0	 2	 1	 1	 1	 1	 1	425.18	  0.07
261	01	20	v	 0	 2	 2	 0	 0	 1	 1	 1	 1	 1	 1	931.65	  0.09
262	01	20	v	 0	 2	 2	 1	 0	 2	 1	 0	 2	 2	 1	458.19	  0.06
263	01	20	v	 0	 2	 2	 0	 1	 1	 1	 0	 1	 1	 1	556.85	  0.06
264	01	20	v	 0	 2	 2	 1	 1	 0	 1	 1	 2	 2	 1	623.77	  0.06
265	01	20	v	 0	 2	 2	 0	 1	 0	 1	 0	 1	 1	 1	375.84	  0.07
266	01	20	v	 0	 2	 2	 1	 1	 0	 1	 1	 2	 2	 1	523.75	  0.06
267	01	20	v	 0	 2	 2	 0	 1	 2	 1	 0	 1	 1	 1	533.06	  0.06
268	01	20	v	 0	 2	 2	 1	 1	 0	 1	 1	 2	 2	 1	701.45	  0.06
269	01	20	v	 0	 2	 2	 0	 0	 0	 1	 1	 1	 1	 1	525.57	  0.11
270	01	20	v	 0	 2	 2	 0	 0	 0	 1	 1	 1	 1	 1	481.89	  0.21
271	01	20	v	 0	 2	 2	 1	 1	 1	 1	 1	 2	 2	 1	771.01	  0.07
272	01	20	v	 0	 2	 2	 1	 1	 2	 1	 1	 2	 2	 1	561.83	  0.06
273	01	20	v	 0	 2	 2	 1	 0	 1	 1	 0	 2	 2	 1	555.86	  0.08
274	01	20	v	 0	 2	 2	 1	 1	 1	 1	 1	 2	 2	 1	533.73	  0.06
275	01	20	v	 0	 2	 2	 0	 0	 2	 1	 1	 1	 1	 1	510.41	  0.10
276	01	20	v	 0	 2	 2	 0	 1	 1	 1	 0	 1	 1	 1	588.50	  0.06
277	01	20	v	 0	 2	 2	 0	 1	 0	 1	 0	 1	 1	 1	567.62	  0.06
278	01	20	v	 0	 2	 2	 1	 0	 1	 1	 0	 2	 0	 0	2000.16	  0.00
279	01	20	v	 0	 2	 2	 1	 0	 1	 1	 0	 2	 2	 1	663.56	  0.06
280	01	20	v	 0	 2	 2	 1	 1	 2	 1	 1	 2	 2	 1	583.78	  0.08
281	01	20	v	 0	 2	 2	 0	 0	 2	 1	 1	 1	 1	 1	564.17	  0.06
282	01	20	v	 0	 2	 2	 0	 1	 2	 1	 0	 1	 2	 0	663.25	  0.08
283	01	20	v	 0	 2	 2	 1	 0	 2	 1	 0	 2	 2	 1	675.23	  0.07
284	01	20	v	 0	 2	 2	 0	 1	 0	 1	 0	 1	 1	 1	518.44	  0.06
285	01	20	v	 0	 2	 2	 0	 0	 0	 1	 1	 1	 1	 1	512.47	  0.07
286	01	20	v	 0	 2	 2	 0	 1	 2	 1	 0	 1	 1	 1	523.23	  0.06
287	01	20	v	 0	 2	 2	 1	 1	 1	 1	 1	 2	 2	 1	613.39	  0.06
288	01	20	v	 0	 2	 3	 0	 1	 1	 2	 0	 1	 1	 1	515.83	  0.06
289	01	20	v	 0	 2	 3	 1	 1	 1	 2	 1	 2	 2	 1	356.39	  0.19
290	01	20	v	 0	 2	 3	 0	 1	 1	 2	 0	 1	 1	 1	480.06	  0.06
291	01	20	v	 0	 2	 3	 1	 1	 1	 2	 1	 2	 2	 1	618.11	  0.06
292	01	20	v	 0	 2	 3	 0	 0	 1	 2	 1	 1	 1	 1	466.99	  0.06
293	01	20	v	 0	 2	 3	 1	 1	 1	 2	 1	 2	 2	 1	614.40	  0.06
294	01	20	v	 0	 2	 3	 1	 1	 2	 2	 1	 2	 2	 1	583.52	  0.06
295	01	20	v	 0	 2	 3	 0	 0	 0	 2	 1	 1	 1	 1	384.68	  0.06
296	01	20	v	 0	 2	 3	 1	 1	 0	 2	 1	 2	 2	 1	451.85	  0.06
297	01	20	v	 0	 2	 3	 1	 1	 1	 2	 1	 2	 2	 1	693.56	  0.06
298	01	20	v	 0	 2	 3	 1	 1	 2	 2	 1	 2	 2	 1	523.06	  0.06
299	01	20	v	 0	 2	 3	 0	 0	 1	 2	 1	 1	 1	 1	433.78	  0.06
300	01	20	v	 0	 2	 3	 1	 0	 1	 2	 0	 2	 2	 1	777.06	  0.06
301	01	20	v	 0	 2	 3	 0	 1	 2	 2	 0	 1	 1	 1	469.57	  0.06
302	01	20	v	 0	 2	 3	 1	 0	 1	 2	 0	 2	 2	 1	919.01	  0.07
303	01	20	v	 0	 2	 3	 1	 0	 0	 2	 0	 2	 2	 1	872.06	  0.06
304	01	20	v	 0	 2	 3	 1	 0	 0	 2	 0	 2	 2	 1	578.17	  0.08
305	01	20	v	 0	 2	 3	 1	 1	 0	 2	 1	 2	 2	 1	680.19	  0.07
306	01	20	v	 0	 2	 3	 0	 0	 0	 2	 1	 1	 1	 1	712.16	  0.08
307	01	20	v	 0	 2	 3	 0	 0	 1	 2	 1	 1	 1	 1	673.76	  0.06
308	01	20	v	 0	 2	 3	 0	 0	 0	 2	 1	 1	 1	 1	580.22	  0.06
309	01	20	v	 0	 2	 3	 0	 0	 0	 2	 1	 1	 1	 1	606.41	  0.08
310	01	20	v	 0	 2	 3	 1	 1	 1	 2	 1	 2	 2	 1	455.71	  0.06
311	01	20	v	 0	 2	 3	 1	 0	 2	 2	 0	 2	 2	 1	709.59	  0.06
312	01	20	v	 0	 2	 3	 0	 1	 0	 2	 0	 1	 1	 1	420.31	  0.06
313	01	20	v	 0	 2	 3	 0	 0	 0	 2	 1	 1	 1	 1	527.22	  0.06
314	01	20	v	 0	 2	 3	 1	 0	 2	 2	 0	 2	 2	 1	578.80	  0.06
315	01	20	v	 0	 2	 3	 1	 0	 2	 2	 0	 2	 2	 1	560.27	  0.10
316	01	20	v	 0	 2	 3	 1	 0	 2	 2	 0	 2	 2	 1	532.80	  0.06
317	01	20	v	 0	 2	 3	 0	 0	 2	 2	 1	 1	 1	 1	463.17	  0.06
318	01	20	v	 0	 2	 3	 0	 1	 0	 2	 0	 1	 1	 1	531.36	  0.07
319	01	20	v	 0	 2	 3	 1	 1	 2	 2	 1	 2	 2	 1	440.55	  0.06
320	01	20	v	 0	 2	 3	 1	 0	 1	 2	 0	 2	 2	 1	770.17	  0.06
321	01	20	v	 0	 2	 3	 1	 0	 0	 2	 0	 2	 2	 1	539.74	  0.06
322	01	20	v	 0	 2	 3	 0	 1	 2	 2	 0	 1	 1	 1	486.52	  0.09
323	01	20	v	 0	 2	 3	 1	 1	 0	 2	 1	 2	 2	 1	1105.93	  0.07
324	01	20	v	 0	 2	 3	 1	 0	 1	 2	 0	 2	 2	 1	543.02	  0.06
325	01	20	v	 0	 2	 3	 1	 1	 0	 2	 1	 2	 2	 1	685.47	  0.09
326	01	20	v	 0	 2	 3	 1	 0	 2	 2	 0	 2	 2	 1	736.57	  0.06
327	01	20	v	 0	 2	 3	 0	 1	 1	 2	 0	 1	 1	 1	604.43	  0.06
328	01	20	v	 0	 2	 3	 0	 0	 2	 2	 1	 1	 1	 1	469.84	  0.06
329	01	20	v	 0	 2	 3	 0	 0	 2	 2	 1	 1	 1	 1	433.77	  0.07
330	01	20	v	 0	 2	 3	 0	 0	 2	 2	 1	 1	 1	 1	548.09	  0.06
331	01	20	v	 0	 2	 3	 1	 0	 0	 2	 0	 2	 2	 1	556.52	  0.06
332	01	20	v	 0	 2	 3	 0	 0	 0	 2	 1	 1	 1	 1	518.52	  0.06
333	01	20	v	 0	 2	 3	 1	 1	 0	 2	 1	 2	 2	 1	566.43	  0.06
334	01	20	v	 0	 2	 3	 1	 1	 2	 2	 1	 2	 2	 1	438.87	  0.06
335	01	20	v	 0	 2	 3	 1	 0	 0	 2	 0	 2	 2	 1	1743.19	  0.06
336	01	20	v	 0	 2	 3	 0	 0	 1	 2	 1	 1	 1	 1	397.14	  0.06
337	01	20	v	 0	 2	 3	 1	 1	 0	 2	 1	 2	 2	 1	388.25	  0.06
338	01	20	v	 0	 2	 3	 0	 1	 0	 2	 0	 1	 1	 1	1057.36	  0.06
339	01	20	v	 0	 2	 3	 0	 1	 1	 2	 0	 1	 1	 1	443.75	  0.09
340	01	20	v	 0	 2	 3	 1	 0	 2	 2	 0	 2	 2	 1	536.01	  0.07
341	01	20	v	 0	 2	 3	 1	 0	 2	 2	 0	 2	 2	 1	381.97	  0.06
342	01	20	v	 0	 2	 3	 0	 0	 1	 2	 1	 1	 1	 1	466.40	  0.06
343	01	20	v	 0	 2	 3	 0	 0	 2	 2	 1	 1	 1	 1	455.81	  0.06
344	01	20	v	 0	 2	 3	 0	 0	 1	 2	 1	 1	 1	 1	504.70	  0.06
345	01	20	v	 0	 2	 3	 0	 1	 0	 2	 0	 1	 1	 1	415.40	  0.06
346	01	20	v	 0	 2	 3	 1	 0	 1	 2	 0	 2	 2	 1	651.26	  0.06
347	01	20	v	 0	 2	 3	 0	 1	 1	 2	 0	 1	 1	 1	451.41	  0.08
348	01	20	v	 0	 2	 3	 0	 0	 2	 2	 1	 1	 1	 1	516.58	  0.11
349	01	20	v	 0	 2	 3	 0	 1	 0	 2	 0	 1	 1	 1	415.19	  0.06
350	01	20	v	 0	 2	 3	 0	 1	 2	 2	 0	 1	 1	 1	496.82	  0.06
351	01	20	v	 0	 2	 3	 1	 0	 0	 2	 0	 2	 2	 1	413.14	  0.06
352	01	20	v	 0	 2	 3	 0	 0	 1	 2	 1	 1	 1	 1	570.23	  0.06
353	01	20	v	 0	 2	 3	 1	 0	 1	 2	 0	 2	 1	 0	372.44	  0.06
354	01	20	v	 0	 2	 3	 0	 0	 0	 2	 1	 1	 1	 1	423.75	  0.07
355	01	20	v	 0	 2	 3	 0	 1	 2	 2	 0	 1	 2	 0	395.67	  0.06
356	01	20	v	 0	 2	 3	 0	 1	 0	 2	 0	 1	 1	 1	411.74	  0.06
357	01	20	v	 0	 2	 3	 1	 0	 1	 2	 0	 2	 2	 1	509.48	  0.06
358	01	20	v	 0	 2	 3	 0	 1	 2	 2	 0	 1	 1	 1	495.95	  0.11
359	01	20	v	 0	 2	 3	 1	 1	 1	 2	 1	 2	 2	 1	516.30	  0.24
360	01	20	v	 0	 2	 3	 1	 1	 1	 2	 1	 2	 2	 1	448.45	  0.06
361	01	20	v	 0	 2	 3	 1	 0	 0	 2	 0	 2	 2	 1	565.22	  0.09
362	01	20	v	 0	 2	 3	 1	 1	 0	 2	 1	 2	 2	 1	493.06	  0.06
363	01	20	v	 0	 2	 3	 0	 0	 1	 2	 1	 1	 1	 1	254.39	  0.06
364	01	20	v	 0	 2	 3	 1	 0	 1	 2	 0	 2	 2	 1	742.03	  0.06
365	01	20	v	 0	 2	 3	 0	 0	 2	 2	 1	 1	 1	 1	375.69	  0.20
366	01	20	v	 0	 2	 3	 1	 1	 2	 2	 1	 2	 2	 1	460.33	  0.06
367	01	20	v	 0	 2	 3	 1	 1	 2	 2	 1	 2	 2	 1	509.30	  0.07
368	01	20	v	 0	 2	 3	 0	 1	 1	 2	 0	 1	 1	 1	340.63	  0.06
369	01	20	v	 0	 2	 3	 0	 0	 2	 2	 1	 1	 1	 1	607.79	  0.06
370	01	20	v	 0	 2	 3	 1	 1	 2	 2	 1	 2	 2	 1	514.53	  0.06
371	01	20	v	 0	 2	 3	 1	 0	 0	 2	 0	 2	 2	 1	790.01	  0.06
372	01	20	v	 0	 2	 3	 0	 1	 1	 2	 0	 1	 1	 1	694.20	  0.06
373	01	20	v	 0	 2	 3	 0	 0	 0	 2	 1	 1	 2	 0	770.48	  0.06
374	01	20	v	 0	 2	 3	 0	 1	 1	 2	 0	 1	 1	 1	685.63	  0.09
375	01	20	v	 0	 2	 3	 0	 1	 2	 2	 0	 1	 1	 1	552.96	  0.06
376	01	20	v	 0	 2	 3	 1	 1	 0	 2	 1	 2	 2	 1	522.78	  0.06
377	01	20	v	 0	 2	 3	 1	 1	 1	 2	 1	 2	 2	 1	499.75	  0.09
378	01	20	v	 0	 2	 3	 0	 1	 0	 2	 0	 1	 1	 1	495.52	  0.06
379	01	20	v	 0	 2	 3	 0	 1	 0	 2	 0	 1	 1	 1	441.41	  0.06
380	01	20	v	 0	 2	 3	 1	 1	 2	 2	 1	 2	 2	 1	482.55	  0.06
381	01	20	v	 0	 2	 3	 0	 1	 2	 2	 0	 1	 1	 1	480.02	  0.06
382	01	20	v	 0	 2	 3	 0	 1	 2	 2	 0	 1	 1	 1	459.83	  0.07
383	01	20	v	 0	 2	 3	 1	 0	 2	 2	 0	 2	 2	 1	659.88	  0.21
