00	16	18	v	 0	 1	 0	 0	 0	 2	 1	 1	 1	 1	 1	433.24	  0.06
01	16	18	v	 0	 1	 0	 1	 0	 0	 1	 0	 2	 2	 1	417.23	  0.06
02	16	18	v	 0	 1	 0	 0	 0	 1	 1	 1	 1	 1	 1	486.19	  0.06
03	16	18	v	 0	 1	 0	 1	 0	 2	 1	 0	 2	 2	 1	389.68	  0.06
04	16	18	v	 0	 1	 0	 1	 0	 0	 1	 0	 2	 2	 1	490.27	  0.06
05	16	18	v	 0	 1	 0	 1	 0	 2	 1	 0	 2	 2	 1	505.51	  0.07
06	16	18	v	 0	 1	 0	 0	 0	 0	 1	 1	 1	 1	 1	374.38	  0.06
07	16	18	v	 0	 1	 0	 1	 0	 0	 1	 0	 2	 2	 1	458.34	  0.06
08	16	18	v	 0	 1	 0	 0	 1	 1	 1	 0	 1	 1	 1	434.10	  0.07
09	16	18	v	 0	 1	 0	 0	 1	 0	 1	 0	 1	 1	 1	496.41	  0.06
10	16	18	v	 0	 1	 0	 1	 1	 0	 1	 1	 2	 2	 1	399.57	  0.07
11	16	18	v	 0	 1	 0	 1	 1	 0	 1	 1	 2	 2	 1	398.52	  0.06
12	16	18	v	 0	 1	 0	 0	 0	 0	 1	 1	 1	 1	 1	375.56	  0.06
13	16	18	v	 0	 1	 0	 1	 0	 1	 1	 0	 2	 2	 1	363.87	  0.06
14	16	18	v	 0	 1	 0	 1	 1	 2	 1	 1	 2	 2	 1	503.90	  0.06
15	16	18	v	 0	 1	 0	 1	 1	 2	 1	 1	 2	 2	 1	385.71	  0.09
16	16	18	v	 0	 1	 0	 0	 0	 1	 1	 1	 1	 1	 1	389.35	  0.06
17	16	18	v	 0	 1	 0	 1	 1	 0	 1	 1	 2	 2	 1	410.98	  0.21
18	16	18	v	 0	 1	 0	 0	 0	 2	 1	 1	 1	 1	 1	420.51	  0.06
19	16	18	v	 0	 1	 0	 1	 1	 1	 1	 1	 2	 2	 1	454.92	  0.06
20	16	18	v	 0	 1	 0	 0	 0	 2	 1	 1	 1	 1	 1	370.35	  0.08
21	16	18	v	 0	 1	 0	 1	 0	 2	 1	 0	 2	 2	 1	417.43	  0.07
22	16	18	v	 0	 1	 0	 0	 1	 0	 1	 0	 1	 1	 1	908.41	  0.06
23	16	18	v	 0	 1	 0	 1	 0	 2	 1	 0	 2	 2	 1	436.46	  0.06
24	16	18	v	 0	 1	 0	 0	 1	 1	 1	 0	 1	 1	 1	394.38	  0.06
25	16	18	v	 0	 1	 0	 0	 1	 1	 1	 0	 1	 1	 1	456.72	  0.06
26	16	18	v	 0	 1	 0	 1	 1	 1	 1	 1	 2	 2	 1	433.55	  0.06
27	16	18	v	 0	 1	 0	 0	 0	 0	 1	 1	 1	 1	 1	602.53	  0.06
28	16	18	v	 0	 1	 0	 1	 1	 1	 1	 1	 2	 2	 1	459.18	  0.06
29	16	18	v	 0	 1	 0	 1	 0	 1	 1	 0	 2	 2	 1	571.02	  0.06
30	16	18	v	 0	 1	 0	 0	 0	 1	 1	 1	 1	 1	 1	373.10	  0.06
31	16	18	v	 0	 1	 0	 1	 1	 2	 1	 1	 2	 1	 0	503.37	  0.06
32	16	18	v	 0	 1	 0	 0	 1	 0	 1	 0	 1	 1	 1	498.51	  0.06
33	16	18	v	 0	 1	 0	 0	 1	 1	 1	 0	 1	 1	 1	543.83	  0.06
34	16	18	v	 0	 1	 0	 0	 1	 1	 1	 0	 1	 1	 1	494.12	  0.06
35	16	18	v	 0	 1	 0	 0	 1	 0	 1	 0	 1	 1	 1	546.56	  0.06
36	16	18	v	 0	 1	 0	 1	 0	 1	 1	 0	 2	 2	 1	529.36	  0.19
37	16	18	v	 0	 1	 0	 0	 0	 0	 1	 1	 1	 1	 1	455.55	  0.08
38	16	18	v	 0	 1	 0	 0	 1	 2	 1	 0	 1	 1	 1	488.01	  0.24
39	16	18	v	 0	 1	 0	 0	 0	 1	 1	 1	 1	 1	 1	476.37	  0.06
40	16	18	v	 0	 1	 0	 0	 0	 1	 1	 1	 1	 1	 1	519.21	  0.06
41	16	18	v	 0	 1	 0	 1	 1	 1	 1	 1	 2	 2	 1	804.71	  0.06
42	16	18	v	 0	 1	 0	 1	 1	 2	 1	 1	 2	 2	 1	433.06	  0.22
43	16	18	v	 0	 1	 0	 0	 1	 1	 1	 0	 1	 1	 1	462.74	  0.06
44	16	18	v	 0	 1	 0	 1	 1	 1	 1	 1	 2	 2	 1	405.85	  0.06
45	16	18	v	 0	 1	 0	 1	 1	 2	 1	 1	 2	 2	 1	442.80	  0.19
46	16	18	v	 0	 1	 0	 1	 1	 0	 1	 1	 2	 2	 1	488.54	  0.07
47	16	18	v	 0	 1	 0	 0	 1	 0	 1	 0	 1	 1	 1	367.88	  0.12
48	16	18	v	 0	 1	 0	 1	 0	 1	 1	 0	 2	 2	 1	473.78	  0.06
49	16	18	v	 0	 1	 0	 0	 0	 2	 1	 1	 1	 1	 1	642.27	  0.12
50	16	18	v	 0	 1	 0	 1	 1	 2	 1	 1	 2	 2	 1	446.10	  0.06
51	16	18	v	 0	 1	 0	 0	 1	 0	 1	 0	 1	 1	 1	437.92	  0.06
52	16	18	v	 0	 1	 0	 0	 0	 0	 1	 1	 1	 1	 1	479.49	  0.06
53	16	18	v	 0	 1	 0	 1	 0	 2	 1	 0	 2	 2	 1	430.26	  0.06
54	16	18	v	 0	 1	 0	 1	 0	 1	 1	 0	 2	 2	 1	526.58	  0.06
55	16	18	v	 0	 1	 0	 0	 1	 1	 1	 0	 1	 1	 1	390.76	  0.06
56	16	18	v	 0	 1	 0	 0	 1	 2	 1	 0	 1	 1	 1	511.48	  0.06
57	16	18	v	 0	 1	 0	 1	 1	 1	 1	 1	 2	 2	 1	409.54	  0.06
58	16	18	v	 0	 1	 0	 1	 0	 0	 1	 0	 2	 2	 1	496.23	  0.08
59	16	18	v	 0	 1	 0	 0	 1	 2	 1	 0	 1	 1	 1	424.38	  0.07
60	16	18	v	 0	 1	 0	 1	 0	 0	 1	 0	 2	 2	 1	425.62	  0.06
61	16	18	v	 0	 1	 0	 1	 1	 1	 1	 1	 2	 1	 0	371.87	  0.06
62	16	18	v	 0	 1	 0	 1	 0	 0	 1	 0	 2	 2	 1	531.38	  0.06
63	16	18	v	 0	 1	 0	 1	 1	 0	 1	 1	 2	 2	 1	489.73	  0.06
64	16	18	v	 0	 1	 0	 0	 1	 2	 1	 0	 1	 1	 1	335.75	  0.07
65	16	18	v	 0	 1	 0	 1	 1	 1	 1	 1	 2	 2	 1	492.80	  0.06
66	16	18	v	 0	 1	 0	 1	 1	 0	 1	 1	 2	 2	 1	500.80	  0.06
67	16	18	v	 0	 1	 0	 0	 1	 1	 1	 0	 1	 1	 1	430.03	  0.07
68	16	18	v	 0	 1	 0	 0	 0	 2	 1	 1	 1	 1	 1	418.18	  0.07
69	16	18	v	 0	 1	 0	 1	 1	 2	 1	 1	 2	 2	 1	369.72	  0.06
70	16	18	v	 0	 1	 0	 1	 0	 0	 1	 0	 2	 2	 1	437.98	  0.06
71	16	18	v	 0	 1	 0	 1	 1	 0	 1	 1	 2	 2	 1	400.07	  0.06
72	16	18	v	 0	 1	 0	 1	 0	 2	 1	 0	 2	 2	 1	495.08	  0.06
73	16	18	v	 0	 1	 0	 0	 0	 0	 1	 1	 1	 1	 1	611.88	  0.06
74	16	18	v	 0	 1	 0	 0	 0	 1	 1	 1	 1	 1	 1	1016.50	  0.06
75	16	18	v	 0	 1	 0	 0	 0	 2	 1	 1	 1	 1	 1	595.35	  0.07
76	16	18	v	 0	 1	 0	 0	 0	 0	 1	 1	 1	 1	 1	607.62	  0.06
77	16	18	v	 0	 1	 0	 1	 0	 2	 1	 0	 2	 2	 1	452.23	  0.06
78	16	18	v	 0	 1	 0	 0	 1	 2	 1	 0	 1	 1	 1	530.31	  0.06
79	16	18	v	 0	 1	 0	 0	 0	 2	 1	 1	 1	 1	 1	485.08	  0.08
80	16	18	v	 0	 1	 0	 0	 0	 1	 1	 1	 1	 1	 1	497.97	  0.06
81	16	18	v	 0	 1	 0	 0	 1	 2	 1	 0	 1	 1	 1	506.86	  0.06
82	16	18	v	 0	 1	 0	 1	 1	 2	 1	 1	 2	 2	 1	471.30	  0.06
83	16	18	v	 0	 1	 0	 0	 1	 0	 1	 0	 1	 1	 1	728.71	  0.07
84	16	18	v	 0	 1	 0	 1	 0	 1	 1	 0	 2	 2	 1	530.21	  0.06
85	16	18	v	 0	 1	 0	 0	 0	 0	 1	 1	 1	 1	 1	494.23	  0.06
86	16	18	v	 0	 1	 0	 1	 0	 1	 1	 0	 2	 2	 1	710.91	  0.06
87	16	18	v	 0	 1	 0	 1	 0	 2	 1	 0	 2	 2	 1	480.42	  0.06
88	16	18	v	 0	 1	 0	 0	 0	 2	 1	 1	 1	 1	 1	886.38	  0.20
89	16	18	v	 0	 1	 0	 1	 0	 0	 1	 0	 2	 2	 1	549.07	  0.06
90	16	18	v	 0	 1	 0	 0	 1	 2	 1	 0	 1	 1	 1	531.93	  0.06
91	16	18	v	 0	 1	 0	 1	 1	 0	 1	 1	 2	 2	 1	498.74	  0.06
92	16	18	v	 0	 1	 0	 0	 1	 0	 1	 0	 1	 1	 1	503.02	  0.06
93	16	18	v	 0	 1	 0	 0	 0	 1	 1	 1	 1	 1	 1	513.76	  0.06
94	16	18	v	 0	 1	 0	 1	 0	 1	 1	 0	 2	 2	 1	1005.45	  0.06
95	16	18	v	 0	 1	 0	 0	 1	 2	 1	 0	 1	 1	 1	831.33	  0.06
96	16	18	v	 0	 1	 1	 1	 1	 1	 2	 1	 2	 2	 1	551.65	  0.21
97	16	18	v	 0	 1	 1	 1	 0	 1	 2	 0	 2	 2	 1	478.91	  0.06
98	16	18	v	 0	 1	 1	 0	 1	 1	 2	 0	 1	 1	 1	454.10	  0.06
99	16	18	v	 0	 1	 1	 1	 1	 0	 2	 1	 2	 2	 1	584.36	  0.06
100	16	18	v	 0	 1	 1	 1	 0	 0	 2	 0	 2	 2	 1	530.27	  0.06
101	16	18	v	 0	 1	 1	 1	 0	 2	 2	 0	 2	 2	 1	537.70	  0.06
102	16	18	v	 0	 1	 1	 0	 0	 2	 2	 1	 1	 1	 1	384.08	  0.20
103	16	18	v	 0	 1	 1	 0	 1	 0	 2	 0	 1	 1	 1	500.54	  0.06
104	16	18	v	 0	 1	 1	 0	 1	 0	 2	 0	 1	 1	 1	466.54	  0.13
105	16	18	v	 0	 1	 1	 1	 0	 1	 2	 0	 2	 2	 1	476.96	  0.07
106	16	18	v	 0	 1	 1	 1	 0	 1	 2	 0	 2	 2	 1	507.37	  0.06
107	16	18	v	 0	 1	 1	 1	 0	 0	 2	 0	 2	 2	 1	363.87	  0.06
108	16	18	v	 0	 1	 1	 1	 1	 2	 2	 1	 2	 2	 1	513.99	  0.06
109	16	18	v	 0	 1	 1	 0	 0	 0	 2	 1	 1	 1	 1	344.97	  0.06
110	16	18	v	 0	 1	 1	 1	 0	 1	 2	 0	 2	 2	 1	490.26	  0.06
111	16	18	v	 0	 1	 1	 0	 1	 0	 2	 0	 1	 1	 1	648.93	  0.06
112	16	18	v	 0	 1	 1	 1	 1	 2	 2	 1	 2	 2	 1	474.15	  0.21
113	16	18	v	 0	 1	 1	 0	 0	 1	 2	 1	 1	 1	 1	488.63	  0.06
114	16	18	v	 0	 1	 1	 0	 0	 2	 2	 1	 1	 1	 1	459.98	  0.09
115	16	18	v	 0	 1	 1	 1	 1	 1	 2	 1	 2	 2	 1	839.03	  0.08
116	16	18	v	 0	 1	 1	 0	 0	 0	 2	 1	 1	 1	 1	480.64	  0.06
117	16	18	v	 0	 1	 1	 1	 1	 2	 2	 1	 2	 2	 1	647.66	  0.06
118	16	18	v	 0	 1	 1	 0	 1	 2	 2	 0	 1	 1	 1	589.82	  0.06
119	16	18	v	 0	 1	 1	 1	 0	 2	 2	 0	 2	 2	 1	480.76	  0.06
120	16	18	v	 0	 1	 1	 1	 1	 0	 2	 1	 2	 2	 1	573.16	  0.07
121	16	18	v	 0	 1	 1	 0	 1	 0	 2	 0	 1	 1	 1	549.18	  0.06
122	16	18	v	 0	 1	 1	 1	 0	 2	 2	 0	 2	 2	 1	507.11	  0.06
123	16	18	v	 0	 1	 1	 0	 0	 0	 2	 1	 1	 1	 1	466.07	  0.06
124	16	18	v	 0	 1	 1	 0	 1	 1	 2	 0	 1	 1	 1	443.25	  0.06
125	16	18	v	 0	 1	 1	 0	 1	 0	 2	 0	 1	 1	 1	849.23	  0.06
126	16	18	v	 0	 1	 1	 0	 0	 0	 2	 1	 1	 1	 1	477.37	  0.06
127	16	18	v	 0	 1	 1	 1	 0	 1	 2	 0	 2	 2	 1	432.17	  0.20
128	16	18	v	 0	 1	 1	 1	 0	 0	 2	 0	 2	 2	 1	504.02	  0.06
129	16	18	v	 0	 1	 1	 1	 1	 0	 2	 1	 2	 2	 1	569.57	  0.19
130	16	18	v	 0	 1	 1	 0	 0	 1	 2	 1	 1	 1	 1	510.14	  0.06
131	16	18	v	 0	 1	 1	 0	 1	 2	 2	 0	 1	 1	 1	432.72	  0.06
132	16	18	v	 0	 1	 1	 0	 0	 0	 2	 1	 1	 1	 1	500.46	  0.07
133	16	18	v	 0	 1	 1	 1	 1	 2	 2	 1	 2	 2	 1	379.24	  0.06
134	16	18	v	 0	 1	 1	 0	 0	 0	 2	 1	 1	 1	 1	475.94	  0.06
135	16	18	v	 0	 1	 1	 0	 1	 0	 2	 0	 1	 1	 1	582.16	  0.06
136	16	18	v	 0	 1	 1	 1	 1	 2	 2	 1	 2	 2	 1	453.86	  0.06
137	16	18	v	 0	 1	 1	 0	 0	 1	 2	 1	 1	 2	 0	518.74	  0.06
138	16	18	v	 0	 1	 1	 0	 0	 0	 2	 1	 1	 1	 1	851.19	  0.06
139	16	18	v	 0	 1	 1	 0	 1	 0	 2	 0	 1	 1	 1	526.14	  0.06
140	16	18	v	 0	 1	 1	 0	 1	 2	 2	 0	 1	 1	 1	544.42	  0.06
141	16	18	v	 0	 1	 1	 1	 1	 0	 2	 1	 2	 2	 1	489.50	  0.10
142	16	18	v	 0	 1	 1	 1	 1	 0	 2	 1	 2	 2	 1	477.13	  0.06
143	16	18	v	 0	 1	 1	 0	 0	 1	 2	 1	 1	 1	 1	661.50	  0.08
144	16	18	v	 0	 1	 1	 1	 0	 1	 2	 0	 2	 2	 1	447.51	  0.06
145	16	18	v	 0	 1	 1	 1	 0	 2	 2	 0	 2	 2	 1	455.75	  0.06
146	16	18	v	 0	 1	 1	 0	 0	 1	 2	 1	 1	 1	 1	479.80	  0.09
147	16	18	v	 0	 1	 1	 1	 0	 0	 2	 0	 2	 2	 1	497.14	  0.06
148	16	18	v	 0	 1	 1	 1	 0	 0	 2	 0	 2	 2	 1	454.58	  0.06
149	16	18	v	 0	 1	 1	 0	 1	 1	 2	 0	 1	 1	 1	879.14	  0.06
150	16	18	v	 0	 1	 1	 0	 1	 2	 2	 0	 1	 1	 1	521.37	  0.06
151	16	18	v	 0	 1	 1	 1	 0	 0	 2	 0	 2	 2	 1	439.67	  0.14
152	16	18	v	 0	 1	 1	 1	 1	 0	 2	 1	 2	 2	 1	464.09	  0.11
153	16	18	v	 0	 1	 1	 0	 0	 1	 2	 1	 1	 1	 1	420.39	  0.06
154	16	18	v	 0	 1	 1	 1	 0	 2	 2	 0	 2	 2	 1	401.97	  0.06
155	16	18	v	 0	 1	 1	 0	 0	 2	 2	 1	 1	 1	 1	461.80	  0.06
156	16	18	v	 0	 1	 1	 0	 1	 1	 2	 0	 1	 1	 1	456.07	  0.06
157	16	18	v	 0	 1	 1	 1	 0	 2	 2	 0	 2	 2	 1	496.64	  0.06
158	16	18	v	 0	 1	 1	 1	 1	 2	 2	 1	 2	 2	 1	425.68	  0.06
159	16	18	v	 0	 1	 1	 1	 0	 2	 2	 0	 2	 2	 1	639.15	  0.06
160	16	18	v	 0	 1	 1	 0	 0	 2	 2	 1	 1	 1	 1	482.02	  0.09
161	16	18	v	 0	 1	 1	 1	 1	 2	 2	 1	 2	 2	 1	955.02	  0.06
162	16	18	v	 0	 1	 1	 1	 1	 0	 2	 1	 2	 2	 1	611.51	  0.06
163	16	18	v	 0	 1	 1	 1	 1	 1	 2	 1	 2	 2	 1	464.59	  0.08
164	16	18	v	 0	 1	 1	 1	 1	 1	 2	 1	 2	 2	 1	963.46	  0.06
165	16	18	v	 0	 1	 1	 0	 0	 2	 2	 1	 1	 1	 1	478.18	  0.06
166	16	18	v	 0	 1	 1	 0	 1	 2	 2	 0	 1	 1	 1	429.20	  0.17
167	16	18	v	 0	 1	 1	 0	 1	 1	 2	 0	 1	 1	 1	505.00	  0.06
168	16	18	v	 0	 1	 1	 1	 1	 0	 2	 1	 2	 2	 1	440.85	  0.06
169	16	18	v	 0	 1	 1	 0	 0	 0	 2	 1	 1	 1	 1	486.38	  0.07
170	16	18	v	 0	 1	 1	 1	 0	 0	 2	 0	 2	 2	 1	465.67	  0.06
171	16	18	v	 0	 1	 1	 1	 1	 1	 2	 1	 2	 2	 1	410.27	  0.20
172	16	18	v	 0	 1	 1	 0	 0	 2	 2	 1	 1	 1	 1	444.22	  0.06
173	16	18	v	 0	 1	 1	 0	 1	 1	 2	 0	 1	 1	 1	402.28	  0.06
174	16	18	v	 0	 1	 1	 1	 1	 1	 2	 1	 2	 2	 1	484.89	  0.06
175	16	18	v	 0	 1	 1	 1	 1	 2	 2	 1	 2	 2	 1	472.57	  0.10
176	16	18	v	 0	 1	 1	 0	 1	 2	 2	 0	 1	 1	 1	403.57	  0.06
177	16	18	v	 0	 1	 1	 1	 0	 1	 2	 0	 2	 2	 1	874.17	  0.06
178	16	18	v	 0	 1	 1	 1	 0	 0	 2	 0	 2	 2	 1	722.52	  0.09
179	16	18	v	 0	 1	 1	 0	 1	 1	 2	 0	 1	 1	 1	737.16	  0.06
180	16	18	v	 0	 1	 1	 0	 1	 0	 2	 0	 1	 1	 1	520.98	  0.06
181	16	18	v	 0	 1	 1	 0	 0	 1	 2	 1	 1	 1	 1	568.55	  0.06
182	16	18	v	 0	 1	 1	 0	 1	 2	 2	 0	 1	 1	 1	612.49	  0.23
183	16	18	v	 0	 1	 1	 1	 1	 1	 2	 1	 2	 2	 1	498.53	  0.06
184	16	18	v	 0	 1	 1	 0	 0	 2	 2	 1	 1	 1	 1	944.48	  0.08
185	16	18	v	 0	 1	 1	 0	 1	 1	 2	 0	 1	 1	 1	507.99	  0.06
186	16	18	v	 0	 1	 1	 1	 0	 1	 2	 0	 2	 2	 1	518.36	  0.06
187	16	18	v	 0	 1	 1	 0	 0	 1	 2	 1	 1	 1	 1	416.27	  0.06
188	16	18	v	 0	 1	 1	 1	 1	 1	 2	 1	 2	 2	 1	723.05	  0.06
189	16	18	v	 0	 1	 1	 0	 1	 2	 2	 0	 1	 1	 1	532.80	  0.06
190	16	18	v	 0	 1	 1	 0	 0	 2	 2	 1	 1	 1	 1	499.64	  0.08
191	16	18	v	 0	 1	 1	 1	 0	 2	 2	 0	 2	 2	 1	491.12	  0.06
192	16	18	v	 0	 1	 2	 1	 0	 0	 1	 0	 2	 2	 1	916.45	  0.06
193	16	18	v	 0	 1	 2	 1	 0	 1	 1	 0	 2	 2	 1	518.32	  0.06
194	16	18	v	 0	 1	 2	 1	 0	 0	 1	 0	 2	 2	 1	583.41	  0.06
195	16	18	v	 0	 1	 2	 1	 1	 0	 1	 1	 2	 2	 1	575.33	  0.06
196	16	18	v	 0	 1	 2	 0	 1	 0	 1	 0	 1	 1	 1	467.36	  0.06
197	16	18	v	 0	 1	 2	 0	 0	 0	 1	 1	 1	 1	 1	419.70	  0.06
198	16	18	v	 0	 1	 2	 1	 1	 2	 1	 1	 2	 2	 1	421.67	  0.06
199	16	18	v	 0	 1	 2	 1	 1	 0	 1	 1	 2	 2	 1	493.31	  0.06
200	16	18	v	 0	 1	 2	 0	 1	 2	 1	 0	 1	 1	 1	735.29	  0.06
201	16	18	v	 0	 1	 2	 0	 0	 0	 1	 1	 1	 1	 1	539.72	  0.06
202	16	18	v	 0	 1	 2	 1	 0	 0	 1	 0	 2	 2	 1	547.98	  0.06
203	16	18	v	 0	 1	 2	 0	 0	 1	 1	 1	 1	 1	 1	694.26	  0.06
204	16	18	v	 0	 1	 2	 1	 1	 0	 1	 1	 2	 2	 1	468.98	  0.06
205	16	18	v	 0	 1	 2	 1	 1	 2	 1	 1	 2	 2	 1	896.55	  0.07
206	16	18	v	 0	 1	 2	 0	 0	 0	 1	 1	 1	 1	 1	477.02	  0.06
207	16	18	v	 0	 1	 2	 0	 1	 0	 1	 0	 1	 1	 1	565.59	  0.06
208	16	18	v	 0	 1	 2	 0	 0	 2	 1	 1	 1	 1	 1	525.55	  0.06
209	16	18	v	 0	 1	 2	 1	 1	 1	 1	 1	 2	 2	 1	565.05	  0.06
210	16	18	v	 0	 1	 2	 1	 1	 2	 1	 1	 2	 2	 1	526.19	  0.08
211	16	18	v	 0	 1	 2	 1	 0	 2	 1	 0	 2	 2	 1	486.25	  0.06
212	16	18	v	 0	 1	 2	 0	 1	 2	 1	 0	 1	 1	 1	399.22	  0.09
213	16	18	v	 0	 1	 2	 1	 0	 2	 1	 0	 2	 2	 1	506.24	  0.21
214	16	18	v	 0	 1	 2	 0	 1	 1	 1	 0	 1	 1	 1	450.60	  0.06
215	16	18	v	 0	 1	 2	 1	 0	 2	 1	 0	 2	 2	 1	536.62	  0.06
216	16	18	v	 0	 1	 2	 0	 0	 2	 1	 1	 1	 1	 1	428.86	  0.06
217	16	18	v	 0	 1	 2	 1	 0	 1	 1	 0	 2	 2	 1	821.85	  0.07
218	16	18	v	 0	 1	 2	 1	 1	 1	 1	 1	 2	 2	 1	453.91	  0.06
219	16	18	v	 0	 1	 2	 0	 1	 1	 1	 0	 1	 1	 1	434.77	  0.06
220	16	18	v	 0	 1	 2	 1	 0	 2	 1	 0	 2	 2	 1	592.73	  0.07
221	16	18	v	 0	 1	 2	 1	 0	 0	 1	 0	 2	 2	 1	560.17	  0.06
222	16	18	v	 0	 1	 2	 1	 1	 0	 1	 1	 2	 2	 1	578.93	  0.06
223	16	18	v	 0	 1	 2	 0	 1	 1	 1	 0	 1	 1	 1	479.52	  0.06
224	16	18	v	 0	 1	 2	 0	 0	 1	 1	 1	 1	 1	 1	1289.75	  0.07
225	16	18	v	 0	 1	 2	 0	 0	 2	 1	 1	 1	 1	 1	641.20	  0.10
226	16	18	v	 0	 1	 2	 0	 0	 2	 1	 1	 1	 1	 1	470.44	  0.06
227	16	18	v	 0	 1	 2	 1	 1	 2	 1	 1	 2	 2	 1	439.27	  0.06
228	16	18	v	 0	 1	 2	 1	 1	 0	 1	 1	 2	 2	 1	451.34	  0.06
229	16	18	v	 0	 1	 2	 1	 0	 2	 1	 0	 2	 2	 1	708.88	  0.07
230	16	18	v	 0	 1	 2	 0	 0	 0	 1	 1	 1	 1	 1	444.76	  0.06
231	16	18	v	 0	 1	 2	 0	 1	 1	 1	 0	 1	 1	 1	507.00	  0.06
232	16	18	v	 0	 1	 2	 0	 0	 0	 1	 1	 1	 1	 1	551.81	  0.06
233	16	18	v	 0	 1	 2	 0	 0	 2	 1	 1	 1	 1	 1	450.95	  0.06
234	16	18	v	 0	 1	 2	 1	 1	 1	 1	 1	 2	 2	 1	487.21	  0.06
235	16	18	v	 0	 1	 2	 1	 0	 2	 1	 0	 2	 2	 1	433.08	  0.06
236	16	18	v	 0	 1	 2	 0	 1	 0	 1	 0	 1	 1	 1	372.28	  0.06
237	16	18	v	 0	 1	 2	 0	 1	 1	 1	 0	 1	 1	 1	435.11	  0.20
238	16	18	v	 0	 1	 2	 0	 1	 0	 1	 0	 1	 1	 1	560.70	  0.06
239	16	18	v	 0	 1	 2	 0	 1	 1	 1	 0	 1	 1	 1	621.61	  0.06
240	16	18	v	 0	 1	 2	 1	 1	 0	 1	 1	 2	 2	 1	410.77	  0.06
241	16	18	v	 0	 1	 2	 1	 0	 1	 1	 0	 2	 2	 1	509.22	  0.07
242	16	18	v	 0	 1	 2	 0	 1	 0	 1	 0	 1	 1	 1	487.18	  0.06
243	16	18	v	 0	 1	 2	 0	 0	 2	 1	 1	 1	 1	 1	566.66	  0.06
244	16	18	v	 0	 1	 2	 0	 0	 1	 1	 1	 1	 1	 1	439.67	  0.06
245	16	18	v	 0	 1	 2	 1	 0	 1	 1	 0	 2	 2	 1	431.46	  0.06
246	16	18	v	 0	 1	 2	 0	 0	 0	 1	 1	 1	 1	 1	603.19	  0.06
247	16	18	v	 0	 1	 2	 0	 0	 1	 1	 1	 1	 1	 1	453.06	  0.20
248	16	18	v	 0	 1	 2	 1	 1	 1	 1	 1	 2	 2	 1	563.93	  0.06
249	16	18	v	 0	 1	 2	 1	 1	 0	 1	 1	 2	 2	 1	479.04	  0.20
250	16	18	v	 0	 1	 2	 0	 1	 2	 1	 0	 1	 1	 1	446.33	  0.06
251	16	18	v	 0	 1	 2	 1	 1	 2	 1	 1	 2	 2	 1	429.95	  0.07
252	16	18	v	 0	 1	 2	 0	 0	 2	 1	 1	 1	 1	 1	401.50	  0.06
253	16	18	v	 0	 1	 2	 0	 0	 1	 1	 1	 1	 1	 1	524.88	  0.06
254	16	18	v	 0	 1	 2	 0	 1	 1	 1	 0	 1	 1	 1	567.41	  0.23
255	16	18	v	 0	 1	 2	 1	 0	 1	 1	 0	 2	 2	 1	511.97	  0.07
256	16	18	v	 0	 1	 2	 1	 1	 2	 1	 1	 2	 2	 1	510.06	  0.08
257	16	18	v	 0	 1	 2	 0	 1	 2	 1	 0	 1	 1	 1	396.20	  0.07
258	16	18	v	 0	 1	 2	 0	 1	 2	 1	 0	 1	 1	 1	679.43	  0.20
259	16	18	v	 0	 1	 2	 0	 1	 2	 1	 0	 1	 1	 1	568.26	  0.06
260	16	18	v	 0	 1	 2	 1	 0	 1	 1	 0	 2	 2	 1	394.23	  0.06
261	16	18	v	 0	 1	 2	 0	 1	 0	 1	 0	 1	 1	 1	535.13	  0.06
262	16	18	v	 0	 1	 2	 1	 1	 0	 1	 1	 2	 2	 1	632.34	  0.06
263	16	18	v	 0	 1	 2	 1	 1	 1	 1	 1	 2	 2	 1	529.29	  0.06
264	16	18	v	 0	 1	 2	 0	 0	 1	 1	 1	 1	 1	 1	512.56	  0.06
265	16	18	v	 0	 1	 2	 0	 0	 0	 1	 1	 1	 1	 1	523.96	  0.06
266	16	18	v	 0	 1	 2	 1	 1	 1	 1	 1	 2	 2	 1	445.99	  0.06
267	16	18	v	 0	 1	 2	 0	 0	 1	 1	 1	 1	 1	 1	554.24	  0.06
268	16	18	v	 0	 1	 2	 1	 0	 0	 1	 0	 2	 2	 1	383.20	  0.06
269	16	18	v	 0	 1	 2	 0	 0	 2	 1	 1	 1	 1	 1	433.37	  0.12
270	16	18	v	 0	 1	 2	 1	 1	 2	 1	 1	 2	 2	 1	367.57	  0.06
271	16	18	v	 0	 1	 2	 1	 0	 1	 1	 0	 2	 2	 1	425.60	  0.06
272	16	18	v	 0	 1	 2	 1	 0	 0	 1	 0	 2	 2	 1	477.58	  0.08
273	16	18	v	 0	 1	 2	 0	 1	 0	 1	 0	 1	 1	 1	452.89	  0.06
274	16	18	v	 0	 1	 2	 0	 1	 2	 1	 0	 1	 2	 0	376.45	  0.06
275	16	18	v	 0	 1	 2	 0	 0	 0	 1	 1	 1	 1	 1	561.02	  0.06
276	16	18	v	 0	 1	 2	 1	 1	 1	 1	 1	 2	 2	 1	442.62	  0.06
277	16	18	v	 0	 1	 2	 1	 1	 1	 1	 1	 2	 2	 1	613.03	  0.20
278	16	18	v	 0	 1	 2	 0	 1	 1	 1	 0	 1	 1	 1	415.35	  0.06
279	16	18	v	 0	 1	 2	 1	 0	 2	 1	 0	 2	 2	 1	480.42	  0.06
280	16	18	v	 0	 1	 2	 0	 0	 1	 1	 1	 1	 1	 1	455.53	  0.07
281	16	18	v	 0	 1	 2	 1	 0	 0	 1	 0	 2	 2	 1	458.30	  0.06
282	16	18	v	 0	 1	 2	 1	 0	 1	 1	 0	 2	 2	 1	607.51	  0.06
283	16	18	v	 0	 1	 2	 1	 1	 2	 1	 1	 2	 2	 1	476.96	  0.06
284	16	18	v	 0	 1	 2	 1	 0	 2	 1	 0	 2	 2	 1	561.33	  0.06
285	16	18	v	 0	 1	 2	 0	 1	 2	 1	 0	 1	 1	 1	759.70	  0.06
286	16	18	v	 0	 1	 2	 1	 0	 0	 1	 0	 2	 2	 1	717.92	  0.07
287	16	18	v	 0	 1	 2	 0	 1	 0	 1	 0	 1	 1	 1	1196.88	  0.06
288	16	18	v	 0	 1	 3	 0	 0	 2	 2	 1	 1	 1	 1	458.79	  0.06
289	16	18	v	 0	 1	 3	 1	 1	 2	 2	 1	 2	 2	 1	458.38	  0.06
290	16	18	v	 0	 1	 3	 0	 0	 1	 2	 1	 1	 1	 1	507.17	  0.11
291	16	18	v	 0	 1	 3	 1	 1	 2	 2	 1	 2	 2	 1	622.51	  0.08
292	16	18	v	 0	 1	 3	 1	 1	 1	 2	 1	 2	 2	 1	587.17	  0.06
293	16	18	v	 0	 1	 3	 0	 1	 0	 2	 0	 1	 1	 1	449.65	  0.08
294	16	18	v	 0	 1	 3	 1	 0	 1	 2	 0	 2	 2	 1	494.89	  0.06
295	16	18	v	 0	 1	 3	 0	 0	 2	 2	 1	 1	 1	 1	415.03	  0.06
296	16	18	v	 0	 1	 3	 1	 0	 1	 2	 0	 2	 2	 1	438.02	  0.06
297	16	18	v	 0	 1	 3	 1	 0	 1	 2	 0	 2	 2	 1	550.12	  0.06
298	16	18	v	 0	 1	 3	 1	 1	 0	 2	 1	 2	 2	 1	512.72	  0.06
299	16	18	v	 0	 1	 3	 0	 1	 0	 2	 0	 1	 1	 1	552.71	  0.22
300	16	18	v	 0	 1	 3	 1	 1	 0	 2	 1	 2	 2	 1	418.21	  0.06
301	16	18	v	 0	 1	 3	 0	 1	 2	 2	 0	 1	 1	 1	407.72	  0.06
302	16	18	v	 0	 1	 3	 1	 1	 0	 2	 1	 2	 2	 1	507.35	  0.07
303	16	18	v	 0	 1	 3	 1	 1	 2	 2	 1	 2	 2	 1	425.95	  0.09
304	16	18	v	 0	 1	 3	 0	 1	 0	 2	 0	 1	 1	 1	618.95	  0.12
305	16	18	v	 0	 1	 3	 1	 1	 0	 2	 1	 2	 2	 1	525.79	  0.06
306	16	18	v	 0	 1	 3	 1	 0	 0	 2	 0	 2	 2	 1	514.32	  0.06
307	16	18	v	 0	 1	 3	 1	 0	 1	 2	 0	 2	 2	 1	1360.98	  0.06
308	16	18	v	 0	 1	 3	 0	 1	 2	 2	 0	 1	 1	 1	494.24	  0.06
309	16	18	v	 0	 1	 3	 0	 1	 2	 2	 0	 1	 1	 1	957.89	  0.07
310	16	18	v	 0	 1	 3	 0	 1	 2	 2	 0	 1	 1	 1	548.50	  0.06
311	16	18	v	 0	 1	 3	 1	 0	 1	 2	 0	 2	 2	 1	506.72	  0.06
312	16	18	v	 0	 1	 3	 1	 0	 1	 2	 0	 2	 2	 1	476.20	  0.06
313	16	18	v	 0	 1	 3	 0	 1	 2	 2	 0	 1	 1	 1	472.06	  0.06
314	16	18	v	 0	 1	 3	 1	 0	 1	 2	 0	 2	 2	 1	457.02	  0.06
315	16	18	v	 0	 1	 3	 1	 1	 1	 2	 1	 2	 2	 1	531.10	  0.06
316	16	18	v	 0	 1	 3	 0	 1	 1	 2	 0	 1	 1	 1	469.25	  0.06
317	16	18	v	 0	 1	 3	 1	 1	 1	 2	 1	 2	 2	 1	1051.59	  0.06
318	16	18	v	 0	 1	 3	 0	 0	 2	 2	 1	 1	 1	 1	433.18	  0.06
319	16	18	v	 0	 1	 3	 0	 0	 2	 2	 1	 1	 1	 1	626.48	  0.06
320	16	18	v	 0	 1	 3	 0	 1	 0	 2	 0	 1	 1	 1	543.83	  0.06
321	16	18	v	 0	 1	 3	 1	 1	 1	 2	 1	 2	 2	 1	482.03	  0.06
322	16	18	v	 0	 1	 3	 1	 1	 0	 2	 1	 2	 2	 1	570.50	  0.06
323	16	18	v	 0	 1	 3	 0	 1	 2	 2	 0	 1	 1	 1	606.04	  0.06
324	16	18	v	 0	 1	 3	 0	 1	 1	 2	 0	 1	 1	 1	514.19	  0.06
325	16	18	v	 0	 1	 3	 1	 1	 0	 2	 1	 2	 2	 1	418.81	  0.06
326	16	18	v	 0	 1	 3	 0	 0	 1	 2	 1	 1	 1	 1	430.01	  0.06
327	16	18	v	 0	 1	 3	 1	 1	 2	 2	 1	 2	 2	 1	709.48	  0.20
328	16	18	v	 0	 1	 3	 0	 1	 0	 2	 0	 1	 1	 1	478.89	  0.06
329	16	18	v	 0	 1	 3	 0	 1	 2	 2	 0	 1	 1	 1	559.11	  0.06
330	16	18	v	 0	 1	 3	 1	 0	 2	 2	 0	 2	 2	 1	465.02	  0.06
331	16	18	v	 0	 1	 3	 0	 0	 2	 2	 1	 1	 1	 1	358.30	  0.06
332	16	18	v	 0	 1	 3	 0	 0	 1	 2	 1	 1	 1	 1	515.48	  0.06
333	16	18	v	 0	 1	 3	 1	 1	 1	 2	 1	 2	 2	 1	347.34	  0.06
334	16	18	v	 0	 1	 3	 1	 1	 2	 2	 1	 2	 2	 1	1102.40	  0.06
335	16	18	v	 0	 1	 3	 0	 1	 1	 2	 0	 1	 1	 1	505.38	  0.06
336	16	18	v	 0	 1	 3	 0	 0	 0	 2	 1	 1	 1	 1	1214.64	  0.06
337	16	18	v	 0	 1	 3	 0	 1	 1	 2	 0	 1	 1	 1	729.96	  0.06
338	16	18	v	 0	 1	 3	 0	 0	 2	 2	 1	 1	 1	 1	569.34	  0.06
339	16	18	v	 0	 1	 3	 1	 0	 0	 2	 0	 2	 2	 1	521.82	  0.06
340	16	18	v	 0	 1	 3	 1	 1	 2	 2	 1	 2	 2	 1	472.88	  0.07
341	16	18	v	 0	 1	 3	 0	 0	 1	 2	 1	 1	 1	 1	395.66	  0.06
342	16	18	v	 0	 1	 3	 1	 0	 2	 2	 0	 2	 2	 1	478.26	  0.06
343	16	18	v	 0	 1	 3	 0	 0	 0	 2	 1	 1	 1	 1	483.32	  0.06
344	16	18	v	 0	 1	 3	 0	 1	 0	 2	 0	 1	 1	 1	1148.08	  0.06
345	16	18	v	 0	 1	 3	 1	 0	 0	 2	 0	 2	 2	 1	481.55	  0.06
346	16	18	v	 0	 1	 3	 1	 0	 1	 2	 0	 2	 2	 1	486.01	  0.09
347	16	18	v	 0	 1	 3	 0	 0	 0	 2	 1	 1	 1	 1	416.28	  0.06
348	16	18	v	 0	 1	 3	 1	 1	 1	 2	 1	 2	 2	 1	439.33	  0.09
349	16	18	v	 0	 1	 3	 1	 1	 0	 2	 1	 2	 2	 1	509.64	  0.06
350	16	18	v	 0	 1	 3	 0	 0	 0	 2	 1	 1	 1	 1	471.06	  0.06
351	16	18	v	 0	 1	 3	 0	 1	 0	 2	 0	 1	 1	 1	589.70	  0.06
352	16	18	v	 0	 1	 3	 0	 0	 1	 2	 1	 1	 1	 1	473.44	  0.06
353	16	18	v	 0	 1	 3	 0	 0	 1	 2	 1	 1	 1	 1	516.31	  0.10
354	16	18	v	 0	 1	 3	 1	 0	 0	 2	 0	 2	 2	 1	423.66	  0.06
355	16	18	v	 0	 1	 3	 0	 1	 1	 2	 0	 1	 1	 1	332.16	  0.06
356	16	18	v	 0	 1	 3	 0	 1	 1	 2	 0	 1	 1	 1	436.99	  0.06
357	16	18	v	 0	 1	 3	 1	 0	 2	 2	 0	 2	 2	 1	774.81	  0.06
358	16	18	v	 0	 1	 3	 1	 1	 2	 2	 1	 2	 2	 1	493.11	  0.07
359	16	18	v	 0	 1	 3	 1	 0	 2	 2	 0	 2	 2	 1	417.45	  0.06
360	16	18	v	 0	 1	 3	 0	 0	 1	 2	 1	 1	 1	 1	703.81	  0.08
361	16	18	v	 0	 1	 3	 0	 0	 2	 2	 1	 1	 1	 1	540.49	  0.06
362	16	18	v	 0	 1	 3	 1	 0	 0	 2	 0	 2	 2	 1	461.77	  0.06
363	16	18	v	 0	 1	 3	 1	 0	 2	 2	 0	 2	 2	 1	506.03	  0.06
364	16	18	v	 0	 1	 3	 0	 0	 2	 2	 1	 1	 1	 1	495.79	  0.07
365	16	18	v	 0	 1	 3	 0	 0	 0	 2	 1	 1	 1	 1	921.39	  0.06
366	16	18	v	 0	 1	 3	 1	 0	 0	 2	 0	 2	 2	 1	444.52	  0.06
367	16	18	v	 0	 1	 3	 0	 0	 0	 2	 1	 1	 1	 1	373.37	  0.06
368	16	18	v	 0	 1	 3	 1	 1	 1	 2	 1	 2	 2	 1	429.09	  0.06
369	16	18	v	 0	 1	 3	 1	 1	 2	 2	 1	 2	 2	 1	559.03	  0.06
370	16	18	v	 0	 1	 3	 1	 0	 2	 2	 0	 2	 2	 1	457.64	  0.06
371	16	18	v	 0	 1	 3	 0	 1	 0	 2	 0	 1	 1	 1	392.83	  0.06
372	16	18	v	 0	 1	 3	 0	 1	 1	 2	 0	 1	 1	 1	376.94	  0.06
373	16	18	v	 0	 1	 3	 1	 0	 2	 2	 0	 2	 2	 1	515.30	  0.06
374	16	18	v	 0	 1	 3	 0	 1	 2	 2	 0	 1	 1	 1	522.88	  0.06
375	16	18	v	 0	 1	 3	 1	 0	 0	 2	 0	 2	 2	 1	399.01	  0.09
376	16	18	v	 0	 1	 3	 1	 1	 0	 2	 1	 2	 2	 1	480.85	  0.06
377	16	18	v	 0	 1	 3	 1	 0	 0	 2	 0	 2	 2	 1	586.62	  0.06
378	16	18	v	 0	 1	 3	 0	 1	 1	 2	 0	 1	 1	 1	436.97	  0.06
379	16	18	v	 0	 1	 3	 0	 0	 1	 2	 1	 1	 1	 1	449.12	  0.06
380	16	18	v	 0	 1	 3	 1	 1	 1	 2	 1	 2	 2	 1	326.45	  0.10
381	16	18	v	 0	 1	 3	 0	 0	 0	 2	 1	 1	 1	 1	518.86	  0.06
382	16	18	v	 0	 1	 3	 0	 0	 0	 2	 1	 1	 1	 1	636.98	  0.06
383	16	18	v	 0	 1	 3	 1	 0	 2	 2	 0	 2	 2	 1	442.12	  0.06
