00	42	19	v	 1	 1	 0	 0	 1	 2	 1	 0	 1	 1	 1	611.32	  0.07
01	42	19	v	 1	 1	 0	 0	 1	 1	 1	 0	 1	 1	 1	474.91	  0.06
02	42	19	v	 1	 1	 0	 1	 0	 2	 1	 0	 2	 2	 1	501.50	  0.06
03	42	19	v	 1	 1	 0	 0	 1	 1	 1	 0	 1	 1	 1	443.73	  0.11
04	42	19	v	 1	 1	 0	 1	 0	 1	 1	 0	 2	 2	 1	701.04	  0.06
05	42	19	v	 1	 1	 0	 1	 1	 0	 1	 1	 2	 2	 1	511.56	  0.06
06	42	19	v	 1	 1	 0	 0	 1	 0	 1	 0	 1	 1	 1	473.17	  0.06
07	42	19	v	 1	 1	 0	 1	 1	 0	 1	 1	 2	 2	 1	417.27	  0.22
08	42	19	v	 1	 1	 0	 0	 1	 2	 1	 0	 1	 1	 1	456.40	  0.06
09	42	19	v	 1	 1	 0	 1	 1	 1	 1	 1	 2	 2	 1	503.70	  0.06
10	42	19	v	 1	 1	 0	 0	 0	 2	 1	 1	 1	 1	 1	454.62	  0.11
11	42	19	v	 1	 1	 0	 1	 1	 1	 1	 1	 2	 2	 1	460.77	  0.06
12	42	19	v	 1	 1	 0	 0	 0	 1	 1	 1	 1	 1	 1	570.11	  0.06
13	42	19	v	 1	 1	 0	 1	 0	 2	 1	 0	 2	 2	 1	625.55	  0.06
14	42	19	v	 1	 1	 0	 1	 1	 1	 1	 1	 2	 2	 1	411.65	  0.22
15	42	19	v	 1	 1	 0	 1	 1	 0	 1	 1	 2	 2	 1	622.86	  0.06
16	42	19	v	 1	 1	 0	 1	 0	 2	 1	 0	 2	 2	 1	370.82	  0.06
17	42	19	v	 1	 1	 0	 0	 1	 0	 1	 0	 1	 1	 1	844.60	  0.06
18	42	19	v	 1	 1	 0	 0	 0	 0	 1	 1	 1	 1	 1	979.18	  0.06
19	42	19	v	 1	 1	 0	 0	 0	 2	 1	 1	 1	 1	 1	584.93	  0.06
20	42	19	v	 1	 1	 0	 0	 0	 1	 1	 1	 1	 1	 1	380.65	  0.07
21	42	19	v	 1	 1	 0	 1	 1	 0	 1	 1	 2	 2	 1	591.28	  0.08
22	42	19	v	 1	 1	 0	 0	 1	 1	 1	 0	 1	 1	 1	451.47	  0.06
23	42	19	v	 1	 1	 0	 0	 1	 1	 1	 0	 1	 1	 1	574.46	  0.08
24	42	19	v	 1	 1	 0	 1	 1	 2	 1	 1	 2	 2	 1	403.40	  0.06
25	42	19	v	 1	 1	 0	 1	 1	 0	 1	 1	 2	 1	 0	441.81	  0.06
26	42	19	v	 1	 1	 0	 1	 0	 1	 1	 0	 2	 2	 1	570.51	  0.06
27	42	19	v	 1	 1	 0	 0	 1	 2	 1	 0	 1	 1	 1	678.63	  0.06
28	42	19	v	 1	 1	 0	 1	 1	 0	 1	 1	 2	 2	 1	705.49	  0.08
29	42	19	v	 1	 1	 0	 1	 0	 0	 1	 0	 2	 2	 1	520.91	  0.06
30	42	19	v	 1	 1	 0	 1	 1	 1	 1	 1	 2	 2	 1	555.67	  0.23
31	42	19	v	 1	 1	 0	 0	 0	 0	 1	 1	 1	 1	 1	427.28	  0.06
32	42	19	v	 1	 1	 0	 1	 0	 2	 1	 0	 2	 2	 1	461.17	  0.06
33	42	19	v	 1	 1	 0	 1	 0	 1	 1	 0	 2	 2	 1	468.21	  0.06
34	42	19	v	 1	 1	 0	 0	 0	 1	 1	 1	 1	 1	 1	510.33	  0.07
35	42	19	v	 1	 1	 0	 0	 1	 0	 1	 0	 1	 1	 1	512.70	  0.07
36	42	19	v	 1	 1	 0	 0	 1	 1	 1	 0	 1	 1	 1	425.79	  0.06
37	42	19	v	 1	 1	 0	 0	 1	 1	 1	 0	 1	 1	 1	365.87	  0.08
38	42	19	v	 1	 1	 0	 1	 0	 2	 1	 0	 2	 2	 1	527.32	  0.06
39	42	19	v	 1	 1	 0	 0	 0	 1	 1	 1	 1	 1	 1	450.88	  0.06
40	42	19	v	 1	 1	 0	 1	 1	 2	 1	 1	 2	 1	 0	 41.45	  0.14
41	42	19	v	 1	 1	 0	 0	 1	 0	 1	 0	 1	 1	 1	494.49	  0.06
42	42	19	v	 1	 1	 0	 1	 1	 1	 1	 1	 2	 2	 1	442.33	  0.20
43	42	19	v	 1	 1	 0	 0	 1	 2	 1	 0	 1	 0	 0	2000.20	  0.00
44	42	19	v	 1	 1	 0	 1	 0	 1	 1	 0	 2	 2	 1	460.97	  0.06
45	42	19	v	 1	 1	 0	 0	 1	 1	 1	 0	 1	 1	 1	410.09	  0.06
46	42	19	v	 1	 1	 0	 0	 1	 2	 1	 0	 1	 2	 0	347.90	  0.06
47	42	19	v	 1	 1	 0	 0	 1	 2	 1	 0	 1	 1	 1	539.87	  0.06
48	42	19	v	 1	 1	 0	 0	 0	 0	 1	 1	 1	 0	 0	2000.21	  0.00
49	42	19	v	 1	 1	 0	 1	 0	 1	 1	 0	 2	 2	 1	563.43	  0.11
50	42	19	v	 1	 1	 0	 0	 0	 1	 1	 1	 1	 1	 1	487.54	  0.06
51	42	19	v	 1	 1	 0	 1	 1	 2	 1	 1	 2	 2	 1	389.10	  0.06
52	42	19	v	 1	 1	 0	 1	 0	 0	 1	 0	 2	 2	 1	409.72	  0.06
53	42	19	v	 1	 1	 0	 1	 0	 0	 1	 0	 2	 2	 1	387.27	  0.06
54	42	19	v	 1	 1	 0	 1	 0	 0	 1	 0	 2	 2	 1	391.37	  0.06
55	42	19	v	 1	 1	 0	 0	 0	 0	 1	 1	 1	 2	 0	338.21	  0.06
56	42	19	v	 1	 1	 0	 1	 1	 2	 1	 1	 2	 2	 1	460.76	  0.20
57	42	19	v	 1	 1	 0	 0	 1	 2	 1	 0	 1	 2	 0	468.05	  0.23
58	42	19	v	 1	 1	 0	 0	 1	 0	 1	 0	 1	 1	 1	555.69	  0.06
59	42	19	v	 1	 1	 0	 1	 1	 0	 1	 1	 2	 2	 1	516.91	  0.07
60	42	19	v	 1	 1	 0	 1	 0	 2	 1	 0	 2	 2	 1	601.74	  0.06
61	42	19	v	 1	 1	 0	 1	 1	 1	 1	 1	 2	 2	 1	501.97	  0.06
62	42	19	v	 1	 1	 0	 0	 0	 2	 1	 1	 1	 1	 1	407.07	  0.06
63	42	19	v	 1	 1	 0	 0	 0	 2	 1	 1	 1	 1	 1	467.69	  0.06
64	42	19	v	 1	 1	 0	 0	 0	 2	 1	 1	 1	 1	 1	354.68	  0.06
65	42	19	v	 1	 1	 0	 1	 0	 0	 1	 0	 2	 2	 1	374.70	  0.06
66	42	19	v	 1	 1	 0	 1	 0	 1	 1	 0	 2	 2	 1	464.95	  0.07
67	42	19	v	 1	 1	 0	 1	 1	 2	 1	 1	 2	 2	 1	394.23	  0.22
68	42	19	v	 1	 1	 0	 0	 1	 0	 1	 0	 1	 1	 1	487.94	  0.06
69	42	19	v	 1	 1	 0	 0	 0	 2	 1	 1	 1	 1	 1	464.39	  0.07
70	42	19	v	 1	 1	 0	 1	 0	 0	 1	 0	 2	 2	 1	532.99	  0.06
71	42	19	v	 1	 1	 0	 0	 0	 2	 1	 1	 1	 1	 1	403.18	  0.06
72	42	19	v	 1	 1	 0	 0	 1	 2	 1	 0	 1	 1	 1	422.49	  0.06
73	42	19	v	 1	 1	 0	 1	 1	 1	 1	 1	 2	 2	 1	453.02	  0.06
74	42	19	v	 1	 1	 0	 0	 0	 2	 1	 1	 1	 1	 1	440.66	  0.06
75	42	19	v	 1	 1	 0	 1	 0	 1	 1	 0	 2	 2	 1	1820.05	  0.17
76	42	19	v	 1	 1	 0	 0	 0	 0	 1	 1	 1	 1	 1	530.20	  0.06
77	42	19	v	 1	 1	 0	 1	 1	 2	 1	 1	 2	 2	 1	408.63	  0.06
78	42	19	v	 1	 1	 0	 0	 1	 0	 1	 0	 1	 1	 1	461.11	  0.06
79	42	19	v	 1	 1	 0	 0	 1	 0	 1	 0	 1	 1	 1	459.24	  0.06
80	42	19	v	 1	 1	 0	 0	 0	 0	 1	 1	 1	 2	 0	314.39	  0.06
81	42	19	v	 1	 1	 0	 1	 1	 2	 1	 1	 2	 2	 1	435.70	  0.07
82	42	19	v	 1	 1	 0	 1	 0	 1	 1	 0	 2	 1	 0	371.42	  0.08
83	42	19	v	 1	 1	 0	 0	 0	 1	 1	 1	 1	 1	 1	397.25	  0.07
84	42	19	v	 1	 1	 0	 0	 0	 1	 1	 1	 1	 1	 1	430.02	  0.09
85	42	19	v	 1	 1	 0	 1	 1	 1	 1	 1	 2	 2	 1	422.91	  0.06
86	42	19	v	 1	 1	 0	 0	 1	 1	 1	 0	 1	 1	 1	441.10	  0.07
87	42	19	v	 1	 1	 0	 1	 1	 0	 1	 1	 2	 2	 1	505.94	  0.06
88	42	19	v	 1	 1	 0	 0	 0	 0	 1	 1	 1	 1	 1	493.94	  0.06
89	42	19	v	 1	 1	 0	 0	 0	 0	 1	 1	 1	 1	 1	485.46	  0.06
90	42	19	v	 1	 1	 0	 1	 1	 2	 1	 1	 2	 2	 1	395.94	  0.06
91	42	19	v	 1	 1	 0	 0	 0	 1	 1	 1	 1	 1	 1	404.68	  0.15
92	42	19	v	 1	 1	 0	 1	 0	 0	 1	 0	 2	 2	 1	915.10	  0.06
93	42	19	v	 1	 1	 0	 1	 0	 0	 1	 0	 2	 2	 1	480.21	  0.06
94	42	19	v	 1	 1	 0	 1	 0	 2	 1	 0	 2	 2	 1	431.79	  0.06
95	42	19	v	 1	 1	 0	 1	 0	 2	 1	 0	 2	 2	 1	527.00	  0.06
96	42	19	v	 1	 1	 1	 1	 1	 1	 2	 1	 2	 2	 1	562.34	  0.06
97	42	19	v	 1	 1	 1	 1	 1	 1	 2	 1	 2	 2	 1	453.60	  0.06
98	42	19	v	 1	 1	 1	 1	 1	 0	 2	 1	 2	 2	 1	427.94	  0.06
99	42	19	v	 1	 1	 1	 1	 1	 2	 2	 1	 2	 2	 1	407.49	  0.06
100	42	19	v	 1	 1	 1	 0	 1	 0	 2	 0	 1	 1	 1	443.07	  0.07
101	42	19	v	 1	 1	 1	 0	 0	 0	 2	 1	 1	 1	 1	397.27	  0.06
102	42	19	v	 1	 1	 1	 0	 1	 1	 2	 0	 1	 2	 0	598.85	  0.07
103	42	19	v	 1	 1	 1	 1	 0	 0	 2	 0	 2	 2	 1	803.06	  0.06
104	42	19	v	 1	 1	 1	 1	 0	 2	 2	 0	 2	 2	 1	586.26	  0.06
105	42	19	v	 1	 1	 1	 1	 0	 1	 2	 0	 2	 2	 1	612.25	  0.08
106	42	19	v	 1	 1	 1	 1	 1	 0	 2	 1	 2	 2	 1	422.61	  0.07
107	42	19	v	 1	 1	 1	 0	 0	 0	 2	 1	 1	 1	 1	534.64	  0.06
108	42	19	v	 1	 1	 1	 1	 1	 1	 2	 1	 2	 2	 1	510.99	  0.07
109	42	19	v	 1	 1	 1	 1	 0	 0	 2	 0	 2	 2	 1	496.81	  0.07
110	42	19	v	 1	 1	 1	 1	 0	 2	 2	 0	 2	 2	 1	840.64	  0.06
111	42	19	v	 1	 1	 1	 1	 0	 2	 2	 0	 2	 2	 1	386.58	  0.06
112	42	19	v	 1	 1	 1	 0	 1	 1	 2	 0	 1	 1	 1	558.75	  0.06
113	42	19	v	 1	 1	 1	 1	 1	 1	 2	 1	 2	 2	 1	672.47	  0.08
114	42	19	v	 1	 1	 1	 1	 0	 1	 2	 0	 2	 2	 1	440.84	  0.06
115	42	19	v	 1	 1	 1	 0	 0	 0	 2	 1	 1	 1	 1	588.23	  0.09
116	42	19	v	 1	 1	 1	 1	 1	 1	 2	 1	 2	 2	 1	526.92	  0.06
117	42	19	v	 1	 1	 1	 0	 1	 1	 2	 0	 1	 1	 1	635.32	  0.06
118	42	19	v	 1	 1	 1	 0	 0	 1	 2	 1	 1	 1	 1	574.89	  0.07
119	42	19	v	 1	 1	 1	 0	 1	 0	 2	 0	 1	 1	 1	474.12	  0.21
120	42	19	v	 1	 1	 1	 0	 0	 1	 2	 1	 1	 1	 1	397.98	  0.06
121	42	19	v	 1	 1	 1	 1	 0	 2	 2	 0	 2	 2	 1	478.80	  0.07
122	42	19	v	 1	 1	 1	 0	 1	 1	 2	 0	 1	 1	 1	595.47	  0.06
123	42	19	v	 1	 1	 1	 0	 1	 1	 2	 0	 1	 1	 1	456.23	  0.06
124	42	19	v	 1	 1	 1	 0	 0	 2	 2	 1	 1	 1	 1	533.67	  0.06
125	42	19	v	 1	 1	 1	 0	 0	 2	 2	 1	 1	 1	 1	398.49	  0.07
126	42	19	v	 1	 1	 1	 1	 0	 0	 2	 0	 2	 2	 1	496.22	  0.09
127	42	19	v	 1	 1	 1	 1	 1	 2	 2	 1	 2	 2	 1	495.45	  0.06
128	42	19	v	 1	 1	 1	 1	 1	 2	 2	 1	 2	 2	 1	515.74	  0.06
129	42	19	v	 1	 1	 1	 0	 1	 2	 2	 0	 1	 2	 0	444.60	  0.06
130	42	19	v	 1	 1	 1	 0	 0	 2	 2	 1	 1	 1	 1	624.87	  0.06
131	42	19	v	 1	 1	 1	 1	 0	 1	 2	 0	 2	 2	 1	503.85	  0.06
132	42	19	v	 1	 1	 1	 0	 1	 2	 2	 0	 1	 1	 1	519.98	  0.10
133	42	19	v	 1	 1	 1	 0	 1	 2	 2	 0	 1	 1	 1	627.42	  0.06
134	42	19	v	 1	 1	 1	 0	 0	 2	 2	 1	 1	 1	 1	399.11	  0.06
135	42	19	v	 1	 1	 1	 0	 1	 2	 2	 0	 1	 1	 1	444.22	  0.06
136	42	19	v	 1	 1	 1	 1	 1	 2	 2	 1	 2	 2	 1	415.67	  0.07
137	42	19	v	 1	 1	 1	 0	 1	 1	 2	 0	 1	 1	 1	486.70	  0.08
138	42	19	v	 1	 1	 1	 0	 0	 2	 2	 1	 1	 1	 1	381.10	  0.07
139	42	19	v	 1	 1	 1	 0	 0	 1	 2	 1	 1	 1	 1	402.57	  0.06
140	42	19	v	 1	 1	 1	 0	 0	 1	 2	 1	 1	 1	 1	396.95	  0.07
141	42	19	v	 1	 1	 1	 1	 0	 1	 2	 0	 2	 2	 1	458.22	  0.06
142	42	19	v	 1	 1	 1	 1	 0	 1	 2	 0	 2	 2	 1	408.02	  0.06
143	42	19	v	 1	 1	 1	 1	 0	 0	 2	 0	 2	 2	 1	381.69	  0.08
144	42	19	v	 1	 1	 1	 0	 0	 1	 2	 1	 1	 1	 1	555.51	  0.06
145	42	19	v	 1	 1	 1	 0	 1	 1	 2	 0	 1	 1	 1	457.06	  0.06
146	42	19	v	 1	 1	 1	 0	 1	 0	 2	 0	 1	 1	 1	402.30	  0.06
147	42	19	v	 1	 1	 1	 1	 0	 0	 2	 0	 2	 2	 1	563.36	  0.06
148	42	19	v	 1	 1	 1	 0	 0	 0	 2	 1	 1	 1	 1	475.47	  0.06
149	42	19	v	 1	 1	 1	 1	 0	 2	 2	 0	 2	 2	 1	481.70	  0.06
150	42	19	v	 1	 1	 1	 1	 0	 2	 2	 0	 2	 2	 1	482.33	  0.20
151	42	19	v	 1	 1	 1	 0	 1	 0	 2	 0	 1	 1	 1	413.90	  0.06
152	42	19	v	 1	 1	 1	 0	 0	 0	 2	 1	 1	 1	 1	488.83	  0.06
153	42	19	v	 1	 1	 1	 0	 1	 0	 2	 0	 1	 1	 1	505.24	  0.08
154	42	19	v	 1	 1	 1	 0	 0	 2	 2	 1	 1	 1	 1	411.48	  0.06
155	42	19	v	 1	 1	 1	 1	 0	 0	 2	 0	 2	 2	 1	504.17	  0.12
156	42	19	v	 1	 1	 1	 0	 1	 2	 2	 0	 1	 1	 1	733.10	  0.06
157	42	19	v	 1	 1	 1	 0	 0	 0	 2	 1	 1	 1	 1	436.45	  0.06
158	42	19	v	 1	 1	 1	 1	 1	 0	 2	 1	 2	 2	 1	379.20	  0.06
159	42	19	v	 1	 1	 1	 1	 0	 1	 2	 0	 2	 2	 1	564.44	  0.06
160	42	19	v	 1	 1	 1	 0	 1	 0	 2	 0	 1	 1	 1	554.71	  0.06
161	42	19	v	 1	 1	 1	 1	 1	 1	 2	 1	 2	 2	 1	627.59	  0.06
162	42	19	v	 1	 1	 1	 0	 0	 2	 2	 1	 1	 1	 1	498.31	  0.06
163	42	19	v	 1	 1	 1	 1	 1	 2	 2	 1	 2	 2	 1	575.47	  0.07
164	42	19	v	 1	 1	 1	 1	 1	 2	 2	 1	 2	 2	 1	535.08	  0.09
165	42	19	v	 1	 1	 1	 1	 1	 0	 2	 1	 2	 2	 1	470.44	  0.06
166	42	19	v	 1	 1	 1	 1	 1	 1	 2	 1	 2	 2	 1	460.00	  0.06
167	42	19	v	 1	 1	 1	 0	 0	 1	 2	 1	 1	 1	 1	474.41	  0.06
168	42	19	v	 1	 1	 1	 1	 1	 0	 2	 1	 2	 2	 1	601.78	  0.06
169	42	19	v	 1	 1	 1	 1	 1	 2	 2	 1	 2	 2	 1	602.37	  0.06
170	42	19	v	 1	 1	 1	 1	 0	 1	 2	 0	 2	 2	 1	429.76	  0.06
171	42	19	v	 1	 1	 1	 0	 1	 0	 2	 0	 1	 1	 1	561.86	  0.06
172	42	19	v	 1	 1	 1	 0	 1	 2	 2	 0	 1	 1	 1	555.80	  0.06
173	42	19	v	 1	 1	 1	 1	 0	 1	 2	 0	 2	 2	 1	485.85	  0.07
174	42	19	v	 1	 1	 1	 0	 0	 0	 2	 1	 1	 1	 1	428.23	  0.09
175	42	19	v	 1	 1	 1	 0	 1	 0	 2	 0	 1	 1	 1	482.04	  0.06
176	42	19	v	 1	 1	 1	 1	 1	 0	 2	 1	 2	 2	 1	507.65	  0.23
177	42	19	v	 1	 1	 1	 0	 1	 2	 2	 0	 1	 1	 1	551.10	  0.06
178	42	19	v	 1	 1	 1	 1	 0	 2	 2	 0	 2	 2	 1	488.84	  0.07
179	42	19	v	 1	 1	 1	 1	 1	 1	 2	 1	 2	 2	 1	657.52	  0.06
180	42	19	v	 1	 1	 1	 0	 0	 0	 2	 1	 1	 1	 1	345.32	  0.06
181	42	19	v	 1	 1	 1	 0	 0	 1	 2	 1	 1	 1	 1	431.71	  0.21
182	42	19	v	 1	 1	 1	 1	 0	 2	 2	 0	 2	 2	 1	444.53	  0.06
183	42	19	v	 1	 1	 1	 1	 0	 0	 2	 0	 2	 2	 1	534.13	  0.06
184	42	19	v	 1	 1	 1	 0	 1	 1	 2	 0	 1	 1	 1	600.40	  0.06
185	42	19	v	 1	 1	 1	 0	 0	 2	 2	 1	 1	 1	 1	451.56	  0.21
186	42	19	v	 1	 1	 1	 0	 0	 1	 2	 1	 1	 1	 1	586.99	  0.07
187	42	19	v	 1	 1	 1	 0	 1	 2	 2	 0	 1	 1	 1	435.87	  0.07
188	42	19	v	 1	 1	 1	 1	 1	 0	 2	 1	 2	 2	 1	440.46	  0.06
189	42	19	v	 1	 1	 1	 1	 1	 0	 2	 1	 2	 2	 1	456.27	  0.07
190	42	19	v	 1	 1	 1	 1	 1	 2	 2	 1	 2	 2	 1	635.22	  0.06
191	42	19	v	 1	 1	 1	 1	 0	 0	 2	 0	 2	 2	 1	415.02	  0.11
192	42	19	v	 1	 1	 2	 1	 0	 0	 1	 0	 2	 2	 1	502.97	  0.06
193	42	19	v	 1	 1	 2	 0	 0	 0	 1	 1	 1	 1	 1	433.06	  0.06
194	42	19	v	 1	 1	 2	 1	 0	 1	 1	 0	 2	 2	 1	532.05	  0.06
195	42	19	v	 1	 1	 2	 0	 0	 1	 1	 1	 1	 1	 1	452.70	  0.06
196	42	19	v	 1	 1	 2	 0	 1	 2	 1	 0	 1	 1	 1	481.20	  0.06
197	42	19	v	 1	 1	 2	 1	 1	 1	 1	 1	 2	 2	 1	485.72	  0.07
198	42	19	v	 1	 1	 2	 1	 0	 1	 1	 0	 2	 2	 1	961.00	  0.06
199	42	19	v	 1	 1	 2	 0	 1	 1	 1	 0	 1	 1	 1	572.03	  0.06
200	42	19	v	 1	 1	 2	 0	 1	 2	 1	 0	 1	 1	 1	471.57	  0.13
201	42	19	v	 1	 1	 2	 1	 0	 0	 1	 0	 2	 2	 1	616.21	  0.06
202	42	19	v	 1	 1	 2	 1	 0	 2	 1	 0	 2	 2	 1	569.92	  0.06
203	42	19	v	 1	 1	 2	 0	 1	 0	 1	 0	 1	 1	 1	1165.33	  0.12
204	42	19	v	 1	 1	 2	 0	 0	 2	 1	 1	 1	 1	 1	472.89	  0.06
205	42	19	v	 1	 1	 2	 0	 0	 2	 1	 1	 1	 1	 1	400.62	  0.21
206	42	19	v	 1	 1	 2	 1	 0	 1	 1	 0	 2	 2	 1	510.50	  0.08
207	42	19	v	 1	 1	 2	 1	 1	 2	 1	 1	 2	 2	 1	402.20	  0.06
208	42	19	v	 1	 1	 2	 0	 0	 2	 1	 1	 1	 1	 1	482.56	  0.06
209	42	19	v	 1	 1	 2	 0	 0	 0	 1	 1	 1	 1	 1	446.97	  0.06
210	42	19	v	 1	 1	 2	 0	 0	 0	 1	 1	 1	 1	 1	564.08	  0.21
211	42	19	v	 1	 1	 2	 1	 1	 2	 1	 1	 2	 2	 1	423.74	  0.06
212	42	19	v	 1	 1	 2	 0	 0	 0	 1	 1	 1	 1	 1	481.75	  0.06
213	42	19	v	 1	 1	 2	 0	 0	 0	 1	 1	 1	 1	 1	507.23	  0.07
214	42	19	v	 1	 1	 2	 0	 0	 1	 1	 1	 1	 1	 1	419.89	  0.06
215	42	19	v	 1	 1	 2	 0	 0	 2	 1	 1	 1	 1	 1	421.06	  0.06
216	42	19	v	 1	 1	 2	 1	 1	 2	 1	 1	 2	 2	 1	415.40	  0.08
217	42	19	v	 1	 1	 2	 1	 1	 1	 1	 1	 2	 2	 1	601.63	  0.06
218	42	19	v	 1	 1	 2	 0	 1	 2	 1	 0	 1	 1	 1	538.97	  0.06
219	42	19	v	 1	 1	 2	 1	 1	 2	 1	 1	 2	 2	 1	388.24	  0.07
220	42	19	v	 1	 1	 2	 1	 0	 0	 1	 0	 2	 2	 1	601.00	  0.06
221	42	19	v	 1	 1	 2	 0	 0	 2	 1	 1	 1	 1	 1	571.41	  0.06
222	42	19	v	 1	 1	 2	 1	 1	 2	 1	 1	 2	 2	 1	467.54	  0.06
223	42	19	v	 1	 1	 2	 1	 1	 0	 1	 1	 2	 2	 1	411.82	  0.06
224	42	19	v	 1	 1	 2	 1	 0	 2	 1	 0	 2	 2	 1	443.35	  0.06
225	42	19	v	 1	 1	 2	 0	 1	 0	 1	 0	 1	 1	 1	540.90	  0.08
226	42	19	v	 1	 1	 2	 1	 1	 0	 1	 1	 2	 2	 1	508.96	  0.06
227	42	19	v	 1	 1	 2	 1	 0	 2	 1	 0	 2	 2	 1	380.50	  0.06
228	42	19	v	 1	 1	 2	 1	 0	 1	 1	 0	 2	 2	 1	356.94	  0.06
229	42	19	v	 1	 1	 2	 1	 0	 2	 1	 0	 2	 2	 1	363.86	  0.10
230	42	19	v	 1	 1	 2	 0	 1	 2	 1	 0	 1	 1	 1	525.68	  0.06
231	42	19	v	 1	 1	 2	 1	 0	 1	 1	 0	 2	 2	 1	473.82	  0.07
232	42	19	v	 1	 1	 2	 0	 0	 2	 1	 1	 1	 1	 1	372.62	  0.06
233	42	19	v	 1	 1	 2	 1	 0	 0	 1	 0	 2	 2	 1	301.51	  0.06
234	42	19	v	 1	 1	 2	 1	 0	 0	 1	 0	 2	 2	 1	324.77	  0.06
235	42	19	v	 1	 1	 2	 0	 0	 0	 1	 1	 1	 1	 1	428.79	  0.06
236	42	19	v	 1	 1	 2	 0	 0	 1	 1	 1	 1	 1	 1	478.63	  0.22
237	42	19	v	 1	 1	 2	 1	 1	 1	 1	 1	 2	 2	 1	746.28	  0.06
238	42	19	v	 1	 1	 2	 0	 1	 1	 1	 0	 1	 1	 1	530.07	  0.06
239	42	19	v	 1	 1	 2	 1	 1	 1	 1	 1	 2	 2	 1	379.47	  0.07
240	42	19	v	 1	 1	 2	 1	 1	 0	 1	 1	 2	 2	 1	400.66	  0.06
241	42	19	v	 1	 1	 2	 0	 0	 0	 1	 1	 1	 1	 1	469.55	  0.06
242	42	19	v	 1	 1	 2	 1	 0	 1	 1	 0	 2	 2	 1	467.06	  0.06
243	42	19	v	 1	 1	 2	 0	 0	 1	 1	 1	 1	 1	 1	460.88	  0.06
244	42	19	v	 1	 1	 2	 1	 0	 2	 1	 0	 2	 2	 1	316.11	  0.06
245	42	19	v	 1	 1	 2	 0	 0	 2	 1	 1	 1	 1	 1	498.39	  0.06
246	42	19	v	 1	 1	 2	 1	 0	 1	 1	 0	 2	 2	 1	448.20	  0.06
247	42	19	v	 1	 1	 2	 0	 1	 2	 1	 0	 1	 1	 1	619.73	  0.06
248	42	19	v	 1	 1	 2	 0	 1	 2	 1	 0	 1	 1	 1	720.85	  0.06
249	42	19	v	 1	 1	 2	 0	 1	 1	 1	 0	 1	 1	 1	468.89	  0.06
250	42	19	v	 1	 1	 2	 0	 0	 1	 1	 1	 1	 1	 1	470.84	  0.06
251	42	19	v	 1	 1	 2	 1	 1	 0	 1	 1	 2	 2	 1	475.52	  0.06
252	42	19	v	 1	 1	 2	 0	 1	 1	 1	 0	 1	 1	 1	612.17	  0.06
253	42	19	v	 1	 1	 2	 1	 0	 2	 1	 0	 2	 2	 1	493.55	  0.07
254	42	19	v	 1	 1	 2	 1	 0	 2	 1	 0	 2	 2	 1	447.77	  0.10
255	42	19	v	 1	 1	 2	 0	 1	 0	 1	 0	 1	 1	 1	521.21	  0.06
256	42	19	v	 1	 1	 2	 1	 0	 0	 1	 0	 2	 2	 1	415.55	  0.06
257	42	19	v	 1	 1	 2	 1	 1	 1	 1	 1	 2	 2	 1	504.03	  0.11
258	42	19	v	 1	 1	 2	 0	 1	 0	 1	 0	 1	 1	 1	507.05	  0.06
259	42	19	v	 1	 1	 2	 0	 1	 1	 1	 0	 1	 1	 1	485.67	  0.07
260	42	19	v	 1	 1	 2	 1	 1	 0	 1	 1	 2	 2	 1	822.36	  0.06
261	42	19	v	 1	 1	 2	 1	 1	 0	 1	 1	 2	 2	 1	427.19	  0.07
262	42	19	v	 1	 1	 2	 0	 0	 1	 1	 1	 1	 1	 1	501.87	  0.08
263	42	19	v	 1	 1	 2	 0	 1	 0	 1	 0	 1	 1	 1	467.64	  0.06
264	42	19	v	 1	 1	 2	 1	 1	 1	 1	 1	 2	 2	 1	379.84	  0.06
265	42	19	v	 1	 1	 2	 0	 1	 0	 1	 0	 1	 1	 1	516.04	  0.06
266	42	19	v	 1	 1	 2	 0	 1	 1	 1	 0	 1	 1	 1	395.63	  0.06
267	42	19	v	 1	 1	 2	 0	 1	 2	 1	 0	 1	 1	 1	493.65	  0.06
268	42	19	v	 1	 1	 2	 1	 1	 2	 1	 1	 2	 2	 1	423.15	  0.06
269	42	19	v	 1	 1	 2	 1	 0	 2	 1	 0	 2	 2	 1	446.13	  0.06
270	42	19	v	 1	 1	 2	 1	 1	 0	 1	 1	 2	 2	 1	465.51	  0.06
271	42	19	v	 1	 1	 2	 1	 1	 2	 1	 1	 2	 2	 1	325.75	  0.21
272	42	19	v	 1	 1	 2	 0	 0	 0	 1	 1	 1	 1	 1	482.58	  0.06
273	42	19	v	 1	 1	 2	 0	 0	 1	 1	 1	 1	 2	 0	351.88	  0.06
274	42	19	v	 1	 1	 2	 1	 1	 1	 1	 1	 2	 2	 1	481.87	  0.06
275	42	19	v	 1	 1	 2	 1	 0	 0	 1	 0	 2	 2	 1	392.38	  0.06
276	42	19	v	 1	 1	 2	 0	 1	 2	 1	 0	 1	 1	 1	891.31	  0.07
277	42	19	v	 1	 1	 2	 0	 0	 2	 1	 1	 1	 1	 1	422.28	  0.06
278	42	19	v	 1	 1	 2	 0	 0	 1	 1	 1	 1	 1	 1	337.41	  0.06
279	42	19	v	 1	 1	 2	 1	 1	 0	 1	 1	 2	 2	 1	493.93	  0.06
280	42	19	v	 1	 1	 2	 0	 1	 0	 1	 0	 1	 1	 1	410.87	  0.08
281	42	19	v	 1	 1	 2	 1	 0	 0	 1	 0	 2	 2	 1	462.72	  0.06
282	42	19	v	 1	 1	 2	 0	 1	 0	 1	 0	 1	 1	 1	433.03	  0.06
283	42	19	v	 1	 1	 2	 1	 1	 1	 1	 1	 2	 2	 1	478.53	  0.06
284	42	19	v	 1	 1	 2	 1	 0	 1	 1	 0	 2	 2	 1	541.60	  0.08
285	42	19	v	 1	 1	 2	 1	 1	 2	 1	 1	 2	 2	 1	415.69	  0.07
286	42	19	v	 1	 1	 2	 0	 1	 1	 1	 0	 1	 1	 1	551.74	  0.06
287	42	19	v	 1	 1	 2	 0	 1	 1	 1	 0	 1	 1	 1	387.54	  0.07
288	42	19	v	 1	 1	 3	 0	 0	 0	 2	 1	 1	 1	 1	430.27	  0.06
289	42	19	v	 1	 1	 3	 1	 0	 2	 2	 0	 2	 2	 1	526.18	  0.06
290	42	19	v	 1	 1	 3	 1	 1	 0	 2	 1	 2	 2	 1	417.38	  0.06
291	42	19	v	 1	 1	 3	 1	 1	 1	 2	 1	 2	 2	 1	804.89	  0.06
292	42	19	v	 1	 1	 3	 0	 1	 2	 2	 0	 1	 1	 1	902.98	  0.06
293	42	19	v	 1	 1	 3	 0	 0	 1	 2	 1	 1	 1	 1	378.40	  0.06
294	42	19	v	 1	 1	 3	 0	 1	 0	 2	 0	 1	 1	 1	502.87	  0.06
295	42	19	v	 1	 1	 3	 0	 1	 1	 2	 0	 1	 1	 1	401.43	  0.06
296	42	19	v	 1	 1	 3	 1	 0	 2	 2	 0	 2	 2	 1	489.70	  0.06
297	42	19	v	 1	 1	 3	 1	 0	 2	 2	 0	 2	 2	 1	514.96	  0.06
298	42	19	v	 1	 1	 3	 1	 0	 0	 2	 0	 2	 2	 1	417.59	  0.06
299	42	19	v	 1	 1	 3	 0	 1	 1	 2	 0	 1	 1	 1	443.93	  0.06
300	42	19	v	 1	 1	 3	 1	 1	 2	 2	 1	 2	 2	 1	325.55	  0.07
301	42	19	v	 1	 1	 3	 1	 0	 1	 2	 0	 2	 2	 1	408.16	  0.06
302	42	19	v	 1	 1	 3	 0	 1	 1	 2	 0	 1	 1	 1	411.00	  0.07
303	42	19	v	 1	 1	 3	 1	 1	 0	 2	 1	 2	 2	 1	414.51	  0.06
304	42	19	v	 1	 1	 3	 0	 0	 0	 2	 1	 1	 1	 1	460.69	  0.06
305	42	19	v	 1	 1	 3	 1	 0	 2	 2	 0	 2	 2	 1	368.59	  0.06
306	42	19	v	 1	 1	 3	 1	 1	 0	 2	 1	 2	 2	 1	441.72	  0.06
307	42	19	v	 1	 1	 3	 0	 0	 2	 2	 1	 1	 1	 1	424.35	  0.20
308	42	19	v	 1	 1	 3	 0	 1	 1	 2	 0	 1	 1	 1	479.36	  0.06
309	42	19	v	 1	 1	 3	 0	 0	 1	 2	 1	 1	 1	 1	431.97	  0.06
310	42	19	v	 1	 1	 3	 1	 0	 2	 2	 0	 2	 2	 1	456.57	  0.06
311	42	19	v	 1	 1	 3	 0	 0	 2	 2	 1	 1	 1	 1	435.01	  0.06
312	42	19	v	 1	 1	 3	 1	 1	 0	 2	 1	 2	 2	 1	357.57	  0.06
313	42	19	v	 1	 1	 3	 0	 1	 2	 2	 0	 1	 1	 1	540.88	  0.20
314	42	19	v	 1	 1	 3	 0	 1	 0	 2	 0	 1	 1	 1	490.36	  0.06
315	42	19	v	 1	 1	 3	 1	 0	 1	 2	 0	 2	 2	 1	494.67	  0.06
316	42	19	v	 1	 1	 3	 1	 1	 1	 2	 1	 2	 2	 1	391.90	  0.06
317	42	19	v	 1	 1	 3	 0	 0	 0	 2	 1	 1	 1	 1	432.76	  0.08
318	42	19	v	 1	 1	 3	 1	 1	 1	 2	 1	 2	 2	 1	511.69	  0.06
319	42	19	v	 1	 1	 3	 0	 0	 2	 2	 1	 1	 1	 1	899.38	  0.06
320	42	19	v	 1	 1	 3	 0	 1	 0	 2	 0	 1	 1	 1	796.93	  0.06
321	42	19	v	 1	 1	 3	 1	 1	 1	 2	 1	 2	 2	 1	445.33	  0.19
322	42	19	v	 1	 1	 3	 1	 0	 2	 2	 0	 2	 2	 1	380.09	  0.06
323	42	19	v	 1	 1	 3	 0	 0	 2	 2	 1	 1	 1	 1	634.42	  0.06
324	42	19	v	 1	 1	 3	 1	 1	 2	 2	 1	 2	 2	 1	459.95	  0.06
325	42	19	v	 1	 1	 3	 0	 1	 2	 2	 0	 1	 1	 1	572.90	  0.08
326	42	19	v	 1	 1	 3	 1	 0	 1	 2	 0	 2	 2	 1	526.46	  0.07
327	42	19	v	 1	 1	 3	 0	 1	 2	 2	 0	 1	 1	 1	515.66	  0.06
328	42	19	v	 1	 1	 3	 1	 1	 2	 2	 1	 2	 2	 1	509.75	  0.06
329	42	19	v	 1	 1	 3	 0	 0	 0	 2	 1	 1	 1	 1	463.23	  0.10
330	42	19	v	 1	 1	 3	 1	 0	 0	 2	 0	 2	 2	 1	547.59	  0.06
331	42	19	v	 1	 1	 3	 1	 0	 2	 2	 0	 2	 2	 1	371.13	  0.06
332	42	19	v	 1	 1	 3	 0	 0	 2	 2	 1	 1	 1	 1	474.73	  0.08
333	42	19	v	 1	 1	 3	 1	 1	 1	 2	 1	 2	 1	 0	489.48	  0.06
334	42	19	v	 1	 1	 3	 1	 0	 0	 2	 0	 2	 2	 1	432.45	  0.07
335	42	19	v	 1	 1	 3	 1	 1	 0	 2	 1	 2	 2	 1	380.30	  0.06
336	42	19	v	 1	 1	 3	 0	 0	 1	 2	 1	 1	 1	 1	413.25	  0.06
337	42	19	v	 1	 1	 3	 0	 1	 0	 2	 0	 1	 1	 1	534.66	  0.06
338	42	19	v	 1	 1	 3	 0	 1	 1	 2	 0	 1	 1	 1	571.63	  0.07
339	42	19	v	 1	 1	 3	 0	 0	 0	 2	 1	 1	 1	 1	406.27	  0.06
340	42	19	v	 1	 1	 3	 1	 0	 0	 2	 0	 2	 2	 1	662.54	  0.06
341	42	19	v	 1	 1	 3	 0	 1	 2	 2	 0	 1	 1	 1	477.57	  0.06
342	42	19	v	 1	 1	 3	 0	 1	 1	 2	 0	 1	 1	 1	454.25	  0.06
343	42	19	v	 1	 1	 3	 1	 0	 0	 2	 0	 2	 2	 1	416.58	  0.06
344	42	19	v	 1	 1	 3	 1	 0	 1	 2	 0	 2	 2	 1	430.77	  0.06
345	42	19	v	 1	 1	 3	 0	 1	 2	 2	 0	 1	 2	 0	451.55	  0.06
346	42	19	v	 1	 1	 3	 0	 0	 0	 2	 1	 1	 1	 1	603.11	  0.06
347	42	19	v	 1	 1	 3	 1	 1	 1	 2	 1	 2	 2	 1	536.38	  0.06
348	42	19	v	 1	 1	 3	 1	 1	 2	 2	 1	 2	 2	 1	438.43	  0.06
349	42	19	v	 1	 1	 3	 1	 1	 0	 2	 1	 2	 2	 1	361.29	  0.06
350	42	19	v	 1	 1	 3	 0	 0	 2	 2	 1	 1	 1	 1	482.05	  0.06
351	42	19	v	 1	 1	 3	 0	 0	 2	 2	 1	 1	 1	 1	441.46	  0.19
352	42	19	v	 1	 1	 3	 0	 1	 2	 2	 0	 1	 1	 1	442.07	  0.06
353	42	19	v	 1	 1	 3	 1	 1	 1	 2	 1	 2	 2	 1	416.52	  0.06
354	42	19	v	 1	 1	 3	 0	 1	 1	 2	 0	 1	 1	 1	450.59	  0.06
355	42	19	v	 1	 1	 3	 0	 1	 1	 2	 0	 1	 1	 1	417.84	  0.06
356	42	19	v	 1	 1	 3	 0	 0	 1	 2	 1	 1	 1	 1	362.51	  0.06
357	42	19	v	 1	 1	 3	 0	 1	 0	 2	 0	 1	 1	 1	495.05	  0.06
358	42	19	v	 1	 1	 3	 1	 1	 1	 2	 1	 2	 2	 1	483.54	  0.06
359	42	19	v	 1	 1	 3	 1	 0	 1	 2	 0	 2	 2	 1	474.36	  0.06
360	42	19	v	 1	 1	 3	 1	 0	 0	 2	 0	 2	 2	 1	431.27	  0.06
361	42	19	v	 1	 1	 3	 0	 0	 1	 2	 1	 1	 1	 1	473.65	  0.06
362	42	19	v	 1	 1	 3	 1	 0	 1	 2	 0	 2	 2	 1	516.15	  0.06
363	42	19	v	 1	 1	 3	 1	 1	 0	 2	 1	 2	 2	 1	440.04	  0.06
364	42	19	v	 1	 1	 3	 1	 1	 2	 2	 1	 2	 2	 1	391.55	  0.06
365	42	19	v	 1	 1	 3	 1	 0	 0	 2	 0	 2	 2	 1	407.46	  0.11
366	42	19	v	 1	 1	 3	 0	 0	 0	 2	 1	 1	 1	 1	512.93	  0.06
367	42	19	v	 1	 1	 3	 0	 0	 1	 2	 1	 1	 1	 1	592.69	  0.06
368	42	19	v	 1	 1	 3	 1	 1	 0	 2	 1	 2	 2	 1	351.36	  0.06
369	42	19	v	 1	 1	 3	 1	 0	 2	 2	 0	 2	 2	 1	395.48	  0.07
370	42	19	v	 1	 1	 3	 1	 0	 1	 2	 0	 2	 2	 1	420.64	  0.06
371	42	19	v	 1	 1	 3	 0	 1	 2	 2	 0	 1	 1	 1	536.71	  0.06
372	42	19	v	 1	 1	 3	 1	 0	 1	 2	 0	 2	 1	 0	434.57	  0.06
373	42	19	v	 1	 1	 3	 0	 0	 1	 2	 1	 1	 1	 1	517.65	  0.06
374	42	19	v	 1	 1	 3	 0	 1	 0	 2	 0	 1	 1	 1	487.37	  0.22
375	42	19	v	 1	 1	 3	 1	 1	 2	 2	 1	 2	 2	 1	470.66	  0.06
376	42	19	v	 1	 1	 3	 0	 0	 0	 2	 1	 1	 1	 1	530.63	  0.06
377	42	19	v	 1	 1	 3	 0	 1	 0	 2	 0	 1	 1	 1	818.16	  0.08
378	42	19	v	 1	 1	 3	 1	 1	 2	 2	 1	 2	 2	 1	407.61	  0.09
379	42	19	v	 1	 1	 3	 0	 1	 0	 2	 0	 1	 1	 1	622.80	  0.06
380	42	19	v	 1	 1	 3	 0	 0	 2	 2	 1	 1	 1	 1	486.20	  0.06
381	42	19	v	 1	 1	 3	 1	 1	 2	 2	 1	 2	 2	 1	375.87	  0.06
382	42	19	v	 1	 1	 3	 1	 0	 0	 2	 0	 2	 2	 1	569.98	  0.08
383	42	19	v	 1	 1	 3	 0	 0	 1	 2	 1	 1	 1	 1	490.43	  0.06
