00	05	19	v	 0	 2	 0	 0	 0	 2	 1	 1	 1	 1	 1	501.70	  0.21
01	05	19	v	 0	 2	 0	 0	 1	 1	 1	 0	 1	 1	 1	415.89	  0.07
02	05	19	v	 0	 2	 0	 1	 1	 2	 1	 1	 2	 2	 1	512.16	  0.08
03	05	19	v	 0	 2	 0	 1	 0	 1	 1	 0	 2	 2	 1	575.88	  0.06
04	05	19	v	 0	 2	 0	 1	 1	 0	 1	 1	 2	 2	 1	486.83	  0.09
05	05	19	v	 0	 2	 0	 0	 1	 1	 1	 0	 1	 1	 1	659.46	  0.13
06	05	19	v	 0	 2	 0	 1	 0	 2	 1	 0	 2	 2	 1	564.23	  0.06
07	05	19	v	 0	 2	 0	 1	 0	 2	 1	 0	 2	 2	 1	419.57	  0.06
08	05	19	v	 0	 2	 0	 0	 0	 1	 1	 1	 1	 1	 1	629.75	  0.07
09	05	19	v	 0	 2	 0	 0	 1	 0	 1	 0	 1	 2	 0	491.24	  0.06
10	05	19	v	 0	 2	 0	 1	 0	 0	 1	 0	 2	 2	 1	672.66	  0.06
11	05	19	v	 0	 2	 0	 0	 0	 2	 1	 1	 1	 1	 1	424.19	  0.09
12	05	19	v	 0	 2	 0	 1	 0	 2	 1	 0	 2	 2	 1	560.48	  0.06
13	05	19	v	 0	 2	 0	 1	 0	 1	 1	 0	 2	 2	 1	494.95	  0.06
14	05	19	v	 0	 2	 0	 0	 1	 1	 1	 0	 1	 1	 1	554.97	  0.06
15	05	19	v	 0	 2	 0	 0	 0	 2	 1	 1	 1	 1	 1	488.61	  0.06
16	05	19	v	 0	 2	 0	 0	 0	 2	 1	 1	 1	 1	 1	404.22	  0.10
17	05	19	v	 0	 2	 0	 1	 0	 0	 1	 0	 2	 2	 1	423.95	  0.06
18	05	19	v	 0	 2	 0	 0	 0	 0	 1	 1	 1	 1	 1	651.77	  0.08
19	05	19	v	 0	 2	 0	 0	 1	 1	 1	 0	 1	 1	 1	586.85	  0.08
20	05	19	v	 0	 2	 0	 1	 1	 2	 1	 1	 2	 2	 1	504.40	  0.06
21	05	19	v	 0	 2	 0	 1	 0	 0	 1	 0	 2	 2	 1	528.68	  0.06
22	05	19	v	 0	 2	 0	 0	 1	 2	 1	 0	 1	 1	 1	850.11	  0.06
23	05	19	v	 0	 2	 0	 0	 1	 0	 1	 0	 1	 1	 1	494.01	  0.22
24	05	19	v	 0	 2	 0	 0	 1	 1	 1	 0	 1	 1	 1	387.07	  0.06
25	05	19	v	 0	 2	 0	 1	 1	 2	 1	 1	 2	 2	 1	687.37	  0.08
26	05	19	v	 0	 2	 0	 1	 1	 1	 1	 1	 2	 2	 1	876.61	  0.20
27	05	19	v	 0	 2	 0	 1	 0	 0	 1	 0	 2	 2	 1	567.92	  0.06
28	05	19	v	 0	 2	 0	 1	 1	 1	 1	 1	 2	 2	 1	979.16	  0.06
29	05	19	v	 0	 2	 0	 0	 1	 0	 1	 0	 1	 1	 1	592.53	  0.06
30	05	19	v	 0	 2	 0	 0	 1	 0	 1	 0	 1	 1	 1	560.25	  0.06
31	05	19	v	 0	 2	 0	 0	 0	 1	 1	 1	 1	 1	 1	459.31	  0.06
32	05	19	v	 0	 2	 0	 0	 0	 0	 1	 1	 1	 1	 1	470.69	  0.06
33	05	19	v	 0	 2	 0	 1	 0	 0	 1	 0	 2	 2	 1	603.41	  0.06
34	05	19	v	 0	 2	 0	 0	 1	 2	 1	 0	 1	 1	 1	608.19	  0.06
35	05	19	v	 0	 2	 0	 1	 0	 2	 1	 0	 2	 2	 1	533.46	  0.06
36	05	19	v	 0	 2	 0	 0	 1	 0	 1	 0	 1	 1	 1	685.53	  0.06
37	05	19	v	 0	 2	 0	 1	 0	 0	 1	 0	 2	 2	 1	841.65	  0.06
38	05	19	v	 0	 2	 0	 0	 1	 2	 1	 0	 1	 1	 1	756.70	  0.06
39	05	19	v	 0	 2	 0	 0	 1	 0	 1	 0	 1	 1	 1	530.90	  0.06
40	05	19	v	 0	 2	 0	 0	 1	 2	 1	 0	 1	 1	 1	450.47	  0.06
41	05	19	v	 0	 2	 0	 1	 1	 1	 1	 1	 2	 2	 1	630.03	  0.06
42	05	19	v	 0	 2	 0	 0	 0	 2	 1	 1	 1	 1	 1	549.53	  0.07
43	05	19	v	 0	 2	 0	 1	 0	 1	 1	 0	 2	 2	 1	762.12	  0.06
44	05	19	v	 0	 2	 0	 0	 0	 0	 1	 1	 1	 1	 1	678.21	  0.06
45	05	19	v	 0	 2	 0	 1	 0	 1	 1	 0	 2	 2	 1	503.94	  0.22
46	05	19	v	 0	 2	 0	 0	 0	 0	 1	 1	 1	 1	 1	1146.86	  0.06
47	05	19	v	 0	 2	 0	 1	 1	 0	 1	 1	 2	 2	 1	525.94	  0.06
48	05	19	v	 0	 2	 0	 0	 0	 0	 1	 1	 1	 1	 1	630.34	  0.09
49	05	19	v	 0	 2	 0	 0	 0	 2	 1	 1	 1	 1	 1	697.11	  0.06
50	05	19	v	 0	 2	 0	 1	 1	 2	 1	 1	 2	 2	 1	556.91	  0.07
51	05	19	v	 0	 2	 0	 1	 1	 1	 1	 1	 2	 1	 0	466.46	  0.06
52	05	19	v	 0	 2	 0	 0	 0	 0	 1	 1	 1	 1	 1	476.38	  0.06
53	05	19	v	 0	 2	 0	 0	 1	 2	 1	 0	 1	 1	 1	789.27	  0.11
54	05	19	v	 0	 2	 0	 1	 0	 1	 1	 0	 2	 2	 1	654.46	  0.21
55	05	19	v	 0	 2	 0	 1	 0	 1	 1	 0	 2	 2	 1	997.45	  0.06
56	05	19	v	 0	 2	 0	 0	 0	 1	 1	 1	 1	 1	 1	1834.57	  0.09
57	05	19	v	 0	 2	 0	 1	 0	 2	 1	 0	 2	 2	 1	797.12	  0.06
58	05	19	v	 0	 2	 0	 1	 1	 0	 1	 1	 2	 2	 1	1502.49	  0.08
59	05	19	v	 0	 2	 0	 1	 1	 0	 1	 1	 2	 2	 1	1078.23	  0.11
60	05	19	v	 0	 2	 0	 1	 1	 1	 1	 1	 2	 2	 1	524.19	  0.13
61	05	19	v	 0	 2	 0	 0	 1	 0	 1	 0	 1	 1	 1	741.96	  0.06
62	05	19	v	 0	 2	 0	 0	 1	 2	 1	 0	 1	 1	 1	498.38	  0.06
63	05	19	v	 0	 2	 0	 0	 1	 1	 1	 0	 1	 1	 1	477.58	  0.06
64	05	19	v	 0	 2	 0	 1	 0	 1	 1	 0	 2	 2	 1	667.60	  0.06
65	05	19	v	 0	 2	 0	 0	 0	 2	 1	 1	 1	 1	 1	1930.86	  0.06
66	05	19	v	 0	 2	 0	 0	 0	 1	 1	 1	 1	 1	 1	559.35	  0.07
67	05	19	v	 0	 2	 0	 0	 1	 0	 1	 0	 1	 1	 1	546.10	  0.06
68	05	19	v	 0	 2	 0	 1	 1	 2	 1	 1	 2	 2	 1	828.98	  0.06
69	05	19	v	 0	 2	 0	 1	 1	 0	 1	 1	 2	 2	 1	319.48	  0.06
70	05	19	v	 0	 2	 0	 0	 0	 1	 1	 1	 1	 1	 1	1078.35	  0.06
71	05	19	v	 0	 2	 0	 0	 0	 0	 1	 1	 1	 1	 1	1167.44	  0.23
72	05	19	v	 0	 2	 0	 1	 1	 2	 1	 1	 2	 2	 1	598.82	  0.06
73	05	19	v	 0	 2	 0	 1	 0	 1	 1	 0	 2	 2	 1	594.67	  0.06
74	05	19	v	 0	 2	 0	 1	 1	 2	 1	 1	 2	 2	 1	423.37	  0.06
75	05	19	v	 0	 2	 0	 0	 1	 1	 1	 0	 1	 1	 1	560.65	  0.06
76	05	19	v	 0	 2	 0	 1	 1	 1	 1	 1	 2	 2	 1	582.84	  0.06
77	05	19	v	 0	 2	 0	 1	 1	 1	 1	 1	 2	 2	 1	465.86	  0.06
78	05	19	v	 0	 2	 0	 0	 0	 1	 1	 1	 1	 1	 1	598.91	  0.06
79	05	19	v	 0	 2	 0	 0	 0	 1	 1	 1	 1	 1	 1	759.64	  0.06
80	05	19	v	 0	 2	 0	 1	 1	 0	 1	 1	 2	 2	 1	751.16	  0.23
81	05	19	v	 0	 2	 0	 1	 0	 0	 1	 0	 2	 2	 1	693.62	  0.06
82	05	19	v	 0	 2	 0	 0	 0	 0	 1	 1	 1	 1	 1	635.46	  0.06
83	05	19	v	 0	 2	 0	 1	 1	 2	 1	 1	 2	 2	 1	611.91	  0.11
84	05	19	v	 0	 2	 0	 0	 1	 2	 1	 0	 1	 1	 1	1361.10	  0.06
85	05	19	v	 0	 2	 0	 0	 0	 2	 1	 1	 1	 1	 1	500.16	  0.06
86	05	19	v	 0	 2	 0	 1	 0	 2	 1	 0	 2	 2	 1	971.35	  0.09
87	05	19	v	 0	 2	 0	 0	 1	 2	 1	 0	 1	 1	 1	1773.01	  0.06
88	05	19	v	 0	 2	 0	 1	 1	 0	 1	 1	 2	 2	 1	831.71	  0.07
89	05	19	v	 0	 2	 0	 1	 1	 1	 1	 1	 2	 2	 1	854.05	  0.06
90	05	19	v	 0	 2	 0	 0	 0	 1	 1	 1	 1	 1	 1	615.70	  0.11
91	05	19	v	 0	 2	 0	 1	 0	 2	 1	 0	 2	 2	 1	724.50	  0.06
92	05	19	v	 0	 2	 0	 1	 1	 0	 1	 1	 2	 2	 1	492.65	  0.10
93	05	19	v	 0	 2	 0	 0	 1	 1	 1	 0	 1	 1	 1	1287.79	  0.06
94	05	19	v	 0	 2	 0	 1	 0	 0	 1	 0	 2	 2	 1	1740.09	  0.06
95	05	19	v	 0	 2	 0	 1	 0	 2	 1	 0	 2	 2	 1	535.28	  0.06
96	05	19	v	 0	 2	 1	 0	 1	 2	 2	 0	 1	 2	 0	758.83	  0.06
97	05	19	v	 0	 2	 1	 0	 1	 1	 2	 0	 1	 2	 0	 21.36	  0.06
98	05	19	v	 0	 2	 1	 0	 1	 1	 2	 0	 1	 1	 1	926.92	  0.06
99	05	19	v	 0	 2	 1	 0	 0	 0	 2	 1	 1	 1	 1	600.53	  0.06
100	05	19	v	 0	 2	 1	 1	 1	 1	 2	 1	 2	 2	 1	620.91	  0.06
101	05	19	v	 0	 2	 1	 0	 1	 1	 2	 0	 1	 1	 1	552.90	  0.06
102	05	19	v	 0	 2	 1	 1	 0	 0	 2	 0	 2	 2	 1	773.41	  0.06
103	05	19	v	 0	 2	 1	 0	 0	 1	 2	 1	 1	 1	 1	604.47	  0.14
104	05	19	v	 0	 2	 1	 0	 1	 1	 2	 0	 1	 1	 1	574.94	  0.06
105	05	19	v	 0	 2	 1	 0	 1	 0	 2	 0	 1	 1	 1	638.05	  0.11
106	05	19	v	 0	 2	 1	 1	 0	 2	 2	 0	 2	 2	 1	667.64	  0.06
107	05	19	v	 0	 2	 1	 1	 1	 0	 2	 1	 2	 2	 1	702.09	  0.06
108	05	19	v	 0	 2	 1	 1	 0	 2	 2	 0	 2	 2	 1	1648.88	  0.06
109	05	19	v	 0	 2	 1	 0	 0	 1	 2	 1	 1	 1	 1	700.74	  0.06
110	05	19	v	 0	 2	 1	 1	 1	 2	 2	 1	 2	 2	 1	708.36	  0.06
111	05	19	v	 0	 2	 1	 0	 1	 2	 2	 0	 1	 0	 0	2000.26	  0.00
112	05	19	v	 0	 2	 1	 1	 0	 0	 2	 0	 2	 2	 1	723.58	  0.09
113	05	19	v	 0	 2	 1	 1	 0	 2	 2	 0	 2	 2	 1	521.86	  0.06
114	05	19	v	 0	 2	 1	 1	 1	 2	 2	 1	 2	 2	 1	449.09	  0.06
115	05	19	v	 0	 2	 1	 0	 1	 2	 2	 0	 1	 1	 1	605.10	  0.06
116	05	19	v	 0	 2	 1	 0	 1	 0	 2	 0	 1	 1	 1	448.22	  0.08
117	05	19	v	 0	 2	 1	 1	 0	 0	 2	 0	 2	 2	 1	608.09	  0.07
118	05	19	v	 0	 2	 1	 0	 1	 0	 2	 0	 1	 1	 1	1402.46	  0.09
119	05	19	v	 0	 2	 1	 0	 0	 1	 2	 1	 1	 1	 1	854.81	  0.06
120	05	19	v	 0	 2	 1	 1	 0	 1	 2	 0	 2	 2	 1	576.26	  0.06
121	05	19	v	 0	 2	 1	 0	 1	 0	 2	 0	 1	 1	 1	1052.60	  0.20
122	05	19	v	 0	 2	 1	 1	 0	 2	 2	 0	 2	 2	 1	759.11	  0.07
123	05	19	v	 0	 2	 1	 0	 0	 2	 2	 1	 1	 1	 1	869.35	  0.06
124	05	19	v	 0	 2	 1	 1	 0	 1	 2	 0	 2	 2	 1	729.14	  0.06
125	05	19	v	 0	 2	 1	 1	 1	 1	 2	 1	 2	 2	 1	719.28	  0.06
126	05	19	v	 0	 2	 1	 1	 1	 0	 2	 1	 2	 2	 1	627.36	  0.06
127	05	19	v	 0	 2	 1	 0	 1	 0	 2	 0	 1	 1	 1	645.10	  0.07
128	05	19	v	 0	 2	 1	 1	 0	 0	 2	 0	 2	 2	 1	1226.17	  0.08
129	05	19	v	 0	 2	 1	 1	 1	 1	 2	 1	 2	 2	 1	693.37	  0.07
130	05	19	v	 0	 2	 1	 0	 0	 2	 2	 1	 1	 1	 1	743.32	  0.06
131	05	19	v	 0	 2	 1	 0	 1	 0	 2	 0	 1	 1	 1	547.49	  0.08
132	05	19	v	 0	 2	 1	 0	 0	 1	 2	 1	 1	 1	 1	419.40	  0.06
133	05	19	v	 0	 2	 1	 1	 1	 0	 2	 1	 2	 2	 1	483.16	  0.06
134	05	19	v	 0	 2	 1	 1	 1	 0	 2	 1	 2	 2	 1	536.79	  0.06
135	05	19	v	 0	 2	 1	 0	 1	 0	 2	 0	 1	 1	 1	746.84	  0.06
136	05	19	v	 0	 2	 1	 0	 0	 2	 2	 1	 1	 1	 1	833.60	  0.06
137	05	19	v	 0	 2	 1	 1	 0	 1	 2	 0	 2	 2	 1	1035.74	  0.06
138	05	19	v	 0	 2	 1	 1	 1	 2	 2	 1	 2	 2	 1	541.57	  0.06
139	05	19	v	 0	 2	 1	 1	 1	 2	 2	 1	 2	 2	 1	1029.82	  0.06
140	05	19	v	 0	 2	 1	 1	 0	 1	 2	 0	 2	 2	 1	982.69	  0.21
141	05	19	v	 0	 2	 1	 0	 0	 2	 2	 1	 1	 1	 1	894.23	  0.06
142	05	19	v	 0	 2	 1	 1	 1	 0	 2	 1	 2	 2	 1	632.71	  0.06
143	05	19	v	 0	 2	 1	 1	 0	 1	 2	 0	 2	 2	 1	502.33	  0.06
144	05	19	v	 0	 2	 1	 0	 0	 2	 2	 1	 1	 1	 1	641.30	  0.10
145	05	19	v	 0	 2	 1	 0	 1	 2	 2	 0	 1	 1	 1	1001.63	  0.06
146	05	19	v	 0	 2	 1	 0	 0	 0	 2	 1	 1	 1	 1	551.25	  0.06
147	05	19	v	 0	 2	 1	 1	 0	 1	 2	 0	 2	 2	 1	1254.76	  0.08
148	05	19	v	 0	 2	 1	 1	 0	 0	 2	 0	 2	 2	 1	1115.87	  0.06
149	05	19	v	 0	 2	 1	 1	 0	 2	 2	 0	 2	 2	 1	451.72	  0.06
150	05	19	v	 0	 2	 1	 0	 1	 2	 2	 0	 1	 1	 1	771.35	  0.06
151	05	19	v	 0	 2	 1	 0	 0	 1	 2	 1	 1	 1	 1	471.31	  0.26
152	05	19	v	 0	 2	 1	 1	 1	 2	 2	 1	 2	 2	 1	661.16	  0.06
153	05	19	v	 0	 2	 1	 0	 0	 0	 2	 1	 1	 1	 1	889.18	  0.08
154	05	19	v	 0	 2	 1	 1	 1	 2	 2	 1	 2	 2	 1	779.94	  0.06
155	05	19	v	 0	 2	 1	 0	 1	 1	 2	 0	 1	 1	 1	691.55	  0.06
156	05	19	v	 0	 2	 1	 1	 0	 1	 2	 0	 2	 2	 1	712.84	  0.06
157	05	19	v	 0	 2	 1	 1	 1	 0	 2	 1	 2	 2	 1	552.30	  0.06
158	05	19	v	 0	 2	 1	 0	 0	 0	 2	 1	 1	 1	 1	761.11	  0.06
159	05	19	v	 0	 2	 1	 1	 0	 2	 2	 0	 2	 2	 1	542.08	  0.06
160	05	19	v	 0	 2	 1	 0	 1	 0	 2	 0	 1	 1	 1	1222.17	  0.10
161	05	19	v	 0	 2	 1	 0	 1	 1	 2	 0	 1	 1	 1	476.26	  0.06
162	05	19	v	 0	 2	 1	 0	 0	 0	 2	 1	 1	 1	 1	503.14	  0.19
163	05	19	v	 0	 2	 1	 0	 0	 1	 2	 1	 1	 1	 1	427.94	  0.06
164	05	19	v	 0	 2	 1	 1	 1	 1	 2	 1	 2	 2	 1	557.33	  0.20
165	05	19	v	 0	 2	 1	 0	 0	 2	 2	 1	 1	 1	 1	572.98	  0.06
166	05	19	v	 0	 2	 1	 1	 1	 2	 2	 1	 2	 2	 1	530.57	  0.07
167	05	19	v	 0	 2	 1	 1	 1	 1	 2	 1	 2	 2	 1	363.81	  0.20
168	05	19	v	 0	 2	 1	 1	 1	 2	 2	 1	 2	 2	 1	477.70	  0.06
169	05	19	v	 0	 2	 1	 1	 1	 1	 2	 1	 2	 2	 1	413.65	  0.21
170	05	19	v	 0	 2	 1	 0	 1	 2	 2	 0	 1	 1	 1	566.78	  0.07
171	05	19	v	 0	 2	 1	 1	 0	 0	 2	 0	 2	 2	 1	458.13	  0.06
172	05	19	v	 0	 2	 1	 0	 0	 1	 2	 1	 1	 2	 0	948.29	  0.06
173	05	19	v	 0	 2	 1	 1	 0	 1	 2	 0	 2	 2	 1	1948.28	  0.06
174	05	19	v	 0	 2	 1	 0	 0	 1	 2	 1	 1	 1	 1	1472.51	  0.08
175	05	19	v	 0	 2	 1	 1	 1	 1	 2	 1	 2	 2	 1	627.72	  0.06
176	05	19	v	 0	 2	 1	 0	 0	 0	 2	 1	 1	 1	 1	588.07	  0.06
177	05	19	v	 0	 2	 1	 1	 0	 2	 2	 0	 2	 2	 1	470.00	  0.06
178	05	19	v	 0	 2	 1	 0	 0	 0	 2	 1	 1	 1	 1	462.47	  0.12
179	05	19	v	 0	 2	 1	 0	 1	 2	 2	 0	 1	 2	 0	321.93	  0.06
180	05	19	v	 0	 2	 1	 0	 1	 1	 2	 0	 1	 1	 1	921.51	  0.06
181	05	19	v	 0	 2	 1	 0	 0	 2	 2	 1	 1	 1	 1	436.48	  0.10
182	05	19	v	 0	 2	 1	 1	 1	 0	 2	 1	 2	 2	 1	531.28	  0.11
183	05	19	v	 0	 2	 1	 1	 0	 0	 2	 0	 2	 2	 1	409.64	  0.06
184	05	19	v	 0	 2	 1	 1	 1	 0	 2	 1	 2	 2	 1	556.06	  0.06
185	05	19	v	 0	 2	 1	 1	 0	 0	 2	 0	 2	 2	 1	395.94	  0.06
186	05	19	v	 0	 2	 1	 0	 0	 2	 2	 1	 1	 1	 1	591.61	  0.06
187	05	19	v	 0	 2	 1	 1	 1	 1	 2	 1	 2	 2	 1	596.60	  0.06
188	05	19	v	 0	 2	 1	 0	 1	 1	 2	 0	 1	 1	 1	723.22	  0.06
189	05	19	v	 0	 2	 1	 1	 0	 2	 2	 0	 2	 2	 1	589.82	  0.06
190	05	19	v	 0	 2	 1	 0	 1	 2	 2	 0	 1	 1	 1	1220.86	  0.06
191	05	19	v	 0	 2	 1	 0	 0	 0	 2	 1	 1	 1	 1	479.10	  0.06
192	05	19	v	 0	 2	 2	 0	 0	 0	 1	 1	 1	 1	 1	848.50	  0.06
193	05	19	v	 0	 2	 2	 1	 0	 0	 1	 0	 2	 2	 1	680.09	  0.06
194	05	19	v	 0	 2	 2	 0	 1	 1	 1	 0	 1	 1	 1	575.75	  0.06
195	05	19	v	 0	 2	 2	 0	 1	 0	 1	 0	 1	 2	 0	379.40	  0.06
196	05	19	v	 0	 2	 2	 0	 1	 1	 1	 0	 1	 1	 1	429.96	  0.06
197	05	19	v	 0	 2	 2	 1	 0	 1	 1	 0	 2	 2	 1	483.90	  0.07
198	05	19	v	 0	 2	 2	 1	 1	 1	 1	 1	 2	 2	 1	390.47	  0.06
199	05	19	v	 0	 2	 2	 0	 1	 2	 1	 0	 1	 1	 1	492.36	  0.06
200	05	19	v	 0	 2	 2	 1	 1	 2	 1	 1	 2	 2	 1	456.79	  0.06
201	05	19	v	 0	 2	 2	 0	 1	 0	 1	 0	 1	 1	 1	339.27	  0.07
202	05	19	v	 0	 2	 2	 1	 1	 1	 1	 1	 2	 2	 1	496.23	  0.06
203	05	19	v	 0	 2	 2	 0	 1	 2	 1	 0	 1	 1	 1	327.36	  0.07
204	05	19	v	 0	 2	 2	 0	 1	 1	 1	 0	 1	 2	 0	615.11	  0.07
205	05	19	v	 0	 2	 2	 1	 1	 0	 1	 1	 2	 2	 1	503.02	  0.20
206	05	19	v	 0	 2	 2	 0	 0	 0	 1	 1	 1	 1	 1	596.19	  0.06
207	05	19	v	 0	 2	 2	 1	 1	 0	 1	 1	 2	 2	 1	575.78	  0.06
208	05	19	v	 0	 2	 2	 1	 1	 2	 1	 1	 2	 2	 1	437.53	  0.06
209	05	19	v	 0	 2	 2	 1	 0	 1	 1	 0	 2	 2	 1	422.82	  0.06
210	05	19	v	 0	 2	 2	 0	 1	 2	 1	 0	 1	 1	 1	556.01	  0.06
211	05	19	v	 0	 2	 2	 0	 0	 2	 1	 1	 1	 1	 1	399.75	  0.06
212	05	19	v	 0	 2	 2	 0	 0	 1	 1	 1	 1	 1	 1	431.37	  0.06
213	05	19	v	 0	 2	 2	 0	 1	 2	 1	 0	 1	 1	 1	492.99	  0.09
214	05	19	v	 0	 2	 2	 1	 1	 0	 1	 1	 2	 2	 1	604.66	  0.06
215	05	19	v	 0	 2	 2	 0	 1	 0	 1	 0	 1	 1	 1	488.85	  0.06
216	05	19	v	 0	 2	 2	 1	 1	 1	 1	 1	 2	 2	 1	612.19	  0.06
217	05	19	v	 0	 2	 2	 1	 1	 2	 1	 1	 2	 2	 1	639.64	  0.07
218	05	19	v	 0	 2	 2	 0	 0	 1	 1	 1	 1	 1	 1	432.16	  0.06
219	05	19	v	 0	 2	 2	 1	 0	 1	 1	 0	 2	 2	 1	538.97	  0.07
220	05	19	v	 0	 2	 2	 1	 1	 1	 1	 1	 2	 2	 1	531.17	  0.06
221	05	19	v	 0	 2	 2	 1	 0	 2	 1	 0	 2	 2	 1	422.14	  0.06
222	05	19	v	 0	 2	 2	 1	 0	 1	 1	 0	 2	 2	 1	633.00	  0.06
223	05	19	v	 0	 2	 2	 0	 1	 1	 1	 0	 1	 1	 1	945.32	  0.06
224	05	19	v	 0	 2	 2	 0	 0	 2	 1	 1	 1	 1	 1	463.68	  0.07
225	05	19	v	 0	 2	 2	 1	 0	 0	 1	 0	 2	 2	 1	538.57	  0.06
226	05	19	v	 0	 2	 2	 0	 0	 2	 1	 1	 1	 1	 1	485.80	  0.06
227	05	19	v	 0	 2	 2	 1	 0	 1	 1	 0	 2	 2	 1	703.26	  0.06
228	05	19	v	 0	 2	 2	 0	 1	 0	 1	 0	 1	 1	 1	825.87	  0.08
229	05	19	v	 0	 2	 2	 0	 0	 0	 1	 1	 1	 1	 1	775.28	  0.10
230	05	19	v	 0	 2	 2	 1	 1	 0	 1	 1	 2	 2	 1	536.38	  0.06
231	05	19	v	 0	 2	 2	 0	 1	 2	 1	 0	 1	 2	 0	798.31	  0.07
232	05	19	v	 0	 2	 2	 0	 0	 2	 1	 1	 1	 1	 1	643.80	  0.07
233	05	19	v	 0	 2	 2	 1	 0	 1	 1	 0	 2	 2	 1	581.70	  0.06
234	05	19	v	 0	 2	 2	 0	 0	 1	 1	 1	 1	 1	 1	517.90	  0.06
235	05	19	v	 0	 2	 2	 0	 1	 0	 1	 0	 1	 1	 1	634.78	  0.07
236	05	19	v	 0	 2	 2	 0	 1	 0	 1	 0	 1	 1	 1	472.04	  0.07
237	05	19	v	 0	 2	 2	 1	 1	 1	 1	 1	 2	 2	 1	526.99	  0.08
238	05	19	v	 0	 2	 2	 1	 0	 2	 1	 0	 2	 2	 1	549.51	  0.06
239	05	19	v	 0	 2	 2	 0	 0	 2	 1	 1	 1	 1	 1	540.32	  0.06
240	05	19	v	 0	 2	 2	 0	 0	 0	 1	 1	 1	 1	 1	807.11	  0.06
241	05	19	v	 0	 2	 2	 1	 0	 1	 1	 0	 2	 2	 1	782.18	  0.09
242	05	19	v	 0	 2	 2	 0	 1	 1	 1	 0	 1	 1	 1	579.02	  0.06
243	05	19	v	 0	 2	 2	 0	 0	 1	 1	 1	 1	 1	 1	477.83	  0.06
244	05	19	v	 0	 2	 2	 1	 1	 1	 1	 1	 2	 2	 1	634.80	  0.06
245	05	19	v	 0	 2	 2	 0	 0	 2	 1	 1	 1	 1	 1	509.28	  0.06
246	05	19	v	 0	 2	 2	 1	 0	 2	 1	 0	 2	 2	 1	569.10	  0.06
247	05	19	v	 0	 2	 2	 1	 1	 0	 1	 1	 2	 2	 1	567.22	  0.06
248	05	19	v	 0	 2	 2	 1	 1	 2	 1	 1	 2	 2	 1	499.62	  0.06
249	05	19	v	 0	 2	 2	 1	 0	 2	 1	 0	 2	 2	 1	1158.82	  0.06
250	05	19	v	 0	 2	 2	 0	 1	 2	 1	 0	 1	 1	 1	860.67	  0.06
251	05	19	v	 0	 2	 2	 0	 0	 1	 1	 1	 1	 1	 1	794.26	  0.06
252	05	19	v	 0	 2	 2	 1	 0	 2	 1	 0	 2	 2	 1	766.57	  0.09
253	05	19	v	 0	 2	 2	 1	 0	 2	 1	 0	 2	 2	 1	523.66	  0.07
254	05	19	v	 0	 2	 2	 1	 1	 0	 1	 1	 2	 2	 1	787.04	  0.06
255	05	19	v	 0	 2	 2	 0	 1	 1	 1	 0	 1	 1	 1	1131.35	  0.06
256	05	19	v	 0	 2	 2	 1	 0	 0	 1	 0	 2	 2	 1	580.96	  0.08
257	05	19	v	 0	 2	 2	 1	 1	 2	 1	 1	 2	 2	 1	460.02	  0.06
258	05	19	v	 0	 2	 2	 0	 0	 1	 1	 1	 1	 1	 1	594.12	  0.06
259	05	19	v	 0	 2	 2	 1	 1	 1	 1	 1	 2	 2	 1	491.57	  0.06
260	05	19	v	 0	 2	 2	 0	 0	 0	 1	 1	 1	 1	 1	639.08	  0.06
261	05	19	v	 0	 2	 2	 0	 0	 0	 1	 1	 1	 1	 1	451.97	  0.06
262	05	19	v	 0	 2	 2	 0	 1	 1	 1	 0	 1	 1	 1	443.44	  0.06
263	05	19	v	 0	 2	 2	 1	 0	 0	 1	 0	 2	 2	 1	524.89	  0.06
264	05	19	v	 0	 2	 2	 1	 0	 0	 1	 0	 2	 2	 1	653.47	  0.26
265	05	19	v	 0	 2	 2	 0	 1	 0	 1	 0	 1	 1	 1	522.33	  0.08
266	05	19	v	 0	 2	 2	 1	 0	 2	 1	 0	 2	 1	 0	458.75	  0.08
267	05	19	v	 0	 2	 2	 1	 1	 2	 1	 1	 2	 2	 1	538.95	  0.08
268	05	19	v	 0	 2	 2	 1	 0	 0	 1	 0	 2	 2	 1	527.07	  0.21
269	05	19	v	 0	 2	 2	 0	 1	 2	 1	 0	 1	 1	 1	614.44	  0.09
270	05	19	v	 0	 2	 2	 1	 1	 2	 1	 1	 2	 2	 1	449.37	  0.07
271	05	19	v	 0	 2	 2	 0	 0	 1	 1	 1	 1	 1	 1	653.97	  0.06
272	05	19	v	 0	 2	 2	 1	 0	 0	 1	 0	 2	 1	 0	463.78	  0.06
273	05	19	v	 0	 2	 2	 1	 0	 2	 1	 0	 2	 2	 1	568.97	  0.06
274	05	19	v	 0	 2	 2	 0	 0	 1	 1	 1	 1	 1	 1	514.33	  0.06
275	05	19	v	 0	 2	 2	 0	 0	 2	 1	 1	 1	 1	 1	536.98	  0.06
276	05	19	v	 0	 2	 2	 0	 0	 2	 1	 1	 1	 1	 1	652.06	  0.06
277	05	19	v	 0	 2	 2	 1	 0	 0	 1	 0	 2	 2	 1	554.75	  0.13
278	05	19	v	 0	 2	 2	 1	 1	 2	 1	 1	 2	 2	 1	501.39	  0.06
279	05	19	v	 0	 2	 2	 1	 1	 0	 1	 1	 2	 2	 1	1475.36	  0.06
280	05	19	v	 0	 2	 2	 1	 1	 1	 1	 1	 2	 2	 1	569.77	  0.07
281	05	19	v	 0	 2	 2	 0	 1	 0	 1	 0	 1	 1	 1	576.35	  0.06
282	05	19	v	 0	 2	 2	 1	 0	 1	 1	 0	 2	 2	 1	680.18	  0.06
283	05	19	v	 0	 2	 2	 0	 0	 0	 1	 1	 1	 1	 1	443.20	  0.06
284	05	19	v	 0	 2	 2	 1	 1	 0	 1	 1	 2	 2	 1	361.05	  0.06
285	05	19	v	 0	 2	 2	 0	 0	 0	 1	 1	 1	 1	 1	502.63	  0.10
286	05	19	v	 0	 2	 2	 0	 1	 2	 1	 0	 1	 1	 1	809.75	  0.06
287	05	19	v	 0	 2	 2	 0	 1	 1	 1	 0	 1	 1	 1	601.06	  0.06
288	05	19	v	 0	 2	 3	 0	 1	 0	 2	 0	 1	 1	 1	606.71	  0.06
289	05	19	v	 0	 2	 3	 1	 1	 2	 2	 1	 2	 2	 1	633.87	  0.06
290	05	19	v	 0	 2	 3	 1	 1	 2	 2	 1	 2	 2	 1	520.78	  0.06
291	05	19	v	 0	 2	 3	 0	 0	 2	 2	 1	 1	 1	 1	502.03	  0.20
292	05	19	v	 0	 2	 3	 0	 1	 0	 2	 0	 1	 2	 0	477.00	  0.06
293	05	19	v	 0	 2	 3	 1	 1	 0	 2	 1	 2	 2	 1	781.69	  0.20
294	05	19	v	 0	 2	 3	 0	 0	 2	 2	 1	 1	 1	 1	549.50	  0.06
295	05	19	v	 0	 2	 3	 1	 1	 2	 2	 1	 2	 2	 1	536.17	  0.06
296	05	19	v	 0	 2	 3	 0	 0	 1	 2	 1	 1	 1	 1	602.29	  0.07
297	05	19	v	 0	 2	 3	 0	 1	 2	 2	 0	 1	 1	 1	593.52	  0.10
298	05	19	v	 0	 2	 3	 0	 1	 2	 2	 0	 1	 1	 1	639.43	  0.06
299	05	19	v	 0	 2	 3	 1	 0	 1	 2	 0	 2	 2	 1	709.89	  0.07
300	05	19	v	 0	 2	 3	 1	 0	 0	 2	 0	 2	 2	 1	589.29	  0.06
301	05	19	v	 0	 2	 3	 0	 0	 0	 2	 1	 1	 1	 1	566.04	  0.06
302	05	19	v	 0	 2	 3	 1	 0	 0	 2	 0	 2	 1	 0	445.36	  0.12
303	05	19	v	 0	 2	 3	 0	 1	 2	 2	 0	 1	 1	 1	440.79	  0.06
304	05	19	v	 0	 2	 3	 1	 0	 2	 2	 0	 2	 2	 1	747.32	  0.08
305	05	19	v	 0	 2	 3	 1	 0	 2	 2	 0	 2	 2	 1	578.91	  0.23
306	05	19	v	 0	 2	 3	 1	 1	 2	 2	 1	 2	 2	 1	645.92	  0.07
307	05	19	v	 0	 2	 3	 0	 1	 1	 2	 0	 1	 1	 1	621.92	  0.06
308	05	19	v	 0	 2	 3	 1	 0	 1	 2	 0	 2	 2	 1	1192.97	  0.06
309	05	19	v	 0	 2	 3	 0	 0	 2	 2	 1	 1	 1	 1	661.84	  0.06
310	05	19	v	 0	 2	 3	 1	 1	 2	 2	 1	 2	 2	 1	497.67	  0.06
311	05	19	v	 0	 2	 3	 1	 0	 2	 2	 0	 2	 2	 1	463.83	  0.12
312	05	19	v	 0	 2	 3	 1	 0	 0	 2	 0	 2	 2	 1	545.21	  0.22
313	05	19	v	 0	 2	 3	 0	 0	 1	 2	 1	 1	 1	 1	483.94	  0.06
314	05	19	v	 0	 2	 3	 0	 0	 1	 2	 1	 1	 1	 1	463.57	  0.07
315	05	19	v	 0	 2	 3	 0	 1	 1	 2	 0	 1	 1	 1	470.74	  0.20
316	05	19	v	 0	 2	 3	 1	 1	 1	 2	 1	 2	 2	 1	898.15	  0.07
317	05	19	v	 0	 2	 3	 0	 0	 0	 2	 1	 1	 1	 1	545.74	  0.06
318	05	19	v	 0	 2	 3	 1	 0	 0	 2	 0	 2	 1	 0	419.75	  0.22
319	05	19	v	 0	 2	 3	 1	 0	 0	 2	 0	 2	 2	 1	614.11	  0.06
320	05	19	v	 0	 2	 3	 1	 1	 1	 2	 1	 2	 2	 1	489.16	  0.06
321	05	19	v	 0	 2	 3	 0	 0	 0	 2	 1	 1	 2	 0	370.35	  0.23
322	05	19	v	 0	 2	 3	 1	 1	 2	 2	 1	 2	 2	 1	641.99	  0.06
323	05	19	v	 0	 2	 3	 0	 1	 2	 2	 0	 1	 0	 0	2000.39	  0.00
324	05	19	v	 0	 2	 3	 0	 1	 0	 2	 0	 1	 1	 1	563.51	  0.06
325	05	19	v	 0	 2	 3	 0	 1	 2	 2	 0	 1	 1	 1	683.93	  0.06
326	05	19	v	 0	 2	 3	 1	 1	 0	 2	 1	 2	 2	 1	766.98	  0.06
327	05	19	v	 0	 2	 3	 1	 1	 0	 2	 1	 2	 2	 1	471.01	  0.08
328	05	19	v	 0	 2	 3	 1	 1	 1	 2	 1	 2	 2	 1	411.10	  0.06
329	05	19	v	 0	 2	 3	 1	 1	 0	 2	 1	 2	 2	 1	479.46	  0.06
330	05	19	v	 0	 2	 3	 0	 1	 1	 2	 0	 1	 1	 1	587.55	  0.09
331	05	19	v	 0	 2	 3	 0	 1	 1	 2	 0	 1	 1	 1	387.02	  0.06
332	05	19	v	 0	 2	 3	 0	 0	 2	 2	 1	 1	 1	 1	517.92	  0.08
333	05	19	v	 0	 2	 3	 1	 1	 0	 2	 1	 2	 2	 1	532.80	  0.06
334	05	19	v	 0	 2	 3	 0	 0	 2	 2	 1	 1	 1	 1	477.29	  0.07
335	05	19	v	 0	 2	 3	 0	 1	 0	 2	 0	 1	 1	 1	725.11	  0.06
336	05	19	v	 0	 2	 3	 0	 0	 2	 2	 1	 1	 1	 1	476.17	  0.07
337	05	19	v	 0	 2	 3	 0	 0	 1	 2	 1	 1	 1	 1	454.08	  0.06
338	05	19	v	 0	 2	 3	 1	 0	 1	 2	 0	 2	 2	 1	619.73	  0.06
339	05	19	v	 0	 2	 3	 1	 1	 1	 2	 1	 2	 2	 1	466.99	  0.06
340	05	19	v	 0	 2	 3	 1	 0	 1	 2	 0	 2	 2	 1	504.77	  0.06
341	05	19	v	 0	 2	 3	 1	 0	 2	 2	 0	 2	 2	 1	414.99	  0.07
342	05	19	v	 0	 2	 3	 0	 1	 1	 2	 0	 1	 1	 1	490.21	  0.06
343	05	19	v	 0	 2	 3	 1	 1	 1	 2	 1	 2	 2	 1	523.85	  0.06
344	05	19	v	 0	 2	 3	 0	 1	 2	 2	 0	 1	 2	 0	443.09	  0.06
345	05	19	v	 0	 2	 3	 1	 0	 0	 2	 0	 2	 1	 0	606.78	  0.08
346	05	19	v	 0	 2	 3	 1	 1	 1	 2	 1	 2	 1	 0	405.09	  0.06
347	05	19	v	 0	 2	 3	 1	 1	 0	 2	 1	 2	 1	 0	493.55	  0.06
348	05	19	v	 0	 2	 3	 0	 0	 1	 2	 1	 1	 1	 1	517.75	  0.06
349	05	19	v	 0	 2	 3	 1	 1	 0	 2	 1	 2	 2	 1	606.44	  0.06
350	05	19	v	 0	 2	 3	 0	 0	 1	 2	 1	 1	 1	 1	515.53	  0.24
351	05	19	v	 0	 2	 3	 0	 1	 1	 2	 0	 1	 1	 1	505.58	  0.06
352	05	19	v	 0	 2	 3	 0	 0	 0	 2	 1	 1	 1	 1	464.59	  0.06
353	05	19	v	 0	 2	 3	 0	 1	 2	 2	 0	 1	 1	 1	638.92	  0.06
354	05	19	v	 0	 2	 3	 1	 0	 1	 2	 0	 2	 2	 1	583.49	  0.23
355	05	19	v	 0	 2	 3	 1	 0	 2	 2	 0	 2	 2	 1	609.42	  0.07
356	05	19	v	 0	 2	 3	 0	 1	 2	 2	 0	 1	 1	 1	562.62	  0.23
357	05	19	v	 0	 2	 3	 1	 1	 1	 2	 1	 2	 2	 1	544.87	  0.06
358	05	19	v	 0	 2	 3	 0	 0	 1	 2	 1	 1	 1	 1	594.17	  0.09
359	05	19	v	 0	 2	 3	 1	 0	 1	 2	 0	 2	 2	 1	700.69	  0.06
360	05	19	v	 0	 2	 3	 1	 0	 0	 2	 0	 2	 2	 1	569.52	  0.06
361	05	19	v	 0	 2	 3	 1	 1	 2	 2	 1	 2	 2	 1	536.02	  0.06
362	05	19	v	 0	 2	 3	 0	 0	 1	 2	 1	 1	 1	 1	535.90	  0.06
363	05	19	v	 0	 2	 3	 0	 1	 0	 2	 0	 1	 1	 1	395.72	  0.12
364	05	19	v	 0	 2	 3	 0	 1	 0	 2	 0	 1	 1	 1	395.73	  0.06
365	05	19	v	 0	 2	 3	 1	 0	 1	 2	 0	 2	 2	 1	772.67	  0.06
366	05	19	v	 0	 2	 3	 1	 1	 0	 2	 1	 2	 2	 1	537.45	  0.06
367	05	19	v	 0	 2	 3	 0	 0	 0	 2	 1	 1	 1	 1	525.60	  0.06
368	05	19	v	 0	 2	 3	 1	 0	 2	 2	 0	 2	 2	 1	440.86	  0.06
369	05	19	v	 0	 2	 3	 0	 0	 2	 2	 1	 1	 1	 1	342.75	  0.22
370	05	19	v	 0	 2	 3	 0	 0	 0	 2	 1	 1	 2	 0	346.64	  0.06
371	05	19	v	 0	 2	 3	 0	 1	 1	 2	 0	 1	 1	 1	1053.69	  0.10
372	05	19	v	 0	 2	 3	 1	 0	 2	 2	 0	 2	 2	 1	743.26	  0.06
373	05	19	v	 0	 2	 3	 0	 1	 0	 2	 0	 1	 1	 1	617.12	  0.06
374	05	19	v	 0	 2	 3	 1	 0	 2	 2	 0	 2	 2	 1	562.13	  0.06
375	05	19	v	 0	 2	 3	 1	 1	 1	 2	 1	 2	 2	 1	605.55	  0.06
376	05	19	v	 0	 2	 3	 0	 1	 1	 2	 0	 1	 1	 1	580.95	  0.08
377	05	19	v	 0	 2	 3	 1	 0	 0	 2	 0	 2	 2	 1	601.80	  0.08
378	05	19	v	 0	 2	 3	 0	 1	 0	 2	 0	 1	 1	 1	663.23	  0.10
379	05	19	v	 0	 2	 3	 0	 0	 0	 2	 1	 1	 1	 1	546.90	  0.06
380	05	19	v	 0	 2	 3	 1	 0	 1	 2	 0	 2	 2	 1	730.63	  0.20
381	05	19	v	 0	 2	 3	 1	 1	 2	 2	 1	 2	 2	 1	756.74	  0.06
382	05	19	v	 0	 2	 3	 0	 0	 0	 2	 1	 1	 1	 1	933.20	  0.06
383	05	19	v	 0	 2	 3	 0	 0	 2	 2	 1	 1	 1	 1	730.98	  0.06
