00	33	20	m	 0	 2	 0	 0	 1	 0	 1	 0	 1	 1	 1	1692.04	  0.08
01	33	20	m	 0	 2	 0	 0	 0	 2	 1	 1	 1	 1	 1	907.27	  0.08
02	33	20	m	 0	 2	 0	 1	 0	 2	 1	 0	 2	 2	 1	702.63	  0.09
03	33	20	m	 0	 2	 0	 0	 0	 0	 1	 1	 1	 1	 1	1054.07	  0.07
04	33	20	m	 0	 2	 0	 1	 1	 0	 1	 1	 2	 2	 1	1140.48	  0.07
05	33	20	m	 0	 2	 0	 1	 1	 1	 1	 1	 2	 2	 1	571.45	  0.06
06	33	20	m	 0	 2	 0	 1	 0	 1	 1	 0	 2	 2	 1	698.79	  0.06
07	33	20	m	 0	 2	 0	 1	 1	 2	 1	 1	 2	 2	 1	1152.29	  0.20
08	33	20	m	 0	 2	 0	 0	 1	 0	 1	 0	 1	 1	 1	845.20	  0.06
09	33	20	m	 0	 2	 0	 0	 0	 2	 1	 1	 1	 1	 1	973.04	  0.06
10	33	20	m	 0	 2	 0	 0	 1	 0	 1	 0	 1	 1	 1	598.62	  0.06
11	33	20	m	 0	 2	 0	 1	 1	 2	 1	 1	 2	 2	 1	665.62	  0.06
12	33	20	m	 0	 2	 0	 1	 0	 0	 1	 0	 2	 2	 1	1415.84	  0.06
13	33	20	m	 0	 2	 0	 1	 1	 1	 1	 1	 2	 2	 1	667.00	  0.06
14	33	20	m	 0	 2	 0	 0	 0	 0	 1	 1	 1	 1	 1	988.73	  0.06
15	33	20	m	 0	 2	 0	 1	 0	 0	 1	 0	 2	 2	 1	1171.13	  0.06
16	33	20	m	 0	 2	 0	 0	 1	 2	 1	 0	 1	 1	 1	1527.89	  0.08
17	33	20	m	 0	 2	 0	 1	 0	 2	 1	 0	 2	 2	 1	705.20	  0.07
18	33	20	m	 0	 2	 0	 1	 0	 1	 1	 0	 2	 2	 1	496.08	  0.21
19	33	20	m	 0	 2	 0	 1	 1	 2	 1	 1	 2	 2	 1	579.76	  0.08
20	33	20	m	 0	 2	 0	 1	 1	 0	 1	 1	 2	 2	 1	588.43	  0.06
21	33	20	m	 0	 2	 0	 0	 1	 1	 1	 0	 1	 1	 1	986.07	  0.06
22	33	20	m	 0	 2	 0	 0	 0	 0	 1	 1	 1	 1	 1	910.76	  0.06
23	33	20	m	 0	 2	 0	 1	 0	 2	 1	 0	 2	 2	 1	745.75	  0.06
24	33	20	m	 0	 2	 0	 0	 0	 1	 1	 1	 1	 1	 1	1508.59	  0.07
25	33	20	m	 0	 2	 0	 1	 1	 0	 1	 1	 2	 2	 1	771.96	  0.06
26	33	20	m	 0	 2	 0	 0	 1	 0	 1	 0	 1	 1	 1	638.69	  0.06
27	33	20	m	 0	 2	 0	 0	 1	 0	 1	 0	 1	 1	 1	976.26	  0.08
28	33	20	m	 0	 2	 0	 0	 1	 2	 1	 0	 1	 1	 1	523.61	  0.06
29	33	20	m	 0	 2	 0	 1	 1	 0	 1	 1	 2	 2	 1	627.28	  0.16
30	33	20	m	 0	 2	 0	 0	 1	 2	 1	 0	 1	 1	 1	865.64	  0.06
31	33	20	m	 0	 2	 0	 1	 0	 1	 1	 0	 2	 2	 1	681.27	  0.09
32	33	20	m	 0	 2	 0	 0	 0	 0	 1	 1	 1	 1	 1	1198.25	  0.06
33	33	20	m	 0	 2	 0	 1	 0	 0	 1	 0	 2	 2	 1	978.35	  0.20
34	33	20	m	 0	 2	 0	 0	 1	 2	 1	 0	 1	 1	 1	579.81	  0.06
35	33	20	m	 0	 2	 0	 0	 0	 2	 1	 1	 1	 1	 1	834.82	  0.06
36	33	20	m	 0	 2	 0	 1	 1	 1	 1	 1	 2	 2	 1	922.06	  0.06
37	33	20	m	 0	 2	 0	 1	 1	 1	 1	 1	 2	 2	 1	1153.51	  0.06
38	33	20	m	 0	 2	 0	 0	 1	 1	 1	 0	 1	 1	 1	523.44	  0.06
39	33	20	m	 0	 2	 0	 0	 1	 1	 1	 0	 1	 1	 1	991.76	  0.06
40	33	20	m	 0	 2	 0	 1	 0	 1	 1	 0	 2	 2	 1	661.13	  0.06
41	33	20	m	 0	 2	 0	 1	 1	 0	 1	 1	 2	 2	 1	664.04	  0.08
42	33	20	m	 0	 2	 0	 1	 0	 2	 1	 0	 2	 2	 1	585.69	  0.07
43	33	20	m	 0	 2	 0	 1	 1	 2	 1	 1	 2	 2	 1	553.95	  0.06
44	33	20	m	 0	 2	 0	 0	 1	 1	 1	 0	 1	 1	 1	639.34	  0.06
45	33	20	m	 0	 2	 0	 1	 1	 2	 1	 1	 2	 2	 1	620.20	  0.06
46	33	20	m	 0	 2	 0	 0	 1	 2	 1	 0	 1	 1	 1	536.26	  0.06
47	33	20	m	 0	 2	 0	 0	 0	 0	 1	 1	 1	 1	 1	537.25	  0.06
48	33	20	m	 0	 2	 0	 0	 0	 2	 1	 1	 1	 1	 1	488.15	  0.06
49	33	20	m	 0	 2	 0	 1	 0	 0	 1	 0	 2	 2	 1	526.72	  0.06
50	33	20	m	 0	 2	 0	 1	 1	 1	 1	 1	 2	 2	 1	582.65	  0.06
51	33	20	m	 0	 2	 0	 0	 1	 0	 1	 0	 1	 1	 1	513.45	  0.06
52	33	20	m	 0	 2	 0	 0	 1	 1	 1	 0	 1	 1	 1	897.53	  0.06
53	33	20	m	 0	 2	 0	 1	 1	 1	 1	 1	 2	 2	 1	602.73	  0.06
54	33	20	m	 0	 2	 0	 0	 1	 1	 1	 0	 1	 1	 1	607.40	  0.10
55	33	20	m	 0	 2	 0	 0	 1	 1	 1	 0	 1	 1	 1	786.70	  0.10
56	33	20	m	 0	 2	 0	 0	 1	 0	 1	 0	 1	 1	 1	567.78	  0.08
57	33	20	m	 0	 2	 0	 1	 0	 1	 1	 0	 2	 2	 1	533.46	  0.06
58	33	20	m	 0	 2	 0	 1	 1	 1	 1	 1	 2	 2	 1	571.52	  0.06
59	33	20	m	 0	 2	 0	 1	 0	 2	 1	 0	 2	 2	 1	534.14	  0.06
60	33	20	m	 0	 2	 0	 0	 0	 2	 1	 1	 1	 1	 1	580.78	  0.21
61	33	20	m	 0	 2	 0	 0	 0	 1	 1	 1	 1	 1	 1	862.26	  0.10
62	33	20	m	 0	 2	 0	 0	 0	 1	 1	 1	 1	 1	 1	525.49	  0.07
63	33	20	m	 0	 2	 0	 1	 1	 0	 1	 1	 2	 2	 1	542.98	  0.09
64	33	20	m	 0	 2	 0	 1	 1	 2	 1	 1	 2	 2	 1	544.46	  0.13
65	33	20	m	 0	 2	 0	 1	 0	 2	 1	 0	 2	 2	 1	521.88	  0.06
66	33	20	m	 0	 2	 0	 0	 0	 2	 1	 1	 1	 1	 1	564.12	  0.06
67	33	20	m	 0	 2	 0	 1	 0	 0	 1	 0	 2	 2	 1	582.79	  0.06
68	33	20	m	 0	 2	 0	 1	 0	 2	 1	 0	 2	 2	 1	501.52	  0.06
69	33	20	m	 0	 2	 0	 0	 0	 0	 1	 1	 1	 1	 1	523.24	  0.06
70	33	20	m	 0	 2	 0	 1	 1	 1	 1	 1	 2	 2	 1	565.25	  0.06
71	33	20	m	 0	 2	 0	 0	 1	 2	 1	 0	 1	 1	 1	977.84	  0.06
72	33	20	m	 0	 2	 0	 0	 0	 1	 1	 1	 1	 1	 1	546.38	  0.06
73	33	20	m	 0	 2	 0	 1	 0	 2	 1	 0	 2	 2	 1	706.64	  0.12
74	33	20	m	 0	 2	 0	 0	 0	 1	 1	 1	 1	 1	 1	571.54	  0.08
75	33	20	m	 0	 2	 0	 1	 1	 2	 1	 1	 2	 2	 1	544.85	  0.06
76	33	20	m	 0	 2	 0	 0	 0	 2	 1	 1	 1	 1	 1	848.96	  0.06
77	33	20	m	 0	 2	 0	 0	 0	 1	 1	 1	 1	 1	 1	1819.79	  0.06
78	33	20	m	 0	 2	 0	 1	 0	 0	 1	 0	 2	 2	 1	488.57	  0.06
79	33	20	m	 0	 2	 0	 0	 1	 1	 1	 0	 1	 1	 1	526.14	  0.08
80	33	20	m	 0	 2	 0	 0	 0	 0	 1	 1	 1	 1	 1	571.68	  0.06
81	33	20	m	 0	 2	 0	 0	 0	 1	 1	 1	 1	 1	 1	526.06	  0.06
82	33	20	m	 0	 2	 0	 1	 0	 1	 1	 0	 2	 2	 1	474.47	  0.07
83	33	20	m	 0	 2	 0	 1	 0	 1	 1	 0	 2	 2	 1	443.55	  0.20
84	33	20	m	 0	 2	 0	 0	 1	 2	 1	 0	 1	 1	 1	500.79	  0.06
85	33	20	m	 0	 2	 0	 1	 0	 0	 1	 0	 2	 2	 1	569.84	  0.08
86	33	20	m	 0	 2	 0	 1	 0	 0	 1	 0	 2	 2	 1	682.18	  0.06
87	33	20	m	 0	 2	 0	 0	 1	 2	 1	 0	 1	 1	 1	667.38	  0.06
88	33	20	m	 0	 2	 0	 0	 1	 0	 1	 0	 1	 1	 1	1075.05	  0.06
89	33	20	m	 0	 2	 0	 1	 1	 0	 1	 1	 2	 2	 1	516.03	  0.06
90	33	20	m	 0	 2	 0	 0	 0	 1	 1	 1	 1	 1	 1	625.71	  0.23
91	33	20	m	 0	 2	 0	 0	 0	 2	 1	 1	 1	 1	 1	467.60	  0.06
92	33	20	m	 0	 2	 0	 1	 0	 1	 1	 0	 2	 2	 1	477.43	  0.06
93	33	20	m	 0	 2	 0	 1	 1	 0	 1	 1	 2	 2	 1	475.23	  0.06
94	33	20	m	 0	 2	 0	 0	 0	 0	 1	 1	 1	 1	 1	391.36	  0.06
95	33	20	m	 0	 2	 0	 1	 1	 2	 1	 1	 2	 2	 1	493.16	  0.07
96	33	20	m	 0	 2	 1	 1	 0	 2	 2	 0	 2	 2	 1	551.70	  0.06
97	33	20	m	 0	 2	 1	 0	 1	 1	 2	 0	 1	 1	 1	1015.45	  0.06
98	33	20	m	 0	 2	 1	 1	 1	 1	 2	 1	 2	 2	 1	646.01	  0.06
99	33	20	m	 0	 2	 1	 1	 0	 1	 2	 0	 2	 2	 1	885.76	  0.08
100	33	20	m	 0	 2	 1	 1	 1	 2	 2	 1	 2	 2	 1	641.23	  0.06
101	33	20	m	 0	 2	 1	 0	 0	 2	 2	 1	 1	 1	 1	670.84	  0.06
102	33	20	m	 0	 2	 1	 0	 1	 1	 2	 0	 1	 1	 1	869.22	  0.06
103	33	20	m	 0	 2	 1	 1	 0	 1	 2	 0	 2	 2	 1	618.73	  0.06
104	33	20	m	 0	 2	 1	 0	 1	 0	 2	 0	 1	 1	 1	664.20	  0.06
105	33	20	m	 0	 2	 1	 0	 1	 2	 2	 0	 1	 1	 1	1135.47	  0.06
106	33	20	m	 0	 2	 1	 0	 1	 0	 2	 0	 1	 1	 1	858.90	  0.07
107	33	20	m	 0	 2	 1	 1	 0	 1	 2	 0	 2	 2	 1	568.61	  0.06
108	33	20	m	 0	 2	 1	 0	 1	 1	 2	 0	 1	 1	 1	849.99	  0.06
109	33	20	m	 0	 2	 1	 0	 0	 2	 2	 1	 1	 1	 1	728.42	  0.06
110	33	20	m	 0	 2	 1	 0	 1	 0	 2	 0	 1	 1	 1	640.72	  0.06
111	33	20	m	 0	 2	 1	 1	 0	 0	 2	 0	 2	 2	 1	627.47	  0.06
112	33	20	m	 0	 2	 1	 1	 1	 0	 2	 1	 2	 2	 1	1469.42	  0.07
113	33	20	m	 0	 2	 1	 1	 1	 2	 2	 1	 2	 2	 1	1355.06	  0.10
114	33	20	m	 0	 2	 1	 0	 0	 2	 2	 1	 1	 1	 1	586.63	  0.06
115	33	20	m	 0	 2	 1	 0	 0	 2	 2	 1	 1	 1	 1	520.01	  0.08
116	33	20	m	 0	 2	 1	 1	 0	 0	 2	 0	 2	 2	 1	568.84	  0.06
117	33	20	m	 0	 2	 1	 0	 1	 2	 2	 0	 1	 1	 1	751.59	  0.08
118	33	20	m	 0	 2	 1	 1	 1	 2	 2	 1	 2	 2	 1	709.72	  0.06
119	33	20	m	 0	 2	 1	 1	 1	 2	 2	 1	 2	 2	 1	709.42	  0.06
120	33	20	m	 0	 2	 1	 0	 0	 0	 2	 1	 1	 1	 1	795.66	  0.06
121	33	20	m	 0	 2	 1	 0	 1	 2	 2	 0	 1	 2	 0	687.12	  0.19
122	33	20	m	 0	 2	 1	 0	 0	 0	 2	 1	 1	 0	 0	2000.29	  0.00
123	33	20	m	 0	 2	 1	 0	 0	 1	 2	 1	 1	 1	 1	716.00	  0.21
124	33	20	m	 0	 2	 1	 1	 1	 1	 2	 1	 2	 2	 1	612.48	  0.06
125	33	20	m	 0	 2	 1	 1	 1	 1	 2	 1	 2	 2	 1	566.78	  0.06
126	33	20	m	 0	 2	 1	 1	 1	 2	 2	 1	 2	 2	 1	459.20	  0.06
127	33	20	m	 0	 2	 1	 1	 1	 0	 2	 1	 2	 2	 1	466.90	  0.06
128	33	20	m	 0	 2	 1	 0	 0	 1	 2	 1	 1	 1	 1	533.57	  0.06
129	33	20	m	 0	 2	 1	 0	 1	 1	 2	 0	 1	 1	 1	714.49	  0.06
130	33	20	m	 0	 2	 1	 1	 0	 2	 2	 0	 2	 2	 1	585.96	  0.09
131	33	20	m	 0	 2	 1	 1	 0	 2	 2	 0	 2	 2	 1	686.09	  0.08
132	33	20	m	 0	 2	 1	 0	 0	 1	 2	 1	 1	 1	 1	666.29	  0.10
133	33	20	m	 0	 2	 1	 0	 0	 0	 2	 1	 1	 1	 1	526.13	  0.06
134	33	20	m	 0	 2	 1	 1	 1	 1	 2	 1	 2	 2	 1	507.43	  0.06
135	33	20	m	 0	 2	 1	 0	 1	 1	 2	 0	 1	 1	 1	608.48	  0.07
136	33	20	m	 0	 2	 1	 1	 0	 2	 2	 0	 2	 2	 1	529.61	  0.06
137	33	20	m	 0	 2	 1	 1	 0	 0	 2	 0	 2	 2	 1	580.18	  0.06
138	33	20	m	 0	 2	 1	 1	 1	 1	 2	 1	 2	 2	 1	528.11	  0.06
139	33	20	m	 0	 2	 1	 0	 1	 0	 2	 0	 1	 1	 1	566.38	  0.06
140	33	20	m	 0	 2	 1	 0	 0	 2	 2	 1	 1	 1	 1	523.70	  0.06
141	33	20	m	 0	 2	 1	 0	 0	 2	 2	 1	 1	 1	 1	480.20	  0.06
142	33	20	m	 0	 2	 1	 1	 1	 0	 2	 1	 2	 2	 1	476.54	  0.06
143	33	20	m	 0	 2	 1	 1	 1	 2	 2	 1	 2	 2	 1	449.79	  0.06
144	33	20	m	 0	 2	 1	 1	 0	 1	 2	 0	 2	 2	 1	548.09	  0.06
145	33	20	m	 0	 2	 1	 0	 1	 1	 2	 0	 1	 1	 1	448.85	  0.06
146	33	20	m	 0	 2	 1	 0	 1	 2	 2	 0	 1	 1	 1	555.54	  0.06
147	33	20	m	 0	 2	 1	 0	 0	 0	 2	 1	 1	 1	 1	542.13	  0.20
148	33	20	m	 0	 2	 1	 0	 0	 0	 2	 1	 1	 1	 1	546.33	  0.09
149	33	20	m	 0	 2	 1	 1	 0	 0	 2	 0	 2	 1	 0	452.92	  0.06
150	33	20	m	 0	 2	 1	 0	 0	 0	 2	 1	 1	 1	 1	758.32	  0.06
151	33	20	m	 0	 2	 1	 0	 0	 1	 2	 1	 1	 1	 1	549.71	  0.11
152	33	20	m	 0	 2	 1	 1	 1	 0	 2	 1	 2	 2	 1	512.51	  0.06
153	33	20	m	 0	 2	 1	 0	 1	 2	 2	 0	 1	 1	 1	511.69	  0.06
154	33	20	m	 0	 2	 1	 0	 1	 2	 2	 0	 1	 1	 1	1052.85	  0.06
155	33	20	m	 0	 2	 1	 1	 0	 1	 2	 0	 2	 2	 1	750.89	  0.17
156	33	20	m	 0	 2	 1	 0	 0	 1	 2	 1	 1	 1	 1	845.15	  0.06
157	33	20	m	 0	 2	 1	 0	 1	 0	 2	 0	 1	 1	 1	621.52	  0.06
158	33	20	m	 0	 2	 1	 1	 0	 2	 2	 0	 2	 2	 1	435.65	  0.06
159	33	20	m	 0	 2	 1	 1	 1	 0	 2	 1	 2	 2	 1	444.39	  0.06
160	33	20	m	 0	 2	 1	 1	 0	 1	 2	 0	 2	 2	 1	461.39	  0.06
161	33	20	m	 0	 2	 1	 0	 1	 0	 2	 0	 1	 1	 1	365.32	  0.06
162	33	20	m	 0	 2	 1	 1	 1	 1	 2	 1	 2	 2	 1	392.07	  0.06
163	33	20	m	 0	 2	 1	 1	 0	 0	 2	 0	 2	 2	 1	478.29	  0.06
164	33	20	m	 0	 2	 1	 1	 1	 1	 2	 1	 2	 2	 1	841.13	  0.06
165	33	20	m	 0	 2	 1	 0	 0	 2	 2	 1	 1	 1	 1	321.24	  0.06
166	33	20	m	 0	 2	 1	 0	 0	 1	 2	 1	 1	 1	 1	528.05	  0.06
167	33	20	m	 0	 2	 1	 0	 1	 2	 2	 0	 1	 1	 1	484.52	  0.06
168	33	20	m	 0	 2	 1	 0	 0	 0	 2	 1	 1	 1	 1	486.61	  0.06
169	33	20	m	 0	 2	 1	 1	 0	 2	 2	 0	 2	 2	 1	511.91	  0.06
170	33	20	m	 0	 2	 1	 0	 0	 2	 2	 1	 1	 1	 1	808.88	  0.06
171	33	20	m	 0	 2	 1	 1	 1	 0	 2	 1	 2	 2	 1	485.77	  0.08
172	33	20	m	 0	 2	 1	 1	 0	 0	 2	 0	 2	 2	 1	555.05	  0.06
173	33	20	m	 0	 2	 1	 0	 1	 1	 2	 0	 1	 1	 1	763.73	  0.07
174	33	20	m	 0	 2	 1	 0	 1	 0	 2	 0	 1	 1	 1	688.59	  0.06
175	33	20	m	 0	 2	 1	 0	 1	 1	 2	 0	 1	 1	 1	440.32	  0.06
176	33	20	m	 0	 2	 1	 1	 0	 0	 2	 0	 2	 2	 1	472.67	  0.06
177	33	20	m	 0	 2	 1	 1	 1	 2	 2	 1	 2	 2	 1	502.52	  0.06
178	33	20	m	 0	 2	 1	 1	 0	 1	 2	 0	 2	 2	 1	428.36	  0.07
179	33	20	m	 0	 2	 1	 1	 1	 2	 2	 1	 2	 2	 1	416.30	  0.06
180	33	20	m	 0	 2	 1	 0	 1	 0	 2	 0	 1	 1	 1	639.55	  0.06
181	33	20	m	 0	 2	 1	 1	 0	 2	 2	 0	 2	 2	 1	1521.12	  0.06
182	33	20	m	 0	 2	 1	 0	 0	 1	 2	 1	 1	 1	 1	612.63	  0.20
183	33	20	m	 0	 2	 1	 1	 0	 2	 2	 0	 2	 2	 1	791.98	  0.06
184	33	20	m	 0	 2	 1	 1	 1	 1	 2	 1	 2	 2	 1	481.01	  0.07
185	33	20	m	 0	 2	 1	 1	 1	 0	 2	 1	 2	 2	 1	555.40	  0.06
186	33	20	m	 0	 2	 1	 0	 0	 0	 2	 1	 1	 1	 1	784.31	  0.06
187	33	20	m	 0	 2	 1	 1	 0	 1	 2	 0	 2	 2	 1	480.50	  0.06
188	33	20	m	 0	 2	 1	 1	 1	 0	 2	 1	 2	 2	 1	504.70	  0.06
189	33	20	m	 0	 2	 1	 0	 0	 1	 2	 1	 1	 1	 1	680.89	  0.08
190	33	20	m	 0	 2	 1	 1	 0	 0	 2	 0	 2	 2	 1	464.30	  0.06
191	33	20	m	 0	 2	 1	 0	 1	 2	 2	 0	 1	 1	 1	668.52	  0.06
192	33	20	m	 0	 2	 2	 1	 1	 0	 1	 1	 2	 2	 1	951.35	  0.06
193	33	20	m	 0	 2	 2	 1	 0	 0	 1	 0	 2	 2	 1	471.70	  0.06
194	33	20	m	 0	 2	 2	 1	 1	 1	 1	 1	 2	 2	 1	355.31	  0.06
195	33	20	m	 0	 2	 2	 0	 0	 0	 1	 1	 1	 1	 1	579.11	  0.06
196	33	20	m	 0	 2	 2	 1	 1	 1	 1	 1	 2	 0	 0	2000.28	  0.00
197	33	20	m	 0	 2	 2	 0	 1	 0	 1	 0	 1	 1	 1	1169.68	  0.06
198	33	20	m	 0	 2	 2	 1	 0	 2	 1	 0	 2	 2	 1	579.25	  0.06
199	33	20	m	 0	 2	 2	 1	 0	 2	 1	 0	 2	 2	 1	499.29	  0.20
200	33	20	m	 0	 2	 2	 0	 0	 1	 1	 1	 1	 1	 1	1030.09	  0.06
201	33	20	m	 0	 2	 2	 1	 1	 2	 1	 1	 2	 2	 1	455.31	  0.06
202	33	20	m	 0	 2	 2	 0	 1	 1	 1	 0	 1	 1	 1	560.54	  0.06
203	33	20	m	 0	 2	 2	 0	 0	 0	 1	 1	 1	 1	 1	476.87	  0.10
204	33	20	m	 0	 2	 2	 1	 1	 2	 1	 1	 2	 2	 1	500.73	  0.06
205	33	20	m	 0	 2	 2	 1	 0	 1	 1	 0	 2	 2	 1	564.88	  0.07
206	33	20	m	 0	 2	 2	 0	 1	 0	 1	 0	 1	 1	 1	411.18	  0.06
207	33	20	m	 0	 2	 2	 1	 1	 2	 1	 1	 2	 2	 1	448.42	  0.06
208	33	20	m	 0	 2	 2	 0	 0	 2	 1	 1	 1	 1	 1	568.09	  0.06
209	33	20	m	 0	 2	 2	 1	 0	 2	 1	 0	 2	 2	 1	471.39	  0.06
210	33	20	m	 0	 2	 2	 1	 1	 0	 1	 1	 2	 2	 1	488.70	  0.08
211	33	20	m	 0	 2	 2	 1	 1	 1	 1	 1	 2	 2	 1	457.83	  0.08
212	33	20	m	 0	 2	 2	 0	 0	 2	 1	 1	 1	 1	 1	550.18	  0.07
213	33	20	m	 0	 2	 2	 1	 1	 2	 1	 1	 2	 2	 1	464.90	  0.06
214	33	20	m	 0	 2	 2	 1	 1	 2	 1	 1	 2	 2	 1	430.13	  0.06
215	33	20	m	 0	 2	 2	 1	 1	 0	 1	 1	 2	 2	 1	475.93	  0.06
216	33	20	m	 0	 2	 2	 1	 0	 0	 1	 0	 2	 2	 1	487.18	  0.07
217	33	20	m	 0	 2	 2	 0	 1	 2	 1	 0	 1	 1	 1	667.58	  0.06
218	33	20	m	 0	 2	 2	 0	 0	 0	 1	 1	 1	 1	 1	465.02	  0.06
219	33	20	m	 0	 2	 2	 0	 1	 2	 1	 0	 1	 1	 1	533.46	  0.06
220	33	20	m	 0	 2	 2	 0	 0	 1	 1	 1	 1	 1	 1	548.05	  0.08
221	33	20	m	 0	 2	 2	 1	 0	 0	 1	 0	 2	 2	 1	469.68	  0.06
222	33	20	m	 0	 2	 2	 1	 0	 2	 1	 0	 2	 2	 1	489.24	  0.06
223	33	20	m	 0	 2	 2	 0	 0	 0	 1	 1	 1	 1	 1	424.46	  0.06
224	33	20	m	 0	 2	 2	 0	 1	 1	 1	 0	 1	 1	 1	421.82	  0.21
225	33	20	m	 0	 2	 2	 0	 1	 0	 1	 0	 1	 1	 1	525.93	  0.06
226	33	20	m	 0	 2	 2	 1	 0	 1	 1	 0	 2	 2	 1	486.53	  0.06
227	33	20	m	 0	 2	 2	 0	 0	 0	 1	 1	 1	 1	 1	463.04	  0.06
228	33	20	m	 0	 2	 2	 1	 1	 2	 1	 1	 2	 2	 1	493.99	  0.06
229	33	20	m	 0	 2	 2	 1	 0	 0	 1	 0	 2	 2	 1	497.16	  0.06
230	33	20	m	 0	 2	 2	 0	 0	 2	 1	 1	 1	 1	 1	521.25	  0.06
231	33	20	m	 0	 2	 2	 1	 1	 2	 1	 1	 2	 2	 1	567.87	  0.06
232	33	20	m	 0	 2	 2	 0	 1	 1	 1	 0	 1	 1	 1	501.16	  0.06
233	33	20	m	 0	 2	 2	 0	 0	 1	 1	 1	 1	 1	 1	504.13	  0.06
234	33	20	m	 0	 2	 2	 1	 0	 2	 1	 0	 2	 2	 1	545.28	  0.06
235	33	20	m	 0	 2	 2	 0	 0	 2	 1	 1	 1	 1	 1	479.35	  0.06
236	33	20	m	 0	 2	 2	 1	 0	 1	 1	 0	 2	 2	 1	559.40	  0.06
237	33	20	m	 0	 2	 2	 0	 1	 0	 1	 0	 1	 1	 1	541.78	  0.06
238	33	20	m	 0	 2	 2	 1	 1	 1	 1	 1	 2	 2	 1	518.09	  0.06
239	33	20	m	 0	 2	 2	 0	 0	 0	 1	 1	 1	 1	 1	475.66	  0.06
240	33	20	m	 0	 2	 2	 1	 0	 1	 1	 0	 2	 2	 1	505.47	  0.06
241	33	20	m	 0	 2	 2	 0	 1	 0	 1	 0	 1	 1	 1	439.67	  0.07
242	33	20	m	 0	 2	 2	 1	 0	 2	 1	 0	 2	 2	 1	431.28	  0.06
243	33	20	m	 0	 2	 2	 0	 1	 0	 1	 0	 1	 1	 1	436.05	  0.06
244	33	20	m	 0	 2	 2	 0	 0	 2	 1	 1	 1	 1	 1	490.09	  0.06
245	33	20	m	 0	 2	 2	 1	 1	 1	 1	 1	 2	 2	 1	572.61	  0.06
246	33	20	m	 0	 2	 2	 1	 0	 0	 1	 0	 2	 2	 1	607.45	  0.06
247	33	20	m	 0	 2	 2	 1	 0	 0	 1	 0	 2	 2	 1	652.28	  0.06
248	33	20	m	 0	 2	 2	 0	 1	 2	 1	 0	 1	 1	 1	463.48	  0.06
249	33	20	m	 0	 2	 2	 0	 1	 1	 1	 0	 1	 1	 1	523.74	  0.21
250	33	20	m	 0	 2	 2	 1	 1	 2	 1	 1	 2	 2	 1	446.92	  0.06
251	33	20	m	 0	 2	 2	 0	 1	 0	 1	 0	 1	 1	 1	529.67	  0.06
252	33	20	m	 0	 2	 2	 1	 0	 1	 1	 0	 2	 2	 1	501.77	  0.06
253	33	20	m	 0	 2	 2	 0	 1	 2	 1	 0	 1	 1	 1	538.14	  0.06
254	33	20	m	 0	 2	 2	 0	 0	 0	 1	 1	 1	 1	 1	476.98	  0.08
255	33	20	m	 0	 2	 2	 1	 1	 1	 1	 1	 2	 2	 1	576.77	  0.06
256	33	20	m	 0	 2	 2	 1	 1	 0	 1	 1	 2	 2	 1	509.02	  0.06
257	33	20	m	 0	 2	 2	 1	 0	 1	 1	 0	 2	 2	 1	467.16	  0.09
258	33	20	m	 0	 2	 2	 0	 0	 1	 1	 1	 1	 1	 1	473.95	  0.06
259	33	20	m	 0	 2	 2	 0	 1	 2	 1	 0	 1	 1	 1	480.14	  0.06
260	33	20	m	 0	 2	 2	 0	 1	 1	 1	 0	 1	 1	 1	520.97	  0.06
261	33	20	m	 0	 2	 2	 1	 1	 0	 1	 1	 2	 2	 1	441.06	  0.07
262	33	20	m	 0	 2	 2	 0	 1	 2	 1	 0	 1	 1	 1	440.45	  0.06
263	33	20	m	 0	 2	 2	 0	 1	 1	 1	 0	 1	 1	 1	423.80	  0.06
264	33	20	m	 0	 2	 2	 0	 0	 1	 1	 1	 1	 1	 1	500.62	  0.06
265	33	20	m	 0	 2	 2	 0	 1	 0	 1	 0	 1	 1	 1	471.60	  0.11
266	33	20	m	 0	 2	 2	 1	 0	 0	 1	 0	 2	 2	 1	457.46	  0.06
267	33	20	m	 0	 2	 2	 0	 1	 2	 1	 0	 1	 1	 1	404.42	  0.06
268	33	20	m	 0	 2	 2	 0	 1	 1	 1	 0	 1	 1	 1	406.82	  0.06
269	33	20	m	 0	 2	 2	 0	 0	 2	 1	 1	 1	 1	 1	462.27	  0.06
270	33	20	m	 0	 2	 2	 1	 1	 0	 1	 1	 2	 2	 1	424.47	  0.07
271	33	20	m	 0	 2	 2	 1	 0	 0	 1	 0	 2	 1	 0	468.45	  0.08
272	33	20	m	 0	 2	 2	 1	 0	 1	 1	 0	 2	 2	 1	528.31	  0.09
273	33	20	m	 0	 2	 2	 0	 0	 2	 1	 1	 1	 1	 1	529.91	  0.06
274	33	20	m	 0	 2	 2	 1	 0	 2	 1	 0	 2	 2	 1	470.13	  0.06
275	33	20	m	 0	 2	 2	 0	 0	 0	 1	 1	 1	 1	 1	481.34	  0.06
276	33	20	m	 0	 2	 2	 0	 0	 1	 1	 1	 1	 1	 1	575.71	  0.06
277	33	20	m	 0	 2	 2	 0	 0	 1	 1	 1	 1	 1	 1	602.10	  0.06
278	33	20	m	 0	 2	 2	 1	 0	 1	 1	 0	 2	 2	 1	482.09	  0.06
279	33	20	m	 0	 2	 2	 0	 0	 1	 1	 1	 1	 1	 1	507.50	  0.07
280	33	20	m	 0	 2	 2	 1	 1	 0	 1	 1	 2	 2	 1	395.49	  0.10
281	33	20	m	 0	 2	 2	 0	 1	 2	 1	 0	 1	 1	 1	1259.27	  0.07
282	33	20	m	 0	 2	 2	 1	 0	 2	 1	 0	 2	 2	 1	469.24	  0.06
283	33	20	m	 0	 2	 2	 1	 1	 0	 1	 1	 2	 2	 1	528.01	  0.06
284	33	20	m	 0	 2	 2	 0	 1	 1	 1	 0	 1	 1	 1	607.59	  0.06
285	33	20	m	 0	 2	 2	 1	 1	 1	 1	 1	 2	 2	 1	605.67	  0.07
286	33	20	m	 0	 2	 2	 1	 1	 1	 1	 1	 2	 2	 1	519.19	  0.21
287	33	20	m	 0	 2	 2	 0	 0	 2	 1	 1	 1	 1	 1	575.04	  0.08
288	33	20	m	 0	 2	 3	 1	 0	 0	 2	 0	 2	 2	 1	499.92	  0.06
289	33	20	m	 0	 2	 3	 1	 1	 0	 2	 1	 2	 2	 1	520.19	  0.06
290	33	20	m	 0	 2	 3	 0	 0	 0	 2	 1	 1	 1	 1	603.72	  0.06
291	33	20	m	 0	 2	 3	 1	 0	 0	 2	 0	 2	 2	 1	503.89	  0.06
292	33	20	m	 0	 2	 3	 0	 0	 0	 2	 1	 1	 1	 1	564.96	  0.07
293	33	20	m	 0	 2	 3	 0	 1	 0	 2	 0	 1	 1	 1	571.32	  0.06
294	33	20	m	 0	 2	 3	 0	 1	 0	 2	 0	 1	 1	 1	586.73	  0.06
295	33	20	m	 0	 2	 3	 0	 0	 1	 2	 1	 1	 1	 1	548.98	  0.06
296	33	20	m	 0	 2	 3	 1	 0	 1	 2	 0	 2	 2	 1	512.09	  0.08
297	33	20	m	 0	 2	 3	 0	 0	 0	 2	 1	 1	 1	 1	833.89	  0.06
298	33	20	m	 0	 2	 3	 0	 0	 2	 2	 1	 1	 1	 1	500.37	  0.08
299	33	20	m	 0	 2	 3	 0	 0	 2	 2	 1	 1	 1	 1	458.45	  0.06
300	33	20	m	 0	 2	 3	 0	 1	 2	 2	 0	 1	 1	 1	514.65	  0.06
301	33	20	m	 0	 2	 3	 1	 1	 2	 2	 1	 2	 2	 1	505.36	  0.06
302	33	20	m	 0	 2	 3	 0	 1	 1	 2	 0	 1	 1	 1	524.54	  0.06
303	33	20	m	 0	 2	 3	 0	 0	 2	 2	 1	 1	 1	 1	454.18	  0.07
304	33	20	m	 0	 2	 3	 0	 0	 2	 2	 1	 1	 1	 1	534.44	  0.06
305	33	20	m	 0	 2	 3	 1	 1	 0	 2	 1	 2	 2	 1	501.35	  0.06
306	33	20	m	 0	 2	 3	 0	 0	 2	 2	 1	 1	 1	 1	435.70	  0.07
307	33	20	m	 0	 2	 3	 0	 1	 2	 2	 0	 1	 1	 1	515.73	  0.07
308	33	20	m	 0	 2	 3	 1	 1	 1	 2	 1	 2	 2	 1	506.89	  0.06
309	33	20	m	 0	 2	 3	 0	 0	 2	 2	 1	 1	 1	 1	492.53	  0.06
310	33	20	m	 0	 2	 3	 1	 1	 2	 2	 1	 2	 2	 1	482.38	  0.06
311	33	20	m	 0	 2	 3	 1	 0	 1	 2	 0	 2	 2	 1	462.02	  0.06
312	33	20	m	 0	 2	 3	 0	 1	 2	 2	 0	 1	 1	 1	417.52	  0.06
313	33	20	m	 0	 2	 3	 0	 0	 1	 2	 1	 1	 1	 1	517.03	  0.06
314	33	20	m	 0	 2	 3	 1	 0	 1	 2	 0	 2	 2	 1	460.08	  0.06
315	33	20	m	 0	 2	 3	 1	 1	 1	 2	 1	 2	 2	 1	529.62	  0.06
316	33	20	m	 0	 2	 3	 1	 0	 2	 2	 0	 2	 2	 1	452.95	  0.11
317	33	20	m	 0	 2	 3	 0	 1	 0	 2	 0	 1	 1	 1	616.33	  0.06
318	33	20	m	 0	 2	 3	 1	 1	 0	 2	 1	 2	 2	 1	458.83	  0.06
319	33	20	m	 0	 2	 3	 1	 0	 2	 2	 0	 2	 2	 1	475.02	  0.07
320	33	20	m	 0	 2	 3	 0	 1	 2	 2	 0	 1	 1	 1	472.72	  0.06
321	33	20	m	 0	 2	 3	 0	 0	 0	 2	 1	 1	 1	 1	511.92	  0.06
322	33	20	m	 0	 2	 3	 0	 0	 2	 2	 1	 1	 1	 1	526.77	  0.06
323	33	20	m	 0	 2	 3	 1	 0	 0	 2	 0	 2	 2	 1	468.29	  0.06
324	33	20	m	 0	 2	 3	 1	 1	 1	 2	 1	 2	 2	 1	486.57	  0.06
325	33	20	m	 0	 2	 3	 1	 0	 2	 2	 0	 2	 2	 1	396.73	  0.06
326	33	20	m	 0	 2	 3	 1	 0	 1	 2	 0	 2	 2	 1	437.70	  0.06
327	33	20	m	 0	 2	 3	 0	 0	 0	 2	 1	 1	 1	 1	479.85	  0.06
328	33	20	m	 0	 2	 3	 0	 0	 0	 2	 1	 1	 1	 1	501.63	  0.20
329	33	20	m	 0	 2	 3	 1	 1	 1	 2	 1	 2	 2	 1	500.55	  0.06
330	33	20	m	 0	 2	 3	 1	 0	 0	 2	 0	 2	 2	 1	446.71	  0.20
331	33	20	m	 0	 2	 3	 0	 1	 0	 2	 0	 1	 1	 1	594.54	  0.07
332	33	20	m	 0	 2	 3	 1	 1	 1	 2	 1	 2	 2	 1	541.08	  0.06
333	33	20	m	 0	 2	 3	 1	 0	 2	 2	 0	 2	 2	 1	488.03	  0.07
334	33	20	m	 0	 2	 3	 0	 1	 1	 2	 0	 1	 1	 1	1164.36	  0.12
335	33	20	m	 0	 2	 3	 1	 1	 1	 2	 1	 2	 2	 1	570.97	  0.06
336	33	20	m	 0	 2	 3	 0	 0	 1	 2	 1	 1	 1	 1	667.31	  0.06
337	33	20	m	 0	 2	 3	 0	 0	 1	 2	 1	 1	 1	 1	480.59	  0.08
338	33	20	m	 0	 2	 3	 1	 0	 0	 2	 0	 2	 2	 1	432.29	  0.06
339	33	20	m	 0	 2	 3	 1	 1	 2	 2	 1	 2	 2	 1	470.05	  0.06
340	33	20	m	 0	 2	 3	 1	 1	 1	 2	 1	 2	 2	 1	504.02	  0.20
341	33	20	m	 0	 2	 3	 1	 0	 1	 2	 0	 2	 2	 1	475.10	  0.06
342	33	20	m	 0	 2	 3	 0	 1	 0	 2	 0	 1	 1	 1	484.81	  0.06
343	33	20	m	 0	 2	 3	 1	 1	 0	 2	 1	 2	 2	 1	444.39	  0.06
344	33	20	m	 0	 2	 3	 1	 0	 2	 2	 0	 2	 2	 1	398.67	  0.06
345	33	20	m	 0	 2	 3	 0	 1	 1	 2	 0	 1	 1	 1	496.86	  0.07
346	33	20	m	 0	 2	 3	 0	 0	 1	 2	 1	 1	 1	 1	455.93	  0.06
347	33	20	m	 0	 2	 3	 0	 0	 0	 2	 1	 1	 1	 1	471.26	  0.06
348	33	20	m	 0	 2	 3	 1	 1	 2	 2	 1	 2	 2	 1	435.11	  0.08
349	33	20	m	 0	 2	 3	 0	 1	 1	 2	 0	 1	 1	 1	395.09	  0.06
350	33	20	m	 0	 2	 3	 0	 0	 1	 2	 1	 1	 1	 1	505.63	  0.06
351	33	20	m	 0	 2	 3	 1	 1	 2	 2	 1	 2	 2	 1	452.00	  0.06
352	33	20	m	 0	 2	 3	 0	 0	 1	 2	 1	 1	 1	 1	406.54	  0.06
353	33	20	m	 0	 2	 3	 1	 0	 1	 2	 0	 2	 2	 1	430.13	  0.06
354	33	20	m	 0	 2	 3	 0	 1	 1	 2	 0	 1	 1	 1	419.27	  0.06
355	33	20	m	 0	 2	 3	 0	 1	 2	 2	 0	 1	 1	 1	449.53	  0.06
356	33	20	m	 0	 2	 3	 1	 0	 1	 2	 0	 2	 2	 1	323.28	  0.06
357	33	20	m	 0	 2	 3	 1	 1	 2	 2	 1	 2	 2	 1	411.02	  0.06
358	33	20	m	 0	 2	 3	 1	 1	 0	 2	 1	 2	 2	 1	393.89	  0.06
359	33	20	m	 0	 2	 3	 0	 1	 2	 2	 0	 1	 1	 1	368.93	  0.07
360	33	20	m	 0	 2	 3	 0	 1	 2	 2	 0	 1	 1	 1	449.66	  0.06
361	33	20	m	 0	 2	 3	 0	 0	 1	 2	 1	 1	 1	 1	395.12	  0.06
362	33	20	m	 0	 2	 3	 1	 1	 2	 2	 1	 2	 2	 1	441.43	  0.06
363	33	20	m	 0	 2	 3	 0	 0	 0	 2	 1	 1	 1	 1	458.58	  0.07
364	33	20	m	 0	 2	 3	 0	 1	 0	 2	 0	 1	 1	 1	506.77	  0.07
365	33	20	m	 0	 2	 3	 1	 1	 2	 2	 1	 2	 2	 1	447.36	  0.06
366	33	20	m	 0	 2	 3	 0	 1	 0	 2	 0	 1	 1	 1	456.02	  0.07
367	33	20	m	 0	 2	 3	 1	 0	 0	 2	 0	 2	 2	 1	506.95	  0.06
368	33	20	m	 0	 2	 3	 1	 0	 0	 2	 0	 2	 2	 1	474.22	  0.20
369	33	20	m	 0	 2	 3	 0	 1	 1	 2	 0	 1	 1	 1	702.22	  0.06
370	33	20	m	 0	 2	 3	 1	 1	 0	 2	 1	 2	 2	 1	428.43	  0.06
371	33	20	m	 0	 2	 3	 1	 0	 2	 2	 0	 2	 2	 1	556.21	  0.06
372	33	20	m	 0	 2	 3	 1	 1	 0	 2	 1	 2	 2	 1	489.83	  0.06
373	33	20	m	 0	 2	 3	 0	 1	 1	 2	 0	 1	 1	 1	745.90	  0.08
374	33	20	m	 0	 2	 3	 1	 0	 2	 2	 0	 2	 2	 1	497.81	  0.06
375	33	20	m	 0	 2	 3	 1	 0	 1	 2	 0	 2	 2	 1	510.40	  0.07
376	33	20	m	 0	 2	 3	 0	 1	 0	 2	 0	 1	 1	 1	763.34	  0.06
377	33	20	m	 0	 2	 3	 0	 1	 1	 2	 0	 1	 1	 1	1258.61	  0.06
378	33	20	m	 0	 2	 3	 1	 0	 0	 2	 0	 2	 2	 1	529.40	  0.06
379	33	20	m	 0	 2	 3	 0	 0	 2	 2	 1	 1	 1	 1	452.81	  0.07
380	33	20	m	 0	 2	 3	 1	 1	 0	 2	 1	 2	 2	 1	440.64	  0.06
381	33	20	m	 0	 2	 3	 1	 0	 2	 2	 0	 2	 2	 1	506.09	  0.09
382	33	20	m	 0	 2	 3	 0	 1	 2	 2	 0	 1	 1	 1	399.40	  0.06
383	33	20	m	 0	 2	 3	 1	 1	 1	 2	 1	 2	 2	 1	381.93	  0.06
