00	55	19	v	 1	 2	 0	 0	 0	 1	 1	 1	 1	 1	 1	599.05	  0.06
01	55	19	v	 1	 2	 0	 1	 0	 0	 1	 0	 2	 2	 1	543.63	  0.06
02	55	19	v	 1	 2	 0	 0	 0	 1	 1	 1	 1	 1	 1	531.84	  0.08
03	55	19	v	 1	 2	 0	 0	 1	 2	 1	 0	 1	 1	 1	448.67	  0.06
04	55	19	v	 1	 2	 0	 1	 0	 0	 1	 0	 2	 2	 1	430.93	  0.08
05	55	19	v	 1	 2	 0	 1	 1	 2	 1	 1	 2	 2	 1	452.73	  0.06
06	55	19	v	 1	 2	 0	 0	 0	 1	 1	 1	 1	 1	 1	397.25	  0.06
07	55	19	v	 1	 2	 0	 0	 1	 0	 1	 0	 1	 1	 1	483.96	  0.07
08	55	19	v	 1	 2	 0	 1	 0	 2	 1	 0	 2	 2	 1	417.08	  0.08
09	55	19	v	 1	 2	 0	 1	 0	 0	 1	 0	 2	 2	 1	406.83	  0.06
10	55	19	v	 1	 2	 0	 1	 1	 0	 1	 1	 2	 2	 1	511.04	  0.06
11	55	19	v	 1	 2	 0	 1	 1	 0	 1	 1	 2	 1	 0	429.39	  0.06
12	55	19	v	 1	 2	 0	 0	 0	 2	 1	 1	 1	 1	 1	468.61	  0.06
13	55	19	v	 1	 2	 0	 0	 0	 2	 1	 1	 1	 1	 1	453.40	  0.06
14	55	19	v	 1	 2	 0	 0	 0	 2	 1	 1	 1	 1	 1	506.20	  0.06
15	55	19	v	 1	 2	 0	 1	 1	 1	 1	 1	 2	 2	 1	430.01	  0.06
16	55	19	v	 1	 2	 0	 0	 1	 1	 1	 0	 1	 1	 1	421.96	  0.06
17	55	19	v	 1	 2	 0	 0	 1	 0	 1	 0	 1	 1	 1	765.73	  0.07
18	55	19	v	 1	 2	 0	 1	 1	 2	 1	 1	 2	 2	 1	463.35	  0.06
19	55	19	v	 1	 2	 0	 1	 0	 1	 1	 0	 2	 2	 1	490.10	  0.07
20	55	19	v	 1	 2	 0	 1	 1	 2	 1	 1	 2	 2	 1	459.74	  0.06
21	55	19	v	 1	 2	 0	 1	 0	 2	 1	 0	 2	 2	 1	436.60	  0.09
22	55	19	v	 1	 2	 0	 0	 1	 0	 1	 0	 1	 1	 1	498.86	  0.06
23	55	19	v	 1	 2	 0	 1	 0	 1	 1	 0	 2	 2	 1	469.76	  0.08
24	55	19	v	 1	 2	 0	 0	 0	 2	 1	 1	 1	 1	 1	430.52	  0.06
25	55	19	v	 1	 2	 0	 0	 1	 0	 1	 0	 1	 2	 0	484.48	  0.06
26	55	19	v	 1	 2	 0	 0	 0	 0	 1	 1	 1	 1	 1	477.50	  0.07
27	55	19	v	 1	 2	 0	 0	 0	 1	 1	 1	 1	 1	 1	586.58	  0.06
28	55	19	v	 1	 2	 0	 1	 1	 1	 1	 1	 2	 2	 1	972.23	  0.06
29	55	19	v	 1	 2	 0	 0	 0	 0	 1	 1	 1	 1	 1	453.28	  0.06
30	55	19	v	 1	 2	 0	 0	 1	 0	 1	 0	 1	 1	 1	393.36	  0.06
31	55	19	v	 1	 2	 0	 1	 1	 1	 1	 1	 2	 2	 1	497.77	  0.09
32	55	19	v	 1	 2	 0	 0	 1	 2	 1	 0	 1	 1	 1	430.19	  0.06
33	55	19	v	 1	 2	 0	 1	 0	 1	 1	 0	 2	 2	 1	497.77	  0.09
34	55	19	v	 1	 2	 0	 1	 0	 0	 1	 0	 2	 2	 1	443.13	  0.06
35	55	19	v	 1	 2	 0	 0	 1	 0	 1	 0	 1	 1	 1	422.62	  0.06
36	55	19	v	 1	 2	 0	 1	 0	 2	 1	 0	 2	 2	 1	523.14	  0.06
37	55	19	v	 1	 2	 0	 1	 0	 0	 1	 0	 2	 2	 1	629.86	  0.06
38	55	19	v	 1	 2	 0	 0	 1	 1	 1	 0	 1	 1	 1	521.94	  0.07
39	55	19	v	 1	 2	 0	 1	 0	 1	 1	 0	 2	 2	 1	427.95	  0.06
40	55	19	v	 1	 2	 0	 1	 0	 0	 1	 0	 2	 2	 1	449.67	  0.09
41	55	19	v	 1	 2	 0	 0	 1	 1	 1	 0	 1	 1	 1	507.23	  0.06
42	55	19	v	 1	 2	 0	 1	 1	 1	 1	 1	 2	 2	 1	856.01	  0.09
43	55	19	v	 1	 2	 0	 1	 1	 2	 1	 1	 2	 2	 1	501.63	  0.06
44	55	19	v	 1	 2	 0	 0	 1	 2	 1	 0	 1	 1	 1	451.17	  0.06
45	55	19	v	 1	 2	 0	 0	 0	 0	 1	 1	 1	 1	 1	550.81	  0.06
46	55	19	v	 1	 2	 0	 1	 0	 0	 1	 0	 2	 2	 1	487.71	  0.06
47	55	19	v	 1	 2	 0	 1	 0	 2	 1	 0	 2	 1	 0	501.08	  0.25
48	55	19	v	 1	 2	 0	 1	 1	 0	 1	 1	 2	 2	 1	721.55	  0.06
49	55	19	v	 1	 2	 0	 0	 1	 0	 1	 0	 1	 1	 1	556.95	  0.20
50	55	19	v	 1	 2	 0	 1	 0	 1	 1	 0	 2	 2	 1	468.20	  0.06
51	55	19	v	 1	 2	 0	 1	 1	 1	 1	 1	 2	 2	 1	867.46	  0.06
52	55	19	v	 1	 2	 0	 0	 1	 0	 1	 0	 1	 1	 1	536.79	  0.22
53	55	19	v	 1	 2	 0	 0	 0	 1	 1	 1	 1	 1	 1	574.93	  0.06
54	55	19	v	 1	 2	 0	 0	 0	 0	 1	 1	 1	 1	 1	409.14	  0.06
55	55	19	v	 1	 2	 0	 1	 1	 1	 1	 1	 2	 2	 1	532.23	  0.06
56	55	19	v	 1	 2	 0	 0	 0	 2	 1	 1	 1	 1	 1	545.22	  0.20
57	55	19	v	 1	 2	 0	 1	 0	 0	 1	 0	 2	 2	 1	435.93	  0.06
58	55	19	v	 1	 2	 0	 0	 0	 0	 1	 1	 1	 1	 1	419.49	  0.06
59	55	19	v	 1	 2	 0	 0	 1	 1	 1	 0	 1	 1	 1	467.05	  0.06
60	55	19	v	 1	 2	 0	 0	 1	 2	 1	 0	 1	 1	 1	494.09	  0.06
61	55	19	v	 1	 2	 0	 0	 0	 1	 1	 1	 1	 1	 1	413.82	  0.23
62	55	19	v	 1	 2	 0	 1	 0	 1	 1	 0	 2	 2	 1	558.53	  0.06
63	55	19	v	 1	 2	 0	 1	 0	 2	 1	 0	 2	 2	 1	949.90	  0.07
64	55	19	v	 1	 2	 0	 1	 0	 2	 1	 0	 2	 2	 1	407.97	  0.06
65	55	19	v	 1	 2	 0	 0	 0	 2	 1	 1	 1	 1	 1	475.97	  0.06
66	55	19	v	 1	 2	 0	 1	 0	 1	 1	 0	 2	 2	 1	602.37	  0.06
67	55	19	v	 1	 2	 0	 0	 1	 2	 1	 0	 1	 1	 1	395.71	  0.06
68	55	19	v	 1	 2	 0	 1	 1	 1	 1	 1	 2	 2	 1	474.14	  0.06
69	55	19	v	 1	 2	 0	 1	 1	 2	 1	 1	 2	 2	 1	488.26	  0.06
70	55	19	v	 1	 2	 0	 1	 1	 2	 1	 1	 2	 2	 1	573.18	  0.06
71	55	19	v	 1	 2	 0	 1	 1	 2	 1	 1	 2	 2	 1	574.63	  0.06
72	55	19	v	 1	 2	 0	 0	 1	 1	 1	 0	 1	 1	 1	584.13	  0.06
73	55	19	v	 1	 2	 0	 1	 1	 1	 1	 1	 2	 2	 1	653.24	  0.07
74	55	19	v	 1	 2	 0	 0	 1	 1	 1	 0	 1	 1	 1	493.15	  0.20
75	55	19	v	 1	 2	 0	 1	 1	 2	 1	 1	 2	 2	 1	568.12	  0.06
76	55	19	v	 1	 2	 0	 0	 0	 1	 1	 1	 1	 1	 1	565.87	  0.06
77	55	19	v	 1	 2	 0	 0	 1	 2	 1	 0	 1	 1	 1	481.27	  0.06
78	55	19	v	 1	 2	 0	 1	 0	 2	 1	 0	 2	 2	 1	733.03	  0.06
79	55	19	v	 1	 2	 0	 1	 1	 0	 1	 1	 2	 2	 1	500.69	  0.06
80	55	19	v	 1	 2	 0	 1	 0	 1	 1	 0	 2	 2	 1	496.26	  0.06
81	55	19	v	 1	 2	 0	 0	 0	 0	 1	 1	 1	 1	 1	395.83	  0.06
82	55	19	v	 1	 2	 0	 1	 1	 0	 1	 1	 2	 2	 1	732.39	  0.10
83	55	19	v	 1	 2	 0	 0	 1	 2	 1	 0	 1	 1	 1	417.70	  0.06
84	55	19	v	 1	 2	 0	 1	 0	 2	 1	 0	 2	 2	 1	477.66	  0.06
85	55	19	v	 1	 2	 0	 0	 0	 0	 1	 1	 1	 1	 1	516.10	  0.06
86	55	19	v	 1	 2	 0	 0	 0	 1	 1	 1	 1	 1	 1	481.81	  0.06
87	55	19	v	 1	 2	 0	 0	 0	 2	 1	 1	 1	 1	 1	427.60	  0.06
88	55	19	v	 1	 2	 0	 0	 0	 2	 1	 1	 1	 1	 1	383.03	  0.06
89	55	19	v	 1	 2	 0	 1	 1	 0	 1	 1	 2	 2	 1	391.78	  0.06
90	55	19	v	 1	 2	 0	 0	 1	 1	 1	 0	 1	 1	 1	454.23	  0.06
91	55	19	v	 1	 2	 0	 0	 0	 0	 1	 1	 1	 1	 1	365.24	  0.06
92	55	19	v	 1	 2	 0	 0	 1	 1	 1	 0	 1	 2	 0	375.59	  0.23
93	55	19	v	 1	 2	 0	 1	 1	 0	 1	 1	 2	 2	 1	852.42	  0.06
94	55	19	v	 1	 2	 0	 1	 1	 0	 1	 1	 2	 2	 1	431.61	  0.07
95	55	19	v	 1	 2	 0	 0	 1	 2	 1	 0	 1	 1	 1	407.40	  0.06
96	55	19	v	 1	 2	 1	 0	 0	 1	 2	 1	 1	 1	 1	407.68	  0.06
97	55	19	v	 1	 2	 1	 0	 1	 2	 2	 0	 1	 1	 1	506.69	  0.06
98	55	19	v	 1	 2	 1	 1	 1	 2	 2	 1	 2	 2	 1	901.60	  0.08
99	55	19	v	 1	 2	 1	 1	 1	 0	 2	 1	 2	 1	 0	438.66	  0.07
100	55	19	v	 1	 2	 1	 0	 0	 0	 2	 1	 1	 1	 1	1002.24	  0.06
101	55	19	v	 1	 2	 1	 0	 0	 2	 2	 1	 1	 1	 1	406.22	  0.06
102	55	19	v	 1	 2	 1	 1	 1	 2	 2	 1	 2	 2	 1	551.12	  0.06
103	55	19	v	 1	 2	 1	 0	 0	 0	 2	 1	 1	 1	 1	433.64	  0.06
104	55	19	v	 1	 2	 1	 1	 1	 0	 2	 1	 2	 2	 1	898.47	  0.06
105	55	19	v	 1	 2	 1	 1	 0	 2	 2	 0	 2	 2	 1	581.90	  0.06
106	55	19	v	 1	 2	 1	 0	 0	 2	 2	 1	 1	 1	 1	516.18	  0.06
107	55	19	v	 1	 2	 1	 0	 1	 1	 2	 0	 1	 1	 1	506.04	  0.06
108	55	19	v	 1	 2	 1	 1	 0	 2	 2	 0	 2	 2	 1	505.14	  0.06
109	55	19	v	 1	 2	 1	 1	 0	 0	 2	 0	 2	 2	 1	861.85	  0.06
110	55	19	v	 1	 2	 1	 0	 0	 2	 2	 1	 1	 1	 1	418.29	  0.06
111	55	19	v	 1	 2	 1	 0	 1	 1	 2	 0	 1	 1	 1	403.58	  0.08
112	55	19	v	 1	 2	 1	 0	 0	 0	 2	 1	 1	 1	 1	460.72	  0.07
113	55	19	v	 1	 2	 1	 1	 1	 1	 2	 1	 2	 2	 1	781.51	  0.06
114	55	19	v	 1	 2	 1	 0	 0	 2	 2	 1	 1	 1	 1	528.68	  0.06
115	55	19	v	 1	 2	 1	 0	 1	 0	 2	 0	 1	 1	 1	404.96	  0.08
116	55	19	v	 1	 2	 1	 0	 1	 0	 2	 0	 1	 1	 1	495.86	  0.06
117	55	19	v	 1	 2	 1	 1	 0	 0	 2	 0	 2	 2	 1	498.21	  0.06
118	55	19	v	 1	 2	 1	 0	 0	 1	 2	 1	 1	 1	 1	451.75	  0.06
119	55	19	v	 1	 2	 1	 0	 1	 2	 2	 0	 1	 1	 1	525.85	  0.06
120	55	19	v	 1	 2	 1	 0	 1	 2	 2	 0	 1	 1	 1	385.17	  0.06
121	55	19	v	 1	 2	 1	 1	 0	 0	 2	 0	 2	 2	 1	868.41	  0.06
122	55	19	v	 1	 2	 1	 1	 1	 1	 2	 1	 2	 2	 1	463.53	  0.06
123	55	19	v	 1	 2	 1	 1	 0	 1	 2	 0	 2	 2	 1	414.29	  0.06
124	55	19	v	 1	 2	 1	 0	 1	 0	 2	 0	 1	 1	 1	428.17	  0.06
125	55	19	v	 1	 2	 1	 0	 1	 0	 2	 0	 1	 1	 1	550.96	  0.06
126	55	19	v	 1	 2	 1	 0	 0	 2	 2	 1	 1	 1	 1	428.60	  0.06
127	55	19	v	 1	 2	 1	 0	 1	 1	 2	 0	 1	 1	 1	442.17	  0.06
128	55	19	v	 1	 2	 1	 1	 1	 0	 2	 1	 2	 2	 1	842.92	  0.06
129	55	19	v	 1	 2	 1	 0	 1	 1	 2	 0	 1	 1	 1	631.86	  0.06
130	55	19	v	 1	 2	 1	 0	 0	 0	 2	 1	 1	 1	 1	458.47	  0.06
131	55	19	v	 1	 2	 1	 1	 1	 0	 2	 1	 2	 2	 1	514.84	  0.06
132	55	19	v	 1	 2	 1	 0	 0	 1	 2	 1	 1	 1	 1	421.24	  0.06
133	55	19	v	 1	 2	 1	 0	 1	 1	 2	 0	 1	 1	 1	414.49	  0.22
134	55	19	v	 1	 2	 1	 0	 1	 1	 2	 0	 1	 1	 1	428.29	  0.06
135	55	19	v	 1	 2	 1	 1	 0	 0	 2	 0	 2	 2	 1	509.26	  0.06
136	55	19	v	 1	 2	 1	 1	 1	 1	 2	 1	 2	 2	 1	445.09	  0.06
137	55	19	v	 1	 2	 1	 1	 1	 2	 2	 1	 2	 2	 1	829.87	  0.10
138	55	19	v	 1	 2	 1	 0	 1	 2	 2	 0	 1	 1	 1	439.11	  0.06
139	55	19	v	 1	 2	 1	 1	 0	 1	 2	 0	 2	 2	 1	818.63	  0.06
140	55	19	v	 1	 2	 1	 0	 0	 1	 2	 1	 1	 1	 1	475.79	  0.13
141	55	19	v	 1	 2	 1	 0	 1	 2	 2	 0	 1	 1	 1	443.24	  0.08
142	55	19	v	 1	 2	 1	 0	 0	 0	 2	 1	 1	 1	 1	405.30	  0.06
143	55	19	v	 1	 2	 1	 1	 1	 2	 2	 1	 2	 2	 1	482.77	  0.06
144	55	19	v	 1	 2	 1	 1	 0	 0	 2	 0	 2	 2	 1	404.19	  0.06
145	55	19	v	 1	 2	 1	 0	 0	 2	 2	 1	 1	 1	 1	440.89	  0.06
146	55	19	v	 1	 2	 1	 0	 1	 0	 2	 0	 1	 1	 1	420.38	  0.06
147	55	19	v	 1	 2	 1	 1	 1	 0	 2	 1	 2	 2	 1	910.96	  0.08
148	55	19	v	 1	 2	 1	 1	 0	 2	 2	 0	 2	 2	 1	427.37	  0.06
149	55	19	v	 1	 2	 1	 1	 0	 2	 2	 0	 2	 2	 1	941.66	  0.10
150	55	19	v	 1	 2	 1	 1	 0	 0	 2	 0	 2	 2	 1	595.42	  0.06
151	55	19	v	 1	 2	 1	 0	 0	 1	 2	 1	 1	 1	 1	621.17	  0.06
152	55	19	v	 1	 2	 1	 0	 0	 0	 2	 1	 1	 1	 1	577.39	  0.22
153	55	19	v	 1	 2	 1	 1	 0	 2	 2	 0	 2	 2	 1	472.35	  0.06
154	55	19	v	 1	 2	 1	 1	 1	 1	 2	 1	 2	 2	 1	1068.06	  0.06
155	55	19	v	 1	 2	 1	 0	 1	 1	 2	 0	 1	 1	 1	541.53	  0.06
156	55	19	v	 1	 2	 1	 0	 0	 0	 2	 1	 1	 1	 1	492.12	  0.06
157	55	19	v	 1	 2	 1	 1	 0	 1	 2	 0	 2	 2	 1	483.50	  0.06
158	55	19	v	 1	 2	 1	 1	 1	 1	 2	 1	 2	 2	 1	524.86	  0.06
159	55	19	v	 1	 2	 1	 1	 0	 1	 2	 0	 2	 2	 1	508.99	  0.06
160	55	19	v	 1	 2	 1	 1	 1	 1	 2	 1	 2	 2	 1	407.43	  0.09
161	55	19	v	 1	 2	 1	 0	 0	 1	 2	 1	 1	 1	 1	507.46	  0.06
162	55	19	v	 1	 2	 1	 0	 0	 0	 2	 1	 1	 1	 1	547.39	  0.06
163	55	19	v	 1	 2	 1	 1	 1	 1	 2	 1	 2	 2	 1	450.44	  0.06
164	55	19	v	 1	 2	 1	 0	 1	 1	 2	 0	 1	 1	 1	462.20	  0.06
165	55	19	v	 1	 2	 1	 0	 0	 1	 2	 1	 1	 1	 1	443.28	  0.19
166	55	19	v	 1	 2	 1	 1	 0	 1	 2	 0	 2	 2	 1	781.00	  0.06
167	55	19	v	 1	 2	 1	 0	 0	 2	 2	 1	 1	 1	 1	427.94	  0.06
168	55	19	v	 1	 2	 1	 1	 0	 0	 2	 0	 2	 2	 1	565.57	  0.06
169	55	19	v	 1	 2	 1	 1	 0	 2	 2	 0	 2	 2	 1	676.58	  0.06
170	55	19	v	 1	 2	 1	 1	 0	 0	 2	 0	 2	 2	 1	875.40	  0.06
171	55	19	v	 1	 2	 1	 1	 0	 2	 2	 0	 2	 2	 1	509.79	  0.06
172	55	19	v	 1	 2	 1	 0	 1	 2	 2	 0	 1	 1	 1	812.63	  0.08
173	55	19	v	 1	 2	 1	 1	 1	 2	 2	 1	 2	 2	 1	532.66	  0.06
174	55	19	v	 1	 2	 1	 1	 1	 1	 2	 1	 2	 2	 1	912.17	  0.07
175	55	19	v	 1	 2	 1	 0	 0	 2	 2	 1	 1	 1	 1	497.40	  0.10
176	55	19	v	 1	 2	 1	 1	 0	 1	 2	 0	 2	 2	 1	556.39	  0.06
177	55	19	v	 1	 2	 1	 1	 1	 2	 2	 1	 2	 2	 1	542.95	  0.06
178	55	19	v	 1	 2	 1	 0	 1	 0	 2	 0	 1	 1	 1	601.69	  0.06
179	55	19	v	 1	 2	 1	 1	 1	 0	 2	 1	 2	 2	 1	635.00	  0.23
180	55	19	v	 1	 2	 1	 1	 0	 1	 2	 0	 2	 2	 1	598.42	  0.22
181	55	19	v	 1	 2	 1	 1	 0	 2	 2	 0	 2	 2	 1	488.72	  0.06
182	55	19	v	 1	 2	 1	 0	 1	 0	 2	 0	 1	 1	 1	511.13	  0.06
183	55	19	v	 1	 2	 1	 0	 1	 2	 2	 0	 1	 1	 1	450.09	  0.06
184	55	19	v	 1	 2	 1	 0	 1	 2	 2	 0	 1	 1	 1	416.03	  0.06
185	55	19	v	 1	 2	 1	 1	 0	 1	 2	 0	 2	 2	 1	610.53	  0.08
186	55	19	v	 1	 2	 1	 1	 1	 2	 2	 1	 2	 2	 1	480.05	  0.22
187	55	19	v	 1	 2	 1	 1	 1	 0	 2	 1	 2	 2	 1	1006.80	  0.07
188	55	19	v	 1	 2	 1	 0	 1	 0	 2	 0	 1	 1	 1	482.23	  0.06
189	55	19	v	 1	 2	 1	 1	 1	 2	 2	 1	 2	 2	 1	420.00	  0.06
190	55	19	v	 1	 2	 1	 1	 1	 0	 2	 1	 2	 2	 1	514.30	  0.06
191	55	19	v	 1	 2	 1	 0	 0	 1	 2	 1	 1	 1	 1	508.31	  0.07
192	55	19	v	 1	 2	 2	 0	 1	 0	 1	 0	 1	 1	 1	483.35	  0.06
193	55	19	v	 1	 2	 2	 1	 1	 2	 1	 1	 2	 2	 1	428.95	  0.20
194	55	19	v	 1	 2	 2	 0	 0	 0	 1	 1	 1	 1	 1	504.62	  0.06
195	55	19	v	 1	 2	 2	 1	 0	 2	 1	 0	 2	 2	 1	699.84	  0.21
196	55	19	v	 1	 2	 2	 0	 0	 0	 1	 1	 1	 1	 1	408.35	  0.06
197	55	19	v	 1	 2	 2	 0	 1	 2	 1	 0	 1	 1	 1	864.88	  0.07
198	55	19	v	 1	 2	 2	 1	 1	 0	 1	 1	 2	 2	 1	496.57	  0.06
199	55	19	v	 1	 2	 2	 0	 1	 2	 1	 0	 1	 1	 1	559.41	  0.07
200	55	19	v	 1	 2	 2	 0	 0	 1	 1	 1	 1	 1	 1	436.73	  0.06
201	55	19	v	 1	 2	 2	 0	 0	 2	 1	 1	 1	 1	 1	386.92	  0.11
202	55	19	v	 1	 2	 2	 1	 1	 0	 1	 1	 2	 2	 1	1033.64	  0.07
203	55	19	v	 1	 2	 2	 0	 0	 2	 1	 1	 1	 1	 1	426.68	  0.06
204	55	19	v	 1	 2	 2	 1	 1	 1	 1	 1	 2	 2	 1	603.23	  0.06
205	55	19	v	 1	 2	 2	 0	 0	 2	 1	 1	 1	 1	 1	465.25	  0.06
206	55	19	v	 1	 2	 2	 0	 0	 2	 1	 1	 1	 1	 1	408.38	  0.06
207	55	19	v	 1	 2	 2	 1	 1	 2	 1	 1	 2	 2	 1	844.61	  0.06
208	55	19	v	 1	 2	 2	 1	 0	 1	 1	 0	 2	 2	 1	456.31	  0.06
209	55	19	v	 1	 2	 2	 1	 1	 2	 1	 1	 2	 2	 1	934.79	  0.06
210	55	19	v	 1	 2	 2	 0	 1	 0	 1	 0	 1	 1	 1	444.63	  0.06
211	55	19	v	 1	 2	 2	 0	 0	 1	 1	 1	 1	 1	 1	523.11	  0.06
212	55	19	v	 1	 2	 2	 0	 0	 1	 1	 1	 1	 1	 1	490.75	  0.06
213	55	19	v	 1	 2	 2	 1	 1	 0	 1	 1	 2	 2	 1	552.49	  0.06
214	55	19	v	 1	 2	 2	 1	 0	 1	 1	 0	 2	 2	 1	668.96	  0.06
215	55	19	v	 1	 2	 2	 1	 0	 1	 1	 0	 2	 2	 1	712.33	  0.19
216	55	19	v	 1	 2	 2	 1	 1	 1	 1	 1	 2	 2	 1	464.46	  0.06
217	55	19	v	 1	 2	 2	 0	 1	 1	 1	 0	 1	 1	 1	520.82	  0.06
218	55	19	v	 1	 2	 2	 0	 0	 1	 1	 1	 1	 1	 1	384.96	  0.06
219	55	19	v	 1	 2	 2	 0	 0	 2	 1	 1	 1	 1	 1	485.13	  0.06
220	55	19	v	 1	 2	 2	 1	 0	 1	 1	 0	 2	 2	 1	1082.69	  0.06
221	55	19	v	 1	 2	 2	 1	 0	 2	 1	 0	 2	 2	 1	709.85	  0.06
222	55	19	v	 1	 2	 2	 1	 0	 1	 1	 0	 2	 2	 1	495.62	  0.06
223	55	19	v	 1	 2	 2	 0	 0	 2	 1	 1	 1	 1	 1	492.21	  0.06
224	55	19	v	 1	 2	 2	 1	 0	 0	 1	 0	 2	 2	 1	519.56	  0.06
225	55	19	v	 1	 2	 2	 1	 0	 0	 1	 0	 2	 2	 1	542.09	  0.06
226	55	19	v	 1	 2	 2	 1	 0	 0	 1	 0	 2	 2	 1	520.95	  0.06
227	55	19	v	 1	 2	 2	 1	 1	 1	 1	 1	 2	 2	 1	418.78	  0.06
228	55	19	v	 1	 2	 2	 0	 0	 2	 1	 1	 1	 1	 1	462.25	  0.06
229	55	19	v	 1	 2	 2	 1	 1	 2	 1	 1	 2	 2	 1	472.73	  0.06
230	55	19	v	 1	 2	 2	 0	 0	 1	 1	 1	 1	 1	 1	549.48	  0.06
231	55	19	v	 1	 2	 2	 1	 0	 1	 1	 0	 2	 2	 1	444.68	  0.23
232	55	19	v	 1	 2	 2	 1	 1	 2	 1	 1	 2	 2	 1	578.09	  0.06
233	55	19	v	 1	 2	 2	 1	 1	 2	 1	 1	 2	 2	 1	521.48	  0.06
234	55	19	v	 1	 2	 2	 0	 1	 0	 1	 0	 1	 1	 1	389.84	  0.06
235	55	19	v	 1	 2	 2	 0	 1	 1	 1	 0	 1	 1	 1	452.39	  0.06
236	55	19	v	 1	 2	 2	 0	 1	 1	 1	 0	 1	 1	 1	684.42	  0.09
237	55	19	v	 1	 2	 2	 0	 0	 1	 1	 1	 1	 1	 1	539.18	  0.11
238	55	19	v	 1	 2	 2	 1	 1	 0	 1	 1	 2	 2	 1	928.24	  0.06
239	55	19	v	 1	 2	 2	 0	 1	 0	 1	 0	 1	 1	 1	497.02	  0.06
240	55	19	v	 1	 2	 2	 0	 0	 0	 1	 1	 1	 1	 1	421.25	  0.06
241	55	19	v	 1	 2	 2	 0	 1	 0	 1	 0	 1	 1	 1	440.12	  0.06
242	55	19	v	 1	 2	 2	 1	 0	 2	 1	 0	 2	 2	 1	506.39	  0.06
243	55	19	v	 1	 2	 2	 0	 1	 1	 1	 0	 1	 1	 1	416.96	  0.06
244	55	19	v	 1	 2	 2	 1	 1	 2	 1	 1	 2	 2	 1	724.44	  0.06
245	55	19	v	 1	 2	 2	 1	 0	 0	 1	 0	 2	 2	 1	534.29	  0.06
246	55	19	v	 1	 2	 2	 0	 1	 1	 1	 0	 1	 1	 1	425.62	  0.06
247	55	19	v	 1	 2	 2	 1	 0	 0	 1	 0	 2	 2	 1	652.47	  0.06
248	55	19	v	 1	 2	 2	 0	 1	 1	 1	 0	 1	 1	 1	506.20	  0.10
249	55	19	v	 1	 2	 2	 0	 1	 0	 1	 0	 1	 1	 1	421.82	  0.06
250	55	19	v	 1	 2	 2	 1	 1	 0	 1	 1	 2	 2	 1	435.56	  0.07
251	55	19	v	 1	 2	 2	 1	 0	 0	 1	 0	 2	 2	 1	497.72	  0.07
252	55	19	v	 1	 2	 2	 0	 0	 0	 1	 1	 1	 1	 1	560.40	  0.06
253	55	19	v	 1	 2	 2	 1	 1	 0	 1	 1	 2	 2	 1	562.17	  0.06
254	55	19	v	 1	 2	 2	 0	 1	 0	 1	 0	 1	 1	 1	435.27	  0.06
255	55	19	v	 1	 2	 2	 0	 0	 0	 1	 1	 1	 1	 1	568.89	  0.07
256	55	19	v	 1	 2	 2	 1	 1	 1	 1	 1	 2	 2	 1	571.64	  0.06
257	55	19	v	 1	 2	 2	 0	 1	 0	 1	 0	 1	 1	 1	551.63	  0.06
258	55	19	v	 1	 2	 2	 1	 0	 2	 1	 0	 2	 2	 1	1090.29	  0.08
259	55	19	v	 1	 2	 2	 0	 1	 2	 1	 0	 1	 1	 1	472.75	  0.06
260	55	19	v	 1	 2	 2	 0	 1	 1	 1	 0	 1	 1	 1	483.24	  0.06
261	55	19	v	 1	 2	 2	 0	 0	 0	 1	 1	 1	 1	 1	484.13	  0.06
262	55	19	v	 1	 2	 2	 1	 0	 0	 1	 0	 2	 2	 1	416.36	  0.06
263	55	19	v	 1	 2	 2	 0	 0	 1	 1	 1	 1	 1	 1	464.90	  0.06
264	55	19	v	 1	 2	 2	 0	 1	 2	 1	 0	 1	 1	 1	387.51	  0.06
265	55	19	v	 1	 2	 2	 1	 0	 2	 1	 0	 2	 2	 1	446.27	  0.08
266	55	19	v	 1	 2	 2	 1	 1	 1	 1	 1	 2	 2	 1	500.07	  0.06
267	55	19	v	 1	 2	 2	 1	 0	 1	 1	 0	 2	 2	 1	894.90	  0.06
268	55	19	v	 1	 2	 2	 0	 1	 1	 1	 0	 1	 1	 1	374.47	  0.06
269	55	19	v	 1	 2	 2	 0	 0	 1	 1	 1	 1	 1	 1	417.74	  0.06
270	55	19	v	 1	 2	 2	 1	 1	 1	 1	 1	 2	 2	 1	925.32	  0.23
271	55	19	v	 1	 2	 2	 1	 1	 1	 1	 1	 2	 2	 1	401.08	  0.06
272	55	19	v	 1	 2	 2	 0	 0	 0	 1	 1	 1	 1	 1	507.89	  0.06
273	55	19	v	 1	 2	 2	 1	 0	 2	 1	 0	 2	 2	 1	881.45	  0.06
274	55	19	v	 1	 2	 2	 1	 0	 2	 1	 0	 2	 2	 1	487.03	  0.06
275	55	19	v	 1	 2	 2	 1	 0	 1	 1	 0	 2	 2	 1	420.60	  0.06
276	55	19	v	 1	 2	 2	 1	 0	 0	 1	 0	 2	 2	 1	417.03	  0.06
277	55	19	v	 1	 2	 2	 0	 0	 2	 1	 1	 1	 1	 1	515.44	  0.23
278	55	19	v	 1	 2	 2	 1	 1	 1	 1	 1	 2	 2	 1	447.15	  0.06
279	55	19	v	 1	 2	 2	 0	 1	 2	 1	 0	 1	 1	 1	459.73	  0.06
280	55	19	v	 1	 2	 2	 0	 1	 2	 1	 0	 1	 1	 1	458.04	  0.06
281	55	19	v	 1	 2	 2	 1	 1	 0	 1	 1	 2	 2	 1	428.00	  0.06
282	55	19	v	 1	 2	 2	 0	 1	 2	 1	 0	 1	 1	 1	416.24	  0.06
283	55	19	v	 1	 2	 2	 0	 1	 2	 1	 0	 1	 1	 1	439.27	  0.06
284	55	19	v	 1	 2	 2	 0	 0	 0	 1	 1	 1	 1	 1	421.67	  0.06
285	55	19	v	 1	 2	 2	 1	 1	 0	 1	 1	 2	 2	 1	523.05	  0.06
286	55	19	v	 1	 2	 2	 1	 0	 2	 1	 0	 2	 2	 1	1109.38	  0.06
287	55	19	v	 1	 2	 2	 1	 1	 2	 1	 1	 2	 2	 1	491.91	  0.06
288	55	19	v	 1	 2	 3	 0	 0	 2	 2	 1	 1	 1	 1	489.34	  0.06
289	55	19	v	 1	 2	 3	 1	 1	 1	 2	 1	 2	 2	 1	439.01	  0.06
290	55	19	v	 1	 2	 3	 0	 1	 1	 2	 0	 1	 1	 1	476.79	  0.06
291	55	19	v	 1	 2	 3	 1	 0	 2	 2	 0	 2	 1	 0	481.89	  0.22
292	55	19	v	 1	 2	 3	 1	 1	 0	 2	 1	 2	 2	 1	548.95	  0.06
293	55	19	v	 1	 2	 3	 1	 0	 2	 2	 0	 2	 2	 1	477.90	  0.06
294	55	19	v	 1	 2	 3	 0	 0	 2	 2	 1	 1	 1	 1	504.19	  0.06
295	55	19	v	 1	 2	 3	 1	 0	 2	 2	 0	 2	 2	 1	853.02	  0.06
296	55	19	v	 1	 2	 3	 1	 0	 2	 2	 0	 2	 2	 1	490.38	  0.08
297	55	19	v	 1	 2	 3	 0	 0	 0	 2	 1	 1	 1	 1	569.37	  0.06
298	55	19	v	 1	 2	 3	 1	 0	 2	 2	 0	 2	 2	 1	526.63	  0.06
299	55	19	v	 1	 2	 3	 0	 1	 0	 2	 0	 1	 1	 1	498.68	  0.06
300	55	19	v	 1	 2	 3	 0	 0	 2	 2	 1	 1	 1	 1	598.17	  0.06
301	55	19	v	 1	 2	 3	 0	 0	 2	 2	 1	 1	 1	 1	452.36	  0.08
302	55	19	v	 1	 2	 3	 1	 0	 1	 2	 0	 2	 2	 1	522.36	  0.09
303	55	19	v	 1	 2	 3	 0	 1	 2	 2	 0	 1	 1	 1	510.96	  0.06
304	55	19	v	 1	 2	 3	 1	 0	 2	 2	 0	 2	 2	 1	1052.57	  0.06
305	55	19	v	 1	 2	 3	 0	 0	 0	 2	 1	 1	 2	 0	489.27	  0.06
306	55	19	v	 1	 2	 3	 0	 1	 1	 2	 0	 1	 1	 1	458.16	  0.07
307	55	19	v	 1	 2	 3	 1	 0	 1	 2	 0	 2	 2	 1	537.26	  0.06
308	55	19	v	 1	 2	 3	 0	 1	 1	 2	 0	 1	 1	 1	525.68	  0.09
309	55	19	v	 1	 2	 3	 1	 1	 1	 2	 1	 2	 2	 1	468.27	  0.08
310	55	19	v	 1	 2	 3	 0	 1	 0	 2	 0	 1	 1	 1	449.26	  0.22
311	55	19	v	 1	 2	 3	 1	 0	 0	 2	 0	 2	 2	 1	423.45	  0.06
312	55	19	v	 1	 2	 3	 0	 0	 1	 2	 1	 1	 1	 1	803.88	  0.06
313	55	19	v	 1	 2	 3	 0	 0	 2	 2	 1	 1	 1	 1	473.83	  0.06
314	55	19	v	 1	 2	 3	 0	 1	 2	 2	 0	 1	 1	 1	434.36	  0.06
315	55	19	v	 1	 2	 3	 0	 1	 2	 2	 0	 1	 1	 1	564.14	  0.07
316	55	19	v	 1	 2	 3	 1	 1	 1	 2	 1	 2	 2	 1	383.47	  0.08
317	55	19	v	 1	 2	 3	 1	 0	 0	 2	 0	 2	 2	 1	891.31	  0.10
318	55	19	v	 1	 2	 3	 1	 1	 0	 2	 1	 2	 2	 1	433.56	  0.06
319	55	19	v	 1	 2	 3	 0	 1	 2	 2	 0	 1	 1	 1	489.04	  0.06
320	55	19	v	 1	 2	 3	 1	 0	 1	 2	 0	 2	 2	 1	456.28	  0.06
321	55	19	v	 1	 2	 3	 0	 0	 0	 2	 1	 1	 1	 1	458.87	  0.07
322	55	19	v	 1	 2	 3	 1	 1	 0	 2	 1	 2	 2	 1	445.27	  0.06
323	55	19	v	 1	 2	 3	 0	 0	 0	 2	 1	 1	 1	 1	457.40	  0.06
324	55	19	v	 1	 2	 3	 0	 0	 1	 2	 1	 1	 1	 1	443.63	  0.06
325	55	19	v	 1	 2	 3	 1	 0	 1	 2	 0	 2	 2	 1	510.98	  0.06
326	55	19	v	 1	 2	 3	 1	 0	 1	 2	 0	 2	 2	 1	455.06	  0.06
327	55	19	v	 1	 2	 3	 1	 0	 0	 2	 0	 2	 2	 1	414.56	  0.06
328	55	19	v	 1	 2	 3	 1	 1	 0	 2	 1	 2	 2	 1	525.44	  0.06
329	55	19	v	 1	 2	 3	 0	 1	 1	 2	 0	 1	 1	 1	460.01	  0.07
330	55	19	v	 1	 2	 3	 1	 0	 0	 2	 0	 2	 2	 1	421.97	  0.06
331	55	19	v	 1	 2	 3	 0	 0	 1	 2	 1	 1	 1	 1	531.20	  0.06
332	55	19	v	 1	 2	 3	 0	 0	 2	 2	 1	 1	 1	 1	543.87	  0.06
333	55	19	v	 1	 2	 3	 0	 0	 2	 2	 1	 1	 1	 1	464.47	  0.06
334	55	19	v	 1	 2	 3	 1	 1	 0	 2	 1	 2	 2	 1	423.93	  0.06
335	55	19	v	 1	 2	 3	 1	 1	 1	 2	 1	 2	 2	 1	491.58	  0.23
336	55	19	v	 1	 2	 3	 0	 1	 0	 2	 0	 1	 1	 1	520.58	  0.06
337	55	19	v	 1	 2	 3	 0	 0	 0	 2	 1	 1	 1	 1	534.73	  0.07
338	55	19	v	 1	 2	 3	 1	 0	 1	 2	 0	 2	 2	 1	489.55	  0.06
339	55	19	v	 1	 2	 3	 0	 1	 1	 2	 0	 1	 1	 1	438.91	  0.06
340	55	19	v	 1	 2	 3	 0	 0	 1	 2	 1	 1	 1	 1	422.60	  0.06
341	55	19	v	 1	 2	 3	 1	 1	 0	 2	 1	 2	 2	 1	398.45	  0.06
342	55	19	v	 1	 2	 3	 1	 0	 2	 2	 0	 2	 2	 1	389.19	  0.06
343	55	19	v	 1	 2	 3	 0	 0	 2	 2	 1	 1	 1	 1	484.48	  0.06
344	55	19	v	 1	 2	 3	 1	 1	 2	 2	 1	 2	 2	 1	397.80	  0.06
345	55	19	v	 1	 2	 3	 0	 1	 2	 2	 0	 1	 2	 0	450.87	  0.06
346	55	19	v	 1	 2	 3	 1	 1	 2	 2	 1	 2	 2	 1	500.32	  0.14
347	55	19	v	 1	 2	 3	 1	 1	 1	 2	 1	 2	 2	 1	512.25	  0.06
348	55	19	v	 1	 2	 3	 0	 1	 0	 2	 0	 1	 1	 1	531.88	  0.06
349	55	19	v	 1	 2	 3	 1	 0	 1	 2	 0	 2	 1	 0	460.70	  0.06
350	55	19	v	 1	 2	 3	 0	 1	 1	 2	 0	 1	 1	 1	589.95	  0.09
351	55	19	v	 1	 2	 3	 1	 0	 1	 2	 0	 2	 2	 1	422.89	  0.06
352	55	19	v	 1	 2	 3	 1	 1	 2	 2	 1	 2	 2	 1	490.32	  0.06
353	55	19	v	 1	 2	 3	 1	 1	 2	 2	 1	 2	 2	 1	398.12	  0.06
354	55	19	v	 1	 2	 3	 0	 0	 0	 2	 1	 1	 1	 1	430.44	  0.06
355	55	19	v	 1	 2	 3	 1	 1	 0	 2	 1	 2	 2	 1	343.14	  0.20
356	55	19	v	 1	 2	 3	 1	 0	 0	 2	 0	 2	 2	 1	462.44	  0.06
357	55	19	v	 1	 2	 3	 0	 1	 0	 2	 0	 1	 1	 1	473.11	  0.06
358	55	19	v	 1	 2	 3	 0	 1	 1	 2	 0	 1	 1	 1	495.81	  0.06
359	55	19	v	 1	 2	 3	 0	 0	 1	 2	 1	 1	 1	 1	460.52	  0.09
360	55	19	v	 1	 2	 3	 1	 1	 2	 2	 1	 2	 2	 1	515.27	  0.06
361	55	19	v	 1	 2	 3	 1	 0	 0	 2	 0	 2	 2	 1	884.17	  0.06
362	55	19	v	 1	 2	 3	 0	 0	 0	 2	 1	 1	 1	 1	538.72	  0.06
363	55	19	v	 1	 2	 3	 1	 1	 2	 2	 1	 2	 2	 1	580.62	  0.09
364	55	19	v	 1	 2	 3	 1	 1	 1	 2	 1	 2	 2	 1	423.34	  0.06
365	55	19	v	 1	 2	 3	 1	 0	 0	 2	 0	 2	 2	 1	440.79	  0.20
366	55	19	v	 1	 2	 3	 0	 1	 0	 2	 0	 1	 1	 1	1142.15	  0.06
367	55	19	v	 1	 2	 3	 0	 1	 2	 2	 0	 1	 1	 1	521.75	  0.06
368	55	19	v	 1	 2	 3	 0	 0	 1	 2	 1	 1	 1	 1	394.13	  0.06
369	55	19	v	 1	 2	 3	 0	 1	 0	 2	 0	 1	 1	 1	662.91	  0.06
370	55	19	v	 1	 2	 3	 1	 1	 0	 2	 1	 2	 2	 1	461.56	  0.06
371	55	19	v	 1	 2	 3	 0	 1	 2	 2	 0	 1	 1	 1	531.19	  0.07
372	55	19	v	 1	 2	 3	 0	 1	 1	 2	 0	 1	 1	 1	423.81	  0.06
373	55	19	v	 1	 2	 3	 1	 1	 2	 2	 1	 2	 2	 1	443.89	  0.06
374	55	19	v	 1	 2	 3	 0	 1	 2	 2	 0	 1	 1	 1	556.00	  0.20
375	55	19	v	 1	 2	 3	 1	 1	 1	 2	 1	 2	 2	 1	1276.44	  0.06
376	55	19	v	 1	 2	 3	 1	 0	 2	 2	 0	 2	 2	 1	604.80	  0.06
377	55	19	v	 1	 2	 3	 1	 1	 1	 2	 1	 2	 2	 1	533.07	  0.09
378	55	19	v	 1	 2	 3	 1	 1	 2	 2	 1	 2	 2	 1	557.91	  0.06
379	55	19	v	 1	 2	 3	 0	 1	 0	 2	 0	 1	 1	 1	555.41	  0.06
380	55	19	v	 1	 2	 3	 0	 0	 0	 2	 1	 1	 1	 1	467.89	  0.06
381	55	19	v	 1	 2	 3	 1	 0	 0	 2	 0	 2	 2	 1	510.66	  0.06
382	55	19	v	 1	 2	 3	 0	 0	 1	 2	 1	 1	 1	 1	580.64	  0.06
383	55	19	v	 1	 2	 3	 0	 0	 1	 2	 1	 1	 1	 1	398.31	  0.06
