00	46	19	v	 1	 1	 0	 0	 1	 2	 1	 0	 1	 1	 1	474.89	  0.06
01	46	19	v	 1	 1	 0	 1	 0	 1	 1	 0	 2	 2	 1	529.87	  0.06
02	46	19	v	 1	 1	 0	 0	 1	 0	 1	 0	 1	 1	 1	388.05	  0.06
03	46	19	v	 1	 1	 0	 1	 0	 2	 1	 0	 2	 2	 1	401.37	  0.06
04	46	19	v	 1	 1	 0	 0	 1	 1	 1	 0	 1	 1	 1	366.89	  0.24
05	46	19	v	 1	 1	 0	 0	 1	 2	 1	 0	 1	 1	 1	582.80	  0.06
06	46	19	v	 1	 1	 0	 1	 0	 0	 1	 0	 2	 2	 1	517.61	  0.06
07	46	19	v	 1	 1	 0	 1	 1	 2	 1	 1	 2	 2	 1	442.45	  0.06
08	46	19	v	 1	 1	 0	 0	 1	 2	 1	 0	 1	 1	 1	380.89	  0.06
09	46	19	v	 1	 1	 0	 0	 0	 2	 1	 1	 1	 1	 1	402.14	  0.07
10	46	19	v	 1	 1	 0	 1	 1	 1	 1	 1	 2	 2	 1	441.90	  0.06
11	46	19	v	 1	 1	 0	 0	 1	 1	 1	 0	 1	 1	 1	699.38	  0.06
12	46	19	v	 1	 1	 0	 1	 1	 1	 1	 1	 2	 2	 1	437.45	  0.24
13	46	19	v	 1	 1	 0	 0	 1	 1	 1	 0	 1	 1	 1	672.11	  0.20
14	46	19	v	 1	 1	 0	 0	 0	 0	 1	 1	 1	 1	 1	378.55	  0.06
15	46	19	v	 1	 1	 0	 0	 1	 2	 1	 0	 1	 1	 1	399.76	  0.06
16	46	19	v	 1	 1	 0	 0	 0	 1	 1	 1	 1	 1	 1	382.53	  0.06
17	46	19	v	 1	 1	 0	 1	 1	 0	 1	 1	 2	 2	 1	346.82	  0.06
18	46	19	v	 1	 1	 0	 1	 1	 2	 1	 1	 2	 1	 0	427.88	  0.22
19	46	19	v	 1	 1	 0	 1	 0	 1	 1	 0	 2	 1	 0	342.65	  0.06
20	46	19	v	 1	 1	 0	 0	 0	 2	 1	 1	 1	 1	 1	554.92	  0.06
21	46	19	v	 1	 1	 0	 1	 1	 0	 1	 1	 2	 2	 1	452.72	  0.06
22	46	19	v	 1	 1	 0	 0	 0	 2	 1	 1	 1	 1	 1	427.17	  0.06
23	46	19	v	 1	 1	 0	 0	 0	 1	 1	 1	 1	 1	 1	371.12	  0.06
24	46	19	v	 1	 1	 0	 1	 0	 1	 1	 0	 2	 2	 1	425.69	  0.06
25	46	19	v	 1	 1	 0	 1	 1	 2	 1	 1	 2	 0	 0	2000.21	  0.00
26	46	19	v	 1	 1	 0	 1	 0	 2	 1	 0	 2	 2	 1	447.44	  0.06
27	46	19	v	 1	 1	 0	 0	 0	 0	 1	 1	 1	 1	 1	447.17	  0.07
28	46	19	v	 1	 1	 0	 1	 0	 0	 1	 0	 2	 2	 1	507.55	  0.06
29	46	19	v	 1	 1	 0	 1	 1	 0	 1	 1	 2	 2	 1	473.20	  0.06
30	46	19	v	 1	 1	 0	 0	 1	 1	 1	 0	 1	 2	 0	369.34	  0.06
31	46	19	v	 1	 1	 0	 0	 0	 0	 1	 1	 1	 1	 1	386.95	  0.06
32	46	19	v	 1	 1	 0	 1	 0	 2	 1	 0	 2	 2	 1	906.91	  0.06
33	46	19	v	 1	 1	 0	 0	 1	 0	 1	 0	 1	 1	 1	436.28	  0.06
34	46	19	v	 1	 1	 0	 1	 0	 2	 1	 0	 2	 2	 1	384.26	  0.06
35	46	19	v	 1	 1	 0	 0	 0	 2	 1	 1	 1	 1	 1	450.51	  0.08
36	46	19	v	 1	 1	 0	 1	 0	 1	 1	 0	 2	 1	 0	528.16	  0.23
37	46	19	v	 1	 1	 0	 0	 1	 0	 1	 0	 1	 1	 1	386.45	  0.06
38	46	19	v	 1	 1	 0	 1	 1	 1	 1	 1	 2	 2	 1	385.14	  0.07
39	46	19	v	 1	 1	 0	 1	 0	 1	 1	 0	 2	 2	 1	417.97	  0.06
40	46	19	v	 1	 1	 0	 1	 0	 1	 1	 0	 2	 2	 1	392.97	  0.07
41	46	19	v	 1	 1	 0	 0	 0	 1	 1	 1	 1	 1	 1	342.97	  0.06
42	46	19	v	 1	 1	 0	 0	 1	 2	 1	 0	 1	 1	 1	486.11	  0.06
43	46	19	v	 1	 1	 0	 1	 1	 1	 1	 1	 2	 2	 1	456.11	  0.06
44	46	19	v	 1	 1	 0	 1	 0	 2	 1	 0	 2	 2	 1	500.63	  0.06
45	46	19	v	 1	 1	 0	 0	 0	 1	 1	 1	 1	 1	 1	507.73	  0.06
46	46	19	v	 1	 1	 0	 1	 1	 1	 1	 1	 2	 2	 1	408.59	  0.06
47	46	19	v	 1	 1	 0	 0	 0	 2	 1	 1	 1	 1	 1	330.39	  0.06
48	46	19	v	 1	 1	 0	 0	 1	 0	 1	 0	 1	 1	 1	307.24	  0.07
49	46	19	v	 1	 1	 0	 1	 1	 1	 1	 1	 2	 2	 1	432.54	  0.06
50	46	19	v	 1	 1	 0	 1	 0	 2	 1	 0	 2	 2	 1	446.77	  0.06
51	46	19	v	 1	 1	 0	 0	 1	 0	 1	 0	 1	 1	 1	295.25	  0.06
52	46	19	v	 1	 1	 0	 1	 1	 2	 1	 1	 2	 2	 1	371.69	  0.08
53	46	19	v	 1	 1	 0	 0	 1	 0	 1	 0	 1	 1	 1	443.35	  0.06
54	46	19	v	 1	 1	 0	 0	 0	 0	 1	 1	 1	 1	 1	352.86	  0.06
55	46	19	v	 1	 1	 0	 1	 1	 0	 1	 1	 2	 1	 0	352.04	  0.07
56	46	19	v	 1	 1	 0	 1	 0	 1	 1	 0	 2	 2	 1	538.96	  0.08
57	46	19	v	 1	 1	 0	 0	 0	 0	 1	 1	 1	 1	 1	472.02	  0.06
58	46	19	v	 1	 1	 0	 1	 0	 2	 1	 0	 2	 1	 0	510.10	  0.08
59	46	19	v	 1	 1	 0	 0	 1	 1	 1	 0	 1	 1	 1	697.20	  0.06
60	46	19	v	 1	 1	 0	 0	 1	 1	 1	 0	 1	 1	 1	439.04	  0.06
61	46	19	v	 1	 1	 0	 1	 0	 0	 1	 0	 2	 2	 1	498.01	  0.06
62	46	19	v	 1	 1	 0	 1	 0	 0	 1	 0	 2	 2	 1	407.20	  0.06
63	46	19	v	 1	 1	 0	 0	 1	 1	 1	 0	 1	 1	 1	528.51	  0.06
64	46	19	v	 1	 1	 0	 1	 1	 2	 1	 1	 2	 2	 1	329.06	  0.06
65	46	19	v	 1	 1	 0	 0	 0	 1	 1	 1	 1	 1	 1	473.81	  0.06
66	46	19	v	 1	 1	 0	 0	 0	 2	 1	 1	 1	 1	 1	422.52	  0.06
67	46	19	v	 1	 1	 0	 1	 1	 0	 1	 1	 2	 2	 1	415.82	  0.06
68	46	19	v	 1	 1	 0	 0	 0	 0	 1	 1	 1	 1	 1	446.01	  0.07
69	46	19	v	 1	 1	 0	 0	 1	 2	 1	 0	 1	 2	 0	474.66	  0.06
70	46	19	v	 1	 1	 0	 0	 0	 0	 1	 1	 1	 1	 1	504.15	  0.06
71	46	19	v	 1	 1	 0	 1	 0	 1	 1	 0	 2	 2	 1	520.58	  0.06
72	46	19	v	 1	 1	 0	 1	 1	 2	 1	 1	 2	 2	 1	375.20	  0.07
73	46	19	v	 1	 1	 0	 1	 1	 1	 1	 1	 2	 2	 1	519.44	  0.09
74	46	19	v	 1	 1	 0	 0	 1	 2	 1	 0	 1	 1	 1	619.95	  0.06
75	46	19	v	 1	 1	 0	 1	 1	 0	 1	 1	 2	 2	 1	433.88	  0.06
76	46	19	v	 1	 1	 0	 1	 1	 1	 1	 1	 2	 2	 1	462.88	  0.07
77	46	19	v	 1	 1	 0	 0	 1	 2	 1	 0	 1	 1	 1	429.20	  0.06
78	46	19	v	 1	 1	 0	 0	 1	 0	 1	 0	 1	 1	 1	397.13	  0.06
79	46	19	v	 1	 1	 0	 0	 0	 1	 1	 1	 1	 1	 1	385.03	  0.23
80	46	19	v	 1	 1	 0	 1	 0	 0	 1	 0	 2	 2	 1	455.34	  0.06
81	46	19	v	 1	 1	 0	 0	 0	 2	 1	 1	 1	 1	 1	400.38	  0.06
82	46	19	v	 1	 1	 0	 1	 0	 0	 1	 0	 2	 1	 0	481.14	  0.06
83	46	19	v	 1	 1	 0	 0	 1	 1	 1	 0	 1	 1	 1	440.45	  0.06
84	46	19	v	 1	 1	 0	 1	 1	 0	 1	 1	 2	 2	 1	432.11	  0.06
85	46	19	v	 1	 1	 0	 1	 1	 0	 1	 1	 2	 2	 1	429.03	  0.24
86	46	19	v	 1	 1	 0	 1	 0	 2	 1	 0	 2	 2	 1	380.76	  0.06
87	46	19	v	 1	 1	 0	 0	 1	 0	 1	 0	 1	 1	 1	361.08	  0.06
88	46	19	v	 1	 1	 0	 1	 0	 0	 1	 0	 2	 2	 1	527.98	  0.08
89	46	19	v	 1	 1	 0	 0	 0	 0	 1	 1	 1	 1	 1	566.79	  0.06
90	46	19	v	 1	 1	 0	 1	 1	 2	 1	 1	 2	 2	 1	402.07	  0.06
91	46	19	v	 1	 1	 0	 0	 0	 1	 1	 1	 1	 1	 1	375.79	  0.07
92	46	19	v	 1	 1	 0	 1	 1	 2	 1	 1	 2	 2	 1	426.14	  0.06
93	46	19	v	 1	 1	 0	 1	 0	 0	 1	 0	 2	 2	 1	378.29	  0.06
94	46	19	v	 1	 1	 0	 0	 0	 2	 1	 1	 1	 1	 1	457.68	  0.10
95	46	19	v	 1	 1	 0	 0	 0	 1	 1	 1	 1	 1	 1	369.81	  0.06
96	46	19	v	 1	 1	 1	 0	 1	 2	 2	 0	 1	 1	 1	531.41	  0.06
97	46	19	v	 1	 1	 1	 0	 1	 1	 2	 0	 1	 1	 1	385.77	  0.06
98	46	19	v	 1	 1	 1	 0	 0	 1	 2	 1	 1	 1	 1	398.26	  0.06
99	46	19	v	 1	 1	 1	 1	 1	 1	 2	 1	 2	 2	 1	518.62	  0.06
100	46	19	v	 1	 1	 1	 1	 0	 1	 2	 0	 2	 1	 0	410.36	  0.09
101	46	19	v	 1	 1	 1	 1	 0	 2	 2	 0	 2	 1	 0	367.85	  0.09
102	46	19	v	 1	 1	 1	 0	 0	 1	 2	 1	 1	 1	 1	451.43	  0.06
103	46	19	v	 1	 1	 1	 0	 0	 2	 2	 1	 1	 1	 1	468.16	  0.06
104	46	19	v	 1	 1	 1	 0	 0	 2	 2	 1	 1	 1	 1	340.16	  0.06
105	46	19	v	 1	 1	 1	 1	 1	 2	 2	 1	 2	 2	 1	445.45	  0.06
106	46	19	v	 1	 1	 1	 1	 0	 2	 2	 0	 2	 2	 1	452.68	  0.06
107	46	19	v	 1	 1	 1	 1	 1	 2	 2	 1	 2	 2	 1	334.40	  0.06
108	46	19	v	 1	 1	 1	 1	 1	 0	 2	 1	 2	 2	 1	374.73	  0.06
109	46	19	v	 1	 1	 1	 0	 0	 2	 2	 1	 1	 1	 1	540.05	  0.09
110	46	19	v	 1	 1	 1	 1	 0	 2	 2	 0	 2	 2	 1	680.18	  0.06
111	46	19	v	 1	 1	 1	 0	 1	 2	 2	 0	 1	 1	 1	599.46	  0.06
112	46	19	v	 1	 1	 1	 1	 0	 1	 2	 0	 2	 2	 1	496.98	  0.06
113	46	19	v	 1	 1	 1	 1	 0	 1	 2	 0	 2	 2	 1	415.05	  0.07
114	46	19	v	 1	 1	 1	 0	 1	 0	 2	 0	 1	 1	 1	531.30	  0.06
115	46	19	v	 1	 1	 1	 1	 1	 0	 2	 1	 2	 2	 1	552.82	  0.06
116	46	19	v	 1	 1	 1	 0	 0	 1	 2	 1	 1	 1	 1	454.60	  0.06
117	46	19	v	 1	 1	 1	 1	 1	 2	 2	 1	 2	 2	 1	489.57	  0.06
118	46	19	v	 1	 1	 1	 1	 0	 2	 2	 0	 2	 2	 1	449.27	  0.06
119	46	19	v	 1	 1	 1	 0	 1	 2	 2	 0	 1	 1	 1	424.69	  0.09
120	46	19	v	 1	 1	 1	 0	 0	 2	 2	 1	 1	 1	 1	377.04	  0.06
121	46	19	v	 1	 1	 1	 0	 0	 1	 2	 1	 1	 1	 1	406.33	  0.06
122	46	19	v	 1	 1	 1	 1	 1	 0	 2	 1	 2	 2	 1	422.03	  0.06
123	46	19	v	 1	 1	 1	 0	 1	 1	 2	 0	 1	 1	 1	440.31	  0.07
124	46	19	v	 1	 1	 1	 0	 1	 2	 2	 0	 1	 1	 1	328.86	  0.21
125	46	19	v	 1	 1	 1	 0	 1	 0	 2	 0	 1	 1	 1	465.45	  0.06
126	46	19	v	 1	 1	 1	 1	 0	 0	 2	 0	 2	 2	 1	422.58	  0.06
127	46	19	v	 1	 1	 1	 1	 0	 1	 2	 0	 2	 2	 1	367.86	  0.07
128	46	19	v	 1	 1	 1	 1	 0	 1	 2	 0	 2	 2	 1	402.61	  0.06
129	46	19	v	 1	 1	 1	 1	 1	 0	 2	 1	 2	 2	 1	475.11	  0.06
130	46	19	v	 1	 1	 1	 0	 1	 2	 2	 0	 1	 2	 0	370.03	  0.07
131	46	19	v	 1	 1	 1	 1	 1	 1	 2	 1	 2	 2	 1	507.78	  0.08
132	46	19	v	 1	 1	 1	 0	 1	 0	 2	 0	 1	 1	 1	321.11	  0.11
133	46	19	v	 1	 1	 1	 1	 1	 0	 2	 1	 2	 1	 0	318.25	  0.20
134	46	19	v	 1	 1	 1	 0	 0	 1	 2	 1	 1	 1	 1	439.32	  0.06
135	46	19	v	 1	 1	 1	 0	 1	 1	 2	 0	 1	 1	 1	456.20	  0.07
136	46	19	v	 1	 1	 1	 0	 1	 0	 2	 0	 1	 1	 1	410.31	  0.06
137	46	19	v	 1	 1	 1	 1	 1	 1	 2	 1	 2	 2	 1	428.87	  0.06
138	46	19	v	 1	 1	 1	 0	 1	 1	 2	 0	 1	 1	 1	542.88	  0.06
139	46	19	v	 1	 1	 1	 0	 0	 0	 2	 1	 1	 1	 1	466.25	  0.07
140	46	19	v	 1	 1	 1	 1	 1	 0	 2	 1	 2	 2	 1	382.55	  0.06
141	46	19	v	 1	 1	 1	 1	 1	 1	 2	 1	 2	 2	 1	444.79	  0.21
142	46	19	v	 1	 1	 1	 0	 0	 0	 2	 1	 1	 1	 1	428.44	  0.06
143	46	19	v	 1	 1	 1	 1	 0	 0	 2	 0	 2	 2	 1	494.24	  0.06
144	46	19	v	 1	 1	 1	 0	 0	 1	 2	 1	 1	 1	 1	490.43	  0.07
145	46	19	v	 1	 1	 1	 1	 1	 1	 2	 1	 2	 2	 1	539.92	  0.06
146	46	19	v	 1	 1	 1	 0	 1	 2	 2	 0	 1	 1	 1	454.03	  0.06
147	46	19	v	 1	 1	 1	 0	 0	 0	 2	 1	 1	 1	 1	444.11	  0.06
148	46	19	v	 1	 1	 1	 0	 1	 0	 2	 0	 1	 1	 1	460.67	  0.06
149	46	19	v	 1	 1	 1	 1	 0	 0	 2	 0	 2	 2	 1	450.85	  0.06
150	46	19	v	 1	 1	 1	 0	 1	 1	 2	 0	 1	 1	 1	471.39	  0.10
151	46	19	v	 1	 1	 1	 0	 1	 0	 2	 0	 1	 1	 1	419.07	  0.06
152	46	19	v	 1	 1	 1	 0	 0	 0	 2	 1	 1	 1	 1	425.46	  0.06
153	46	19	v	 1	 1	 1	 0	 1	 1	 2	 0	 1	 1	 1	488.54	  0.06
154	46	19	v	 1	 1	 1	 1	 1	 2	 2	 1	 2	 2	 1	547.51	  0.06
155	46	19	v	 1	 1	 1	 0	 0	 0	 2	 1	 1	 1	 1	358.06	  0.06
156	46	19	v	 1	 1	 1	 1	 0	 1	 2	 0	 2	 2	 1	538.18	  0.07
157	46	19	v	 1	 1	 1	 1	 1	 1	 2	 1	 2	 2	 1	526.24	  0.06
158	46	19	v	 1	 1	 1	 0	 1	 1	 2	 0	 1	 1	 1	339.98	  0.06
159	46	19	v	 1	 1	 1	 0	 0	 2	 2	 1	 1	 1	 1	385.82	  0.06
160	46	19	v	 1	 1	 1	 1	 0	 2	 2	 0	 2	 2	 1	526.09	  0.06
161	46	19	v	 1	 1	 1	 1	 0	 0	 2	 0	 2	 1	 0	314.52	  0.06
162	46	19	v	 1	 1	 1	 0	 0	 1	 2	 1	 1	 1	 1	349.57	  0.06
163	46	19	v	 1	 1	 1	 0	 0	 2	 2	 1	 1	 1	 1	512.48	  0.06
164	46	19	v	 1	 1	 1	 1	 1	 1	 2	 1	 2	 2	 1	494.14	  0.06
165	46	19	v	 1	 1	 1	 0	 0	 0	 2	 1	 1	 1	 1	457.29	  0.06
166	46	19	v	 1	 1	 1	 1	 1	 2	 2	 1	 2	 2	 1	398.51	  0.06
167	46	19	v	 1	 1	 1	 0	 1	 0	 2	 0	 1	 1	 1	730.42	  0.06
168	46	19	v	 1	 1	 1	 1	 1	 2	 2	 1	 2	 2	 1	506.48	  0.06
169	46	19	v	 1	 1	 1	 0	 1	 1	 2	 0	 1	 1	 1	619.42	  0.08
170	46	19	v	 1	 1	 1	 0	 0	 1	 2	 1	 1	 1	 1	405.24	  0.06
171	46	19	v	 1	 1	 1	 0	 0	 0	 2	 1	 1	 1	 1	452.88	  0.07
172	46	19	v	 1	 1	 1	 1	 1	 1	 2	 1	 2	 2	 1	484.94	  0.06
173	46	19	v	 1	 1	 1	 1	 0	 0	 2	 0	 2	 2	 1	473.97	  0.20
174	46	19	v	 1	 1	 1	 0	 1	 0	 2	 0	 1	 1	 1	450.72	  0.09
175	46	19	v	 1	 1	 1	 1	 0	 0	 2	 0	 2	 2	 1	475.24	  0.06
176	46	19	v	 1	 1	 1	 0	 1	 2	 2	 0	 1	 1	 1	349.96	  0.08
177	46	19	v	 1	 1	 1	 1	 0	 1	 2	 0	 2	 2	 1	496.05	  0.07
178	46	19	v	 1	 1	 1	 1	 0	 2	 2	 0	 2	 2	 1	376.74	  0.06
179	46	19	v	 1	 1	 1	 0	 0	 2	 2	 1	 1	 1	 1	348.57	  0.07
180	46	19	v	 1	 1	 1	 0	 1	 2	 2	 0	 1	 1	 1	581.61	  0.06
181	46	19	v	 1	 1	 1	 1	 0	 2	 2	 0	 2	 1	 0	418.49	  0.06
182	46	19	v	 1	 1	 1	 1	 1	 0	 2	 1	 2	 2	 1	322.76	  0.06
183	46	19	v	 1	 1	 1	 0	 0	 2	 2	 1	 1	 1	 1	458.63	  0.06
184	46	19	v	 1	 1	 1	 1	 0	 2	 2	 0	 2	 1	 0	412.75	  0.06
185	46	19	v	 1	 1	 1	 1	 1	 2	 2	 1	 2	 2	 1	464.35	  0.19
186	46	19	v	 1	 1	 1	 1	 1	 2	 2	 1	 2	 2	 1	458.58	  0.06
187	46	19	v	 1	 1	 1	 1	 0	 1	 2	 0	 2	 2	 1	489.07	  0.06
188	46	19	v	 1	 1	 1	 0	 0	 0	 2	 1	 1	 1	 1	458.20	  0.12
189	46	19	v	 1	 1	 1	 1	 1	 0	 2	 1	 2	 2	 1	473.33	  0.06
190	46	19	v	 1	 1	 1	 1	 0	 0	 2	 0	 2	 2	 1	585.06	  0.06
191	46	19	v	 1	 1	 1	 1	 0	 0	 2	 0	 2	 2	 1	509.08	  0.06
192	46	19	v	 1	 1	 2	 0	 0	 2	 1	 1	 1	 1	 1	458.89	  0.06
193	46	19	v	 1	 1	 2	 1	 0	 1	 1	 0	 2	 2	 1	527.09	  0.06
194	46	19	v	 1	 1	 2	 1	 1	 1	 1	 1	 2	 2	 1	508.53	  0.06
195	46	19	v	 1	 1	 2	 0	 1	 1	 1	 0	 1	 1	 1	429.91	  0.06
196	46	19	v	 1	 1	 2	 1	 1	 1	 1	 1	 2	 2	 1	479.69	  0.06
197	46	19	v	 1	 1	 2	 0	 1	 2	 1	 0	 1	 2	 0	424.46	  0.06
198	46	19	v	 1	 1	 2	 1	 0	 2	 1	 0	 2	 2	 1	634.73	  0.06
199	46	19	v	 1	 1	 2	 1	 0	 0	 1	 0	 2	 2	 1	517.24	  0.06
200	46	19	v	 1	 1	 2	 0	 1	 0	 1	 0	 1	 1	 1	421.99	  0.06
201	46	19	v	 1	 1	 2	 1	 0	 1	 1	 0	 2	 2	 1	515.05	  0.07
202	46	19	v	 1	 1	 2	 0	 1	 0	 1	 0	 1	 1	 1	466.74	  0.06
203	46	19	v	 1	 1	 2	 0	 1	 2	 1	 0	 1	 1	 1	500.76	  0.06
204	46	19	v	 1	 1	 2	 1	 0	 1	 1	 0	 2	 2	 1	508.97	  0.06
205	46	19	v	 1	 1	 2	 0	 1	 1	 1	 0	 1	 1	 1	478.86	  0.06
206	46	19	v	 1	 1	 2	 1	 0	 1	 1	 0	 2	 2	 1	500.59	  0.06
207	46	19	v	 1	 1	 2	 0	 1	 0	 1	 0	 1	 1	 1	422.58	  0.06
208	46	19	v	 1	 1	 2	 0	 1	 2	 1	 0	 1	 1	 1	530.87	  0.20
209	46	19	v	 1	 1	 2	 1	 1	 0	 1	 1	 2	 2	 1	540.35	  0.09
210	46	19	v	 1	 1	 2	 1	 1	 1	 1	 1	 2	 2	 1	573.38	  0.12
211	46	19	v	 1	 1	 2	 0	 1	 1	 1	 0	 1	 1	 1	584.64	  0.06
212	46	19	v	 1	 1	 2	 0	 1	 2	 1	 0	 1	 1	 1	466.73	  0.09
213	46	19	v	 1	 1	 2	 1	 1	 2	 1	 1	 2	 2	 1	460.44	  0.07
214	46	19	v	 1	 1	 2	 1	 0	 0	 1	 0	 2	 2	 1	495.61	  0.06
215	46	19	v	 1	 1	 2	 1	 0	 2	 1	 0	 2	 2	 1	511.69	  0.06
216	46	19	v	 1	 1	 2	 1	 1	 0	 1	 1	 2	 2	 1	555.56	  0.06
217	46	19	v	 1	 1	 2	 0	 0	 2	 1	 1	 1	 1	 1	485.14	  0.06
218	46	19	v	 1	 1	 2	 1	 1	 0	 1	 1	 2	 2	 1	534.80	  0.06
219	46	19	v	 1	 1	 2	 0	 0	 2	 1	 1	 1	 1	 1	338.70	  0.06
220	46	19	v	 1	 1	 2	 0	 0	 2	 1	 1	 1	 1	 1	494.21	  0.06
221	46	19	v	 1	 1	 2	 0	 0	 1	 1	 1	 1	 1	 1	444.32	  0.06
222	46	19	v	 1	 1	 2	 0	 0	 1	 1	 1	 1	 1	 1	431.69	  0.07
223	46	19	v	 1	 1	 2	 1	 0	 2	 1	 0	 2	 2	 1	481.57	  0.06
224	46	19	v	 1	 1	 2	 1	 0	 0	 1	 0	 2	 2	 1	503.20	  0.06
225	46	19	v	 1	 1	 2	 1	 1	 1	 1	 1	 2	 2	 1	465.23	  0.06
226	46	19	v	 1	 1	 2	 0	 0	 2	 1	 1	 1	 1	 1	697.38	  0.06
227	46	19	v	 1	 1	 2	 1	 1	 2	 1	 1	 2	 2	 1	410.05	  0.06
228	46	19	v	 1	 1	 2	 0	 0	 0	 1	 1	 1	 1	 1	376.80	  0.06
229	46	19	v	 1	 1	 2	 0	 0	 2	 1	 1	 1	 1	 1	443.18	  0.06
230	46	19	v	 1	 1	 2	 0	 0	 2	 1	 1	 1	 1	 1	1368.66	  0.06
231	46	19	v	 1	 1	 2	 1	 1	 2	 1	 1	 2	 2	 1	536.84	  0.06
232	46	19	v	 1	 1	 2	 1	 0	 0	 1	 0	 2	 2	 1	594.99	  0.06
233	46	19	v	 1	 1	 2	 0	 1	 2	 1	 0	 1	 1	 1	549.59	  0.07
234	46	19	v	 1	 1	 2	 0	 1	 0	 1	 0	 1	 1	 1	414.36	  0.06
235	46	19	v	 1	 1	 2	 1	 1	 1	 1	 1	 2	 2	 1	407.42	  0.09
236	46	19	v	 1	 1	 2	 0	 1	 1	 1	 0	 1	 1	 1	546.22	  0.06
237	46	19	v	 1	 1	 2	 1	 1	 2	 1	 1	 2	 2	 1	509.23	  0.06
238	46	19	v	 1	 1	 2	 1	 0	 1	 1	 0	 2	 2	 1	442.02	  0.06
239	46	19	v	 1	 1	 2	 1	 0	 0	 1	 0	 2	 2	 1	445.53	  0.06
240	46	19	v	 1	 1	 2	 0	 0	 0	 1	 1	 1	 1	 1	503.22	  0.20
241	46	19	v	 1	 1	 2	 1	 1	 2	 1	 1	 2	 1	 0	347.08	  0.06
242	46	19	v	 1	 1	 2	 0	 0	 1	 1	 1	 1	 1	 1	546.20	  0.06
243	46	19	v	 1	 1	 2	 0	 0	 1	 1	 1	 1	 1	 1	477.15	  0.06
244	46	19	v	 1	 1	 2	 0	 1	 1	 1	 0	 1	 1	 1	610.00	  0.06
245	46	19	v	 1	 1	 2	 0	 1	 1	 1	 0	 1	 1	 1	457.37	  0.09
246	46	19	v	 1	 1	 2	 1	 0	 0	 1	 0	 2	 2	 1	529.34	  0.06
247	46	19	v	 1	 1	 2	 1	 0	 0	 1	 0	 2	 2	 1	432.23	  0.06
248	46	19	v	 1	 1	 2	 0	 1	 0	 1	 0	 1	 1	 1	470.65	  0.22
249	46	19	v	 1	 1	 2	 1	 1	 1	 1	 1	 2	 2	 1	414.64	  0.06
250	46	19	v	 1	 1	 2	 0	 0	 0	 1	 1	 1	 1	 1	549.13	  0.06
251	46	19	v	 1	 1	 2	 1	 0	 2	 1	 0	 2	 2	 1	619.13	  0.22
252	46	19	v	 1	 1	 2	 1	 1	 0	 1	 1	 2	 2	 1	924.23	  0.20
253	46	19	v	 1	 1	 2	 1	 1	 0	 1	 1	 2	 2	 1	536.90	  0.06
254	46	19	v	 1	 1	 2	 1	 0	 1	 1	 0	 2	 2	 1	516.32	  0.06
255	46	19	v	 1	 1	 2	 0	 0	 0	 1	 1	 1	 1	 1	601.49	  0.06
256	46	19	v	 1	 1	 2	 0	 0	 1	 1	 1	 1	 1	 1	461.86	  0.06
257	46	19	v	 1	 1	 2	 1	 0	 2	 1	 0	 2	 2	 1	579.28	  0.07
258	46	19	v	 1	 1	 2	 1	 1	 0	 1	 1	 2	 2	 1	469.15	  0.06
259	46	19	v	 1	 1	 2	 0	 0	 0	 1	 1	 1	 1	 1	605.91	  0.06
260	46	19	v	 1	 1	 2	 0	 0	 1	 1	 1	 1	 1	 1	499.34	  0.06
261	46	19	v	 1	 1	 2	 0	 0	 0	 1	 1	 1	 1	 1	437.53	  0.06
262	46	19	v	 1	 1	 2	 1	 1	 2	 1	 1	 2	 2	 1	524.25	  0.06
263	46	19	v	 1	 1	 2	 0	 0	 1	 1	 1	 1	 1	 1	541.39	  0.06
264	46	19	v	 1	 1	 2	 0	 1	 1	 1	 0	 1	 1	 1	619.84	  0.07
265	46	19	v	 1	 1	 2	 0	 1	 2	 1	 0	 1	 1	 1	576.85	  0.07
266	46	19	v	 1	 1	 2	 1	 1	 0	 1	 1	 2	 2	 1	623.66	  0.07
267	46	19	v	 1	 1	 2	 0	 1	 1	 1	 0	 1	 1	 1	560.63	  0.06
268	46	19	v	 1	 1	 2	 1	 0	 2	 1	 0	 2	 2	 1	488.98	  0.06
269	46	19	v	 1	 1	 2	 0	 1	 0	 1	 0	 1	 1	 1	485.41	  0.06
270	46	19	v	 1	 1	 2	 1	 0	 0	 1	 0	 2	 2	 1	575.88	  0.06
271	46	19	v	 1	 1	 2	 0	 1	 2	 1	 0	 1	 1	 1	630.91	  0.06
272	46	19	v	 1	 1	 2	 0	 1	 0	 1	 0	 1	 1	 1	557.39	  0.09
273	46	19	v	 1	 1	 2	 1	 1	 1	 1	 1	 2	 2	 1	512.13	  0.06
274	46	19	v	 1	 1	 2	 0	 0	 0	 1	 1	 1	 1	 1	551.93	  0.07
275	46	19	v	 1	 1	 2	 0	 1	 2	 1	 0	 1	 1	 1	1013.51	  0.06
276	46	19	v	 1	 1	 2	 0	 0	 0	 1	 1	 1	 1	 1	391.36	  0.12
277	46	19	v	 1	 1	 2	 1	 0	 2	 1	 0	 2	 2	 1	514.28	  0.06
278	46	19	v	 1	 1	 2	 1	 0	 2	 1	 0	 2	 2	 1	406.00	  0.07
279	46	19	v	 1	 1	 2	 1	 0	 1	 1	 0	 2	 2	 1	343.48	  0.06
280	46	19	v	 1	 1	 2	 0	 0	 2	 1	 1	 1	 1	 1	499.06	  0.07
281	46	19	v	 1	 1	 2	 1	 1	 2	 1	 1	 2	 2	 1	449.10	  0.11
282	46	19	v	 1	 1	 2	 0	 1	 0	 1	 0	 1	 1	 1	567.64	  0.06
283	46	19	v	 1	 1	 2	 1	 0	 1	 1	 0	 2	 2	 1	525.02	  0.06
284	46	19	v	 1	 1	 2	 1	 1	 1	 1	 1	 2	 2	 1	411.35	  0.06
285	46	19	v	 1	 1	 2	 0	 0	 1	 1	 1	 1	 1	 1	533.15	  0.21
286	46	19	v	 1	 1	 2	 1	 1	 2	 1	 1	 2	 2	 1	681.12	  0.08
287	46	19	v	 1	 1	 2	 1	 1	 0	 1	 1	 2	 2	 1	444.28	  0.06
288	46	19	v	 1	 1	 3	 1	 0	 0	 2	 0	 2	 2	 1	453.08	  0.06
289	46	19	v	 1	 1	 3	 0	 1	 0	 2	 0	 1	 2	 0	521.95	  0.11
290	46	19	v	 1	 1	 3	 1	 0	 1	 2	 0	 2	 2	 1	565.04	  0.06
291	46	19	v	 1	 1	 3	 0	 1	 2	 2	 0	 1	 1	 1	603.33	  0.06
292	46	19	v	 1	 1	 3	 0	 0	 2	 2	 1	 1	 1	 1	377.57	  0.06
293	46	19	v	 1	 1	 3	 1	 1	 2	 2	 1	 2	 2	 1	1037.78	  0.06
294	46	19	v	 1	 1	 3	 0	 1	 2	 2	 0	 1	 1	 1	1068.70	  0.08
295	46	19	v	 1	 1	 3	 1	 1	 1	 2	 1	 2	 2	 1	555.80	  0.06
296	46	19	v	 1	 1	 3	 1	 1	 0	 2	 1	 2	 2	 1	517.53	  0.06
297	46	19	v	 1	 1	 3	 0	 0	 1	 2	 1	 1	 1	 1	487.15	  0.21
298	46	19	v	 1	 1	 3	 0	 1	 1	 2	 0	 1	 1	 1	537.45	  0.06
299	46	19	v	 1	 1	 3	 0	 0	 0	 2	 1	 1	 1	 1	549.83	  0.08
300	46	19	v	 1	 1	 3	 1	 0	 0	 2	 0	 2	 2	 1	623.60	  0.19
301	46	19	v	 1	 1	 3	 1	 0	 1	 2	 0	 2	 2	 1	445.40	  0.06
302	46	19	v	 1	 1	 3	 1	 1	 0	 2	 1	 2	 2	 1	477.47	  0.06
303	46	19	v	 1	 1	 3	 0	 1	 1	 2	 0	 1	 1	 1	544.86	  0.06
304	46	19	v	 1	 1	 3	 0	 0	 2	 2	 1	 1	 1	 1	409.91	  0.06
305	46	19	v	 1	 1	 3	 0	 1	 1	 2	 0	 1	 1	 1	400.28	  0.06
306	46	19	v	 1	 1	 3	 0	 1	 0	 2	 0	 1	 1	 1	317.11	  0.13
307	46	19	v	 1	 1	 3	 1	 0	 0	 2	 0	 2	 1	 0	351.83	  0.06
308	46	19	v	 1	 1	 3	 0	 0	 2	 2	 1	 1	 1	 1	626.20	  0.06
309	46	19	v	 1	 1	 3	 1	 0	 0	 2	 0	 2	 2	 1	610.64	  0.06
310	46	19	v	 1	 1	 3	 1	 0	 0	 2	 0	 2	 2	 1	442.38	  0.06
311	46	19	v	 1	 1	 3	 1	 1	 1	 2	 1	 2	 2	 1	446.90	  0.06
312	46	19	v	 1	 1	 3	 1	 1	 2	 2	 1	 2	 2	 1	405.42	  0.06
313	46	19	v	 1	 1	 3	 0	 1	 2	 2	 0	 1	 1	 1	612.95	  0.06
314	46	19	v	 1	 1	 3	 1	 1	 1	 2	 1	 2	 2	 1	493.29	  0.06
315	46	19	v	 1	 1	 3	 1	 1	 0	 2	 1	 2	 2	 1	349.40	  0.06
316	46	19	v	 1	 1	 3	 1	 1	 2	 2	 1	 2	 2	 1	426.47	  0.06
317	46	19	v	 1	 1	 3	 0	 1	 1	 2	 0	 1	 1	 1	579.61	  0.06
318	46	19	v	 1	 1	 3	 0	 1	 1	 2	 0	 1	 2	 0	470.55	  0.06
319	46	19	v	 1	 1	 3	 0	 0	 1	 2	 1	 1	 1	 1	455.58	  0.06
320	46	19	v	 1	 1	 3	 0	 1	 2	 2	 0	 1	 1	 1	441.55	  0.08
321	46	19	v	 1	 1	 3	 1	 0	 1	 2	 0	 2	 2	 1	535.53	  0.06
322	46	19	v	 1	 1	 3	 1	 1	 0	 2	 1	 2	 2	 1	503.32	  0.08
323	46	19	v	 1	 1	 3	 1	 0	 0	 2	 0	 2	 2	 1	560.47	  0.06
324	46	19	v	 1	 1	 3	 0	 0	 0	 2	 1	 1	 1	 1	586.74	  0.06
325	46	19	v	 1	 1	 3	 1	 0	 1	 2	 0	 2	 2	 1	567.42	  0.06
326	46	19	v	 1	 1	 3	 0	 0	 1	 2	 1	 1	 1	 1	741.76	  0.06
327	46	19	v	 1	 1	 3	 1	 1	 0	 2	 1	 2	 2	 1	951.35	  0.06
328	46	19	v	 1	 1	 3	 1	 0	 0	 2	 0	 2	 2	 1	467.59	  0.06
329	46	19	v	 1	 1	 3	 0	 1	 1	 2	 0	 1	 1	 1	502.34	  0.06
330	46	19	v	 1	 1	 3	 1	 1	 0	 2	 1	 2	 2	 1	354.35	  0.06
331	46	19	v	 1	 1	 3	 0	 1	 0	 2	 0	 1	 1	 1	525.50	  0.06
332	46	19	v	 1	 1	 3	 0	 1	 2	 2	 0	 1	 1	 1	497.98	  0.06
333	46	19	v	 1	 1	 3	 1	 0	 1	 2	 0	 2	 2	 1	502.01	  0.06
334	46	19	v	 1	 1	 3	 1	 1	 1	 2	 1	 2	 2	 1	354.27	  0.08
335	46	19	v	 1	 1	 3	 0	 1	 2	 2	 0	 1	 1	 1	459.28	  0.07
336	46	19	v	 1	 1	 3	 1	 0	 2	 2	 0	 2	 2	 1	433.41	  0.06
337	46	19	v	 1	 1	 3	 0	 1	 0	 2	 0	 1	 1	 1	524.37	  0.08
338	46	19	v	 1	 1	 3	 0	 0	 0	 2	 1	 1	 1	 1	431.83	  0.20
339	46	19	v	 1	 1	 3	 0	 0	 2	 2	 1	 1	 1	 1	387.50	  0.06
340	46	19	v	 1	 1	 3	 0	 0	 0	 2	 1	 1	 1	 1	300.44	  0.06
341	46	19	v	 1	 1	 3	 1	 0	 1	 2	 0	 2	 2	 1	512.95	  0.06
342	46	19	v	 1	 1	 3	 1	 1	 2	 2	 1	 2	 2	 1	359.65	  0.09
343	46	19	v	 1	 1	 3	 0	 0	 2	 2	 1	 1	 1	 1	383.77	  0.06
344	46	19	v	 1	 1	 3	 1	 1	 0	 2	 1	 2	 2	 1	449.87	  0.06
345	46	19	v	 1	 1	 3	 0	 1	 0	 2	 0	 1	 1	 1	613.51	  0.07
346	46	19	v	 1	 1	 3	 1	 0	 2	 2	 0	 2	 2	 1	496.53	  0.21
347	46	19	v	 1	 1	 3	 0	 0	 2	 2	 1	 1	 1	 1	451.58	  0.06
348	46	19	v	 1	 1	 3	 1	 0	 1	 2	 0	 2	 2	 1	601.96	  0.08
349	46	19	v	 1	 1	 3	 0	 1	 2	 2	 0	 1	 1	 1	626.36	  0.06
350	46	19	v	 1	 1	 3	 1	 1	 2	 2	 1	 2	 2	 1	505.30	  0.06
351	46	19	v	 1	 1	 3	 0	 1	 0	 2	 0	 1	 1	 1	345.47	  0.06
352	46	19	v	 1	 1	 3	 0	 1	 1	 2	 0	 1	 1	 1	394.87	  0.06
353	46	19	v	 1	 1	 3	 0	 0	 0	 2	 1	 1	 1	 1	471.74	  0.06
354	46	19	v	 1	 1	 3	 0	 1	 2	 2	 0	 1	 1	 1	399.47	  0.06
355	46	19	v	 1	 1	 3	 1	 1	 2	 2	 1	 2	 2	 1	473.58	  0.06
356	46	19	v	 1	 1	 3	 0	 0	 0	 2	 1	 1	 1	 1	503.00	  0.06
357	46	19	v	 1	 1	 3	 1	 1	 1	 2	 1	 2	 2	 1	478.10	  0.06
358	46	19	v	 1	 1	 3	 1	 1	 2	 2	 1	 2	 1	 0	446.93	  0.20
359	46	19	v	 1	 1	 3	 1	 0	 1	 2	 0	 2	 2	 1	524.36	  0.06
360	46	19	v	 1	 1	 3	 0	 0	 1	 2	 1	 1	 1	 1	496.77	  0.07
361	46	19	v	 1	 1	 3	 0	 0	 1	 2	 1	 1	 1	 1	476.01	  0.06
362	46	19	v	 1	 1	 3	 0	 1	 1	 2	 0	 1	 1	 1	362.79	  0.06
363	46	19	v	 1	 1	 3	 1	 1	 0	 2	 1	 2	 2	 1	410.35	  0.06
364	46	19	v	 1	 1	 3	 1	 0	 0	 2	 0	 2	 2	 1	396.09	  0.20
365	46	19	v	 1	 1	 3	 0	 0	 0	 2	 1	 1	 1	 1	571.97	  0.06
366	46	19	v	 1	 1	 3	 0	 0	 1	 2	 1	 1	 1	 1	423.33	  0.06
367	46	19	v	 1	 1	 3	 1	 1	 1	 2	 1	 2	 2	 1	621.51	  0.07
368	46	19	v	 1	 1	 3	 0	 0	 0	 2	 1	 1	 2	 0	423.40	  0.06
369	46	19	v	 1	 1	 3	 1	 0	 2	 2	 0	 2	 2	 1	985.72	  0.08
370	46	19	v	 1	 1	 3	 1	 0	 2	 2	 0	 2	 1	 0	357.06	  0.06
371	46	19	v	 1	 1	 3	 0	 0	 1	 2	 1	 1	 1	 1	356.15	  0.06
372	46	19	v	 1	 1	 3	 1	 0	 2	 2	 0	 2	 2	 1	539.18	  0.06
373	46	19	v	 1	 1	 3	 0	 1	 0	 2	 0	 1	 1	 1	413.17	  0.06
374	46	19	v	 1	 1	 3	 1	 1	 1	 2	 1	 2	 2	 1	492.42	  0.08
375	46	19	v	 1	 1	 3	 1	 0	 2	 2	 0	 2	 2	 1	394.78	  0.06
376	46	19	v	 1	 1	 3	 1	 0	 2	 2	 0	 2	 2	 1	476.79	  0.06
377	46	19	v	 1	 1	 3	 0	 0	 2	 2	 1	 1	 2	 0	441.65	  0.07
378	46	19	v	 1	 1	 3	 0	 0	 1	 2	 1	 1	 1	 1	494.15	  0.06
379	46	19	v	 1	 1	 3	 0	 1	 0	 2	 0	 1	 1	 1	690.37	  0.10
380	46	19	v	 1	 1	 3	 1	 0	 2	 2	 0	 2	 2	 1	527.50	  0.06
381	46	19	v	 1	 1	 3	 0	 0	 2	 2	 1	 1	 1	 1	483.74	  0.06
382	46	19	v	 1	 1	 3	 1	 1	 2	 2	 1	 2	 2	 1	529.43	  0.08
383	46	19	v	 1	 1	 3	 1	 1	 1	 2	 1	 2	 2	 1	403.73	  0.06
