00	51	17	v	 1	 2	 0	 0	 0	 2	 1	 1	 1	 1	 1	504.18	  0.22
01	51	17	v	 1	 2	 0	 1	 1	 0	 1	 1	 2	 2	 1	443.83	  0.22
02	51	17	v	 1	 2	 0	 0	 0	 1	 1	 1	 1	 1	 1	530.91	  0.06
03	51	17	v	 1	 2	 0	 1	 0	 2	 1	 0	 2	 2	 1	490.38	  0.06
04	51	17	v	 1	 2	 0	 0	 0	 2	 1	 1	 1	 1	 1	497.82	  0.06
05	51	17	v	 1	 2	 0	 0	 0	 0	 1	 1	 1	 1	 1	502.61	  0.06
06	51	17	v	 1	 2	 0	 0	 1	 0	 1	 0	 1	 1	 1	443.20	  0.06
07	51	17	v	 1	 2	 0	 0	 0	 1	 1	 1	 1	 1	 1	455.17	  0.08
08	51	17	v	 1	 2	 0	 1	 0	 1	 1	 0	 2	 2	 1	471.25	  0.06
09	51	17	v	 1	 2	 0	 1	 0	 0	 1	 0	 2	 2	 1	627.27	  0.19
10	51	17	v	 1	 2	 0	 0	 1	 1	 1	 0	 1	 1	 1	440.54	  0.06
11	51	17	v	 1	 2	 0	 1	 0	 0	 1	 0	 2	 2	 1	461.21	  0.08
12	51	17	v	 1	 2	 0	 1	 1	 0	 1	 1	 2	 2	 1	525.34	  0.06
13	51	17	v	 1	 2	 0	 1	 0	 0	 1	 0	 2	 2	 1	423.31	  0.06
14	51	17	v	 1	 2	 0	 1	 1	 2	 1	 1	 2	 2	 1	552.66	  0.06
15	51	17	v	 1	 2	 0	 0	 1	 0	 1	 0	 1	 1	 1	416.79	  0.06
16	51	17	v	 1	 2	 0	 0	 0	 0	 1	 1	 1	 1	 1	530.47	  0.06
17	51	17	v	 1	 2	 0	 1	 0	 2	 1	 0	 2	 2	 1	531.98	  0.06
18	51	17	v	 1	 2	 0	 1	 1	 0	 1	 1	 2	 2	 1	530.93	  0.06
19	51	17	v	 1	 2	 0	 1	 0	 0	 1	 0	 2	 2	 1	469.26	  0.09
20	51	17	v	 1	 2	 0	 1	 0	 2	 1	 0	 2	 2	 1	449.69	  0.06
21	51	17	v	 1	 2	 0	 0	 1	 2	 1	 0	 1	 1	 1	681.15	  0.20
22	51	17	v	 1	 2	 0	 1	 1	 2	 1	 1	 2	 2	 1	431.42	  0.06
23	51	17	v	 1	 2	 0	 0	 0	 0	 1	 1	 1	 1	 1	390.83	  0.06
24	51	17	v	 1	 2	 0	 0	 0	 2	 1	 1	 1	 1	 1	507.32	  0.06
25	51	17	v	 1	 2	 0	 0	 0	 1	 1	 1	 1	 1	 1	493.50	  0.06
26	51	17	v	 1	 2	 0	 1	 1	 1	 1	 1	 2	 2	 1	427.01	  0.06
27	51	17	v	 1	 2	 0	 0	 0	 1	 1	 1	 1	 1	 1	402.67	  0.06
28	51	17	v	 1	 2	 0	 1	 1	 2	 1	 1	 2	 2	 1	459.81	  0.06
29	51	17	v	 1	 2	 0	 0	 1	 1	 1	 0	 1	 1	 1	412.34	  0.06
30	51	17	v	 1	 2	 0	 1	 0	 1	 1	 0	 2	 2	 1	443.57	  0.06
31	51	17	v	 1	 2	 0	 0	 1	 2	 1	 0	 1	 1	 1	551.48	  0.06
32	51	17	v	 1	 2	 0	 0	 0	 1	 1	 1	 1	 1	 1	528.95	  0.06
33	51	17	v	 1	 2	 0	 0	 1	 2	 1	 0	 1	 1	 1	735.66	  0.06
34	51	17	v	 1	 2	 0	 1	 1	 2	 1	 1	 2	 2	 1	493.96	  0.06
35	51	17	v	 1	 2	 0	 1	 0	 1	 1	 0	 2	 2	 1	656.64	  0.06
36	51	17	v	 1	 2	 0	 0	 0	 2	 1	 1	 1	 1	 1	484.77	  0.09
37	51	17	v	 1	 2	 0	 1	 1	 0	 1	 1	 2	 2	 1	601.74	  0.06
38	51	17	v	 1	 2	 0	 1	 0	 1	 1	 0	 2	 2	 1	542.25	  0.06
39	51	17	v	 1	 2	 0	 0	 0	 2	 1	 1	 1	 1	 1	492.93	  0.06
40	51	17	v	 1	 2	 0	 0	 0	 2	 1	 1	 1	 1	 1	442.36	  0.06
41	51	17	v	 1	 2	 0	 1	 1	 1	 1	 1	 2	 2	 1	1189.86	  0.06
42	51	17	v	 1	 2	 0	 1	 1	 0	 1	 1	 2	 2	 1	795.71	  0.06
43	51	17	v	 1	 2	 0	 0	 0	 1	 1	 1	 1	 1	 1	373.65	  0.06
44	51	17	v	 1	 2	 0	 1	 1	 1	 1	 1	 2	 2	 1	443.40	  0.06
45	51	17	v	 1	 2	 0	 1	 0	 1	 1	 0	 2	 2	 1	647.28	  0.06
46	51	17	v	 1	 2	 0	 1	 1	 0	 1	 1	 2	 2	 1	572.71	  0.06
47	51	17	v	 1	 2	 0	 0	 1	 2	 1	 0	 1	 1	 1	679.12	  0.06
48	51	17	v	 1	 2	 0	 1	 1	 1	 1	 1	 2	 2	 1	663.57	  0.06
49	51	17	v	 1	 2	 0	 0	 1	 1	 1	 0	 1	 1	 1	712.80	  0.09
50	51	17	v	 1	 2	 0	 0	 1	 0	 1	 0	 1	 1	 1	461.87	  0.06
51	51	17	v	 1	 2	 0	 0	 1	 0	 1	 0	 1	 1	 1	506.38	  0.06
52	51	17	v	 1	 2	 0	 1	 0	 1	 1	 0	 2	 2	 1	475.94	  0.06
53	51	17	v	 1	 2	 0	 1	 1	 2	 1	 1	 2	 2	 1	656.29	  0.06
54	51	17	v	 1	 2	 0	 0	 0	 2	 1	 1	 1	 1	 1	504.81	  0.06
55	51	17	v	 1	 2	 0	 1	 0	 0	 1	 0	 2	 2	 1	440.31	  0.06
56	51	17	v	 1	 2	 0	 1	 0	 2	 1	 0	 2	 2	 1	482.35	  0.06
57	51	17	v	 1	 2	 0	 0	 1	 2	 1	 0	 1	 1	 1	583.24	  0.06
58	51	17	v	 1	 2	 0	 0	 1	 0	 1	 0	 1	 1	 1	505.21	  0.06
59	51	17	v	 1	 2	 0	 1	 1	 1	 1	 1	 2	 2	 1	466.84	  0.06
60	51	17	v	 1	 2	 0	 0	 0	 1	 1	 1	 1	 1	 1	630.89	  0.06
61	51	17	v	 1	 2	 0	 0	 1	 1	 1	 0	 1	 1	 1	561.62	  0.06
62	51	17	v	 1	 2	 0	 1	 1	 2	 1	 1	 2	 2	 1	501.02	  0.20
63	51	17	v	 1	 2	 0	 0	 1	 1	 1	 0	 1	 1	 1	413.21	  0.23
64	51	17	v	 1	 2	 0	 0	 0	 1	 1	 1	 1	 1	 1	519.98	  0.06
65	51	17	v	 1	 2	 0	 0	 1	 0	 1	 0	 1	 1	 1	486.82	  0.06
66	51	17	v	 1	 2	 0	 1	 0	 0	 1	 0	 2	 2	 1	445.59	  0.06
67	51	17	v	 1	 2	 0	 0	 1	 2	 1	 0	 1	 1	 1	499.61	  0.06
68	51	17	v	 1	 2	 0	 0	 0	 2	 1	 1	 1	 1	 1	610.86	  0.08
69	51	17	v	 1	 2	 0	 0	 1	 1	 1	 0	 1	 1	 1	443.44	  0.06
70	51	17	v	 1	 2	 0	 1	 0	 2	 1	 0	 2	 2	 1	435.44	  0.06
71	51	17	v	 1	 2	 0	 1	 1	 1	 1	 1	 2	 2	 1	518.84	  0.06
72	51	17	v	 1	 2	 0	 0	 1	 1	 1	 0	 1	 1	 1	574.61	  0.06
73	51	17	v	 1	 2	 0	 0	 0	 0	 1	 1	 1	 1	 1	542.41	  0.06
74	51	17	v	 1	 2	 0	 0	 0	 0	 1	 1	 1	 1	 1	475.09	  0.07
75	51	17	v	 1	 2	 0	 1	 1	 1	 1	 1	 2	 2	 1	465.57	  0.06
76	51	17	v	 1	 2	 0	 0	 0	 0	 1	 1	 1	 1	 1	474.56	  0.06
77	51	17	v	 1	 2	 0	 1	 0	 0	 1	 0	 2	 2	 1	421.77	  0.06
78	51	17	v	 1	 2	 0	 0	 1	 2	 1	 0	 1	 1	 1	686.49	  0.06
79	51	17	v	 1	 2	 0	 0	 0	 0	 1	 1	 1	 1	 1	495.06	  0.07
80	51	17	v	 1	 2	 0	 1	 1	 0	 1	 1	 2	 2	 1	518.79	  0.07
81	51	17	v	 1	 2	 0	 0	 1	 1	 1	 0	 1	 1	 1	549.13	  0.06
82	51	17	v	 1	 2	 0	 1	 0	 1	 1	 0	 2	 2	 1	410.21	  0.06
83	51	17	v	 1	 2	 0	 1	 1	 2	 1	 1	 2	 2	 1	587.41	  0.06
84	51	17	v	 1	 2	 0	 0	 1	 0	 1	 0	 1	 1	 1	411.67	  0.06
85	51	17	v	 1	 2	 0	 0	 1	 0	 1	 0	 1	 1	 1	517.33	  0.09
86	51	17	v	 1	 2	 0	 1	 1	 0	 1	 1	 2	 2	 1	393.55	  0.06
87	51	17	v	 1	 2	 0	 1	 1	 1	 1	 1	 2	 2	 1	522.28	  0.06
88	51	17	v	 1	 2	 0	 1	 0	 2	 1	 0	 2	 2	 1	540.46	  0.14
89	51	17	v	 1	 2	 0	 0	 1	 2	 1	 0	 1	 1	 1	500.16	  0.06
90	51	17	v	 1	 2	 0	 1	 1	 2	 1	 1	 2	 2	 1	398.89	  0.10
91	51	17	v	 1	 2	 0	 1	 0	 0	 1	 0	 2	 2	 1	527.45	  0.06
92	51	17	v	 1	 2	 0	 0	 0	 0	 1	 1	 1	 1	 1	579.07	  0.06
93	51	17	v	 1	 2	 0	 1	 0	 2	 1	 0	 2	 2	 1	681.43	  0.06
94	51	17	v	 1	 2	 0	 1	 0	 2	 1	 0	 2	 2	 1	456.82	  0.06
95	51	17	v	 1	 2	 0	 1	 0	 1	 1	 0	 2	 2	 1	459.34	  0.06
96	51	17	v	 1	 2	 1	 0	 1	 2	 2	 0	 1	 1	 1	511.51	  0.06
97	51	17	v	 1	 2	 1	 1	 1	 0	 2	 1	 2	 2	 1	405.38	  0.06
98	51	17	v	 1	 2	 1	 1	 0	 2	 2	 0	 2	 2	 1	629.72	  0.06
99	51	17	v	 1	 2	 1	 0	 1	 0	 2	 0	 1	 1	 1	418.75	  0.06
100	51	17	v	 1	 2	 1	 1	 1	 1	 2	 1	 2	 2	 1	524.67	  0.06
101	51	17	v	 1	 2	 1	 1	 0	 0	 2	 0	 2	 2	 1	476.44	  0.06
102	51	17	v	 1	 2	 1	 1	 0	 2	 2	 0	 2	 2	 1	547.62	  0.07
103	51	17	v	 1	 2	 1	 1	 1	 2	 2	 1	 2	 2	 1	484.41	  0.06
104	51	17	v	 1	 2	 1	 0	 0	 0	 2	 1	 1	 1	 1	364.04	  0.06
105	51	17	v	 1	 2	 1	 1	 1	 2	 2	 1	 2	 2	 1	417.17	  0.06
106	51	17	v	 1	 2	 1	 0	 0	 2	 2	 1	 1	 1	 1	423.17	  0.07
107	51	17	v	 1	 2	 1	 0	 1	 2	 2	 0	 1	 1	 1	415.16	  0.06
108	51	17	v	 1	 2	 1	 1	 0	 0	 2	 0	 2	 2	 1	404.72	  0.24
109	51	17	v	 1	 2	 1	 0	 0	 0	 2	 1	 1	 1	 1	411.77	  0.06
110	51	17	v	 1	 2	 1	 0	 1	 2	 2	 0	 1	 1	 1	494.12	  0.06
111	51	17	v	 1	 2	 1	 0	 0	 1	 2	 1	 1	 1	 1	434.36	  0.09
112	51	17	v	 1	 2	 1	 1	 1	 1	 2	 1	 2	 2	 1	439.61	  0.09
113	51	17	v	 1	 2	 1	 1	 0	 1	 2	 0	 2	 2	 1	444.01	  0.21
114	51	17	v	 1	 2	 1	 0	 1	 0	 2	 0	 1	 1	 1	368.25	  0.06
115	51	17	v	 1	 2	 1	 1	 0	 1	 2	 0	 2	 2	 1	440.38	  0.06
116	51	17	v	 1	 2	 1	 0	 1	 1	 2	 0	 1	 1	 1	649.40	  0.06
117	51	17	v	 1	 2	 1	 0	 0	 0	 2	 1	 1	 1	 1	486.73	  0.10
118	51	17	v	 1	 2	 1	 0	 0	 0	 2	 1	 1	 1	 1	474.51	  0.09
119	51	17	v	 1	 2	 1	 0	 0	 0	 2	 1	 1	 1	 1	525.62	  0.06
120	51	17	v	 1	 2	 1	 1	 0	 2	 2	 0	 2	 2	 1	467.49	  0.06
121	51	17	v	 1	 2	 1	 1	 0	 1	 2	 0	 2	 2	 1	419.24	  0.06
122	51	17	v	 1	 2	 1	 1	 1	 0	 2	 1	 2	 2	 1	450.29	  0.06
123	51	17	v	 1	 2	 1	 0	 0	 2	 2	 1	 1	 1	 1	478.24	  0.07
124	51	17	v	 1	 2	 1	 1	 1	 0	 2	 1	 2	 2	 1	470.59	  0.06
125	51	17	v	 1	 2	 1	 0	 0	 1	 2	 1	 1	 1	 1	447.82	  0.06
126	51	17	v	 1	 2	 1	 1	 1	 1	 2	 1	 2	 2	 1	443.85	  0.06
127	51	17	v	 1	 2	 1	 0	 1	 2	 2	 0	 1	 1	 1	547.80	  0.06
128	51	17	v	 1	 2	 1	 0	 0	 0	 2	 1	 1	 1	 1	566.70	  0.07
129	51	17	v	 1	 2	 1	 0	 0	 1	 2	 1	 1	 1	 1	490.13	  0.06
130	51	17	v	 1	 2	 1	 1	 1	 2	 2	 1	 2	 2	 1	442.32	  0.06
131	51	17	v	 1	 2	 1	 1	 0	 1	 2	 0	 2	 2	 1	643.06	  0.06
132	51	17	v	 1	 2	 1	 0	 0	 2	 2	 1	 1	 1	 1	377.01	  0.09
133	51	17	v	 1	 2	 1	 1	 0	 0	 2	 0	 2	 2	 1	488.46	  0.06
134	51	17	v	 1	 2	 1	 0	 0	 1	 2	 1	 1	 1	 1	435.17	  0.22
135	51	17	v	 1	 2	 1	 1	 0	 1	 2	 0	 2	 2	 1	572.83	  0.06
136	51	17	v	 1	 2	 1	 0	 0	 1	 2	 1	 1	 1	 1	378.55	  0.06
137	51	17	v	 1	 2	 1	 1	 0	 2	 2	 0	 2	 2	 1	483.34	  0.24
138	51	17	v	 1	 2	 1	 0	 1	 1	 2	 0	 1	 1	 1	404.64	  0.06
139	51	17	v	 1	 2	 1	 1	 0	 2	 2	 0	 2	 2	 1	441.16	  0.06
140	51	17	v	 1	 2	 1	 1	 0	 0	 2	 0	 2	 1	 0	403.19	  0.07
141	51	17	v	 1	 2	 1	 1	 1	 0	 2	 1	 2	 2	 1	673.47	  0.06
142	51	17	v	 1	 2	 1	 0	 1	 0	 2	 0	 1	 1	 1	513.47	  0.06
143	51	17	v	 1	 2	 1	 1	 1	 1	 2	 1	 2	 2	 1	453.25	  0.06
144	51	17	v	 1	 2	 1	 0	 1	 2	 2	 0	 1	 1	 1	569.23	  0.06
145	51	17	v	 1	 2	 1	 0	 0	 2	 2	 1	 1	 1	 1	484.13	  0.07
146	51	17	v	 1	 2	 1	 0	 1	 1	 2	 0	 1	 1	 1	543.32	  0.10
147	51	17	v	 1	 2	 1	 0	 1	 0	 2	 0	 1	 1	 1	547.74	  0.06
148	51	17	v	 1	 2	 1	 1	 0	 1	 2	 0	 2	 2	 1	425.64	  0.06
149	51	17	v	 1	 2	 1	 0	 0	 1	 2	 1	 1	 1	 1	515.00	  0.06
150	51	17	v	 1	 2	 1	 0	 0	 0	 2	 1	 1	 1	 1	518.14	  0.06
151	51	17	v	 1	 2	 1	 0	 0	 1	 2	 1	 1	 1	 1	440.16	  0.06
152	51	17	v	 1	 2	 1	 0	 1	 1	 2	 0	 1	 1	 1	486.15	  0.06
153	51	17	v	 1	 2	 1	 1	 0	 0	 2	 0	 2	 2	 1	628.73	  0.06
154	51	17	v	 1	 2	 1	 0	 0	 2	 2	 1	 1	 1	 1	516.66	  0.06
155	51	17	v	 1	 2	 1	 1	 1	 2	 2	 1	 2	 2	 1	623.95	  0.07
156	51	17	v	 1	 2	 1	 0	 1	 1	 2	 0	 1	 1	 1	564.40	  0.06
157	51	17	v	 1	 2	 1	 1	 1	 1	 2	 1	 2	 2	 1	483.42	  0.06
158	51	17	v	 1	 2	 1	 1	 1	 0	 2	 1	 2	 2	 1	462.97	  0.06
159	51	17	v	 1	 2	 1	 1	 0	 1	 2	 0	 2	 2	 1	497.90	  0.06
160	51	17	v	 1	 2	 1	 1	 0	 0	 2	 0	 2	 2	 1	467.34	  0.06
161	51	17	v	 1	 2	 1	 0	 1	 2	 2	 0	 1	 1	 1	494.27	  0.09
162	51	17	v	 1	 2	 1	 0	 1	 1	 2	 0	 1	 1	 1	590.64	  0.06
163	51	17	v	 1	 2	 1	 0	 1	 0	 2	 0	 1	 1	 1	515.24	  0.06
164	51	17	v	 1	 2	 1	 0	 1	 0	 2	 0	 1	 1	 1	518.16	  0.06
165	51	17	v	 1	 2	 1	 1	 1	 1	 2	 1	 2	 2	 1	482.40	  0.08
166	51	17	v	 1	 2	 1	 1	 0	 2	 2	 0	 2	 2	 1	440.32	  0.06
167	51	17	v	 1	 2	 1	 1	 0	 1	 2	 0	 2	 2	 1	482.38	  0.06
168	51	17	v	 1	 2	 1	 0	 1	 2	 2	 0	 1	 1	 1	458.60	  0.06
169	51	17	v	 1	 2	 1	 1	 0	 2	 2	 0	 2	 2	 1	373.58	  0.06
170	51	17	v	 1	 2	 1	 0	 1	 0	 2	 0	 1	 1	 1	633.32	  0.10
171	51	17	v	 1	 2	 1	 1	 1	 1	 2	 1	 2	 2	 1	375.24	  0.07
172	51	17	v	 1	 2	 1	 1	 0	 0	 2	 0	 2	 2	 1	726.51	  0.06
173	51	17	v	 1	 2	 1	 0	 0	 2	 2	 1	 1	 1	 1	486.30	  0.07
174	51	17	v	 1	 2	 1	 0	 0	 1	 2	 1	 1	 1	 1	503.43	  0.06
175	51	17	v	 1	 2	 1	 0	 0	 2	 2	 1	 1	 1	 1	502.66	  0.06
176	51	17	v	 1	 2	 1	 0	 1	 2	 2	 0	 1	 1	 1	494.19	  0.06
177	51	17	v	 1	 2	 1	 1	 1	 0	 2	 1	 2	 2	 1	564.11	  0.06
178	51	17	v	 1	 2	 1	 1	 1	 0	 2	 1	 2	 2	 1	504.51	  0.06
179	51	17	v	 1	 2	 1	 1	 1	 2	 2	 1	 2	 2	 1	501.21	  0.06
180	51	17	v	 1	 2	 1	 1	 1	 0	 2	 1	 2	 2	 1	509.79	  0.06
181	51	17	v	 1	 2	 1	 0	 1	 0	 2	 0	 1	 1	 1	511.89	  0.06
182	51	17	v	 1	 2	 1	 1	 1	 1	 2	 1	 2	 2	 1	558.65	  0.06
183	51	17	v	 1	 2	 1	 1	 0	 0	 2	 0	 2	 2	 1	523.58	  0.06
184	51	17	v	 1	 2	 1	 1	 1	 2	 2	 1	 2	 2	 1	541.40	  0.06
185	51	17	v	 1	 2	 1	 1	 1	 2	 2	 1	 2	 2	 1	540.51	  0.06
186	51	17	v	 1	 2	 1	 0	 0	 2	 2	 1	 1	 1	 1	369.65	  0.08
187	51	17	v	 1	 2	 1	 0	 0	 0	 2	 1	 1	 1	 1	607.80	  0.06
188	51	17	v	 1	 2	 1	 0	 1	 1	 2	 0	 1	 1	 1	448.38	  0.06
189	51	17	v	 1	 2	 1	 0	 1	 1	 2	 0	 1	 1	 1	515.06	  0.06
190	51	17	v	 1	 2	 1	 1	 1	 2	 2	 1	 2	 2	 1	372.17	  0.06
191	51	17	v	 1	 2	 1	 1	 0	 2	 2	 0	 2	 2	 1	552.34	  0.06
192	51	17	v	 1	 2	 2	 1	 1	 0	 1	 1	 2	 2	 1	467.57	  0.06
193	51	17	v	 1	 2	 2	 0	 0	 1	 1	 1	 1	 1	 1	594.15	  0.10
194	51	17	v	 1	 2	 2	 1	 1	 0	 1	 1	 2	 2	 1	1596.89	  0.06
195	51	17	v	 1	 2	 2	 1	 1	 0	 1	 1	 2	 2	 1	582.02	  0.06
196	51	17	v	 1	 2	 2	 0	 0	 1	 1	 1	 1	 1	 1	599.77	  0.07
197	51	17	v	 1	 2	 2	 0	 1	 2	 1	 0	 1	 1	 1	619.60	  0.06
198	51	17	v	 1	 2	 2	 1	 0	 2	 1	 0	 2	 2	 1	555.46	  0.06
199	51	17	v	 1	 2	 2	 0	 1	 1	 1	 0	 1	 1	 1	433.73	  0.06
200	51	17	v	 1	 2	 2	 0	 1	 0	 1	 0	 1	 1	 1	426.74	  0.06
201	51	17	v	 1	 2	 2	 1	 0	 1	 1	 0	 2	 2	 1	377.06	  0.06
202	51	17	v	 1	 2	 2	 1	 0	 0	 1	 0	 2	 2	 1	562.34	  0.06
203	51	17	v	 1	 2	 2	 0	 0	 0	 1	 1	 1	 1	 1	464.16	  0.06
204	51	17	v	 1	 2	 2	 1	 0	 2	 1	 0	 2	 2	 1	441.27	  0.06
205	51	17	v	 1	 2	 2	 0	 0	 2	 1	 1	 1	 1	 1	387.13	  0.06
206	51	17	v	 1	 2	 2	 1	 0	 1	 1	 0	 2	 2	 1	457.64	  0.21
207	51	17	v	 1	 2	 2	 1	 1	 0	 1	 1	 2	 2	 1	460.26	  0.06
208	51	17	v	 1	 2	 2	 0	 1	 2	 1	 0	 1	 1	 1	450.97	  0.06
209	51	17	v	 1	 2	 2	 0	 0	 0	 1	 1	 1	 1	 1	533.17	  0.06
210	51	17	v	 1	 2	 2	 1	 0	 0	 1	 0	 2	 2	 1	421.21	  0.06
211	51	17	v	 1	 2	 2	 0	 0	 0	 1	 1	 1	 1	 1	448.61	  0.06
212	51	17	v	 1	 2	 2	 1	 1	 1	 1	 1	 2	 2	 1	414.94	  0.08
213	51	17	v	 1	 2	 2	 0	 1	 1	 1	 0	 1	 1	 1	362.50	  0.06
214	51	17	v	 1	 2	 2	 1	 0	 1	 1	 0	 2	 2	 1	301.18	  0.06
215	51	17	v	 1	 2	 2	 1	 1	 2	 1	 1	 2	 1	 0	412.84	  0.06
216	51	17	v	 1	 2	 2	 1	 1	 0	 1	 1	 2	 2	 1	673.73	  0.08
217	51	17	v	 1	 2	 2	 0	 1	 1	 1	 0	 1	 1	 1	508.22	  0.08
218	51	17	v	 1	 2	 2	 0	 0	 0	 1	 1	 1	 1	 1	419.70	  0.06
219	51	17	v	 1	 2	 2	 1	 1	 2	 1	 1	 2	 2	 1	471.36	  0.06
220	51	17	v	 1	 2	 2	 1	 1	 1	 1	 1	 2	 1	 0	394.07	  0.06
221	51	17	v	 1	 2	 2	 0	 0	 1	 1	 1	 1	 1	 1	417.29	  0.06
222	51	17	v	 1	 2	 2	 0	 0	 1	 1	 1	 1	 1	 1	486.67	  0.06
223	51	17	v	 1	 2	 2	 1	 1	 0	 1	 1	 2	 2	 1	479.34	  0.06
224	51	17	v	 1	 2	 2	 1	 1	 0	 1	 1	 2	 2	 1	517.90	  0.06
225	51	17	v	 1	 2	 2	 1	 0	 0	 1	 0	 2	 2	 1	468.69	  0.06
226	51	17	v	 1	 2	 2	 1	 0	 2	 1	 0	 2	 2	 1	500.64	  0.06
227	51	17	v	 1	 2	 2	 0	 1	 2	 1	 0	 1	 1	 1	528.81	  0.06
228	51	17	v	 1	 2	 2	 0	 1	 1	 1	 0	 1	 1	 1	676.50	  0.06
229	51	17	v	 1	 2	 2	 1	 0	 0	 1	 0	 2	 2	 1	382.83	  0.06
230	51	17	v	 1	 2	 2	 0	 1	 1	 1	 0	 1	 1	 1	411.60	  0.06
231	51	17	v	 1	 2	 2	 0	 0	 1	 1	 1	 1	 1	 1	450.72	  0.06
232	51	17	v	 1	 2	 2	 0	 0	 0	 1	 1	 1	 1	 1	482.92	  0.06
233	51	17	v	 1	 2	 2	 0	 0	 2	 1	 1	 1	 1	 1	454.14	  0.06
234	51	17	v	 1	 2	 2	 1	 1	 1	 1	 1	 2	 2	 1	518.72	  0.06
235	51	17	v	 1	 2	 2	 1	 0	 0	 1	 0	 2	 2	 1	505.61	  0.06
236	51	17	v	 1	 2	 2	 0	 1	 2	 1	 0	 1	 1	 1	609.11	  0.09
237	51	17	v	 1	 2	 2	 1	 0	 1	 1	 0	 2	 2	 1	550.33	  0.06
238	51	17	v	 1	 2	 2	 0	 0	 2	 1	 1	 1	 1	 1	485.89	  0.06
239	51	17	v	 1	 2	 2	 1	 1	 1	 1	 1	 2	 2	 1	457.67	  0.07
240	51	17	v	 1	 2	 2	 0	 1	 0	 1	 0	 1	 1	 1	460.09	  0.10
241	51	17	v	 1	 2	 2	 1	 1	 1	 1	 1	 2	 2	 1	412.82	  0.06
242	51	17	v	 1	 2	 2	 1	 0	 0	 1	 0	 2	 2	 1	624.78	  0.06
243	51	17	v	 1	 2	 2	 0	 0	 1	 1	 1	 1	 1	 1	438.24	  0.06
244	51	17	v	 1	 2	 2	 1	 1	 1	 1	 1	 2	 2	 1	677.06	  0.06
245	51	17	v	 1	 2	 2	 1	 1	 0	 1	 1	 2	 2	 1	491.35	  0.06
246	51	17	v	 1	 2	 2	 1	 1	 2	 1	 1	 2	 2	 1	456.92	  0.06
247	51	17	v	 1	 2	 2	 0	 0	 0	 1	 1	 1	 1	 1	463.78	  0.19
248	51	17	v	 1	 2	 2	 0	 1	 1	 1	 0	 1	 1	 1	741.50	  0.06
249	51	17	v	 1	 2	 2	 0	 0	 1	 1	 1	 1	 1	 1	441.74	  0.06
250	51	17	v	 1	 2	 2	 1	 1	 2	 1	 1	 2	 2	 1	412.22	  0.06
251	51	17	v	 1	 2	 2	 0	 1	 0	 1	 0	 1	 1	 1	368.20	  0.06
252	51	17	v	 1	 2	 2	 0	 0	 2	 1	 1	 1	 2	 0	377.84	  0.06
253	51	17	v	 1	 2	 2	 1	 0	 0	 1	 0	 2	 2	 1	582.26	  0.09
254	51	17	v	 1	 2	 2	 1	 1	 2	 1	 1	 2	 2	 1	555.04	  0.06
255	51	17	v	 1	 2	 2	 1	 1	 1	 1	 1	 2	 2	 1	1092.67	  0.06
256	51	17	v	 1	 2	 2	 0	 1	 0	 1	 0	 1	 1	 1	443.13	  0.06
257	51	17	v	 1	 2	 2	 1	 0	 1	 1	 0	 2	 2	 1	673.41	  0.06
258	51	17	v	 1	 2	 2	 0	 1	 2	 1	 0	 1	 1	 1	516.31	  0.06
259	51	17	v	 1	 2	 2	 0	 0	 2	 1	 1	 1	 1	 1	673.79	  0.06
260	51	17	v	 1	 2	 2	 0	 1	 2	 1	 0	 1	 1	 1	655.33	  0.06
261	51	17	v	 1	 2	 2	 1	 1	 2	 1	 1	 2	 2	 1	474.96	  0.06
262	51	17	v	 1	 2	 2	 0	 1	 0	 1	 0	 1	 1	 1	493.64	  0.06
263	51	17	v	 1	 2	 2	 0	 1	 0	 1	 0	 1	 1	 1	526.96	  0.09
264	51	17	v	 1	 2	 2	 0	 0	 2	 1	 1	 1	 1	 1	473.53	  0.08
265	51	17	v	 1	 2	 2	 0	 0	 0	 1	 1	 1	 1	 1	517.72	  0.06
266	51	17	v	 1	 2	 2	 1	 0	 0	 1	 0	 2	 2	 1	635.98	  0.20
267	51	17	v	 1	 2	 2	 0	 1	 1	 1	 0	 1	 1	 1	419.44	  0.06
268	51	17	v	 1	 2	 2	 0	 1	 1	 1	 0	 1	 1	 1	747.45	  0.06
269	51	17	v	 1	 2	 2	 1	 1	 2	 1	 1	 2	 2	 1	607.23	  0.06
270	51	17	v	 1	 2	 2	 0	 0	 0	 1	 1	 1	 1	 1	438.45	  0.06
271	51	17	v	 1	 2	 2	 1	 1	 2	 1	 1	 2	 2	 1	413.90	  0.23
272	51	17	v	 1	 2	 2	 0	 0	 2	 1	 1	 1	 1	 1	395.45	  0.06
273	51	17	v	 1	 2	 2	 0	 0	 2	 1	 1	 1	 1	 1	435.91	  0.06
274	51	17	v	 1	 2	 2	 1	 0	 2	 1	 0	 2	 2	 1	490.05	  0.06
275	51	17	v	 1	 2	 2	 1	 0	 2	 1	 0	 2	 2	 1	622.37	  0.06
276	51	17	v	 1	 2	 2	 1	 0	 2	 1	 0	 2	 2	 1	491.81	  0.06
277	51	17	v	 1	 2	 2	 1	 1	 1	 1	 1	 2	 2	 1	503.45	  0.06
278	51	17	v	 1	 2	 2	 0	 1	 2	 1	 0	 1	 1	 1	539.67	  0.06
279	51	17	v	 1	 2	 2	 0	 1	 0	 1	 0	 1	 1	 1	535.82	  0.06
280	51	17	v	 1	 2	 2	 1	 0	 1	 1	 0	 2	 2	 1	607.82	  0.12
281	51	17	v	 1	 2	 2	 1	 0	 1	 1	 0	 2	 2	 1	573.86	  0.06
282	51	17	v	 1	 2	 2	 0	 1	 2	 1	 0	 1	 1	 1	537.39	  0.06
283	51	17	v	 1	 2	 2	 0	 1	 0	 1	 0	 1	 1	 1	480.06	  0.06
284	51	17	v	 1	 2	 2	 1	 0	 2	 1	 0	 2	 2	 1	495.48	  0.06
285	51	17	v	 1	 2	 2	 1	 0	 1	 1	 0	 2	 2	 1	532.77	  0.06
286	51	17	v	 1	 2	 2	 0	 0	 1	 1	 1	 1	 1	 1	467.01	  0.06
287	51	17	v	 1	 2	 2	 1	 0	 2	 1	 0	 2	 2	 1	514.02	  0.06
288	51	17	v	 1	 2	 3	 0	 1	 1	 2	 0	 1	 1	 1	480.06	  0.06
289	51	17	v	 1	 2	 3	 0	 0	 0	 2	 1	 1	 1	 1	451.14	  0.06
290	51	17	v	 1	 2	 3	 1	 1	 2	 2	 1	 2	 2	 1	511.89	  0.06
291	51	17	v	 1	 2	 3	 1	 0	 1	 2	 0	 2	 2	 1	557.00	  0.09
292	51	17	v	 1	 2	 3	 1	 0	 2	 2	 0	 2	 2	 1	464.13	  0.22
293	51	17	v	 1	 2	 3	 1	 1	 2	 2	 1	 2	 2	 1	491.06	  0.07
294	51	17	v	 1	 2	 3	 0	 0	 0	 2	 1	 1	 1	 1	386.50	  0.06
295	51	17	v	 1	 2	 3	 1	 0	 2	 2	 0	 2	 2	 1	565.24	  0.06
296	51	17	v	 1	 2	 3	 0	 0	 2	 2	 1	 1	 1	 1	442.68	  0.06
297	51	17	v	 1	 2	 3	 0	 0	 0	 2	 1	 1	 1	 1	468.06	  0.06
298	51	17	v	 1	 2	 3	 1	 1	 0	 2	 1	 2	 2	 1	411.59	  0.20
299	51	17	v	 1	 2	 3	 1	 0	 1	 2	 0	 2	 2	 1	454.74	  0.06
300	51	17	v	 1	 2	 3	 1	 1	 0	 2	 1	 2	 2	 1	495.23	  0.06
301	51	17	v	 1	 2	 3	 0	 1	 1	 2	 0	 1	 1	 1	516.32	  0.06
302	51	17	v	 1	 2	 3	 0	 0	 0	 2	 1	 1	 1	 1	464.41	  0.07
303	51	17	v	 1	 2	 3	 1	 1	 1	 2	 1	 2	 2	 1	458.34	  0.06
304	51	17	v	 1	 2	 3	 1	 1	 0	 2	 1	 2	 2	 1	469.30	  0.08
305	51	17	v	 1	 2	 3	 0	 1	 1	 2	 0	 1	 1	 1	429.67	  0.06
306	51	17	v	 1	 2	 3	 1	 0	 2	 2	 0	 2	 2	 1	388.20	  0.06
307	51	17	v	 1	 2	 3	 0	 0	 1	 2	 1	 1	 1	 1	359.11	  0.06
308	51	17	v	 1	 2	 3	 1	 0	 1	 2	 0	 2	 2	 1	494.76	  0.06
309	51	17	v	 1	 2	 3	 0	 1	 2	 2	 0	 1	 1	 1	360.88	  0.08
310	51	17	v	 1	 2	 3	 0	 1	 1	 2	 0	 1	 1	 1	1056.17	  0.06
311	51	17	v	 1	 2	 3	 1	 0	 1	 2	 0	 2	 2	 1	493.36	  0.06
312	51	17	v	 1	 2	 3	 1	 1	 2	 2	 1	 2	 2	 1	552.00	  0.06
313	51	17	v	 1	 2	 3	 0	 0	 1	 2	 1	 1	 1	 1	401.17	  0.06
314	51	17	v	 1	 2	 3	 1	 1	 0	 2	 1	 2	 2	 1	420.62	  0.07
315	51	17	v	 1	 2	 3	 0	 0	 0	 2	 1	 1	 1	 1	459.98	  0.06
316	51	17	v	 1	 2	 3	 0	 0	 0	 2	 1	 1	 1	 1	476.00	  0.06
317	51	17	v	 1	 2	 3	 1	 0	 1	 2	 0	 2	 2	 1	576.71	  0.06
318	51	17	v	 1	 2	 3	 1	 0	 0	 2	 0	 2	 2	 1	507.72	  0.06
319	51	17	v	 1	 2	 3	 1	 1	 0	 2	 1	 2	 2	 1	497.71	  0.06
320	51	17	v	 1	 2	 3	 1	 1	 0	 2	 1	 2	 2	 1	434.24	  0.06
321	51	17	v	 1	 2	 3	 0	 0	 1	 2	 1	 1	 1	 1	373.19	  0.06
322	51	17	v	 1	 2	 3	 0	 0	 2	 2	 1	 1	 1	 1	532.81	  0.06
323	51	17	v	 1	 2	 3	 0	 0	 1	 2	 1	 1	 1	 1	503.84	  0.06
324	51	17	v	 1	 2	 3	 1	 1	 0	 2	 1	 2	 2	 1	289.37	  0.06
325	51	17	v	 1	 2	 3	 0	 1	 1	 2	 0	 1	 1	 1	406.01	  0.06
326	51	17	v	 1	 2	 3	 0	 0	 2	 2	 1	 1	 1	 1	454.46	  0.06
327	51	17	v	 1	 2	 3	 1	 1	 1	 2	 1	 2	 2	 1	399.35	  0.06
328	51	17	v	 1	 2	 3	 0	 1	 2	 2	 0	 1	 1	 1	431.32	  0.08
329	51	17	v	 1	 2	 3	 0	 1	 2	 2	 0	 1	 1	 1	725.43	  0.08
330	51	17	v	 1	 2	 3	 0	 0	 2	 2	 1	 1	 1	 1	425.31	  0.06
331	51	17	v	 1	 2	 3	 1	 0	 0	 2	 0	 2	 2	 1	549.61	  0.06
332	51	17	v	 1	 2	 3	 1	 0	 2	 2	 0	 2	 2	 1	549.90	  0.07
333	51	17	v	 1	 2	 3	 0	 1	 0	 2	 0	 1	 1	 1	469.41	  0.06
334	51	17	v	 1	 2	 3	 0	 1	 2	 2	 0	 1	 1	 1	605.27	  0.06
335	51	17	v	 1	 2	 3	 0	 0	 2	 2	 1	 1	 1	 1	495.80	  0.06
336	51	17	v	 1	 2	 3	 1	 0	 1	 2	 0	 2	 2	 1	456.42	  0.06
337	51	17	v	 1	 2	 3	 0	 1	 2	 2	 0	 1	 1	 1	430.59	  0.06
338	51	17	v	 1	 2	 3	 1	 0	 0	 2	 0	 2	 2	 1	354.80	  0.06
339	51	17	v	 1	 2	 3	 0	 1	 2	 2	 0	 1	 1	 1	319.03	  0.06
340	51	17	v	 1	 2	 3	 1	 1	 1	 2	 1	 2	 2	 1	344.62	  0.06
341	51	17	v	 1	 2	 3	 0	 1	 2	 2	 0	 1	 1	 1	444.00	  0.06
342	51	17	v	 1	 2	 3	 1	 0	 2	 2	 0	 2	 2	 1	431.45	  0.06
343	51	17	v	 1	 2	 3	 0	 1	 0	 2	 0	 1	 1	 1	387.11	  0.06
344	51	17	v	 1	 2	 3	 1	 1	 2	 2	 1	 2	 2	 1	344.65	  0.06
345	51	17	v	 1	 2	 3	 0	 1	 1	 2	 0	 1	 1	 1	385.87	  0.06
346	51	17	v	 1	 2	 3	 1	 1	 1	 2	 1	 2	 2	 1	352.70	  0.06
347	51	17	v	 1	 2	 3	 1	 1	 0	 2	 1	 2	 2	 1	547.89	  0.06
348	51	17	v	 1	 2	 3	 1	 0	 0	 2	 0	 2	 2	 1	492.82	  0.06
349	51	17	v	 1	 2	 3	 0	 1	 1	 2	 0	 1	 1	 1	450.66	  0.06
350	51	17	v	 1	 2	 3	 1	 0	 2	 2	 0	 2	 2	 1	474.42	  0.08
351	51	17	v	 1	 2	 3	 0	 1	 0	 2	 0	 1	 1	 1	393.12	  0.06
352	51	17	v	 1	 2	 3	 1	 1	 2	 2	 1	 2	 2	 1	422.00	  0.06
353	51	17	v	 1	 2	 3	 1	 1	 1	 2	 1	 2	 2	 1	493.90	  0.09
354	51	17	v	 1	 2	 3	 1	 1	 2	 2	 1	 2	 2	 1	514.87	  0.06
355	51	17	v	 1	 2	 3	 1	 0	 0	 2	 0	 2	 2	 1	441.69	  0.06
356	51	17	v	 1	 2	 3	 0	 1	 0	 2	 0	 1	 1	 1	450.63	  0.06
357	51	17	v	 1	 2	 3	 1	 1	 2	 2	 1	 2	 2	 1	490.99	  0.06
358	51	17	v	 1	 2	 3	 0	 0	 1	 2	 1	 1	 1	 1	375.99	  0.07
359	51	17	v	 1	 2	 3	 0	 1	 1	 2	 0	 1	 1	 1	453.42	  0.06
360	51	17	v	 1	 2	 3	 0	 1	 0	 2	 0	 1	 1	 1	464.30	  0.06
361	51	17	v	 1	 2	 3	 1	 1	 1	 2	 1	 2	 2	 1	428.57	  0.06
362	51	17	v	 1	 2	 3	 0	 1	 0	 2	 0	 1	 1	 1	562.46	  0.06
363	51	17	v	 1	 2	 3	 1	 0	 0	 2	 0	 2	 2	 1	531.85	  0.09
364	51	17	v	 1	 2	 3	 1	 0	 1	 2	 0	 2	 1	 0	344.58	  0.08
365	51	17	v	 1	 2	 3	 0	 0	 2	 2	 1	 1	 1	 1	485.74	  0.06
366	51	17	v	 1	 2	 3	 1	 0	 1	 2	 0	 2	 2	 1	516.38	  0.06
367	51	17	v	 1	 2	 3	 0	 0	 2	 2	 1	 1	 1	 1	464.54	  0.06
368	51	17	v	 1	 2	 3	 1	 0	 2	 2	 0	 2	 2	 1	520.46	  0.06
369	51	17	v	 1	 2	 3	 1	 0	 0	 2	 0	 2	 2	 1	465.97	  0.06
370	51	17	v	 1	 2	 3	 1	 0	 2	 2	 0	 2	 2	 1	456.26	  0.06
371	51	17	v	 1	 2	 3	 1	 1	 1	 2	 1	 2	 2	 1	425.37	  0.06
372	51	17	v	 1	 2	 3	 0	 0	 0	 2	 1	 1	 1	 1	526.33	  0.06
373	51	17	v	 1	 2	 3	 0	 0	 0	 2	 1	 1	 1	 1	526.61	  0.06
374	51	17	v	 1	 2	 3	 0	 0	 1	 2	 1	 1	 1	 1	486.87	  0.06
375	51	17	v	 1	 2	 3	 0	 1	 2	 2	 0	 1	 1	 1	659.34	  0.06
376	51	17	v	 1	 2	 3	 1	 1	 1	 2	 1	 2	 2	 1	570.38	  0.06
377	51	17	v	 1	 2	 3	 1	 0	 0	 2	 0	 2	 2	 1	568.15	  0.06
378	51	17	v	 1	 2	 3	 0	 0	 2	 2	 1	 1	 1	 1	470.05	  0.10
379	51	17	v	 1	 2	 3	 0	 0	 1	 2	 1	 1	 1	 1	472.09	  0.09
380	51	17	v	 1	 2	 3	 0	 1	 0	 2	 0	 1	 1	 1	497.62	  0.06
381	51	17	v	 1	 2	 3	 0	 0	 1	 2	 1	 1	 1	 1	467.37	  0.10
382	51	17	v	 1	 2	 3	 1	 1	 2	 2	 1	 2	 2	 1	640.76	  0.06
383	51	17	v	 1	 2	 3	 0	 1	 0	 2	 0	 1	 2	 0	554.02	  0.10
