00	43	18	m	 1	 2	 0	 1	 0	 1	 1	 0	 2	 2	 1	444.99	  0.11
01	43	18	m	 1	 2	 0	 1	 1	 1	 1	 1	 2	 2	 1	419.35	  0.06
02	43	18	m	 1	 2	 0	 1	 1	 2	 1	 1	 2	 2	 1	484.54	  0.06
03	43	18	m	 1	 2	 0	 0	 0	 0	 1	 1	 1	 1	 1	421.69	  0.06
04	43	18	m	 1	 2	 0	 1	 0	 1	 1	 0	 2	 2	 1	531.29	  0.06
05	43	18	m	 1	 2	 0	 1	 1	 0	 1	 1	 2	 1	 0	423.66	  0.06
06	43	18	m	 1	 2	 0	 1	 1	 0	 1	 1	 2	 2	 1	432.13	  0.06
07	43	18	m	 1	 2	 0	 0	 1	 2	 1	 0	 1	 1	 1	629.12	  0.06
08	43	18	m	 1	 2	 0	 0	 0	 1	 1	 1	 1	 1	 1	530.35	  0.06
09	43	18	m	 1	 2	 0	 1	 0	 2	 1	 0	 2	 2	 1	482.14	  0.06
10	43	18	m	 1	 2	 0	 1	 1	 0	 1	 1	 2	 2	 1	557.18	  0.06
11	43	18	m	 1	 2	 0	 0	 0	 2	 1	 1	 1	 1	 1	439.92	  0.06
12	43	18	m	 1	 2	 0	 1	 0	 2	 1	 0	 2	 2	 1	439.97	  0.19
13	43	18	m	 1	 2	 0	 0	 0	 2	 1	 1	 1	 1	 1	472.35	  0.06
14	43	18	m	 1	 2	 0	 0	 1	 1	 1	 0	 1	 1	 1	582.90	  0.06
15	43	18	m	 1	 2	 0	 1	 0	 0	 1	 0	 2	 2	 1	484.20	  0.06
16	43	18	m	 1	 2	 0	 1	 0	 2	 1	 0	 2	 2	 1	571.73	  0.12
17	43	18	m	 1	 2	 0	 1	 0	 1	 1	 0	 2	 2	 1	535.06	  0.06
18	43	18	m	 1	 2	 0	 0	 1	 1	 1	 0	 1	 1	 1	476.21	  0.06
19	43	18	m	 1	 2	 0	 1	 0	 0	 1	 0	 2	 2	 1	447.21	  0.06
20	43	18	m	 1	 2	 0	 1	 1	 0	 1	 1	 2	 2	 1	379.38	  0.08
21	43	18	m	 1	 2	 0	 1	 1	 2	 1	 1	 2	 2	 1	467.70	  0.07
22	43	18	m	 1	 2	 0	 0	 0	 1	 1	 1	 1	 1	 1	494.70	  0.06
23	43	18	m	 1	 2	 0	 1	 0	 2	 1	 0	 2	 2	 1	486.02	  0.06
24	43	18	m	 1	 2	 0	 0	 0	 1	 1	 1	 1	 1	 1	423.77	  0.06
25	43	18	m	 1	 2	 0	 1	 1	 0	 1	 1	 2	 2	 1	582.75	  0.06
26	43	18	m	 1	 2	 0	 0	 1	 1	 1	 0	 1	 1	 1	589.52	  0.06
27	43	18	m	 1	 2	 0	 0	 0	 0	 1	 1	 1	 1	 1	426.58	  0.06
28	43	18	m	 1	 2	 0	 1	 0	 0	 1	 0	 2	 1	 0	432.01	  0.06
29	43	18	m	 1	 2	 0	 0	 0	 2	 1	 1	 1	 1	 1	541.35	  0.06
30	43	18	m	 1	 2	 0	 0	 1	 2	 1	 0	 1	 1	 1	884.58	  0.06
31	43	18	m	 1	 2	 0	 0	 1	 0	 1	 0	 1	 1	 1	514.49	  0.06
32	43	18	m	 1	 2	 0	 0	 1	 0	 1	 0	 1	 1	 1	387.21	  0.06
33	43	18	m	 1	 2	 0	 1	 1	 1	 1	 1	 2	 2	 1	362.27	  0.08
34	43	18	m	 1	 2	 0	 1	 0	 0	 1	 0	 2	 2	 1	389.83	  0.06
35	43	18	m	 1	 2	 0	 1	 0	 1	 1	 0	 2	 2	 1	426.79	  0.06
36	43	18	m	 1	 2	 0	 0	 1	 0	 1	 0	 1	 1	 1	398.74	  0.06
37	43	18	m	 1	 2	 0	 1	 0	 2	 1	 0	 2	 1	 0	502.60	  0.06
38	43	18	m	 1	 2	 0	 0	 0	 2	 1	 1	 1	 1	 1	539.97	  0.06
39	43	18	m	 1	 2	 0	 0	 0	 2	 1	 1	 1	 1	 1	523.13	  0.06
40	43	18	m	 1	 2	 0	 0	 1	 2	 1	 0	 1	 2	 0	546.38	  0.06
41	43	18	m	 1	 2	 0	 1	 1	 2	 1	 1	 2	 2	 1	571.02	  0.07
42	43	18	m	 1	 2	 0	 0	 0	 1	 1	 1	 1	 1	 1	489.15	  0.06
43	43	18	m	 1	 2	 0	 0	 0	 2	 1	 1	 1	 1	 1	469.72	  0.08
44	43	18	m	 1	 2	 0	 1	 1	 2	 1	 1	 2	 2	 1	337.36	  0.06
45	43	18	m	 1	 2	 0	 0	 0	 0	 1	 1	 1	 1	 1	425.93	  0.06
46	43	18	m	 1	 2	 0	 1	 0	 1	 1	 0	 2	 1	 0	447.58	  0.06
47	43	18	m	 1	 2	 0	 0	 1	 2	 1	 0	 1	 2	 0	705.62	  0.06
48	43	18	m	 1	 2	 0	 1	 1	 1	 1	 1	 2	 2	 1	547.63	  0.06
49	43	18	m	 1	 2	 0	 0	 1	 0	 1	 0	 1	 1	 1	475.42	  0.06
50	43	18	m	 1	 2	 0	 1	 0	 1	 1	 0	 2	 2	 1	615.15	  0.06
51	43	18	m	 1	 2	 0	 1	 0	 0	 1	 0	 2	 1	 0	421.97	  0.06
52	43	18	m	 1	 2	 0	 1	 0	 2	 1	 0	 2	 2	 1	660.95	  0.08
53	43	18	m	 1	 2	 0	 0	 0	 0	 1	 1	 1	 1	 1	530.66	  0.06
54	43	18	m	 1	 2	 0	 0	 0	 0	 1	 1	 1	 1	 1	392.46	  0.06
55	43	18	m	 1	 2	 0	 1	 0	 0	 1	 0	 2	 2	 1	480.45	  0.06
56	43	18	m	 1	 2	 0	 0	 0	 0	 1	 1	 1	 1	 1	523.29	  0.22
57	43	18	m	 1	 2	 0	 0	 1	 1	 1	 0	 1	 1	 1	553.37	  0.06
58	43	18	m	 1	 2	 0	 0	 1	 0	 1	 0	 1	 1	 1	516.03	  0.06
59	43	18	m	 1	 2	 0	 1	 1	 2	 1	 1	 2	 2	 1	509.70	  0.06
60	43	18	m	 1	 2	 0	 0	 1	 1	 1	 0	 1	 1	 1	515.99	  0.06
61	43	18	m	 1	 2	 0	 1	 1	 2	 1	 1	 2	 2	 1	535.57	  0.08
62	43	18	m	 1	 2	 0	 0	 1	 2	 1	 0	 1	 1	 1	695.18	  0.06
63	43	18	m	 1	 2	 0	 0	 0	 2	 1	 1	 1	 1	 1	532.13	  0.07
64	43	18	m	 1	 2	 0	 0	 0	 2	 1	 1	 1	 1	 1	670.32	  0.06
65	43	18	m	 1	 2	 0	 1	 1	 0	 1	 1	 2	 2	 1	455.18	  0.20
66	43	18	m	 1	 2	 0	 0	 1	 1	 1	 0	 1	 1	 1	554.57	  0.06
67	43	18	m	 1	 2	 0	 0	 1	 0	 1	 0	 1	 1	 1	515.68	  0.08
68	43	18	m	 1	 2	 0	 1	 0	 1	 1	 0	 2	 2	 1	484.25	  0.06
69	43	18	m	 1	 2	 0	 0	 1	 2	 1	 0	 1	 1	 1	497.33	  0.06
70	43	18	m	 1	 2	 0	 1	 1	 1	 1	 1	 2	 2	 1	581.47	  0.07
71	43	18	m	 1	 2	 0	 1	 0	 2	 1	 0	 2	 2	 1	823.32	  0.06
72	43	18	m	 1	 2	 0	 0	 1	 1	 1	 0	 1	 1	 1	445.94	  0.06
73	43	18	m	 1	 2	 0	 1	 1	 0	 1	 1	 2	 2	 1	630.36	  0.06
74	43	18	m	 1	 2	 0	 1	 1	 1	 1	 1	 2	 2	 1	693.60	  0.06
75	43	18	m	 1	 2	 0	 1	 1	 2	 1	 1	 2	 2	 1	532.02	  0.06
76	43	18	m	 1	 2	 0	 0	 0	 0	 1	 1	 1	 1	 1	424.56	  0.06
77	43	18	m	 1	 2	 0	 1	 1	 1	 1	 1	 2	 2	 1	625.62	  0.08
78	43	18	m	 1	 2	 0	 1	 1	 0	 1	 1	 2	 2	 1	948.02	  0.06
79	43	18	m	 1	 2	 0	 1	 1	 1	 1	 1	 2	 2	 1	866.28	  0.06
80	43	18	m	 1	 2	 0	 1	 0	 1	 1	 0	 2	 2	 1	565.37	  0.06
81	43	18	m	 1	 2	 0	 0	 1	 0	 1	 0	 1	 1	 1	555.06	  0.08
82	43	18	m	 1	 2	 0	 0	 0	 1	 1	 1	 1	 1	 1	579.63	  0.06
83	43	18	m	 1	 2	 0	 1	 1	 1	 1	 1	 2	 2	 1	1120.58	  0.07
84	43	18	m	 1	 2	 0	 1	 0	 0	 1	 0	 2	 2	 1	627.09	  0.06
85	43	18	m	 1	 2	 0	 0	 1	 0	 1	 0	 1	 1	 1	498.47	  0.06
86	43	18	m	 1	 2	 0	 0	 0	 1	 1	 1	 1	 1	 1	544.08	  0.06
87	43	18	m	 1	 2	 0	 0	 1	 1	 1	 0	 1	 1	 1	602.25	  0.06
88	43	18	m	 1	 2	 0	 0	 0	 0	 1	 1	 1	 1	 1	526.51	  0.06
89	43	18	m	 1	 2	 0	 1	 0	 0	 1	 0	 2	 2	 1	616.04	  0.06
90	43	18	m	 1	 2	 0	 0	 1	 2	 1	 0	 1	 1	 1	622.56	  0.06
91	43	18	m	 1	 2	 0	 1	 1	 2	 1	 1	 2	 2	 1	774.77	  0.08
92	43	18	m	 1	 2	 0	 0	 1	 2	 1	 0	 1	 1	 1	669.42	  0.07
93	43	18	m	 1	 2	 0	 0	 0	 1	 1	 1	 1	 1	 1	462.93	  0.06
94	43	18	m	 1	 2	 0	 1	 0	 2	 1	 0	 2	 2	 1	564.62	  0.06
95	43	18	m	 1	 2	 0	 0	 0	 1	 1	 1	 1	 1	 1	630.53	  0.10
96	43	18	m	 1	 2	 1	 1	 0	 1	 2	 0	 2	 2	 1	533.57	  0.06
97	43	18	m	 1	 2	 1	 1	 0	 1	 2	 0	 2	 2	 1	597.47	  0.06
98	43	18	m	 1	 2	 1	 0	 0	 1	 2	 1	 1	 1	 1	497.59	  0.06
99	43	18	m	 1	 2	 1	 1	 0	 0	 2	 0	 2	 2	 1	805.79	  0.06
100	43	18	m	 1	 2	 1	 0	 1	 0	 2	 0	 1	 1	 1	693.31	  0.07
101	43	18	m	 1	 2	 1	 0	 1	 1	 2	 0	 1	 1	 1	665.32	  0.06
102	43	18	m	 1	 2	 1	 1	 0	 0	 2	 0	 2	 2	 1	660.47	  0.06
103	43	18	m	 1	 2	 1	 1	 1	 1	 2	 1	 2	 2	 1	618.02	  0.06
104	43	18	m	 1	 2	 1	 0	 0	 0	 2	 1	 1	 1	 1	666.26	  0.06
105	43	18	m	 1	 2	 1	 1	 1	 0	 2	 1	 2	 2	 1	530.90	  0.06
106	43	18	m	 1	 2	 1	 1	 0	 2	 2	 0	 2	 1	 0	431.33	  0.06
107	43	18	m	 1	 2	 1	 0	 0	 0	 2	 1	 1	 1	 1	849.87	  0.06
108	43	18	m	 1	 2	 1	 1	 1	 2	 2	 1	 2	 2	 1	528.86	  0.08
109	43	18	m	 1	 2	 1	 0	 1	 1	 2	 0	 1	 1	 1	493.04	  0.06
110	43	18	m	 1	 2	 1	 1	 0	 0	 2	 0	 2	 2	 1	530.31	  0.06
111	43	18	m	 1	 2	 1	 0	 0	 1	 2	 1	 1	 1	 1	515.85	  0.06
112	43	18	m	 1	 2	 1	 0	 1	 2	 2	 0	 1	 1	 1	568.04	  0.06
113	43	18	m	 1	 2	 1	 1	 1	 2	 2	 1	 2	 2	 1	445.39	  0.06
114	43	18	m	 1	 2	 1	 0	 1	 2	 2	 0	 1	 1	 1	632.65	  0.06
115	43	18	m	 1	 2	 1	 1	 0	 1	 2	 0	 2	 2	 1	700.19	  0.06
116	43	18	m	 1	 2	 1	 1	 0	 0	 2	 0	 2	 2	 1	558.46	  0.06
117	43	18	m	 1	 2	 1	 1	 1	 0	 2	 1	 2	 2	 1	577.60	  0.07
118	43	18	m	 1	 2	 1	 0	 0	 0	 2	 1	 1	 1	 1	553.05	  0.06
119	43	18	m	 1	 2	 1	 0	 0	 0	 2	 1	 1	 1	 1	530.31	  0.06
120	43	18	m	 1	 2	 1	 1	 1	 2	 2	 1	 2	 2	 1	601.03	  0.06
121	43	18	m	 1	 2	 1	 1	 1	 1	 2	 1	 2	 2	 1	517.04	  0.06
122	43	18	m	 1	 2	 1	 0	 1	 2	 2	 0	 1	 1	 1	485.25	  0.06
123	43	18	m	 1	 2	 1	 0	 0	 1	 2	 1	 1	 1	 1	444.04	  0.06
124	43	18	m	 1	 2	 1	 1	 0	 0	 2	 0	 2	 2	 1	911.44	  0.06
125	43	18	m	 1	 2	 1	 1	 0	 0	 2	 0	 2	 2	 1	469.75	  0.07
126	43	18	m	 1	 2	 1	 0	 0	 2	 2	 1	 1	 1	 1	596.17	  0.06
127	43	18	m	 1	 2	 1	 0	 0	 2	 2	 1	 1	 1	 1	580.18	  0.06
128	43	18	m	 1	 2	 1	 0	 1	 0	 2	 0	 1	 1	 1	648.86	  0.06
129	43	18	m	 1	 2	 1	 0	 0	 0	 2	 1	 1	 1	 1	485.37	  0.06
130	43	18	m	 1	 2	 1	 1	 1	 0	 2	 1	 2	 2	 1	499.53	  0.06
131	43	18	m	 1	 2	 1	 1	 1	 2	 2	 1	 2	 2	 1	477.50	  0.07
132	43	18	m	 1	 2	 1	 0	 1	 0	 2	 0	 1	 1	 1	524.34	  0.06
133	43	18	m	 1	 2	 1	 1	 1	 0	 2	 1	 2	 2	 1	559.87	  0.06
134	43	18	m	 1	 2	 1	 0	 0	 0	 2	 1	 1	 1	 1	653.11	  0.07
135	43	18	m	 1	 2	 1	 0	 0	 1	 2	 1	 1	 1	 1	584.98	  0.06
136	43	18	m	 1	 2	 1	 1	 0	 0	 2	 0	 2	 2	 1	626.92	  0.06
137	43	18	m	 1	 2	 1	 1	 1	 1	 2	 1	 2	 2	 1	653.51	  0.06
138	43	18	m	 1	 2	 1	 0	 1	 1	 2	 0	 1	 1	 1	744.72	  0.09
139	43	18	m	 1	 2	 1	 0	 1	 0	 2	 0	 1	 1	 1	512.21	  0.07
140	43	18	m	 1	 2	 1	 1	 1	 0	 2	 1	 2	 2	 1	494.02	  0.06
141	43	18	m	 1	 2	 1	 1	 0	 2	 2	 0	 2	 2	 1	564.03	  0.09
142	43	18	m	 1	 2	 1	 1	 1	 2	 2	 1	 2	 2	 1	454.58	  0.06
143	43	18	m	 1	 2	 1	 0	 0	 2	 2	 1	 1	 1	 1	515.30	  0.06
144	43	18	m	 1	 2	 1	 1	 1	 1	 2	 1	 2	 1	 0	568.53	  0.07
145	43	18	m	 1	 2	 1	 1	 0	 2	 2	 0	 2	 2	 1	595.93	  0.06
146	43	18	m	 1	 2	 1	 0	 1	 0	 2	 0	 1	 1	 1	517.48	  0.06
147	43	18	m	 1	 2	 1	 1	 0	 2	 2	 0	 2	 2	 1	547.83	  0.06
148	43	18	m	 1	 2	 1	 0	 0	 1	 2	 1	 1	 1	 1	510.27	  0.07
149	43	18	m	 1	 2	 1	 0	 1	 1	 2	 0	 1	 1	 1	571.62	  0.06
150	43	18	m	 1	 2	 1	 0	 0	 0	 2	 1	 1	 1	 1	539.45	  0.21
151	43	18	m	 1	 2	 1	 1	 1	 1	 2	 1	 2	 2	 1	510.20	  0.06
152	43	18	m	 1	 2	 1	 0	 1	 0	 2	 0	 1	 1	 1	517.64	  0.06
153	43	18	m	 1	 2	 1	 0	 1	 1	 2	 0	 1	 1	 1	531.64	  0.06
154	43	18	m	 1	 2	 1	 0	 0	 2	 2	 1	 1	 1	 1	464.45	  0.06
155	43	18	m	 1	 2	 1	 1	 0	 2	 2	 0	 2	 2	 1	517.21	  0.10
156	43	18	m	 1	 2	 1	 0	 1	 2	 2	 0	 1	 2	 0	559.45	  0.06
157	43	18	m	 1	 2	 1	 0	 1	 2	 2	 0	 1	 1	 1	725.34	  0.06
158	43	18	m	 1	 2	 1	 0	 1	 0	 2	 0	 1	 1	 1	463.64	  0.06
159	43	18	m	 1	 2	 1	 1	 0	 2	 2	 0	 2	 2	 1	737.40	  0.06
160	43	18	m	 1	 2	 1	 0	 1	 2	 2	 0	 1	 1	 1	766.77	  0.07
161	43	18	m	 1	 2	 1	 1	 0	 1	 2	 0	 2	 2	 1	769.28	  0.06
162	43	18	m	 1	 2	 1	 0	 0	 1	 2	 1	 1	 1	 1	463.54	  0.06
163	43	18	m	 1	 2	 1	 0	 0	 2	 2	 1	 1	 1	 1	640.34	  0.06
164	43	18	m	 1	 2	 1	 1	 1	 2	 2	 1	 2	 2	 1	535.71	  0.06
165	43	18	m	 1	 2	 1	 0	 0	 2	 2	 1	 1	 2	 0	887.00	  0.08
166	43	18	m	 1	 2	 1	 0	 0	 1	 2	 1	 1	 1	 1	946.08	  0.06
167	43	18	m	 1	 2	 1	 1	 1	 1	 2	 1	 2	 2	 1	670.17	  0.07
168	43	18	m	 1	 2	 1	 1	 0	 2	 2	 0	 2	 2	 1	1674.80	  0.06
169	43	18	m	 1	 2	 1	 0	 1	 1	 2	 0	 1	 1	 1	836.18	  0.06
170	43	18	m	 1	 2	 1	 1	 1	 2	 2	 1	 2	 2	 1	758.00	  0.06
171	43	18	m	 1	 2	 1	 1	 0	 1	 2	 0	 2	 2	 1	697.98	  0.06
172	43	18	m	 1	 2	 1	 0	 0	 2	 2	 1	 1	 1	 1	581.17	  0.10
173	43	18	m	 1	 2	 1	 1	 1	 0	 2	 1	 2	 2	 1	766.04	  0.06
174	43	18	m	 1	 2	 1	 1	 0	 1	 2	 0	 2	 2	 1	604.85	  0.06
175	43	18	m	 1	 2	 1	 0	 1	 2	 2	 0	 1	 1	 1	568.45	  0.08
176	43	18	m	 1	 2	 1	 1	 1	 0	 2	 1	 2	 2	 1	695.72	  0.06
177	43	18	m	 1	 2	 1	 0	 1	 1	 2	 0	 1	 1	 1	1000.87	  0.06
178	43	18	m	 1	 2	 1	 1	 0	 2	 2	 0	 2	 2	 1	643.29	  0.06
179	43	18	m	 1	 2	 1	 0	 0	 0	 2	 1	 1	 1	 1	547.13	  0.06
180	43	18	m	 1	 2	 1	 0	 1	 1	 2	 0	 1	 1	 1	538.04	  0.06
181	43	18	m	 1	 2	 1	 1	 1	 0	 2	 1	 2	 2	 1	518.09	  0.06
182	43	18	m	 1	 2	 1	 0	 1	 2	 2	 0	 1	 1	 1	419.18	  0.06
183	43	18	m	 1	 2	 1	 1	 1	 1	 2	 1	 2	 2	 1	593.11	  0.06
184	43	18	m	 1	 2	 1	 1	 0	 1	 2	 0	 2	 2	 1	634.95	  0.06
185	43	18	m	 1	 2	 1	 0	 0	 1	 2	 1	 1	 1	 1	552.34	  0.06
186	43	18	m	 1	 2	 1	 0	 0	 2	 2	 1	 1	 1	 1	576.97	  0.06
187	43	18	m	 1	 2	 1	 1	 1	 2	 2	 1	 2	 2	 1	532.53	  0.07
188	43	18	m	 1	 2	 1	 1	 0	 1	 2	 0	 2	 2	 1	592.17	  0.06
189	43	18	m	 1	 2	 1	 0	 1	 0	 2	 0	 1	 1	 1	755.29	  0.06
190	43	18	m	 1	 2	 1	 1	 1	 1	 2	 1	 2	 2	 1	737.94	  0.06
191	43	18	m	 1	 2	 1	 1	 0	 0	 2	 0	 2	 2	 1	676.94	  0.06
192	43	18	m	 1	 2	 2	 1	 1	 0	 1	 1	 2	 2	 1	668.61	  0.06
193	43	18	m	 1	 2	 2	 1	 0	 1	 1	 0	 2	 2	 1	507.07	  0.06
194	43	18	m	 1	 2	 2	 0	 0	 2	 1	 1	 1	 1	 1	433.69	  0.09
195	43	18	m	 1	 2	 2	 1	 1	 0	 1	 1	 2	 1	 0	598.40	  0.07
196	43	18	m	 1	 2	 2	 1	 0	 1	 1	 0	 2	 2	 1	847.91	  0.06
197	43	18	m	 1	 2	 2	 0	 1	 2	 1	 0	 1	 1	 1	710.61	  0.06
198	43	18	m	 1	 2	 2	 0	 0	 0	 1	 1	 1	 1	 1	601.29	  0.06
199	43	18	m	 1	 2	 2	 1	 0	 0	 1	 0	 2	 2	 1	700.94	  0.10
200	43	18	m	 1	 2	 2	 0	 1	 2	 1	 0	 1	 1	 1	521.65	  0.06
201	43	18	m	 1	 2	 2	 0	 0	 0	 1	 1	 1	 1	 1	994.75	  0.06
202	43	18	m	 1	 2	 2	 0	 0	 1	 1	 1	 1	 1	 1	815.14	  0.06
203	43	18	m	 1	 2	 2	 0	 0	 2	 1	 1	 1	 1	 1	623.00	  0.06
204	43	18	m	 1	 2	 2	 1	 0	 2	 1	 0	 2	 2	 1	704.71	  0.06
205	43	18	m	 1	 2	 2	 0	 1	 0	 1	 0	 1	 2	 0	1255.98	  0.06
206	43	18	m	 1	 2	 2	 1	 0	 2	 1	 0	 2	 2	 1	659.98	  0.06
207	43	18	m	 1	 2	 2	 0	 1	 0	 1	 0	 1	 1	 1	479.76	  0.06
208	43	18	m	 1	 2	 2	 0	 1	 1	 1	 0	 1	 1	 1	509.20	  0.08
209	43	18	m	 1	 2	 2	 1	 0	 0	 1	 0	 2	 2	 1	592.08	  0.10
210	43	18	m	 1	 2	 2	 0	 0	 2	 1	 1	 1	 1	 1	1230.10	  0.06
211	43	18	m	 1	 2	 2	 0	 1	 1	 1	 0	 1	 1	 1	568.30	  0.06
212	43	18	m	 1	 2	 2	 1	 1	 0	 1	 1	 2	 2	 1	724.71	  0.06
213	43	18	m	 1	 2	 2	 0	 0	 0	 1	 1	 1	 1	 1	529.12	  0.08
214	43	18	m	 1	 2	 2	 1	 1	 1	 1	 1	 2	 2	 1	459.50	  0.06
215	43	18	m	 1	 2	 2	 1	 1	 2	 1	 1	 2	 2	 1	529.48	  0.06
216	43	18	m	 1	 2	 2	 0	 0	 2	 1	 1	 1	 1	 1	473.03	  0.06
217	43	18	m	 1	 2	 2	 1	 1	 0	 1	 1	 2	 2	 1	615.99	  0.06
218	43	18	m	 1	 2	 2	 0	 0	 1	 1	 1	 1	 1	 1	835.58	  0.09
219	43	18	m	 1	 2	 2	 0	 1	 2	 1	 0	 1	 1	 1	860.39	  0.07
220	43	18	m	 1	 2	 2	 1	 0	 0	 1	 0	 2	 2	 1	788.82	  0.06
221	43	18	m	 1	 2	 2	 1	 1	 0	 1	 1	 2	 2	 1	791.13	  0.06
222	43	18	m	 1	 2	 2	 0	 0	 1	 1	 1	 1	 1	 1	445.06	  0.06
223	43	18	m	 1	 2	 2	 1	 1	 1	 1	 1	 2	 2	 1	725.36	  0.06
224	43	18	m	 1	 2	 2	 0	 0	 2	 1	 1	 1	 1	 1	525.85	  0.06
225	43	18	m	 1	 2	 2	 1	 1	 2	 1	 1	 2	 2	 1	639.21	  0.06
226	43	18	m	 1	 2	 2	 1	 0	 0	 1	 0	 2	 2	 1	577.17	  0.06
227	43	18	m	 1	 2	 2	 0	 1	 1	 1	 0	 1	 1	 1	508.24	  0.06
228	43	18	m	 1	 2	 2	 1	 0	 0	 1	 0	 2	 2	 1	514.56	  0.06
229	43	18	m	 1	 2	 2	 1	 0	 2	 1	 0	 2	 2	 1	559.61	  0.06
230	43	18	m	 1	 2	 2	 1	 0	 1	 1	 0	 2	 2	 1	608.33	  0.06
231	43	18	m	 1	 2	 2	 1	 0	 2	 1	 0	 2	 2	 1	614.39	  0.06
232	43	18	m	 1	 2	 2	 0	 0	 1	 1	 1	 1	 1	 1	575.72	  0.07
233	43	18	m	 1	 2	 2	 0	 1	 2	 1	 0	 1	 1	 1	991.32	  0.06
234	43	18	m	 1	 2	 2	 1	 1	 2	 1	 1	 2	 2	 1	755.33	  0.06
235	43	18	m	 1	 2	 2	 0	 1	 1	 1	 0	 1	 1	 1	412.63	  0.06
236	43	18	m	 1	 2	 2	 1	 0	 2	 1	 0	 2	 2	 1	569.21	  0.06
237	43	18	m	 1	 2	 2	 1	 1	 1	 1	 1	 2	 2	 1	588.36	  0.06
238	43	18	m	 1	 2	 2	 0	 0	 2	 1	 1	 1	 1	 1	446.87	  0.27
239	43	18	m	 1	 2	 2	 1	 1	 1	 1	 1	 2	 2	 1	504.85	  0.06
240	43	18	m	 1	 2	 2	 1	 0	 2	 1	 0	 2	 1	 0	608.03	  0.06
241	43	18	m	 1	 2	 2	 0	 1	 0	 1	 0	 1	 1	 1	490.40	  0.06
242	43	18	m	 1	 2	 2	 0	 0	 0	 1	 1	 1	 1	 1	673.50	  0.20
243	43	18	m	 1	 2	 2	 1	 0	 1	 1	 0	 2	 2	 1	584.73	  0.06
244	43	18	m	 1	 2	 2	 1	 0	 1	 1	 0	 2	 2	 1	539.03	  0.06
245	43	18	m	 1	 2	 2	 0	 0	 2	 1	 1	 1	 1	 1	539.45	  0.07
246	43	18	m	 1	 2	 2	 1	 1	 2	 1	 1	 2	 2	 1	569.57	  0.06
247	43	18	m	 1	 2	 2	 0	 1	 1	 1	 0	 1	 1	 1	509.02	  0.08
248	43	18	m	 1	 2	 2	 0	 0	 0	 1	 1	 1	 1	 1	612.31	  0.06
249	43	18	m	 1	 2	 2	 1	 1	 2	 1	 1	 2	 2	 1	459.65	  0.06
250	43	18	m	 1	 2	 2	 1	 0	 1	 1	 0	 2	 2	 1	1027.37	  0.06
251	43	18	m	 1	 2	 2	 0	 0	 1	 1	 1	 1	 1	 1	595.65	  0.06
252	43	18	m	 1	 2	 2	 0	 0	 1	 1	 1	 1	 1	 1	537.46	  0.06
253	43	18	m	 1	 2	 2	 1	 0	 1	 1	 0	 2	 2	 1	637.94	  0.06
254	43	18	m	 1	 2	 2	 0	 0	 2	 1	 1	 1	 1	 1	588.99	  0.06
255	43	18	m	 1	 2	 2	 1	 1	 2	 1	 1	 2	 2	 1	606.39	  0.06
256	43	18	m	 1	 2	 2	 1	 1	 1	 1	 1	 2	 2	 1	630.48	  0.06
257	43	18	m	 1	 2	 2	 0	 1	 1	 1	 0	 1	 1	 1	740.77	  0.06
258	43	18	m	 1	 2	 2	 1	 1	 1	 1	 1	 2	 2	 1	520.60	  0.06
259	43	18	m	 1	 2	 2	 1	 1	 1	 1	 1	 2	 2	 1	546.96	  0.06
260	43	18	m	 1	 2	 2	 0	 1	 0	 1	 0	 1	 1	 1	563.44	  0.06
261	43	18	m	 1	 2	 2	 0	 1	 2	 1	 0	 1	 1	 1	607.97	  0.06
262	43	18	m	 1	 2	 2	 1	 1	 1	 1	 1	 2	 2	 1	610.65	  0.06
263	43	18	m	 1	 2	 2	 0	 1	 0	 1	 0	 1	 1	 1	584.82	  0.07
264	43	18	m	 1	 2	 2	 1	 0	 0	 1	 0	 2	 2	 1	627.89	  0.08
265	43	18	m	 1	 2	 2	 0	 1	 2	 1	 0	 1	 1	 1	541.15	  0.06
266	43	18	m	 1	 2	 2	 1	 1	 2	 1	 1	 2	 1	 0	750.74	  0.06
267	43	18	m	 1	 2	 2	 0	 1	 2	 1	 0	 1	 1	 1	419.62	  0.11
268	43	18	m	 1	 2	 2	 0	 1	 1	 1	 0	 1	 1	 1	759.98	  0.06
269	43	18	m	 1	 2	 2	 0	 0	 0	 1	 1	 1	 1	 1	572.05	  0.06
270	43	18	m	 1	 2	 2	 1	 1	 2	 1	 1	 2	 2	 1	539.92	  0.06
271	43	18	m	 1	 2	 2	 0	 0	 0	 1	 1	 1	 1	 1	518.98	  0.06
272	43	18	m	 1	 2	 2	 0	 1	 2	 1	 0	 1	 1	 1	625.86	  0.06
273	43	18	m	 1	 2	 2	 1	 1	 0	 1	 1	 2	 2	 1	642.90	  0.06
274	43	18	m	 1	 2	 2	 1	 0	 1	 1	 0	 2	 2	 1	862.49	  0.20
275	43	18	m	 1	 2	 2	 0	 1	 1	 1	 0	 1	 1	 1	461.62	  0.07
276	43	18	m	 1	 2	 2	 0	 1	 0	 1	 0	 1	 1	 1	827.32	  0.06
277	43	18	m	 1	 2	 2	 1	 0	 2	 1	 0	 2	 2	 1	663.06	  0.06
278	43	18	m	 1	 2	 2	 1	 1	 0	 1	 1	 2	 2	 1	532.82	  0.06
279	43	18	m	 1	 2	 2	 0	 0	 1	 1	 1	 1	 1	 1	629.31	  0.08
280	43	18	m	 1	 2	 2	 1	 1	 0	 1	 1	 2	 2	 1	794.57	  0.21
281	43	18	m	 1	 2	 2	 1	 0	 0	 1	 0	 2	 2	 1	560.63	  0.09
282	43	18	m	 1	 2	 2	 0	 1	 0	 1	 0	 1	 1	 1	537.99	  0.08
283	43	18	m	 1	 2	 2	 0	 0	 0	 1	 1	 1	 1	 1	643.50	  0.06
284	43	18	m	 1	 2	 2	 0	 1	 0	 1	 0	 1	 1	 1	560.54	  0.06
285	43	18	m	 1	 2	 2	 1	 0	 2	 1	 0	 2	 2	 1	667.34	  0.06
286	43	18	m	 1	 2	 2	 0	 0	 1	 1	 1	 1	 1	 1	865.05	  0.06
287	43	18	m	 1	 2	 2	 1	 0	 0	 1	 0	 2	 2	 1	585.69	  0.06
288	43	18	m	 1	 2	 3	 0	 1	 1	 2	 0	 1	 1	 1	580.35	  0.09
289	43	18	m	 1	 2	 3	 0	 0	 1	 2	 1	 1	 1	 1	565.36	  0.06
290	43	18	m	 1	 2	 3	 1	 0	 2	 2	 0	 2	 2	 1	609.95	  0.06
291	43	18	m	 1	 2	 3	 1	 1	 1	 2	 1	 2	 2	 1	600.39	  0.06
292	43	18	m	 1	 2	 3	 1	 1	 0	 2	 1	 2	 2	 1	544.68	  0.06
293	43	18	m	 1	 2	 3	 0	 0	 2	 2	 1	 1	 1	 1	381.58	  0.07
294	43	18	m	 1	 2	 3	 0	 1	 1	 2	 0	 1	 1	 1	665.60	  0.06
295	43	18	m	 1	 2	 3	 1	 1	 1	 2	 1	 2	 2	 1	472.13	  0.06
296	43	18	m	 1	 2	 3	 1	 0	 1	 2	 0	 2	 2	 1	574.24	  0.06
297	43	18	m	 1	 2	 3	 1	 1	 2	 2	 1	 2	 2	 1	529.98	  0.21
298	43	18	m	 1	 2	 3	 0	 0	 2	 2	 1	 1	 1	 1	435.86	  0.06
299	43	18	m	 1	 2	 3	 0	 1	 1	 2	 0	 1	 1	 1	539.77	  0.06
300	43	18	m	 1	 2	 3	 0	 0	 0	 2	 1	 1	 1	 1	514.76	  0.06
301	43	18	m	 1	 2	 3	 1	 1	 0	 2	 1	 2	 2	 1	751.27	  0.06
302	43	18	m	 1	 2	 3	 1	 1	 0	 2	 1	 2	 2	 1	579.60	  0.06
303	43	18	m	 1	 2	 3	 1	 0	 2	 2	 0	 2	 2	 1	563.83	  0.07
304	43	18	m	 1	 2	 3	 0	 1	 0	 2	 0	 1	 1	 1	579.00	  0.19
305	43	18	m	 1	 2	 3	 0	 1	 2	 2	 0	 1	 1	 1	597.44	  0.06
306	43	18	m	 1	 2	 3	 1	 0	 1	 2	 0	 2	 2	 1	585.46	  0.06
307	43	18	m	 1	 2	 3	 0	 0	 0	 2	 1	 1	 1	 1	489.54	  0.06
308	43	18	m	 1	 2	 3	 1	 0	 0	 2	 0	 2	 2	 1	522.90	  0.07
309	43	18	m	 1	 2	 3	 1	 0	 1	 2	 0	 2	 2	 1	636.91	  0.22
310	43	18	m	 1	 2	 3	 0	 1	 1	 2	 0	 1	 1	 1	479.87	  0.06
311	43	18	m	 1	 2	 3	 1	 1	 0	 2	 1	 2	 2	 1	1002.95	  0.07
312	43	18	m	 1	 2	 3	 1	 1	 1	 2	 1	 2	 2	 1	564.82	  0.06
313	43	18	m	 1	 2	 3	 0	 1	 2	 2	 0	 1	 1	 1	459.47	  0.06
314	43	18	m	 1	 2	 3	 0	 1	 2	 2	 0	 1	 1	 1	552.63	  0.06
315	43	18	m	 1	 2	 3	 1	 1	 2	 2	 1	 2	 2	 1	632.18	  0.06
316	43	18	m	 1	 2	 3	 1	 0	 0	 2	 0	 2	 2	 1	677.81	  0.06
317	43	18	m	 1	 2	 3	 0	 1	 2	 2	 0	 1	 1	 1	550.33	  0.06
318	43	18	m	 1	 2	 3	 1	 1	 2	 2	 1	 2	 2	 1	753.98	  0.06
319	43	18	m	 1	 2	 3	 0	 0	 0	 2	 1	 1	 1	 1	532.40	  0.06
320	43	18	m	 1	 2	 3	 0	 0	 2	 2	 1	 1	 1	 1	562.54	  0.06
321	43	18	m	 1	 2	 3	 1	 0	 2	 2	 0	 2	 2	 1	522.42	  0.06
322	43	18	m	 1	 2	 3	 0	 1	 2	 2	 0	 1	 1	 1	741.73	  0.06
323	43	18	m	 1	 2	 3	 1	 1	 0	 2	 1	 2	 2	 1	495.94	  0.10
324	43	18	m	 1	 2	 3	 0	 0	 2	 2	 1	 1	 1	 1	469.66	  0.06
325	43	18	m	 1	 2	 3	 0	 0	 1	 2	 1	 1	 1	 1	496.51	  0.06
326	43	18	m	 1	 2	 3	 0	 0	 1	 2	 1	 1	 1	 1	545.82	  0.06
327	43	18	m	 1	 2	 3	 0	 1	 0	 2	 0	 1	 1	 1	590.56	  0.06
328	43	18	m	 1	 2	 3	 1	 1	 1	 2	 1	 2	 2	 1	486.47	  0.06
329	43	18	m	 1	 2	 3	 1	 1	 2	 2	 1	 2	 2	 1	512.72	  0.08
330	43	18	m	 1	 2	 3	 1	 0	 0	 2	 0	 2	 2	 1	971.12	  0.06
331	43	18	m	 1	 2	 3	 1	 0	 1	 2	 0	 2	 2	 1	577.48	  0.06
332	43	18	m	 1	 2	 3	 0	 0	 2	 2	 1	 1	 1	 1	499.46	  0.08
333	43	18	m	 1	 2	 3	 1	 0	 0	 2	 0	 2	 2	 1	574.36	  0.08
334	43	18	m	 1	 2	 3	 0	 0	 2	 2	 1	 1	 1	 1	462.70	  0.17
335	43	18	m	 1	 2	 3	 1	 1	 2	 2	 1	 2	 2	 1	556.67	  0.06
336	43	18	m	 1	 2	 3	 0	 1	 1	 2	 0	 1	 1	 1	505.72	  0.06
337	43	18	m	 1	 2	 3	 0	 0	 0	 2	 1	 1	 1	 1	730.33	  0.06
338	43	18	m	 1	 2	 3	 0	 0	 0	 2	 1	 1	 1	 1	498.25	  0.06
339	43	18	m	 1	 2	 3	 1	 1	 2	 2	 1	 2	 2	 1	631.47	  0.15
340	43	18	m	 1	 2	 3	 1	 0	 0	 2	 0	 2	 2	 1	486.65	  0.08
341	43	18	m	 1	 2	 3	 1	 1	 0	 2	 1	 2	 2	 1	533.52	  0.07
342	43	18	m	 1	 2	 3	 0	 0	 2	 2	 1	 1	 1	 1	596.11	  0.06
343	43	18	m	 1	 2	 3	 1	 0	 1	 2	 0	 2	 2	 1	643.14	  0.06
344	43	18	m	 1	 2	 3	 1	 0	 1	 2	 0	 2	 2	 1	604.82	  0.06
345	43	18	m	 1	 2	 3	 0	 0	 0	 2	 1	 1	 1	 1	519.85	  0.07
346	43	18	m	 1	 2	 3	 1	 1	 1	 2	 1	 2	 2	 1	697.05	  0.06
347	43	18	m	 1	 2	 3	 0	 1	 2	 2	 0	 1	 1	 1	1106.25	  0.06
348	43	18	m	 1	 2	 3	 1	 0	 2	 2	 0	 2	 2	 1	643.90	  0.06
349	43	18	m	 1	 2	 3	 1	 1	 1	 2	 1	 2	 2	 1	565.13	  0.06
350	43	18	m	 1	 2	 3	 0	 1	 2	 2	 0	 1	 1	 1	645.79	  0.06
351	43	18	m	 1	 2	 3	 0	 0	 1	 2	 1	 1	 1	 1	545.68	  0.06
352	43	18	m	 1	 2	 3	 0	 0	 1	 2	 1	 1	 1	 1	532.62	  0.06
353	43	18	m	 1	 2	 3	 0	 0	 0	 2	 1	 1	 1	 1	553.41	  0.06
354	43	18	m	 1	 2	 3	 1	 0	 1	 2	 0	 2	 2	 1	637.03	  0.06
355	43	18	m	 1	 2	 3	 1	 0	 2	 2	 0	 2	 2	 1	592.21	  0.06
356	43	18	m	 1	 2	 3	 0	 1	 0	 2	 0	 1	 1	 1	426.17	  0.06
357	43	18	m	 1	 2	 3	 0	 1	 0	 2	 0	 1	 1	 1	501.93	  0.07
358	43	18	m	 1	 2	 3	 0	 1	 0	 2	 0	 1	 1	 1	555.48	  0.06
359	43	18	m	 1	 2	 3	 1	 0	 0	 2	 0	 2	 2	 1	566.36	  0.06
360	43	18	m	 1	 2	 3	 1	 0	 2	 2	 0	 2	 2	 1	606.95	  0.06
361	43	18	m	 1	 2	 3	 0	 1	 0	 2	 0	 1	 1	 1	376.28	  0.06
362	43	18	m	 1	 2	 3	 0	 0	 1	 2	 1	 1	 1	 1	464.63	  0.06
363	43	18	m	 1	 2	 3	 1	 0	 1	 2	 0	 2	 2	 1	679.78	  0.06
364	43	18	m	 1	 2	 3	 0	 1	 2	 2	 0	 1	 1	 1	714.21	  0.07
365	43	18	m	 1	 2	 3	 1	 1	 2	 2	 1	 2	 2	 1	467.34	  0.20
366	43	18	m	 1	 2	 3	 0	 1	 0	 2	 0	 1	 1	 1	454.92	  0.06
367	43	18	m	 1	 2	 3	 0	 0	 0	 2	 1	 1	 1	 1	504.28	  0.06
368	43	18	m	 1	 2	 3	 1	 1	 0	 2	 1	 2	 2	 1	514.84	  0.06
369	43	18	m	 1	 2	 3	 1	 1	 0	 2	 1	 2	 2	 1	739.45	  0.06
370	43	18	m	 1	 2	 3	 0	 1	 0	 2	 0	 1	 1	 1	402.13	  0.20
371	43	18	m	 1	 2	 3	 0	 0	 2	 2	 1	 1	 1	 1	618.35	  0.06
372	43	18	m	 1	 2	 3	 1	 0	 0	 2	 0	 2	 2	 1	547.94	  0.06
373	43	18	m	 1	 2	 3	 1	 0	 2	 2	 0	 2	 2	 1	593.80	  0.07
374	43	18	m	 1	 2	 3	 1	 1	 1	 2	 1	 2	 1	 0	493.90	  0.06
375	43	18	m	 1	 2	 3	 0	 1	 1	 2	 0	 1	 1	 1	597.18	  0.06
376	43	18	m	 1	 2	 3	 1	 1	 1	 2	 1	 2	 2	 1	605.39	  0.07
377	43	18	m	 1	 2	 3	 1	 0	 0	 2	 0	 2	 2	 1	579.13	  0.06
378	43	18	m	 1	 2	 3	 1	 1	 2	 2	 1	 2	 2	 1	541.68	  0.06
379	43	18	m	 1	 2	 3	 0	 0	 1	 2	 1	 1	 1	 1	416.41	  0.10
380	43	18	m	 1	 2	 3	 1	 0	 2	 2	 0	 2	 2	 1	531.40	  0.06
381	43	18	m	 1	 2	 3	 0	 1	 1	 2	 0	 1	 1	 1	594.95	  0.06
382	43	18	m	 1	 2	 3	 0	 1	 1	 2	 0	 1	 1	 1	774.65	  0.06
383	43	18	m	 1	 2	 3	 0	 0	 1	 2	 1	 1	 1	 1	561.06	  0.06
