00	08	19	v	 0	 1	 0	 0	 0	 2	 1	 1	 1	 1	 1	411.08	  0.06
01	08	19	v	 0	 1	 0	 0	 1	 2	 1	 0	 1	 1	 1	421.96	  0.06
02	08	19	v	 0	 1	 0	 0	 1	 2	 1	 0	 1	 1	 1	451.81	  0.08
03	08	19	v	 0	 1	 0	 0	 1	 1	 1	 0	 1	 1	 1	459.65	  0.06
04	08	19	v	 0	 1	 0	 1	 1	 1	 1	 1	 2	 2	 1	491.78	  0.06
05	08	19	v	 0	 1	 0	 1	 0	 0	 1	 0	 2	 2	 1	427.94	  0.06
06	08	19	v	 0	 1	 0	 1	 0	 2	 1	 0	 2	 2	 1	483.60	  0.09
07	08	19	v	 0	 1	 0	 0	 1	 0	 1	 0	 1	 1	 1	701.83	  0.06
08	08	19	v	 0	 1	 0	 1	 1	 2	 1	 1	 2	 2	 1	614.24	  0.07
09	08	19	v	 0	 1	 0	 0	 1	 0	 1	 0	 1	 1	 1	448.97	  0.06
10	08	19	v	 0	 1	 0	 1	 0	 0	 1	 0	 2	 2	 1	774.10	  0.06
11	08	19	v	 0	 1	 0	 1	 0	 2	 1	 0	 2	 2	 1	914.20	  0.08
12	08	19	v	 0	 1	 0	 1	 1	 0	 1	 1	 2	 2	 1	475.38	  0.06
13	08	19	v	 0	 1	 0	 0	 0	 0	 1	 1	 1	 1	 1	693.75	  0.06
14	08	19	v	 0	 1	 0	 1	 1	 0	 1	 1	 2	 2	 1	540.03	  0.06
15	08	19	v	 0	 1	 0	 1	 1	 0	 1	 1	 2	 2	 1	490.17	  0.06
16	08	19	v	 0	 1	 0	 0	 0	 2	 1	 1	 1	 1	 1	500.92	  0.06
17	08	19	v	 0	 1	 0	 0	 0	 1	 1	 1	 1	 1	 1	496.20	  0.10
18	08	19	v	 0	 1	 0	 0	 0	 0	 1	 1	 1	 1	 1	515.48	  0.06
19	08	19	v	 0	 1	 0	 1	 0	 1	 1	 0	 2	 2	 1	470.60	  0.06
20	08	19	v	 0	 1	 0	 0	 1	 0	 1	 0	 1	 1	 1	464.57	  0.06
21	08	19	v	 0	 1	 0	 0	 1	 1	 1	 0	 1	 1	 1	423.98	  0.06
22	08	19	v	 0	 1	 0	 1	 1	 1	 1	 1	 2	 2	 1	481.37	  0.19
23	08	19	v	 0	 1	 0	 0	 0	 0	 1	 1	 1	 2	 0	529.14	  0.08
24	08	19	v	 0	 1	 0	 0	 1	 0	 1	 0	 1	 1	 1	510.24	  0.06
25	08	19	v	 0	 1	 0	 1	 1	 0	 1	 1	 2	 2	 1	591.90	  0.06
26	08	19	v	 0	 1	 0	 1	 0	 1	 1	 0	 2	 1	 0	754.12	  0.06
27	08	19	v	 0	 1	 0	 0	 1	 1	 1	 0	 1	 1	 1	481.18	  0.06
28	08	19	v	 0	 1	 0	 1	 0	 2	 1	 0	 2	 2	 1	531.71	  0.06
29	08	19	v	 0	 1	 0	 1	 1	 0	 1	 1	 2	 2	 1	489.16	  0.06
30	08	19	v	 0	 1	 0	 0	 1	 0	 1	 0	 1	 1	 1	426.25	  0.07
31	08	19	v	 0	 1	 0	 0	 1	 2	 1	 0	 1	 1	 1	460.32	  0.06
32	08	19	v	 0	 1	 0	 1	 0	 2	 1	 0	 2	 1	 0	474.93	  0.07
33	08	19	v	 0	 1	 0	 1	 0	 2	 1	 0	 2	 2	 1	563.55	  0.06
34	08	19	v	 0	 1	 0	 0	 1	 1	 1	 0	 1	 1	 1	506.58	  0.06
35	08	19	v	 0	 1	 0	 1	 0	 1	 1	 0	 2	 2	 1	604.88	  0.06
36	08	19	v	 0	 1	 0	 1	 1	 2	 1	 1	 2	 2	 1	630.06	  0.06
37	08	19	v	 0	 1	 0	 1	 1	 2	 1	 1	 2	 2	 1	493.29	  0.06
38	08	19	v	 0	 1	 0	 0	 0	 0	 1	 1	 1	 1	 1	433.90	  0.06
39	08	19	v	 0	 1	 0	 1	 0	 0	 1	 0	 2	 2	 1	497.30	  0.06
40	08	19	v	 0	 1	 0	 1	 0	 2	 1	 0	 2	 2	 1	601.71	  0.06
41	08	19	v	 0	 1	 0	 0	 0	 1	 1	 1	 1	 1	 1	568.01	  0.06
42	08	19	v	 0	 1	 0	 1	 1	 1	 1	 1	 2	 2	 1	415.45	  0.06
43	08	19	v	 0	 1	 0	 0	 0	 2	 1	 1	 1	 1	 1	501.22	  0.19
44	08	19	v	 0	 1	 0	 0	 1	 1	 1	 0	 1	 1	 1	534.23	  0.24
45	08	19	v	 0	 1	 0	 0	 1	 2	 1	 0	 1	 1	 1	739.61	  0.06
46	08	19	v	 0	 1	 0	 0	 1	 0	 1	 0	 1	 1	 1	611.35	  0.06
47	08	19	v	 0	 1	 0	 1	 1	 1	 1	 1	 2	 2	 1	464.38	  0.23
48	08	19	v	 0	 1	 0	 1	 0	 0	 1	 0	 2	 2	 1	486.86	  0.10
49	08	19	v	 0	 1	 0	 0	 1	 2	 1	 0	 1	 1	 1	449.85	  0.06
50	08	19	v	 0	 1	 0	 1	 1	 2	 1	 1	 2	 2	 1	465.92	  0.09
51	08	19	v	 0	 1	 0	 0	 0	 1	 1	 1	 1	 1	 1	496.89	  0.10
52	08	19	v	 0	 1	 0	 0	 0	 0	 1	 1	 1	 1	 1	446.38	  0.06
53	08	19	v	 0	 1	 0	 1	 1	 2	 1	 1	 2	 2	 1	458.52	  0.06
54	08	19	v	 0	 1	 0	 0	 1	 2	 1	 0	 1	 1	 1	423.48	  0.06
55	08	19	v	 0	 1	 0	 0	 0	 1	 1	 1	 1	 1	 1	600.19	  0.06
56	08	19	v	 0	 1	 0	 0	 0	 1	 1	 1	 1	 1	 1	365.36	  0.06
57	08	19	v	 0	 1	 0	 0	 0	 0	 1	 1	 1	 1	 1	472.34	  0.06
58	08	19	v	 0	 1	 0	 1	 1	 1	 1	 1	 2	 2	 1	473.79	  0.06
59	08	19	v	 0	 1	 0	 0	 1	 2	 1	 0	 1	 1	 1	513.73	  0.06
60	08	19	v	 0	 1	 0	 0	 0	 2	 1	 1	 1	 1	 1	385.13	  0.06
61	08	19	v	 0	 1	 0	 1	 1	 0	 1	 1	 2	 2	 1	542.99	  0.06
62	08	19	v	 0	 1	 0	 1	 0	 0	 1	 0	 2	 2	 1	543.69	  0.08
63	08	19	v	 0	 1	 0	 1	 0	 0	 1	 0	 2	 2	 1	523.64	  0.11
64	08	19	v	 0	 1	 0	 1	 1	 2	 1	 1	 2	 2	 1	492.02	  0.06
65	08	19	v	 0	 1	 0	 0	 0	 1	 1	 1	 1	 1	 1	445.47	  0.06
66	08	19	v	 0	 1	 0	 1	 0	 1	 1	 0	 2	 2	 1	469.75	  0.06
67	08	19	v	 0	 1	 0	 0	 0	 2	 1	 1	 1	 1	 1	458.72	  0.06
68	08	19	v	 0	 1	 0	 1	 0	 2	 1	 0	 2	 2	 1	485.31	  0.07
69	08	19	v	 0	 1	 0	 0	 0	 2	 1	 1	 1	 1	 1	502.31	  0.08
70	08	19	v	 0	 1	 0	 1	 1	 0	 1	 1	 2	 2	 1	438.45	  0.06
71	08	19	v	 0	 1	 0	 0	 1	 1	 1	 0	 1	 1	 1	450.38	  0.06
72	08	19	v	 0	 1	 0	 1	 0	 1	 1	 0	 2	 2	 1	477.07	  0.06
73	08	19	v	 0	 1	 0	 1	 0	 2	 1	 0	 2	 2	 1	569.72	  0.06
74	08	19	v	 0	 1	 0	 0	 0	 0	 1	 1	 1	 1	 1	692.60	  0.10
75	08	19	v	 0	 1	 0	 0	 1	 0	 1	 0	 1	 1	 1	634.90	  0.06
76	08	19	v	 0	 1	 0	 0	 1	 0	 1	 0	 1	 1	 1	440.21	  0.06
77	08	19	v	 0	 1	 0	 0	 0	 2	 1	 1	 1	 1	 1	471.40	  0.07
78	08	19	v	 0	 1	 0	 1	 1	 1	 1	 1	 2	 2	 1	448.04	  0.06
79	08	19	v	 0	 1	 0	 0	 0	 0	 1	 1	 1	 1	 1	431.89	  0.19
80	08	19	v	 0	 1	 0	 0	 0	 1	 1	 1	 1	 1	 1	382.21	  0.06
81	08	19	v	 0	 1	 0	 1	 1	 2	 1	 1	 2	 2	 1	495.81	  0.06
82	08	19	v	 0	 1	 0	 0	 1	 1	 1	 0	 1	 1	 1	469.82	  0.06
83	08	19	v	 0	 1	 0	 0	 1	 2	 1	 0	 1	 1	 1	450.61	  0.06
84	08	19	v	 0	 1	 0	 1	 1	 1	 1	 1	 2	 2	 1	460.92	  0.06
85	08	19	v	 0	 1	 0	 0	 0	 1	 1	 1	 1	 1	 1	458.38	  0.06
86	08	19	v	 0	 1	 0	 1	 0	 1	 1	 0	 2	 2	 1	562.00	  0.06
87	08	19	v	 0	 1	 0	 1	 1	 1	 1	 1	 2	 2	 1	547.49	  0.21
88	08	19	v	 0	 1	 0	 1	 0	 0	 1	 0	 2	 2	 1	475.88	  0.06
89	08	19	v	 0	 1	 0	 0	 1	 1	 1	 0	 1	 1	 1	572.81	  0.06
90	08	19	v	 0	 1	 0	 1	 1	 2	 1	 1	 2	 2	 1	474.45	  0.06
91	08	19	v	 0	 1	 0	 0	 0	 2	 1	 1	 1	 1	 1	383.91	  0.06
92	08	19	v	 0	 1	 0	 1	 1	 0	 1	 1	 2	 1	 0	296.47	  0.22
93	08	19	v	 0	 1	 0	 1	 0	 1	 1	 0	 2	 2	 1	475.68	  0.06
94	08	19	v	 0	 1	 0	 1	 0	 0	 1	 0	 2	 2	 1	460.73	  0.06
95	08	19	v	 0	 1	 0	 1	 0	 1	 1	 0	 2	 2	 1	555.17	  0.06
96	08	19	v	 0	 1	 1	 1	 1	 2	 2	 1	 2	 2	 1	573.22	  0.06
97	08	19	v	 0	 1	 1	 0	 0	 0	 2	 1	 1	 1	 1	638.07	  0.06
98	08	19	v	 0	 1	 1	 0	 0	 2	 2	 1	 1	 1	 1	455.54	  0.09
99	08	19	v	 0	 1	 1	 1	 0	 2	 2	 0	 2	 2	 1	478.48	  0.06
100	08	19	v	 0	 1	 1	 0	 0	 1	 2	 1	 1	 1	 1	379.47	  0.06
101	08	19	v	 0	 1	 1	 0	 1	 0	 2	 0	 1	 2	 0	554.91	  0.06
102	08	19	v	 0	 1	 1	 0	 1	 1	 2	 0	 1	 1	 1	422.20	  0.06
103	08	19	v	 0	 1	 1	 0	 0	 0	 2	 1	 1	 1	 1	414.41	  0.06
104	08	19	v	 0	 1	 1	 1	 1	 2	 2	 1	 2	 2	 1	479.24	  0.06
105	08	19	v	 0	 1	 1	 1	 1	 1	 2	 1	 2	 2	 1	500.64	  0.06
106	08	19	v	 0	 1	 1	 0	 1	 2	 2	 0	 1	 1	 1	541.90	  0.06
107	08	19	v	 0	 1	 1	 1	 1	 0	 2	 1	 2	 2	 1	484.41	  0.06
108	08	19	v	 0	 1	 1	 1	 1	 2	 2	 1	 2	 2	 1	463.70	  0.06
109	08	19	v	 0	 1	 1	 0	 1	 0	 2	 0	 1	 1	 1	495.55	  0.06
110	08	19	v	 0	 1	 1	 0	 1	 1	 2	 0	 1	 1	 1	419.77	  0.06
111	08	19	v	 0	 1	 1	 0	 1	 1	 2	 0	 1	 1	 1	388.75	  0.06
112	08	19	v	 0	 1	 1	 1	 1	 1	 2	 1	 2	 2	 1	517.41	  0.06
113	08	19	v	 0	 1	 1	 0	 1	 2	 2	 0	 1	 2	 0	456.11	  0.06
114	08	19	v	 0	 1	 1	 0	 1	 2	 2	 0	 1	 1	 1	450.31	  0.06
115	08	19	v	 0	 1	 1	 1	 0	 1	 2	 0	 2	 2	 1	494.21	  0.06
116	08	19	v	 0	 1	 1	 1	 1	 0	 2	 1	 2	 1	 0	531.94	  0.19
117	08	19	v	 0	 1	 1	 1	 0	 2	 2	 0	 2	 1	 0	494.39	  0.06
118	08	19	v	 0	 1	 1	 0	 0	 2	 2	 1	 1	 1	 1	402.34	  0.06
119	08	19	v	 0	 1	 1	 0	 1	 1	 2	 0	 1	 1	 1	903.13	  0.06
120	08	19	v	 0	 1	 1	 0	 0	 1	 2	 1	 1	 1	 1	476.78	  0.06
121	08	19	v	 0	 1	 1	 1	 0	 1	 2	 0	 2	 2	 1	495.19	  0.09
122	08	19	v	 0	 1	 1	 1	 1	 0	 2	 1	 2	 2	 1	570.02	  0.11
123	08	19	v	 0	 1	 1	 0	 0	 1	 2	 1	 1	 1	 1	593.09	  0.08
124	08	19	v	 0	 1	 1	 1	 1	 1	 2	 1	 2	 2	 1	777.05	  0.06
125	08	19	v	 0	 1	 1	 0	 1	 2	 2	 0	 1	 1	 1	657.28	  0.22
126	08	19	v	 0	 1	 1	 0	 1	 2	 2	 0	 1	 1	 1	380.22	  0.06
127	08	19	v	 0	 1	 1	 0	 0	 2	 2	 1	 1	 1	 1	394.27	  0.06
128	08	19	v	 0	 1	 1	 1	 0	 0	 2	 0	 2	 2	 1	551.13	  0.06
129	08	19	v	 0	 1	 1	 1	 1	 2	 2	 1	 2	 2	 1	482.63	  0.09
130	08	19	v	 0	 1	 1	 1	 1	 0	 2	 1	 2	 2	 1	558.92	  0.06
131	08	19	v	 0	 1	 1	 0	 1	 1	 2	 0	 1	 1	 1	478.29	  0.06
132	08	19	v	 0	 1	 1	 0	 0	 0	 2	 1	 1	 1	 1	470.12	  0.06
133	08	19	v	 0	 1	 1	 1	 1	 0	 2	 1	 2	 2	 1	579.96	  0.07
134	08	19	v	 0	 1	 1	 1	 0	 0	 2	 0	 2	 2	 1	668.88	  0.06
135	08	19	v	 0	 1	 1	 0	 0	 2	 2	 1	 1	 1	 1	527.96	  0.06
136	08	19	v	 0	 1	 1	 1	 0	 0	 2	 0	 2	 2	 1	490.85	  0.06
137	08	19	v	 0	 1	 1	 0	 1	 1	 2	 0	 1	 1	 1	515.78	  0.06
138	08	19	v	 0	 1	 1	 1	 1	 0	 2	 1	 2	 2	 1	405.80	  0.07
139	08	19	v	 0	 1	 1	 1	 1	 1	 2	 1	 2	 2	 1	484.12	  0.07
140	08	19	v	 0	 1	 1	 0	 0	 0	 2	 1	 1	 1	 1	597.42	  0.06
141	08	19	v	 0	 1	 1	 1	 0	 0	 2	 0	 2	 2	 1	631.16	  0.22
142	08	19	v	 0	 1	 1	 1	 0	 1	 2	 0	 2	 2	 1	511.78	  0.06
143	08	19	v	 0	 1	 1	 0	 0	 2	 2	 1	 1	 1	 1	433.90	  0.06
144	08	19	v	 0	 1	 1	 0	 1	 0	 2	 0	 1	 1	 1	521.89	  0.10
145	08	19	v	 0	 1	 1	 1	 0	 0	 2	 0	 2	 2	 1	545.78	  0.06
146	08	19	v	 0	 1	 1	 0	 0	 1	 2	 1	 1	 1	 1	554.16	  0.07
147	08	19	v	 0	 1	 1	 1	 0	 2	 2	 0	 2	 2	 1	574.50	  0.06
148	08	19	v	 0	 1	 1	 1	 0	 0	 2	 0	 2	 2	 1	521.96	  0.06
149	08	19	v	 0	 1	 1	 0	 0	 0	 2	 1	 1	 1	 1	526.90	  0.06
150	08	19	v	 0	 1	 1	 0	 1	 2	 2	 0	 1	 1	 1	436.90	  0.06
151	08	19	v	 0	 1	 1	 0	 1	 1	 2	 0	 1	 1	 1	370.57	  0.06
152	08	19	v	 0	 1	 1	 1	 1	 1	 2	 1	 2	 2	 1	1160.71	  0.06
153	08	19	v	 0	 1	 1	 0	 0	 2	 2	 1	 1	 1	 1	664.16	  0.11
154	08	19	v	 0	 1	 1	 0	 0	 1	 2	 1	 1	 1	 1	475.89	  0.07
155	08	19	v	 0	 1	 1	 0	 0	 0	 2	 1	 1	 1	 1	523.17	  0.06
156	08	19	v	 0	 1	 1	 1	 0	 0	 2	 0	 2	 2	 1	541.25	  0.06
157	08	19	v	 0	 1	 1	 0	 1	 0	 2	 0	 1	 1	 1	642.73	  0.06
158	08	19	v	 0	 1	 1	 1	 0	 1	 2	 0	 2	 2	 1	1039.13	  0.06
159	08	19	v	 0	 1	 1	 0	 0	 2	 2	 1	 1	 1	 1	544.81	  0.06
160	08	19	v	 0	 1	 1	 1	 1	 2	 2	 1	 2	 2	 1	597.92	  0.06
161	08	19	v	 0	 1	 1	 1	 0	 0	 2	 0	 2	 2	 1	657.35	  0.06
162	08	19	v	 0	 1	 1	 1	 1	 1	 2	 1	 2	 2	 1	639.06	  0.06
163	08	19	v	 0	 1	 1	 0	 0	 0	 2	 1	 1	 1	 1	569.70	  0.06
164	08	19	v	 0	 1	 1	 1	 0	 1	 2	 0	 2	 2	 1	480.58	  0.06
165	08	19	v	 0	 1	 1	 0	 1	 0	 2	 0	 1	 2	 0	418.53	  0.06
166	08	19	v	 0	 1	 1	 1	 0	 2	 2	 0	 2	 1	 0	445.49	  0.06
167	08	19	v	 0	 1	 1	 1	 0	 2	 2	 0	 2	 2	 1	558.56	  0.06
168	08	19	v	 0	 1	 1	 0	 0	 0	 2	 1	 1	 1	 1	402.52	  0.06
169	08	19	v	 0	 1	 1	 1	 1	 2	 2	 1	 2	 2	 1	485.01	  0.06
170	08	19	v	 0	 1	 1	 0	 1	 2	 2	 0	 1	 1	 1	463.25	  0.08
171	08	19	v	 0	 1	 1	 1	 1	 0	 2	 1	 2	 2	 1	507.16	  0.06
172	08	19	v	 0	 1	 1	 0	 0	 2	 2	 1	 1	 1	 1	517.71	  0.20
173	08	19	v	 0	 1	 1	 0	 0	 1	 2	 1	 1	 1	 1	430.43	  0.07
174	08	19	v	 0	 1	 1	 1	 0	 1	 2	 0	 2	 2	 1	513.93	  0.06
175	08	19	v	 0	 1	 1	 1	 1	 0	 2	 1	 2	 2	 1	461.79	  0.06
176	08	19	v	 0	 1	 1	 1	 0	 1	 2	 0	 2	 2	 1	490.26	  0.06
177	08	19	v	 0	 1	 1	 0	 1	 0	 2	 0	 1	 2	 0	427.40	  0.06
178	08	19	v	 0	 1	 1	 1	 0	 1	 2	 0	 2	 1	 0	453.29	  0.06
179	08	19	v	 0	 1	 1	 1	 1	 1	 2	 1	 2	 2	 1	724.30	  0.08
180	08	19	v	 0	 1	 1	 0	 1	 2	 2	 0	 1	 1	 1	701.29	  0.06
181	08	19	v	 0	 1	 1	 0	 0	 1	 2	 1	 1	 1	 1	524.78	  0.06
182	08	19	v	 0	 1	 1	 1	 0	 2	 2	 0	 2	 2	 1	492.53	  0.06
183	08	19	v	 0	 1	 1	 0	 1	 0	 2	 0	 1	 1	 1	641.17	  0.06
184	08	19	v	 0	 1	 1	 1	 0	 2	 2	 0	 2	 2	 1	503.58	  0.06
185	08	19	v	 0	 1	 1	 0	 0	 1	 2	 1	 1	 1	 1	644.70	  0.06
186	08	19	v	 0	 1	 1	 1	 1	 2	 2	 1	 2	 2	 1	476.94	  0.07
187	08	19	v	 0	 1	 1	 0	 1	 0	 2	 0	 1	 1	 1	388.87	  0.06
188	08	19	v	 0	 1	 1	 1	 0	 2	 2	 0	 2	 2	 1	485.03	  0.08
189	08	19	v	 0	 1	 1	 0	 1	 1	 2	 0	 1	 1	 1	448.26	  0.06
190	08	19	v	 0	 1	 1	 1	 1	 2	 2	 1	 2	 2	 1	456.26	  0.06
191	08	19	v	 0	 1	 1	 1	 1	 1	 2	 1	 2	 2	 1	566.87	  0.08
192	08	19	v	 0	 1	 2	 0	 1	 0	 1	 0	 1	 1	 1	501.67	  0.06
193	08	19	v	 0	 1	 2	 0	 1	 1	 1	 0	 1	 1	 1	279.74	  0.06
194	08	19	v	 0	 1	 2	 1	 1	 1	 1	 1	 2	 1	 0	292.21	  0.06
195	08	19	v	 0	 1	 2	 0	 0	 2	 1	 1	 1	 1	 1	375.57	  0.08
196	08	19	v	 0	 1	 2	 1	 0	 0	 1	 0	 2	 2	 1	418.05	  0.06
197	08	19	v	 0	 1	 2	 0	 1	 2	 1	 0	 1	 1	 1	871.14	  0.06
198	08	19	v	 0	 1	 2	 1	 0	 0	 1	 0	 2	 2	 1	635.80	  0.06
199	08	19	v	 0	 1	 2	 0	 1	 2	 1	 0	 1	 1	 1	520.41	  0.06
200	08	19	v	 0	 1	 2	 1	 0	 0	 1	 0	 2	 2	 1	492.73	  0.06
201	08	19	v	 0	 1	 2	 1	 1	 2	 1	 1	 2	 2	 1	396.44	  0.06
202	08	19	v	 0	 1	 2	 0	 0	 2	 1	 1	 1	 1	 1	449.35	  0.06
203	08	19	v	 0	 1	 2	 1	 1	 0	 1	 1	 2	 2	 1	481.72	  0.06
204	08	19	v	 0	 1	 2	 0	 0	 1	 1	 1	 1	 1	 1	540.77	  0.06
205	08	19	v	 0	 1	 2	 0	 1	 1	 1	 0	 1	 1	 1	737.97	  0.06
206	08	19	v	 0	 1	 2	 1	 0	 1	 1	 0	 2	 2	 1	759.61	  0.06
207	08	19	v	 0	 1	 2	 1	 1	 2	 1	 1	 2	 2	 1	538.14	  0.06
208	08	19	v	 0	 1	 2	 1	 0	 2	 1	 0	 2	 2	 1	596.78	  0.06
209	08	19	v	 0	 1	 2	 0	 0	 1	 1	 1	 1	 1	 1	434.82	  0.06
210	08	19	v	 0	 1	 2	 0	 1	 0	 1	 0	 1	 1	 1	418.69	  0.12
211	08	19	v	 0	 1	 2	 0	 0	 2	 1	 1	 1	 1	 1	450.07	  0.06
212	08	19	v	 0	 1	 2	 1	 1	 2	 1	 1	 2	 2	 1	448.46	  0.06
213	08	19	v	 0	 1	 2	 0	 0	 0	 1	 1	 1	 1	 1	334.44	  0.06
214	08	19	v	 0	 1	 2	 1	 0	 0	 1	 0	 2	 2	 1	501.75	  0.06
215	08	19	v	 0	 1	 2	 1	 0	 0	 1	 0	 2	 2	 1	568.69	  0.06
216	08	19	v	 0	 1	 2	 0	 1	 0	 1	 0	 1	 1	 1	377.46	  0.06
217	08	19	v	 0	 1	 2	 0	 1	 0	 1	 0	 1	 1	 1	499.58	  0.07
218	08	19	v	 0	 1	 2	 1	 1	 1	 1	 1	 2	 2	 1	670.40	  0.06
219	08	19	v	 0	 1	 2	 0	 0	 0	 1	 1	 1	 1	 1	506.13	  0.06
220	08	19	v	 0	 1	 2	 0	 0	 2	 1	 1	 1	 1	 1	586.51	  0.08
221	08	19	v	 0	 1	 2	 1	 0	 1	 1	 0	 2	 2	 1	590.07	  0.06
222	08	19	v	 0	 1	 2	 0	 1	 1	 1	 0	 1	 1	 1	490.25	  0.06
223	08	19	v	 0	 1	 2	 0	 1	 2	 1	 0	 1	 1	 1	766.14	  0.06
224	08	19	v	 0	 1	 2	 0	 0	 0	 1	 1	 1	 1	 1	421.93	  0.06
225	08	19	v	 0	 1	 2	 1	 1	 0	 1	 1	 2	 1	 0	535.25	  0.06
226	08	19	v	 0	 1	 2	 0	 1	 0	 1	 0	 1	 1	 1	506.08	  0.12
227	08	19	v	 0	 1	 2	 1	 0	 0	 1	 0	 2	 2	 1	428.34	  0.06
228	08	19	v	 0	 1	 2	 1	 0	 1	 1	 0	 2	 2	 1	491.81	  0.06
229	08	19	v	 0	 1	 2	 1	 1	 1	 1	 1	 2	 2	 1	424.92	  0.06
230	08	19	v	 0	 1	 2	 0	 1	 2	 1	 0	 1	 1	 1	446.68	  0.07
231	08	19	v	 0	 1	 2	 1	 0	 1	 1	 0	 2	 2	 1	517.02	  0.06
232	08	19	v	 0	 1	 2	 0	 0	 1	 1	 1	 1	 1	 1	475.90	  0.06
233	08	19	v	 0	 1	 2	 0	 0	 0	 1	 1	 1	 1	 1	448.26	  0.06
234	08	19	v	 0	 1	 2	 1	 1	 2	 1	 1	 2	 2	 1	556.22	  0.08
235	08	19	v	 0	 1	 2	 1	 0	 1	 1	 0	 2	 2	 1	499.86	  0.06
236	08	19	v	 0	 1	 2	 1	 1	 0	 1	 1	 2	 2	 1	561.19	  0.06
237	08	19	v	 0	 1	 2	 0	 1	 1	 1	 0	 1	 1	 1	412.85	  0.06
238	08	19	v	 0	 1	 2	 0	 1	 0	 1	 0	 1	 1	 1	468.67	  0.06
239	08	19	v	 0	 1	 2	 0	 0	 1	 1	 1	 1	 1	 1	307.63	  0.06
240	08	19	v	 0	 1	 2	 1	 0	 0	 1	 0	 2	 2	 1	511.04	  0.10
241	08	19	v	 0	 1	 2	 0	 1	 1	 1	 0	 1	 2	 0	325.51	  0.06
242	08	19	v	 0	 1	 2	 1	 1	 0	 1	 1	 2	 1	 0	347.16	  0.20
243	08	19	v	 0	 1	 2	 1	 1	 2	 1	 1	 2	 2	 1	543.44	  0.24
244	08	19	v	 0	 1	 2	 0	 0	 2	 1	 1	 1	 1	 1	480.72	  0.06
245	08	19	v	 0	 1	 2	 1	 0	 2	 1	 0	 2	 2	 1	471.95	  0.06
246	08	19	v	 0	 1	 2	 1	 1	 0	 1	 1	 2	 2	 1	369.29	  0.06
247	08	19	v	 0	 1	 2	 0	 1	 2	 1	 0	 1	 2	 0	416.94	  0.06
248	08	19	v	 0	 1	 2	 0	 1	 0	 1	 0	 1	 2	 0	502.11	  0.06
249	08	19	v	 0	 1	 2	 1	 0	 2	 1	 0	 2	 2	 1	677.09	  0.06
250	08	19	v	 0	 1	 2	 0	 0	 1	 1	 1	 1	 1	 1	324.29	  0.06
251	08	19	v	 0	 1	 2	 1	 0	 1	 1	 0	 2	 2	 1	454.95	  0.06
252	08	19	v	 0	 1	 2	 1	 1	 1	 1	 1	 2	 2	 1	508.64	  0.06
253	08	19	v	 0	 1	 2	 1	 1	 2	 1	 1	 2	 2	 1	444.50	  0.06
254	08	19	v	 0	 1	 2	 0	 1	 1	 1	 0	 1	 1	 1	510.72	  0.06
255	08	19	v	 0	 1	 2	 1	 0	 2	 1	 0	 2	 2	 1	484.47	  0.08
256	08	19	v	 0	 1	 2	 1	 1	 0	 1	 1	 2	 2	 1	523.02	  0.06
257	08	19	v	 0	 1	 2	 1	 1	 0	 1	 1	 2	 2	 1	469.81	  0.06
258	08	19	v	 0	 1	 2	 0	 0	 1	 1	 1	 1	 1	 1	504.72	  0.07
259	08	19	v	 0	 1	 2	 1	 0	 2	 1	 0	 2	 2	 1	553.82	  0.06
260	08	19	v	 0	 1	 2	 0	 0	 0	 1	 1	 1	 2	 0	444.89	  0.06
261	08	19	v	 0	 1	 2	 1	 1	 1	 1	 1	 2	 2	 1	594.92	  0.07
262	08	19	v	 0	 1	 2	 1	 0	 2	 1	 0	 2	 1	 0	386.74	  0.06
263	08	19	v	 0	 1	 2	 1	 1	 0	 1	 1	 2	 2	 1	541.07	  0.06
264	08	19	v	 0	 1	 2	 0	 0	 2	 1	 1	 1	 1	 1	449.69	  0.06
265	08	19	v	 0	 1	 2	 1	 0	 2	 1	 0	 2	 2	 1	469.88	  0.06
266	08	19	v	 0	 1	 2	 1	 1	 1	 1	 1	 2	 2	 1	553.18	  0.06
267	08	19	v	 0	 1	 2	 0	 0	 0	 1	 1	 1	 1	 1	544.33	  0.07
268	08	19	v	 0	 1	 2	 1	 0	 1	 1	 0	 2	 2	 1	443.00	  0.06
269	08	19	v	 0	 1	 2	 1	 1	 2	 1	 1	 2	 1	 0	701.82	  0.13
270	08	19	v	 0	 1	 2	 0	 0	 2	 1	 1	 1	 1	 1	563.18	  0.23
271	08	19	v	 0	 1	 2	 0	 0	 0	 1	 1	 1	 1	 1	558.03	  0.08
272	08	19	v	 0	 1	 2	 0	 1	 2	 1	 0	 1	 1	 1	497.85	  0.22
273	08	19	v	 0	 1	 2	 0	 1	 1	 1	 0	 1	 1	 1	525.60	  0.06
274	08	19	v	 0	 1	 2	 1	 1	 1	 1	 1	 2	 2	 1	455.75	  0.08
275	08	19	v	 0	 1	 2	 0	 1	 0	 1	 0	 1	 1	 1	645.50	  0.06
276	08	19	v	 0	 1	 2	 0	 1	 2	 1	 0	 1	 1	 1	569.61	  0.06
277	08	19	v	 0	 1	 2	 1	 0	 0	 1	 0	 2	 2	 1	480.64	  0.06
278	08	19	v	 0	 1	 2	 1	 1	 1	 1	 1	 2	 2	 1	655.66	  0.06
279	08	19	v	 0	 1	 2	 0	 1	 1	 1	 0	 1	 1	 1	445.93	  0.06
280	08	19	v	 0	 1	 2	 0	 0	 1	 1	 1	 1	 1	 1	550.66	  0.10
281	08	19	v	 0	 1	 2	 0	 0	 1	 1	 1	 1	 1	 1	528.54	  0.06
282	08	19	v	 0	 1	 2	 1	 0	 2	 1	 0	 2	 2	 1	621.82	  0.06
283	08	19	v	 0	 1	 2	 0	 1	 2	 1	 0	 1	 1	 1	527.48	  0.09
284	08	19	v	 0	 1	 2	 0	 0	 0	 1	 1	 1	 1	 1	519.68	  0.19
285	08	19	v	 0	 1	 2	 0	 0	 2	 1	 1	 1	 1	 1	328.35	  0.07
286	08	19	v	 0	 1	 2	 1	 1	 2	 1	 1	 2	 2	 1	411.81	  0.06
287	08	19	v	 0	 1	 2	 1	 0	 1	 1	 0	 2	 1	 0	401.33	  0.06
288	08	19	v	 0	 1	 3	 1	 1	 2	 2	 1	 2	 2	 1	485.89	  0.06
289	08	19	v	 0	 1	 3	 1	 0	 1	 2	 0	 2	 2	 1	474.06	  0.06
290	08	19	v	 0	 1	 3	 1	 0	 1	 2	 0	 2	 2	 1	492.74	  0.07
291	08	19	v	 0	 1	 3	 0	 0	 0	 2	 1	 1	 1	 1	521.03	  0.06
292	08	19	v	 0	 1	 3	 0	 0	 2	 2	 1	 1	 1	 1	393.59	  0.06
293	08	19	v	 0	 1	 3	 1	 1	 1	 2	 1	 2	 2	 1	485.67	  0.06
294	08	19	v	 0	 1	 3	 0	 1	 0	 2	 0	 1	 1	 1	506.97	  0.06
295	08	19	v	 0	 1	 3	 0	 1	 1	 2	 0	 1	 1	 1	388.80	  0.06
296	08	19	v	 0	 1	 3	 1	 0	 2	 2	 0	 2	 2	 1	556.27	  0.06
297	08	19	v	 0	 1	 3	 1	 0	 1	 2	 0	 2	 2	 1	497.59	  0.06
298	08	19	v	 0	 1	 3	 1	 0	 1	 2	 0	 2	 2	 1	451.01	  0.06
299	08	19	v	 0	 1	 3	 0	 1	 0	 2	 0	 1	 1	 1	549.48	  0.06
300	08	19	v	 0	 1	 3	 0	 0	 0	 2	 1	 1	 1	 1	414.98	  0.09
301	08	19	v	 0	 1	 3	 1	 0	 0	 2	 0	 2	 2	 1	501.38	  0.06
302	08	19	v	 0	 1	 3	 0	 0	 0	 2	 1	 1	 1	 1	455.11	  0.06
303	08	19	v	 0	 1	 3	 0	 0	 1	 2	 1	 1	 1	 1	474.06	  0.13
304	08	19	v	 0	 1	 3	 0	 1	 1	 2	 0	 1	 1	 1	476.21	  0.06
305	08	19	v	 0	 1	 3	 0	 0	 1	 2	 1	 1	 1	 1	439.29	  0.07
306	08	19	v	 0	 1	 3	 1	 1	 1	 2	 1	 2	 2	 1	455.92	  0.19
307	08	19	v	 0	 1	 3	 0	 1	 2	 2	 0	 1	 1	 1	454.24	  0.06
308	08	19	v	 0	 1	 3	 0	 0	 0	 2	 1	 1	 1	 1	394.65	  0.06
309	08	19	v	 0	 1	 3	 0	 1	 1	 2	 0	 1	 1	 1	406.15	  0.06
310	08	19	v	 0	 1	 3	 0	 1	 1	 2	 0	 1	 1	 1	367.20	  0.06
311	08	19	v	 0	 1	 3	 1	 0	 1	 2	 0	 2	 2	 1	490.33	  0.06
312	08	19	v	 0	 1	 3	 0	 1	 2	 2	 0	 1	 1	 1	928.36	  0.06
313	08	19	v	 0	 1	 3	 0	 1	 0	 2	 0	 1	 1	 1	596.18	  0.06
314	08	19	v	 0	 1	 3	 1	 1	 1	 2	 1	 2	 2	 1	567.86	  0.20
315	08	19	v	 0	 1	 3	 1	 0	 0	 2	 0	 2	 2	 1	436.69	  0.06
316	08	19	v	 0	 1	 3	 1	 0	 2	 2	 0	 2	 2	 1	423.46	  0.06
317	08	19	v	 0	 1	 3	 1	 0	 2	 2	 0	 2	 2	 1	407.30	  0.13
318	08	19	v	 0	 1	 3	 0	 1	 2	 2	 0	 1	 1	 1	442.95	  0.06
319	08	19	v	 0	 1	 3	 1	 1	 2	 2	 1	 2	 2	 1	442.61	  0.07
320	08	19	v	 0	 1	 3	 1	 1	 0	 2	 1	 2	 2	 1	434.56	  0.06
321	08	19	v	 0	 1	 3	 1	 0	 2	 2	 0	 2	 1	 0	502.15	  0.06
322	08	19	v	 0	 1	 3	 0	 1	 0	 2	 0	 1	 2	 0	384.09	  0.06
323	08	19	v	 0	 1	 3	 0	 1	 1	 2	 0	 1	 1	 1	476.39	  0.06
324	08	19	v	 0	 1	 3	 0	 1	 0	 2	 0	 1	 1	 1	430.02	  0.06
325	08	19	v	 0	 1	 3	 0	 0	 2	 2	 1	 1	 1	 1	418.89	  0.06
326	08	19	v	 0	 1	 3	 1	 0	 1	 2	 0	 2	 2	 1	512.71	  0.09
327	08	19	v	 0	 1	 3	 1	 1	 1	 2	 1	 2	 2	 1	494.65	  0.07
328	08	19	v	 0	 1	 3	 0	 1	 2	 2	 0	 1	 1	 1	640.91	  0.06
329	08	19	v	 0	 1	 3	 1	 0	 0	 2	 0	 2	 2	 1	628.41	  0.20
330	08	19	v	 0	 1	 3	 1	 1	 1	 2	 1	 2	 2	 1	449.92	  0.06
331	08	19	v	 0	 1	 3	 0	 1	 1	 2	 0	 1	 1	 1	511.62	  0.06
332	08	19	v	 0	 1	 3	 0	 1	 0	 2	 0	 1	 1	 1	417.94	  0.06
333	08	19	v	 0	 1	 3	 0	 0	 1	 2	 1	 1	 1	 1	399.07	  0.06
334	08	19	v	 0	 1	 3	 1	 1	 2	 2	 1	 2	 2	 1	564.23	  0.06
335	08	19	v	 0	 1	 3	 0	 1	 1	 2	 0	 1	 1	 1	557.62	  0.09
336	08	19	v	 0	 1	 3	 0	 0	 2	 2	 1	 1	 1	 1	585.78	  0.06
337	08	19	v	 0	 1	 3	 0	 0	 2	 2	 1	 1	 1	 1	464.54	  0.06
338	08	19	v	 0	 1	 3	 0	 1	 2	 2	 0	 1	 1	 1	361.67	  0.20
339	08	19	v	 0	 1	 3	 1	 1	 2	 2	 1	 2	 2	 1	467.58	  0.19
340	08	19	v	 0	 1	 3	 1	 1	 0	 2	 1	 2	 2	 1	924.58	  0.06
341	08	19	v	 0	 1	 3	 1	 1	 0	 2	 1	 2	 2	 1	456.26	  0.22
342	08	19	v	 0	 1	 3	 0	 0	 0	 2	 1	 1	 1	 1	525.15	  0.06
343	08	19	v	 0	 1	 3	 1	 0	 2	 2	 0	 2	 2	 1	853.26	  0.06
344	08	19	v	 0	 1	 3	 0	 0	 1	 2	 1	 1	 1	 1	494.55	  0.21
345	08	19	v	 0	 1	 3	 0	 1	 2	 2	 0	 1	 1	 1	685.70	  0.06
346	08	19	v	 0	 1	 3	 1	 0	 0	 2	 0	 2	 2	 1	520.19	  0.06
347	08	19	v	 0	 1	 3	 1	 0	 0	 2	 0	 2	 2	 1	508.83	  0.06
348	08	19	v	 0	 1	 3	 1	 1	 0	 2	 1	 2	 2	 1	449.35	  0.06
349	08	19	v	 0	 1	 3	 0	 0	 1	 2	 1	 1	 1	 1	540.24	  0.06
350	08	19	v	 0	 1	 3	 1	 1	 2	 2	 1	 2	 2	 1	482.47	  0.06
351	08	19	v	 0	 1	 3	 1	 1	 2	 2	 1	 2	 2	 1	528.30	  0.06
352	08	19	v	 0	 1	 3	 0	 0	 2	 2	 1	 1	 1	 1	450.69	  0.06
353	08	19	v	 0	 1	 3	 1	 0	 2	 2	 0	 2	 2	 1	504.37	  0.06
354	08	19	v	 0	 1	 3	 0	 0	 2	 2	 1	 1	 1	 1	394.21	  0.09
355	08	19	v	 0	 1	 3	 1	 0	 2	 2	 0	 2	 2	 1	463.57	  0.06
356	08	19	v	 0	 1	 3	 1	 1	 0	 2	 1	 2	 2	 1	511.97	  0.19
357	08	19	v	 0	 1	 3	 0	 0	 1	 2	 1	 1	 1	 1	464.19	  0.06
358	08	19	v	 0	 1	 3	 1	 1	 1	 2	 1	 2	 2	 1	562.34	  0.06
359	08	19	v	 0	 1	 3	 1	 0	 0	 2	 0	 2	 2	 1	477.44	  0.09
360	08	19	v	 0	 1	 3	 0	 1	 1	 2	 0	 1	 2	 0	419.31	  0.20
361	08	19	v	 0	 1	 3	 0	 0	 1	 2	 1	 1	 1	 1	617.69	  0.11
362	08	19	v	 0	 1	 3	 1	 1	 2	 2	 1	 2	 2	 1	515.88	  0.06
363	08	19	v	 0	 1	 3	 0	 0	 2	 2	 1	 1	 1	 1	498.03	  0.09
364	08	19	v	 0	 1	 3	 1	 1	 0	 2	 1	 2	 2	 1	405.56	  0.06
365	08	19	v	 0	 1	 3	 0	 0	 2	 2	 1	 1	 1	 1	496.42	  0.06
366	08	19	v	 0	 1	 3	 1	 0	 1	 2	 0	 2	 2	 1	737.65	  0.06
367	08	19	v	 0	 1	 3	 1	 1	 2	 2	 1	 2	 2	 1	492.87	  0.06
368	08	19	v	 0	 1	 3	 1	 0	 2	 2	 0	 2	 1	 0	813.68	  0.06
369	08	19	v	 0	 1	 3	 1	 1	 1	 2	 1	 2	 2	 1	591.82	  0.06
370	08	19	v	 0	 1	 3	 0	 1	 0	 2	 0	 1	 1	 1	501.22	  0.06
371	08	19	v	 0	 1	 3	 1	 0	 1	 2	 0	 2	 2	 1	516.93	  0.06
372	08	19	v	 0	 1	 3	 1	 1	 0	 2	 1	 2	 2	 1	594.09	  0.07
373	08	19	v	 0	 1	 3	 0	 0	 0	 2	 1	 1	 1	 1	665.46	  0.06
374	08	19	v	 0	 1	 3	 1	 0	 0	 2	 0	 2	 2	 1	517.68	  0.06
375	08	19	v	 0	 1	 3	 0	 1	 0	 2	 0	 1	 1	 1	472.79	  0.06
376	08	19	v	 0	 1	 3	 0	 0	 0	 2	 1	 1	 1	 1	445.31	  0.06
377	08	19	v	 0	 1	 3	 0	 0	 1	 2	 1	 1	 1	 1	387.28	  0.06
378	08	19	v	 0	 1	 3	 0	 0	 0	 2	 1	 1	 1	 1	410.70	  0.06
379	08	19	v	 0	 1	 3	 1	 1	 0	 2	 1	 2	 2	 1	659.05	  0.06
380	08	19	v	 0	 1	 3	 0	 1	 2	 2	 0	 1	 2	 0	461.60	  0.06
381	08	19	v	 0	 1	 3	 1	 1	 1	 2	 1	 2	 2	 1	569.47	  0.06
382	08	19	v	 0	 1	 3	 0	 1	 2	 2	 0	 1	 1	 1	616.59	  0.06
383	08	19	v	 0	 1	 3	 1	 0	 0	 2	 0	 2	 2	 1	492.09	  0.06
