00	19	20	v	 0	 2	 0	 1	 1	 0	 1	 1	 2	 2	 1	470.44	  0.06
01	19	20	v	 0	 2	 0	 1	 1	 0	 1	 1	 2	 2	 1	459.23	  0.06
02	19	20	v	 0	 2	 0	 0	 0	 2	 1	 1	 1	 1	 1	375.31	  0.06
03	19	20	v	 0	 2	 0	 0	 1	 2	 1	 0	 1	 1	 1	667.76	  0.06
04	19	20	v	 0	 2	 0	 1	 1	 1	 1	 1	 2	 2	 1	604.35	  0.09
05	19	20	v	 0	 2	 0	 0	 0	 1	 1	 1	 1	 1	 1	443.72	  0.06
06	19	20	v	 0	 2	 0	 1	 1	 0	 1	 1	 2	 2	 1	378.42	  0.20
07	19	20	v	 0	 2	 0	 0	 0	 1	 1	 1	 1	 2	 0	653.33	  0.06
08	19	20	v	 0	 2	 0	 1	 0	 2	 1	 0	 2	 2	 1	428.83	  0.07
09	19	20	v	 0	 2	 0	 1	 0	 1	 1	 0	 2	 2	 1	613.60	  0.09
10	19	20	v	 0	 2	 0	 1	 0	 2	 1	 0	 2	 2	 1	824.33	  0.08
11	19	20	v	 0	 2	 0	 1	 1	 2	 1	 1	 2	 2	 1	454.07	  0.06
12	19	20	v	 0	 2	 0	 0	 1	 2	 1	 0	 1	 1	 1	444.21	  0.06
13	19	20	v	 0	 2	 0	 0	 1	 2	 1	 0	 1	 1	 1	480.68	  0.06
14	19	20	v	 0	 2	 0	 0	 0	 1	 1	 1	 1	 1	 1	580.49	  0.06
15	19	20	v	 0	 2	 0	 1	 0	 2	 1	 0	 2	 2	 1	622.51	  0.06
16	19	20	v	 0	 2	 0	 1	 0	 1	 1	 0	 2	 2	 1	485.04	  0.06
17	19	20	v	 0	 2	 0	 1	 1	 0	 1	 1	 2	 2	 1	436.63	  0.06
18	19	20	v	 0	 2	 0	 1	 1	 2	 1	 1	 2	 2	 1	449.83	  0.06
19	19	20	v	 0	 2	 0	 0	 0	 0	 1	 1	 1	 2	 0	437.16	  0.06
20	19	20	v	 0	 2	 0	 0	 1	 1	 1	 0	 1	 2	 0	307.27	  0.08
21	19	20	v	 0	 2	 0	 0	 0	 2	 1	 1	 1	 2	 0	350.05	  0.06
22	19	20	v	 0	 2	 0	 1	 0	 1	 1	 0	 2	 2	 1	431.12	  0.06
23	19	20	v	 0	 2	 0	 0	 1	 1	 1	 0	 1	 1	 1	443.99	  0.06
24	19	20	v	 0	 2	 0	 1	 0	 2	 1	 0	 2	 2	 1	513.70	  0.07
25	19	20	v	 0	 2	 0	 0	 1	 1	 1	 0	 1	 1	 1	343.37	  0.06
26	19	20	v	 0	 2	 0	 0	 1	 1	 1	 0	 1	 2	 0	486.90	  0.07
27	19	20	v	 0	 2	 0	 0	 1	 0	 1	 0	 1	 2	 0	504.37	  0.06
28	19	20	v	 0	 2	 0	 1	 1	 1	 1	 1	 2	 2	 1	430.27	  0.06
29	19	20	v	 0	 2	 0	 0	 0	 1	 1	 1	 1	 2	 0	434.44	  0.07
30	19	20	v	 0	 2	 0	 1	 1	 0	 1	 1	 2	 2	 1	336.57	  0.06
31	19	20	v	 0	 2	 0	 1	 0	 0	 1	 0	 2	 2	 1	357.45	  0.06
32	19	20	v	 0	 2	 0	 1	 0	 0	 1	 0	 2	 2	 1	471.70	  0.06
33	19	20	v	 0	 2	 0	 0	 0	 0	 1	 1	 1	 1	 1	440.35	  0.06
34	19	20	v	 0	 2	 0	 1	 0	 0	 1	 0	 2	 2	 1	432.04	  0.06
35	19	20	v	 0	 2	 0	 1	 0	 2	 1	 0	 2	 2	 1	419.52	  0.08
36	19	20	v	 0	 2	 0	 0	 1	 0	 1	 0	 1	 1	 1	431.33	  0.06
37	19	20	v	 0	 2	 0	 0	 0	 0	 1	 1	 1	 1	 1	432.73	  0.24
38	19	20	v	 0	 2	 0	 1	 0	 1	 1	 0	 2	 2	 1	609.25	  0.10
39	19	20	v	 0	 2	 0	 1	 1	 1	 1	 1	 2	 2	 1	451.46	  0.06
40	19	20	v	 0	 2	 0	 1	 1	 1	 1	 1	 2	 2	 1	451.80	  0.06
41	19	20	v	 0	 2	 0	 0	 1	 2	 1	 0	 1	 1	 1	402.61	  0.06
42	19	20	v	 0	 2	 0	 0	 1	 2	 1	 0	 1	 1	 1	582.10	  0.06
43	19	20	v	 0	 2	 0	 1	 0	 2	 1	 0	 2	 2	 1	400.39	  0.08
44	19	20	v	 0	 2	 0	 0	 0	 0	 1	 1	 1	 1	 1	478.69	  0.06
45	19	20	v	 0	 2	 0	 1	 1	 1	 1	 1	 2	 2	 1	492.60	  0.09
46	19	20	v	 0	 2	 0	 1	 1	 0	 1	 1	 2	 2	 1	509.16	  0.20
47	19	20	v	 0	 2	 0	 0	 1	 1	 1	 0	 1	 1	 1	442.85	  0.06
48	19	20	v	 0	 2	 0	 0	 1	 0	 1	 0	 1	 1	 1	606.70	  0.07
49	19	20	v	 0	 2	 0	 1	 0	 1	 1	 0	 2	 2	 1	466.77	  0.07
50	19	20	v	 0	 2	 0	 0	 1	 0	 1	 0	 1	 1	 1	496.52	  0.06
51	19	20	v	 0	 2	 0	 1	 0	 0	 1	 0	 2	 2	 1	541.83	  0.06
52	19	20	v	 0	 2	 0	 1	 0	 1	 1	 0	 2	 2	 1	473.14	  0.06
53	19	20	v	 0	 2	 0	 1	 0	 0	 1	 0	 2	 2	 1	421.88	  0.06
54	19	20	v	 0	 2	 0	 0	 0	 0	 1	 1	 1	 1	 1	416.49	  0.06
55	19	20	v	 0	 2	 0	 1	 0	 0	 1	 0	 2	 2	 1	403.39	  0.06
56	19	20	v	 0	 2	 0	 0	 0	 1	 1	 1	 1	 1	 1	394.19	  0.06
57	19	20	v	 0	 2	 0	 0	 1	 0	 1	 0	 1	 1	 1	513.25	  0.07
58	19	20	v	 0	 2	 0	 1	 0	 2	 1	 0	 2	 2	 1	480.28	  0.06
59	19	20	v	 0	 2	 0	 0	 0	 2	 1	 1	 1	 1	 1	349.85	  0.06
60	19	20	v	 0	 2	 0	 0	 0	 0	 1	 1	 1	 1	 1	620.15	  0.09
61	19	20	v	 0	 2	 0	 1	 1	 2	 1	 1	 2	 2	 1	347.14	  0.06
62	19	20	v	 0	 2	 0	 1	 1	 2	 1	 1	 2	 2	 1	489.78	  0.06
63	19	20	v	 0	 2	 0	 1	 1	 2	 1	 1	 2	 2	 1	404.23	  0.06
64	19	20	v	 0	 2	 0	 0	 0	 1	 1	 1	 1	 1	 1	501.10	  0.06
65	19	20	v	 0	 2	 0	 1	 1	 2	 1	 1	 2	 2	 1	329.38	  0.06
66	19	20	v	 0	 2	 0	 1	 1	 0	 1	 1	 2	 2	 1	416.01	  0.07
67	19	20	v	 0	 2	 0	 1	 0	 2	 1	 0	 2	 2	 1	618.04	  0.06
68	19	20	v	 0	 2	 0	 0	 0	 2	 1	 1	 1	 1	 1	540.75	  0.10
69	19	20	v	 0	 2	 0	 1	 0	 1	 1	 0	 2	 1	 0	396.19	  0.08
70	19	20	v	 0	 2	 0	 1	 0	 0	 1	 0	 2	 1	 0	654.31	  0.19
71	19	20	v	 0	 2	 0	 0	 1	 1	 1	 0	 1	 1	 1	702.00	  0.06
72	19	20	v	 0	 2	 0	 0	 0	 2	 1	 1	 1	 2	 0	730.62	  0.06
73	19	20	v	 0	 2	 0	 1	 1	 2	 1	 1	 2	 2	 1	446.02	  0.06
74	19	20	v	 0	 2	 0	 0	 1	 2	 1	 0	 1	 1	 1	498.56	  0.06
75	19	20	v	 0	 2	 0	 0	 1	 0	 1	 0	 1	 1	 1	514.54	  0.10
76	19	20	v	 0	 2	 0	 0	 0	 2	 1	 1	 1	 1	 1	492.15	  0.06
77	19	20	v	 0	 2	 0	 0	 0	 0	 1	 1	 1	 2	 0	443.88	  0.06
78	19	20	v	 0	 2	 0	 1	 0	 1	 1	 0	 2	 2	 1	570.36	  0.06
79	19	20	v	 0	 2	 0	 0	 1	 1	 1	 0	 1	 1	 1	449.72	  0.07
80	19	20	v	 0	 2	 0	 0	 1	 0	 1	 0	 1	 2	 0	449.38	  0.09
81	19	20	v	 0	 2	 0	 1	 1	 2	 1	 1	 2	 2	 1	408.62	  0.06
82	19	20	v	 0	 2	 0	 1	 1	 0	 1	 1	 2	 2	 1	468.50	  0.08
83	19	20	v	 0	 2	 0	 0	 1	 2	 1	 0	 1	 2	 0	355.41	  0.06
84	19	20	v	 0	 2	 0	 1	 1	 1	 1	 1	 2	 2	 1	342.20	  0.19
85	19	20	v	 0	 2	 0	 0	 0	 2	 1	 1	 1	 2	 0	354.45	  0.06
86	19	20	v	 0	 2	 0	 0	 1	 0	 1	 0	 1	 2	 0	361.36	  0.09
87	19	20	v	 0	 2	 0	 1	 0	 0	 1	 0	 2	 2	 1	376.45	  0.21
88	19	20	v	 0	 2	 0	 0	 1	 2	 1	 0	 1	 2	 0	413.44	  0.06
89	19	20	v	 0	 2	 0	 0	 0	 1	 1	 1	 1	 2	 0	378.86	  0.06
90	19	20	v	 0	 2	 0	 0	 0	 1	 1	 1	 1	 1	 1	417.25	  0.07
91	19	20	v	 0	 2	 0	 0	 1	 1	 1	 0	 1	 1	 1	404.03	  0.06
92	19	20	v	 0	 2	 0	 1	 1	 1	 1	 1	 2	 2	 1	427.54	  0.06
93	19	20	v	 0	 2	 0	 1	 1	 1	 1	 1	 2	 1	 0	292.28	  0.06
94	19	20	v	 0	 2	 0	 0	 0	 0	 1	 1	 1	 1	 1	489.04	  0.06
95	19	20	v	 0	 2	 0	 0	 0	 2	 1	 1	 1	 1	 1	436.67	  0.06
96	19	20	v	 0	 2	 1	 0	 0	 0	 2	 1	 1	 1	 1	541.35	  0.07
97	19	20	v	 0	 2	 1	 0	 1	 2	 2	 0	 1	 1	 1	427.27	  0.06
98	19	20	v	 0	 2	 1	 0	 0	 1	 2	 1	 1	 1	 1	451.85	  0.06
99	19	20	v	 0	 2	 1	 0	 0	 2	 2	 1	 1	 1	 1	407.85	  0.06
100	19	20	v	 0	 2	 1	 1	 1	 0	 2	 1	 2	 2	 1	353.30	  0.06
101	19	20	v	 0	 2	 1	 1	 1	 2	 2	 1	 2	 2	 1	413.60	  0.06
102	19	20	v	 0	 2	 1	 1	 0	 0	 2	 0	 2	 2	 1	466.29	  0.11
103	19	20	v	 0	 2	 1	 1	 0	 2	 2	 0	 2	 2	 1	427.13	  0.06
104	19	20	v	 0	 2	 1	 0	 1	 1	 2	 0	 1	 1	 1	441.33	  0.06
105	19	20	v	 0	 2	 1	 0	 1	 1	 2	 0	 1	 1	 1	540.25	  0.06
106	19	20	v	 0	 2	 1	 1	 1	 2	 2	 1	 2	 2	 1	507.08	  0.06
107	19	20	v	 0	 2	 1	 0	 1	 2	 2	 0	 1	 1	 1	436.06	  0.06
108	19	20	v	 0	 2	 1	 1	 1	 0	 2	 1	 2	 2	 1	403.84	  0.06
109	19	20	v	 0	 2	 1	 0	 0	 0	 2	 1	 1	 1	 1	387.90	  0.08
110	19	20	v	 0	 2	 1	 0	 1	 0	 2	 0	 1	 2	 0	585.05	  0.06
111	19	20	v	 0	 2	 1	 1	 0	 0	 2	 0	 2	 2	 1	391.47	  0.08
112	19	20	v	 0	 2	 1	 1	 1	 1	 2	 1	 2	 2	 1	446.44	  0.09
113	19	20	v	 0	 2	 1	 0	 1	 2	 2	 0	 1	 1	 1	378.00	  0.06
114	19	20	v	 0	 2	 1	 0	 1	 0	 2	 0	 1	 2	 0	535.30	  0.07
115	19	20	v	 0	 2	 1	 0	 1	 2	 2	 0	 1	 1	 1	465.30	  0.07
116	19	20	v	 0	 2	 1	 1	 1	 2	 2	 1	 2	 2	 1	415.62	  0.19
117	19	20	v	 0	 2	 1	 1	 0	 2	 2	 0	 2	 2	 1	539.43	  0.07
118	19	20	v	 0	 2	 1	 1	 1	 1	 2	 1	 2	 2	 1	417.81	  0.06
119	19	20	v	 0	 2	 1	 1	 1	 0	 2	 1	 2	 2	 1	489.10	  0.06
120	19	20	v	 0	 2	 1	 0	 1	 1	 2	 0	 1	 1	 1	411.56	  0.06
121	19	20	v	 0	 2	 1	 1	 1	 0	 2	 1	 2	 2	 1	458.98	  0.06
122	19	20	v	 0	 2	 1	 1	 1	 1	 2	 1	 2	 2	 1	437.12	  0.07
123	19	20	v	 0	 2	 1	 1	 1	 2	 2	 1	 2	 2	 1	487.29	  0.06
124	19	20	v	 0	 2	 1	 0	 1	 1	 2	 0	 1	 1	 1	532.52	  0.06
125	19	20	v	 0	 2	 1	 1	 0	 0	 2	 0	 2	 1	 0	559.13	  0.24
126	19	20	v	 0	 2	 1	 1	 1	 2	 2	 1	 2	 2	 1	521.79	  0.06
127	19	20	v	 0	 2	 1	 1	 0	 2	 2	 0	 2	 2	 1	481.14	  0.06
128	19	20	v	 0	 2	 1	 1	 1	 2	 2	 1	 2	 2	 1	703.63	  0.06
129	19	20	v	 0	 2	 1	 0	 0	 1	 2	 1	 1	 1	 1	494.40	  0.27
130	19	20	v	 0	 2	 1	 1	 1	 0	 2	 1	 2	 2	 1	510.59	  0.07
131	19	20	v	 0	 2	 1	 0	 1	 1	 2	 0	 1	 1	 1	505.14	  0.09
132	19	20	v	 0	 2	 1	 0	 0	 2	 2	 1	 1	 1	 1	504.34	  0.06
133	19	20	v	 0	 2	 1	 0	 1	 0	 2	 0	 1	 1	 1	553.50	  0.07
134	19	20	v	 0	 2	 1	 0	 0	 1	 2	 1	 1	 1	 1	393.23	  0.06
135	19	20	v	 0	 2	 1	 1	 0	 0	 2	 0	 2	 2	 1	560.11	  0.06
136	19	20	v	 0	 2	 1	 0	 0	 2	 2	 1	 1	 1	 1	345.38	  0.06
137	19	20	v	 0	 2	 1	 0	 1	 0	 2	 0	 1	 2	 0	370.89	  0.07
138	19	20	v	 0	 2	 1	 1	 0	 2	 2	 0	 2	 1	 0	335.61	  0.07
139	19	20	v	 0	 2	 1	 0	 1	 2	 2	 0	 1	 1	 1	647.06	  0.06
140	19	20	v	 0	 2	 1	 1	 0	 1	 2	 0	 2	 2	 1	447.42	  0.23
141	19	20	v	 0	 2	 1	 0	 1	 0	 2	 0	 1	 1	 1	431.17	  0.06
142	19	20	v	 0	 2	 1	 0	 0	 1	 2	 1	 1	 1	 1	494.31	  0.11
143	19	20	v	 0	 2	 1	 0	 0	 0	 2	 1	 1	 1	 1	501.19	  0.06
144	19	20	v	 0	 2	 1	 1	 0	 0	 2	 0	 2	 2	 1	513.24	  0.19
145	19	20	v	 0	 2	 1	 1	 1	 1	 2	 1	 2	 2	 1	501.83	  0.06
146	19	20	v	 0	 2	 1	 0	 0	 0	 2	 1	 1	 1	 1	510.16	  0.06
147	19	20	v	 0	 2	 1	 0	 1	 0	 2	 0	 1	 1	 1	812.06	  0.24
148	19	20	v	 0	 2	 1	 1	 1	 0	 2	 1	 2	 2	 1	397.98	  0.08
149	19	20	v	 0	 2	 1	 1	 0	 1	 2	 0	 2	 2	 1	426.03	  0.08
150	19	20	v	 0	 2	 1	 1	 0	 2	 2	 0	 2	 2	 1	411.14	  0.06
151	19	20	v	 0	 2	 1	 0	 0	 2	 2	 1	 1	 1	 1	414.76	  0.06
152	19	20	v	 0	 2	 1	 1	 0	 0	 2	 0	 2	 2	 1	375.03	  0.06
153	19	20	v	 0	 2	 1	 1	 0	 1	 2	 0	 2	 2	 1	474.28	  0.06
154	19	20	v	 0	 2	 1	 1	 1	 1	 2	 1	 2	 2	 1	448.70	  0.21
155	19	20	v	 0	 2	 1	 1	 1	 2	 2	 1	 2	 2	 1	444.26	  0.06
156	19	20	v	 0	 2	 1	 0	 1	 1	 2	 0	 1	 1	 1	489.81	  0.06
157	19	20	v	 0	 2	 1	 1	 0	 2	 2	 0	 2	 2	 1	572.51	  0.09
158	19	20	v	 0	 2	 1	 0	 0	 0	 2	 1	 1	 1	 1	492.41	  0.06
159	19	20	v	 0	 2	 1	 0	 0	 1	 2	 1	 1	 1	 1	457.72	  0.06
160	19	20	v	 0	 2	 1	 0	 0	 0	 2	 1	 1	 1	 1	572.24	  0.08
161	19	20	v	 0	 2	 1	 1	 0	 2	 2	 0	 2	 2	 1	504.66	  0.08
162	19	20	v	 0	 2	 1	 1	 0	 2	 2	 0	 2	 2	 1	467.53	  0.09
163	19	20	v	 0	 2	 1	 0	 0	 2	 2	 1	 1	 1	 1	456.60	  0.06
164	19	20	v	 0	 2	 1	 0	 0	 1	 2	 1	 1	 1	 1	504.77	  0.06
165	19	20	v	 0	 2	 1	 1	 1	 0	 2	 1	 2	 2	 1	480.01	  0.06
166	19	20	v	 0	 2	 1	 0	 1	 1	 2	 0	 1	 1	 1	370.43	  0.06
167	19	20	v	 0	 2	 1	 1	 0	 1	 2	 0	 2	 2	 1	475.19	  0.08
168	19	20	v	 0	 2	 1	 1	 1	 2	 2	 1	 2	 2	 1	534.20	  0.06
169	19	20	v	 0	 2	 1	 1	 1	 0	 2	 1	 2	 2	 1	502.29	  0.20
170	19	20	v	 0	 2	 1	 0	 0	 0	 2	 1	 1	 2	 0	501.10	  0.06
171	19	20	v	 0	 2	 1	 1	 1	 1	 2	 1	 2	 2	 1	463.43	  0.20
172	19	20	v	 0	 2	 1	 0	 0	 2	 2	 1	 1	 1	 1	355.48	  0.06
173	19	20	v	 0	 2	 1	 1	 0	 1	 2	 0	 2	 2	 1	383.45	  0.06
174	19	20	v	 0	 2	 1	 1	 1	 1	 2	 1	 2	 2	 1	486.42	  0.06
175	19	20	v	 0	 2	 1	 0	 1	 2	 2	 0	 1	 2	 0	389.42	  0.20
176	19	20	v	 0	 2	 1	 1	 0	 0	 2	 0	 2	 2	 1	413.46	  0.06
177	19	20	v	 0	 2	 1	 1	 0	 1	 2	 0	 2	 2	 1	476.53	  0.06
178	19	20	v	 0	 2	 1	 0	 1	 1	 2	 0	 1	 1	 1	478.08	  0.06
179	19	20	v	 0	 2	 1	 0	 0	 2	 2	 1	 1	 1	 1	443.29	  0.06
180	19	20	v	 0	 2	 1	 0	 1	 2	 2	 0	 1	 1	 1	446.92	  0.06
181	19	20	v	 0	 2	 1	 1	 0	 0	 2	 0	 2	 2	 1	496.35	  0.06
182	19	20	v	 0	 2	 1	 1	 1	 1	 2	 1	 2	 2	 1	466.65	  0.22
183	19	20	v	 0	 2	 1	 0	 1	 0	 2	 0	 1	 1	 1	588.69	  0.08
184	19	20	v	 0	 2	 1	 0	 0	 1	 2	 1	 1	 1	 1	469.12	  0.08
185	19	20	v	 0	 2	 1	 0	 0	 0	 2	 1	 1	 1	 1	479.17	  0.06
186	19	20	v	 0	 2	 1	 1	 0	 1	 2	 0	 2	 2	 1	452.85	  0.07
187	19	20	v	 0	 2	 1	 0	 0	 2	 2	 1	 1	 1	 1	599.47	  0.06
188	19	20	v	 0	 2	 1	 1	 0	 1	 2	 0	 2	 2	 1	435.80	  0.06
189	19	20	v	 0	 2	 1	 0	 1	 2	 2	 0	 1	 1	 1	538.83	  0.06
190	19	20	v	 0	 2	 1	 0	 0	 1	 2	 1	 1	 1	 1	479.29	  0.06
191	19	20	v	 0	 2	 1	 0	 1	 0	 2	 0	 1	 1	 1	382.12	  0.06
192	19	20	v	 0	 2	 2	 1	 1	 1	 1	 1	 2	 2	 1	475.54	  0.06
193	19	20	v	 0	 2	 2	 0	 0	 2	 1	 1	 1	 1	 1	379.57	  0.07
194	19	20	v	 0	 2	 2	 0	 1	 2	 1	 0	 1	 1	 1	384.80	  0.06
195	19	20	v	 0	 2	 2	 0	 0	 1	 1	 1	 1	 1	 1	391.55	  0.06
196	19	20	v	 0	 2	 2	 0	 1	 2	 1	 0	 1	 1	 1	531.89	  0.06
197	19	20	v	 0	 2	 2	 1	 1	 1	 1	 1	 2	 2	 1	426.35	  0.06
198	19	20	v	 0	 2	 2	 1	 1	 2	 1	 1	 2	 2	 1	424.68	  0.06
199	19	20	v	 0	 2	 2	 0	 1	 2	 1	 0	 1	 2	 0	610.61	  0.06
200	19	20	v	 0	 2	 2	 1	 1	 0	 1	 1	 2	 2	 1	507.16	  0.12
201	19	20	v	 0	 2	 2	 0	 1	 2	 1	 0	 1	 1	 1	384.23	  0.09
202	19	20	v	 0	 2	 2	 0	 0	 2	 1	 1	 1	 1	 1	504.45	  0.06
203	19	20	v	 0	 2	 2	 1	 1	 0	 1	 1	 2	 2	 1	586.41	  0.06
204	19	20	v	 0	 2	 2	 1	 1	 2	 1	 1	 2	 2	 1	446.46	  0.09
205	19	20	v	 0	 2	 2	 1	 1	 1	 1	 1	 2	 2	 1	420.71	  0.09
206	19	20	v	 0	 2	 2	 0	 0	 0	 1	 1	 1	 1	 1	448.53	  0.06
207	19	20	v	 0	 2	 2	 1	 0	 0	 1	 0	 2	 2	 1	453.14	  0.07
208	19	20	v	 0	 2	 2	 0	 1	 1	 1	 0	 1	 1	 1	357.48	  0.09
209	19	20	v	 0	 2	 2	 0	 1	 1	 1	 0	 1	 1	 1	483.63	  0.07
210	19	20	v	 0	 2	 2	 1	 1	 0	 1	 1	 2	 2	 1	360.83	  0.07
211	19	20	v	 0	 2	 2	 1	 1	 2	 1	 1	 2	 2	 1	467.07	  0.06
212	19	20	v	 0	 2	 2	 0	 1	 0	 1	 0	 1	 1	 1	365.64	  0.06
213	19	20	v	 0	 2	 2	 1	 0	 2	 1	 0	 2	 2	 1	486.54	  0.22
214	19	20	v	 0	 2	 2	 1	 0	 1	 1	 0	 2	 2	 1	450.99	  0.06
215	19	20	v	 0	 2	 2	 1	 0	 0	 1	 0	 2	 2	 1	482.55	  0.06
216	19	20	v	 0	 2	 2	 0	 0	 0	 1	 1	 1	 1	 1	495.71	  0.06
217	19	20	v	 0	 2	 2	 0	 1	 1	 1	 0	 1	 1	 1	450.18	  0.06
218	19	20	v	 0	 2	 2	 0	 1	 0	 1	 0	 1	 1	 1	400.54	  0.09
219	19	20	v	 0	 2	 2	 1	 0	 1	 1	 0	 2	 2	 1	485.01	  0.08
220	19	20	v	 0	 2	 2	 1	 0	 2	 1	 0	 2	 2	 1	432.73	  0.06
221	19	20	v	 0	 2	 2	 1	 1	 1	 1	 1	 2	 2	 1	564.37	  0.06
222	19	20	v	 0	 2	 2	 0	 0	 0	 1	 1	 1	 1	 1	341.90	  0.06
223	19	20	v	 0	 2	 2	 1	 0	 0	 1	 0	 2	 2	 1	481.14	  0.07
224	19	20	v	 0	 2	 2	 1	 1	 1	 1	 1	 2	 2	 1	460.84	  0.06
225	19	20	v	 0	 2	 2	 1	 1	 1	 1	 1	 2	 2	 1	493.01	  0.06
226	19	20	v	 0	 2	 2	 0	 1	 0	 1	 0	 1	 1	 1	439.54	  0.08
227	19	20	v	 0	 2	 2	 1	 1	 2	 1	 1	 2	 2	 1	453.29	  0.06
228	19	20	v	 0	 2	 2	 0	 1	 0	 1	 0	 1	 1	 1	402.36	  0.07
229	19	20	v	 0	 2	 2	 1	 0	 2	 1	 0	 2	 2	 1	457.96	  0.06
230	19	20	v	 0	 2	 2	 0	 1	 1	 1	 0	 1	 1	 1	424.16	  0.06
231	19	20	v	 0	 2	 2	 0	 0	 1	 1	 1	 1	 1	 1	458.41	  0.06
232	19	20	v	 0	 2	 2	 1	 0	 1	 1	 0	 2	 2	 1	608.79	  0.06
233	19	20	v	 0	 2	 2	 0	 1	 2	 1	 0	 1	 1	 1	366.83	  0.19
234	19	20	v	 0	 2	 2	 0	 0	 1	 1	 1	 1	 1	 1	528.74	  0.06
235	19	20	v	 0	 2	 2	 1	 0	 2	 1	 0	 2	 2	 1	410.81	  0.06
236	19	20	v	 0	 2	 2	 0	 0	 0	 1	 1	 1	 1	 1	335.72	  0.06
237	19	20	v	 0	 2	 2	 1	 0	 2	 1	 0	 2	 2	 1	556.89	  0.07
238	19	20	v	 0	 2	 2	 0	 0	 0	 1	 1	 1	 1	 1	417.74	  0.06
239	19	20	v	 0	 2	 2	 1	 0	 0	 1	 0	 2	 2	 1	476.83	  0.06
240	19	20	v	 0	 2	 2	 0	 1	 0	 1	 0	 1	 1	 1	461.76	  0.07
241	19	20	v	 0	 2	 2	 1	 1	 2	 1	 1	 2	 2	 1	420.31	  0.06
242	19	20	v	 0	 2	 2	 1	 0	 2	 1	 0	 2	 2	 1	475.59	  0.07
243	19	20	v	 0	 2	 2	 0	 1	 0	 1	 0	 1	 1	 1	358.37	  0.06
244	19	20	v	 0	 2	 2	 0	 0	 2	 1	 1	 1	 1	 1	521.20	  0.06
245	19	20	v	 0	 2	 2	 0	 1	 2	 1	 0	 1	 1	 1	421.17	  0.06
246	19	20	v	 0	 2	 2	 1	 1	 2	 1	 1	 2	 2	 1	435.30	  0.06
247	19	20	v	 0	 2	 2	 0	 0	 2	 1	 1	 1	 1	 1	338.05	  0.06
248	19	20	v	 0	 2	 2	 1	 1	 0	 1	 1	 2	 2	 1	427.50	  0.06
249	19	20	v	 0	 2	 2	 1	 0	 0	 1	 0	 2	 2	 1	503.89	  0.06
250	19	20	v	 0	 2	 2	 0	 0	 1	 1	 1	 1	 1	 1	528.41	  0.06
251	19	20	v	 0	 2	 2	 0	 0	 0	 1	 1	 1	 1	 1	517.50	  0.06
252	19	20	v	 0	 2	 2	 0	 1	 2	 1	 0	 1	 1	 1	463.87	  0.06
253	19	20	v	 0	 2	 2	 1	 1	 1	 1	 1	 2	 2	 1	453.81	  0.06
254	19	20	v	 0	 2	 2	 1	 0	 1	 1	 0	 2	 1	 0	458.32	  0.06
255	19	20	v	 0	 2	 2	 0	 0	 1	 1	 1	 1	 1	 1	489.74	  0.07
256	19	20	v	 0	 2	 2	 1	 1	 2	 1	 1	 2	 2	 1	419.99	  0.07
257	19	20	v	 0	 2	 2	 1	 0	 0	 1	 0	 2	 2	 1	442.46	  0.06
258	19	20	v	 0	 2	 2	 1	 0	 1	 1	 0	 2	 2	 1	453.93	  0.06
259	19	20	v	 0	 2	 2	 1	 1	 1	 1	 1	 2	 2	 1	499.47	  0.06
260	19	20	v	 0	 2	 2	 0	 0	 0	 1	 1	 1	 1	 1	417.85	  0.06
261	19	20	v	 0	 2	 2	 0	 1	 1	 1	 0	 1	 1	 1	396.53	  0.21
262	19	20	v	 0	 2	 2	 0	 1	 0	 1	 0	 1	 1	 1	515.37	  0.06
263	19	20	v	 0	 2	 2	 0	 1	 2	 1	 0	 1	 1	 1	526.68	  0.10
264	19	20	v	 0	 2	 2	 1	 1	 0	 1	 1	 2	 2	 1	487.04	  0.06
265	19	20	v	 0	 2	 2	 1	 0	 2	 1	 0	 2	 2	 1	442.26	  0.06
266	19	20	v	 0	 2	 2	 0	 0	 2	 1	 1	 1	 1	 1	455.17	  0.06
267	19	20	v	 0	 2	 2	 1	 0	 0	 1	 0	 2	 2	 1	465.75	  0.06
268	19	20	v	 0	 2	 2	 0	 1	 1	 1	 0	 1	 1	 1	378.55	  0.22
269	19	20	v	 0	 2	 2	 0	 0	 0	 1	 1	 1	 1	 1	489.41	  0.06
270	19	20	v	 0	 2	 2	 1	 1	 0	 1	 1	 2	 2	 1	474.08	  0.07
271	19	20	v	 0	 2	 2	 1	 0	 0	 1	 0	 2	 2	 1	500.14	  0.06
272	19	20	v	 0	 2	 2	 0	 0	 2	 1	 1	 1	 1	 1	425.90	  0.06
273	19	20	v	 0	 2	 2	 0	 1	 1	 1	 0	 1	 1	 1	456.28	  0.11
274	19	20	v	 0	 2	 2	 1	 1	 2	 1	 1	 2	 2	 1	471.47	  0.06
275	19	20	v	 0	 2	 2	 0	 0	 2	 1	 1	 1	 1	 1	305.27	  0.06
276	19	20	v	 0	 2	 2	 1	 0	 1	 1	 0	 2	 2	 1	619.57	  0.06
277	19	20	v	 0	 2	 2	 1	 1	 0	 1	 1	 2	 2	 1	466.58	  0.06
278	19	20	v	 0	 2	 2	 0	 1	 0	 1	 0	 1	 1	 1	455.60	  0.06
279	19	20	v	 0	 2	 2	 0	 0	 1	 1	 1	 1	 1	 1	437.57	  0.09
280	19	20	v	 0	 2	 2	 1	 0	 1	 1	 0	 2	 2	 1	495.54	  0.06
281	19	20	v	 0	 2	 2	 0	 0	 1	 1	 1	 1	 1	 1	347.66	  0.06
282	19	20	v	 0	 2	 2	 1	 0	 1	 1	 0	 2	 2	 1	465.70	  0.06
283	19	20	v	 0	 2	 2	 1	 1	 0	 1	 1	 2	 2	 1	460.07	  0.07
284	19	20	v	 0	 2	 2	 0	 0	 1	 1	 1	 1	 1	 1	421.72	  0.21
285	19	20	v	 0	 2	 2	 1	 0	 2	 1	 0	 2	 2	 1	436.53	  0.22
286	19	20	v	 0	 2	 2	 0	 0	 2	 1	 1	 1	 1	 1	469.24	  0.06
287	19	20	v	 0	 2	 2	 0	 1	 1	 1	 0	 1	 1	 1	495.90	  0.06
288	19	20	v	 0	 2	 3	 1	 0	 1	 2	 0	 2	 2	 1	498.58	  0.07
289	19	20	v	 0	 2	 3	 0	 1	 1	 2	 0	 1	 1	 1	403.81	  0.07
290	19	20	v	 0	 2	 3	 1	 1	 1	 2	 1	 2	 2	 1	493.12	  0.06
291	19	20	v	 0	 2	 3	 1	 1	 2	 2	 1	 2	 2	 1	611.48	  0.07
292	19	20	v	 0	 2	 3	 1	 0	 0	 2	 0	 2	 2	 1	423.03	  0.06
293	19	20	v	 0	 2	 3	 1	 1	 0	 2	 1	 2	 2	 1	482.37	  0.06
294	19	20	v	 0	 2	 3	 0	 1	 1	 2	 0	 1	 2	 0	400.50	  0.06
295	19	20	v	 0	 2	 3	 0	 0	 2	 2	 1	 1	 2	 0	322.53	  0.06
296	19	20	v	 0	 2	 3	 1	 1	 2	 2	 1	 2	 2	 1	390.88	  0.06
297	19	20	v	 0	 2	 3	 1	 1	 2	 2	 1	 2	 2	 1	304.62	  0.06
298	19	20	v	 0	 2	 3	 0	 1	 1	 2	 0	 1	 1	 1	455.05	  0.14
299	19	20	v	 0	 2	 3	 1	 1	 1	 2	 1	 2	 2	 1	458.51	  0.06
300	19	20	v	 0	 2	 3	 1	 0	 0	 2	 0	 2	 2	 1	499.19	  0.07
301	19	20	v	 0	 2	 3	 0	 0	 0	 2	 1	 1	 2	 0	470.46	  0.23
302	19	20	v	 0	 2	 3	 1	 1	 0	 2	 1	 2	 2	 1	571.38	  0.07
303	19	20	v	 0	 2	 3	 0	 1	 0	 2	 0	 1	 1	 1	233.99	  0.06
304	19	20	v	 0	 2	 3	 1	 1	 0	 2	 1	 2	 2	 1	398.25	  0.22
305	19	20	v	 0	 2	 3	 0	 0	 1	 2	 1	 1	 1	 1	365.12	  0.09
306	19	20	v	 0	 2	 3	 0	 1	 0	 2	 0	 1	 1	 1	497.43	  0.06
307	19	20	v	 0	 2	 3	 1	 1	 1	 2	 1	 2	 2	 1	558.54	  0.07
308	19	20	v	 0	 2	 3	 1	 0	 2	 2	 0	 2	 2	 1	464.31	  0.08
309	19	20	v	 0	 2	 3	 0	 0	 2	 2	 1	 1	 1	 1	372.58	  0.08
310	19	20	v	 0	 2	 3	 0	 1	 1	 2	 0	 1	 2	 0	374.35	  0.06
311	19	20	v	 0	 2	 3	 1	 1	 0	 2	 1	 2	 2	 1	391.41	  0.06
312	19	20	v	 0	 2	 3	 1	 0	 0	 2	 0	 2	 2	 1	428.70	  0.06
313	19	20	v	 0	 2	 3	 0	 1	 0	 2	 0	 1	 2	 0	327.53	  0.06
314	19	20	v	 0	 2	 3	 1	 1	 2	 2	 1	 2	 2	 1	426.01	  0.06
315	19	20	v	 0	 2	 3	 0	 1	 0	 2	 0	 1	 2	 0	469.44	  0.06
316	19	20	v	 0	 2	 3	 0	 0	 1	 2	 1	 1	 1	 1	405.38	  0.06
317	19	20	v	 0	 2	 3	 1	 0	 1	 2	 0	 2	 2	 1	616.64	  0.06
318	19	20	v	 0	 2	 3	 1	 1	 2	 2	 1	 2	 2	 1	446.62	  0.06
319	19	20	v	 0	 2	 3	 0	 1	 1	 2	 0	 1	 1	 1	545.23	  0.08
320	19	20	v	 0	 2	 3	 0	 1	 1	 2	 0	 1	 1	 1	394.20	  0.06
321	19	20	v	 0	 2	 3	 1	 0	 2	 2	 0	 2	 2	 1	360.98	  0.10
322	19	20	v	 0	 2	 3	 1	 0	 0	 2	 0	 2	 2	 1	362.89	  0.06
323	19	20	v	 0	 2	 3	 0	 0	 0	 2	 1	 1	 1	 1	438.42	  0.06
324	19	20	v	 0	 2	 3	 0	 0	 1	 2	 1	 1	 2	 0	353.55	  0.06
325	19	20	v	 0	 2	 3	 1	 1	 1	 2	 1	 2	 2	 1	512.54	  0.08
326	19	20	v	 0	 2	 3	 1	 0	 0	 2	 0	 2	 2	 1	375.36	  0.06
327	19	20	v	 0	 2	 3	 1	 0	 0	 2	 0	 2	 2	 1	503.42	  0.06
328	19	20	v	 0	 2	 3	 1	 1	 2	 2	 1	 2	 2	 1	457.55	  0.06
329	19	20	v	 0	 2	 3	 0	 0	 1	 2	 1	 1	 2	 0	329.88	  0.06
330	19	20	v	 0	 2	 3	 0	 0	 1	 2	 1	 1	 1	 1	379.67	  0.06
331	19	20	v	 0	 2	 3	 1	 0	 2	 2	 0	 2	 2	 1	347.93	  0.06
332	19	20	v	 0	 2	 3	 1	 0	 0	 2	 0	 2	 2	 1	407.99	  0.07
333	19	20	v	 0	 2	 3	 1	 0	 2	 2	 0	 2	 2	 1	353.50	  0.07
334	19	20	v	 0	 2	 3	 0	 0	 1	 2	 1	 1	 1	 1	422.21	  0.07
335	19	20	v	 0	 2	 3	 1	 1	 0	 2	 1	 2	 2	 1	448.67	  0.09
336	19	20	v	 0	 2	 3	 1	 1	 2	 2	 1	 2	 2	 1	481.44	  0.20
337	19	20	v	 0	 2	 3	 1	 0	 1	 2	 0	 2	 2	 1	473.65	  0.07
338	19	20	v	 0	 2	 3	 0	 0	 2	 2	 1	 1	 1	 1	434.74	  0.06
339	19	20	v	 0	 2	 3	 1	 0	 2	 2	 0	 2	 2	 1	373.36	  0.06
340	19	20	v	 0	 2	 3	 0	 0	 2	 2	 1	 1	 2	 0	460.89	  0.07
341	19	20	v	 0	 2	 3	 1	 0	 1	 2	 0	 2	 2	 1	405.89	  0.09
342	19	20	v	 0	 2	 3	 0	 1	 2	 2	 0	 1	 1	 1	396.32	  0.08
343	19	20	v	 0	 2	 3	 1	 1	 1	 2	 1	 2	 2	 1	446.77	  0.06
344	19	20	v	 0	 2	 3	 0	 0	 1	 2	 1	 1	 1	 1	372.98	  0.06
345	19	20	v	 0	 2	 3	 1	 0	 1	 2	 0	 2	 2	 1	412.26	  0.07
346	19	20	v	 0	 2	 3	 0	 1	 1	 2	 0	 1	 1	 1	359.10	  0.06
347	19	20	v	 0	 2	 3	 0	 0	 0	 2	 1	 1	 1	 1	567.55	  0.06
348	19	20	v	 0	 2	 3	 0	 1	 2	 2	 0	 1	 1	 1	419.09	  0.06
349	19	20	v	 0	 2	 3	 1	 1	 2	 2	 1	 2	 2	 1	588.32	  0.10
350	19	20	v	 0	 2	 3	 0	 1	 2	 2	 0	 1	 1	 1	358.84	  0.06
351	19	20	v	 0	 2	 3	 0	 0	 2	 2	 1	 1	 1	 1	443.65	  0.06
352	19	20	v	 0	 2	 3	 1	 1	 0	 2	 1	 2	 2	 1	489.20	  0.06
353	19	20	v	 0	 2	 3	 1	 1	 0	 2	 1	 2	 2	 1	444.76	  0.06
354	19	20	v	 0	 2	 3	 0	 1	 2	 2	 0	 1	 1	 1	448.48	  0.06
355	19	20	v	 0	 2	 3	 0	 1	 2	 2	 0	 1	 2	 0	336.95	  0.06
356	19	20	v	 0	 2	 3	 0	 0	 0	 2	 1	 1	 1	 1	448.06	  0.06
357	19	20	v	 0	 2	 3	 1	 0	 0	 2	 0	 2	 2	 1	348.67	  0.06
358	19	20	v	 0	 2	 3	 0	 0	 2	 2	 1	 1	 1	 1	421.66	  0.06
359	19	20	v	 0	 2	 3	 1	 0	 1	 2	 0	 2	 2	 1	449.32	  0.07
360	19	20	v	 0	 2	 3	 0	 0	 2	 2	 1	 1	 1	 1	378.84	  0.06
361	19	20	v	 0	 2	 3	 0	 1	 0	 2	 0	 1	 1	 1	581.38	  0.06
362	19	20	v	 0	 2	 3	 1	 0	 1	 2	 0	 2	 2	 1	603.65	  0.06
363	19	20	v	 0	 2	 3	 0	 1	 0	 2	 0	 1	 1	 1	387.37	  0.06
364	19	20	v	 0	 2	 3	 1	 1	 1	 2	 1	 2	 2	 1	428.62	  0.07
365	19	20	v	 0	 2	 3	 1	 0	 2	 2	 0	 2	 2	 1	532.05	  0.06
366	19	20	v	 0	 2	 3	 0	 0	 0	 2	 1	 1	 1	 1	447.65	  0.10
367	19	20	v	 0	 2	 3	 0	 0	 0	 2	 1	 1	 2	 0	512.45	  0.06
368	19	20	v	 0	 2	 3	 1	 0	 2	 2	 0	 2	 2	 1	519.01	  0.06
369	19	20	v	 0	 2	 3	 0	 0	 0	 2	 1	 1	 1	 1	431.68	  0.06
370	19	20	v	 0	 2	 3	 1	 1	 1	 2	 1	 2	 2	 1	526.66	  0.08
371	19	20	v	 0	 2	 3	 0	 1	 0	 2	 0	 1	 2	 0	508.11	  0.06
372	19	20	v	 0	 2	 3	 0	 0	 0	 2	 1	 1	 2	 0	718.86	  0.06
373	19	20	v	 0	 2	 3	 0	 0	 2	 2	 1	 1	 1	 1	582.58	  0.22
374	19	20	v	 0	 2	 3	 1	 1	 0	 2	 1	 2	 2	 1	424.29	  0.06
375	19	20	v	 0	 2	 3	 0	 1	 1	 2	 0	 1	 1	 1	491.52	  0.06
376	19	20	v	 0	 2	 3	 1	 0	 1	 2	 0	 2	 2	 1	509.24	  0.06
377	19	20	v	 0	 2	 3	 1	 0	 2	 2	 0	 2	 2	 1	502.64	  0.06
378	19	20	v	 0	 2	 3	 0	 1	 2	 2	 0	 1	 1	 1	403.71	  0.06
379	19	20	v	 0	 2	 3	 0	 1	 2	 2	 0	 1	 1	 1	402.51	  0.07
380	19	20	v	 0	 2	 3	 0	 1	 2	 2	 0	 1	 1	 1	410.08	  0.08
381	19	20	v	 0	 2	 3	 0	 0	 1	 2	 1	 1	 1	 1	404.93	  0.06
382	19	20	v	 0	 2	 3	 1	 1	 1	 2	 1	 2	 2	 1	411.27	  0.06
383	19	20	v	 0	 2	 3	 0	 1	 0	 2	 0	 1	 1	 1	405.98	  0.06
