00	38	18	v	 1	 1	 0	 1	 0	 0	 1	 0	 2	 2	 1	712.13	  0.06
01	38	18	v	 1	 1	 0	 0	 1	 2	 1	 0	 1	 1	 1	506.71	  0.06
02	38	18	v	 1	 1	 0	 0	 1	 0	 1	 0	 1	 1	 1	550.75	  0.08
03	38	18	v	 1	 1	 0	 0	 0	 2	 1	 1	 1	 1	 1	478.76	  0.06
04	38	18	v	 1	 1	 0	 0	 1	 0	 1	 0	 1	 1	 1	533.52	  0.06
05	38	18	v	 1	 1	 0	 1	 0	 1	 1	 0	 2	 2	 1	640.32	  0.07
06	38	18	v	 1	 1	 0	 0	 1	 2	 1	 0	 1	 1	 1	521.54	  0.06
07	38	18	v	 1	 1	 0	 0	 0	 0	 1	 1	 1	 1	 1	441.47	  0.06
08	38	18	v	 1	 1	 0	 0	 0	 0	 1	 1	 1	 1	 1	555.17	  0.06
09	38	18	v	 1	 1	 0	 0	 1	 1	 1	 0	 1	 1	 1	604.62	  0.06
10	38	18	v	 1	 1	 0	 1	 1	 0	 1	 1	 2	 2	 1	 96.08	  0.06
11	38	18	v	 1	 1	 0	 1	 0	 1	 1	 0	 2	 2	 1	720.59	  0.06
12	38	18	v	 1	 1	 0	 1	 1	 2	 1	 1	 2	 2	 1	497.69	  0.20
13	38	18	v	 1	 1	 0	 0	 1	 0	 1	 0	 1	 1	 1	533.72	  0.06
14	38	18	v	 1	 1	 0	 1	 0	 0	 1	 0	 2	 2	 1	443.78	  0.06
15	38	18	v	 1	 1	 0	 0	 0	 1	 1	 1	 1	 1	 1	505.41	  0.06
16	38	18	v	 1	 1	 0	 1	 1	 1	 1	 1	 2	 2	 1	541.57	  0.06
17	38	18	v	 1	 1	 0	 0	 0	 1	 1	 1	 1	 1	 1	468.53	  0.08
18	38	18	v	 1	 1	 0	 0	 1	 0	 1	 0	 1	 1	 1	560.34	  0.06
19	38	18	v	 1	 1	 0	 1	 0	 2	 1	 0	 2	 2	 1	566.99	  0.06
20	38	18	v	 1	 1	 0	 0	 1	 0	 1	 0	 1	 1	 1	420.65	  0.06
21	38	18	v	 1	 1	 0	 1	 0	 2	 1	 0	 2	 2	 1	578.16	  0.06
22	38	18	v	 1	 1	 0	 1	 0	 2	 1	 0	 2	 2	 1	529.90	  0.08
23	38	18	v	 1	 1	 0	 1	 1	 1	 1	 1	 2	 2	 1	548.52	  0.22
24	38	18	v	 1	 1	 0	 0	 1	 2	 1	 0	 1	 1	 1	1645.21	  0.06
25	38	18	v	 1	 1	 0	 0	 0	 0	 1	 1	 1	 1	 1	516.77	  0.06
26	38	18	v	 1	 1	 0	 1	 0	 1	 1	 0	 2	 2	 1	179.61	  0.09
27	38	18	v	 1	 1	 0	 0	 1	 1	 1	 0	 1	 1	 1	761.14	  0.08
28	38	18	v	 1	 1	 0	 1	 1	 2	 1	 1	 2	 2	 1	444.23	  0.06
29	38	18	v	 1	 1	 0	 0	 1	 1	 1	 0	 1	 1	 1	431.79	  0.07
30	38	18	v	 1	 1	 0	 1	 0	 2	 1	 0	 2	 2	 1	440.67	  0.06
31	38	18	v	 1	 1	 0	 1	 1	 0	 1	 1	 2	 2	 1	752.06	  0.11
32	38	18	v	 1	 1	 0	 0	 0	 0	 1	 1	 1	 1	 1	640.52	  0.06
33	38	18	v	 1	 1	 0	 0	 0	 2	 1	 1	 1	 1	 1	632.71	  0.06
34	38	18	v	 1	 1	 0	 0	 0	 1	 1	 1	 1	 1	 1	523.28	  0.06
35	38	18	v	 1	 1	 0	 1	 1	 1	 1	 1	 2	 2	 1	549.99	  0.07
36	38	18	v	 1	 1	 0	 1	 1	 2	 1	 1	 2	 2	 1	483.25	  0.06
37	38	18	v	 1	 1	 0	 1	 0	 1	 1	 0	 2	 2	 1	512.99	  0.06
38	38	18	v	 1	 1	 0	 1	 0	 2	 1	 0	 2	 2	 1	518.76	  0.07
39	38	18	v	 1	 1	 0	 0	 0	 2	 1	 1	 1	 2	 0	583.63	  0.06
40	38	18	v	 1	 1	 0	 1	 0	 0	 1	 0	 2	 2	 1	473.57	  0.07
41	38	18	v	 1	 1	 0	 1	 0	 1	 1	 0	 2	 2	 1	692.43	  0.06
42	38	18	v	 1	 1	 0	 1	 0	 2	 1	 0	 2	 2	 1	591.55	  0.08
43	38	18	v	 1	 1	 0	 1	 1	 1	 1	 1	 2	 2	 1	206.15	  0.09
44	38	18	v	 1	 1	 0	 0	 0	 0	 1	 1	 1	 1	 1	569.17	  0.09
45	38	18	v	 1	 1	 0	 0	 1	 2	 1	 0	 1	 1	 1	534.47	  0.06
46	38	18	v	 1	 1	 0	 1	 1	 0	 1	 1	 2	 2	 1	449.60	  0.06
47	38	18	v	 1	 1	 0	 0	 0	 1	 1	 1	 1	 1	 1	661.96	  0.20
48	38	18	v	 1	 1	 0	 1	 1	 2	 1	 1	 2	 2	 1	484.80	  0.06
49	38	18	v	 1	 1	 0	 0	 0	 1	 1	 1	 1	 1	 1	501.30	  0.07
50	38	18	v	 1	 1	 0	 0	 0	 0	 1	 1	 1	 1	 1	562.10	  0.06
51	38	18	v	 1	 1	 0	 1	 1	 1	 1	 1	 2	 2	 1	626.64	  0.06
52	38	18	v	 1	 1	 0	 0	 1	 1	 1	 0	 1	 1	 1	521.29	  0.07
53	38	18	v	 1	 1	 0	 0	 0	 2	 1	 1	 1	 1	 1	518.62	  0.06
54	38	18	v	 1	 1	 0	 1	 0	 0	 1	 0	 2	 2	 1	1368.30	  0.07
55	38	18	v	 1	 1	 0	 1	 1	 2	 1	 1	 2	 2	 1	327.19	  0.06
56	38	18	v	 1	 1	 0	 1	 1	 1	 1	 1	 2	 2	 1	594.76	  0.06
57	38	18	v	 1	 1	 0	 0	 0	 0	 1	 1	 1	 2	 0	611.62	  0.06
58	38	18	v	 1	 1	 0	 0	 1	 0	 1	 0	 1	 1	 1	421.93	  0.06
59	38	18	v	 1	 1	 0	 1	 1	 0	 1	 1	 2	 1	 0	501.21	  0.07
60	38	18	v	 1	 1	 0	 0	 0	 2	 1	 1	 1	 1	 1	497.19	  0.06
61	38	18	v	 1	 1	 0	 1	 0	 0	 1	 0	 2	 2	 1	414.31	  0.07
62	38	18	v	 1	 1	 0	 1	 1	 0	 1	 1	 2	 2	 1	476.60	  0.06
63	38	18	v	 1	 1	 0	 1	 0	 1	 1	 0	 2	 2	 1	471.47	  0.06
64	38	18	v	 1	 1	 0	 0	 1	 1	 1	 0	 1	 1	 1	620.60	  0.20
65	38	18	v	 1	 1	 0	 1	 0	 2	 1	 0	 2	 2	 1	475.16	  0.06
66	38	18	v	 1	 1	 0	 0	 1	 0	 1	 0	 1	 1	 1	501.03	  0.06
67	38	18	v	 1	 1	 0	 1	 1	 0	 1	 1	 2	 2	 1	603.40	  0.06
68	38	18	v	 1	 1	 0	 0	 0	 2	 1	 1	 1	 1	 1	602.64	  0.06
69	38	18	v	 1	 1	 0	 0	 0	 0	 1	 1	 1	 1	 1	683.72	  0.07
70	38	18	v	 1	 1	 0	 1	 1	 0	 1	 1	 2	 2	 1	503.80	  0.06
71	38	18	v	 1	 1	 0	 0	 1	 2	 1	 0	 1	 1	 1	593.87	  0.06
72	38	18	v	 1	 1	 0	 1	 1	 2	 1	 1	 2	 2	 1	1257.49	  0.06
73	38	18	v	 1	 1	 0	 1	 0	 0	 1	 0	 2	 2	 1	659.58	  0.06
74	38	18	v	 1	 1	 0	 0	 0	 2	 1	 1	 1	 1	 1	576.42	  0.06
75	38	18	v	 1	 1	 0	 1	 0	 2	 1	 0	 2	 2	 1	697.47	  0.07
76	38	18	v	 1	 1	 0	 0	 1	 0	 1	 0	 1	 1	 1	426.21	  0.10
77	38	18	v	 1	 1	 0	 0	 1	 1	 1	 0	 1	 2	 0	342.46	  0.07
78	38	18	v	 1	 1	 0	 1	 0	 0	 1	 0	 2	 1	 0	600.91	  0.06
79	38	18	v	 1	 1	 0	 1	 1	 2	 1	 1	 2	 2	 1	599.21	  0.06
80	38	18	v	 1	 1	 0	 1	 1	 1	 1	 1	 2	 2	 1	787.92	  0.20
81	38	18	v	 1	 1	 0	 1	 1	 0	 1	 1	 2	 1	 0	498.10	  0.06
82	38	18	v	 1	 1	 0	 0	 1	 2	 1	 0	 1	 2	 0	432.25	  0.06
83	38	18	v	 1	 1	 0	 0	 0	 1	 1	 1	 1	 1	 1	601.02	  0.07
84	38	18	v	 1	 1	 0	 0	 0	 1	 1	 1	 1	 1	 1	550.41	  0.06
85	38	18	v	 1	 1	 0	 1	 1	 2	 1	 1	 2	 2	 1	669.10	  0.06
86	38	18	v	 1	 1	 0	 1	 1	 1	 1	 1	 2	 2	 1	482.64	  0.06
87	38	18	v	 1	 1	 0	 1	 0	 0	 1	 0	 2	 2	 1	520.08	  0.06
88	38	18	v	 1	 1	 0	 1	 0	 1	 1	 0	 2	 2	 1	627.90	  0.24
89	38	18	v	 1	 1	 0	 0	 0	 1	 1	 1	 1	 1	 1	694.14	  0.06
90	38	18	v	 1	 1	 0	 0	 1	 2	 1	 0	 1	 1	 1	527.13	  0.06
91	38	18	v	 1	 1	 0	 1	 0	 1	 1	 0	 2	 2	 1	532.22	  0.08
92	38	18	v	 1	 1	 0	 0	 1	 1	 1	 0	 1	 1	 1	489.09	  0.06
93	38	18	v	 1	 1	 0	 0	 1	 1	 1	 0	 1	 1	 1	439.78	  0.06
94	38	18	v	 1	 1	 0	 0	 1	 2	 1	 0	 1	 1	 1	492.94	  0.06
95	38	18	v	 1	 1	 0	 0	 0	 2	 1	 1	 1	 1	 1	489.28	  0.06
96	38	18	v	 1	 1	 1	 0	 1	 0	 2	 0	 1	 1	 1	520.88	  0.06
97	38	18	v	 1	 1	 1	 1	 0	 2	 2	 0	 2	 2	 1	535.36	  0.06
98	38	18	v	 1	 1	 1	 1	 0	 2	 2	 0	 2	 2	 1	781.35	  0.06
99	38	18	v	 1	 1	 1	 0	 1	 2	 2	 0	 1	 1	 1	594.99	  0.06
100	38	18	v	 1	 1	 1	 0	 0	 1	 2	 1	 1	 1	 1	496.51	  0.06
101	38	18	v	 1	 1	 1	 1	 1	 0	 2	 1	 2	 2	 1	405.78	  0.06
102	38	18	v	 1	 1	 1	 0	 1	 0	 2	 0	 1	 1	 1	601.60	  0.06
103	38	18	v	 1	 1	 1	 0	 1	 0	 2	 0	 1	 1	 1	456.56	  0.06
104	38	18	v	 1	 1	 1	 0	 1	 1	 2	 0	 1	 1	 1	455.86	  0.07
105	38	18	v	 1	 1	 1	 1	 1	 2	 2	 1	 2	 2	 1	654.88	  0.07
106	38	18	v	 1	 1	 1	 0	 0	 0	 2	 1	 1	 1	 1	420.67	  0.06
107	38	18	v	 1	 1	 1	 1	 0	 1	 2	 0	 2	 2	 1	429.96	  0.06
108	38	18	v	 1	 1	 1	 0	 0	 0	 2	 1	 1	 2	 0	467.84	  0.06
109	38	18	v	 1	 1	 1	 1	 1	 2	 2	 1	 2	 2	 1	489.36	  0.06
110	38	18	v	 1	 1	 1	 1	 0	 0	 2	 0	 2	 2	 1	718.96	  0.08
111	38	18	v	 1	 1	 1	 0	 0	 1	 2	 1	 1	 1	 1	615.40	  0.12
112	38	18	v	 1	 1	 1	 1	 0	 2	 2	 0	 2	 2	 1	441.29	  0.06
113	38	18	v	 1	 1	 1	 0	 0	 1	 2	 1	 1	 1	 1	400.83	  0.06
114	38	18	v	 1	 1	 1	 0	 1	 1	 2	 0	 1	 1	 1	497.05	  0.09
115	38	18	v	 1	 1	 1	 1	 1	 1	 2	 1	 2	 2	 1	394.76	  0.06
116	38	18	v	 1	 1	 1	 1	 1	 0	 2	 1	 2	 2	 1	517.35	  0.06
117	38	18	v	 1	 1	 1	 0	 0	 0	 2	 1	 1	 1	 1	532.23	  0.06
118	38	18	v	 1	 1	 1	 1	 1	 2	 2	 1	 2	 2	 1	328.87	  0.21
119	38	18	v	 1	 1	 1	 1	 1	 1	 2	 1	 2	 1	 0	420.25	  0.06
120	38	18	v	 1	 1	 1	 1	 1	 1	 2	 1	 2	 2	 1	569.57	  0.06
121	38	18	v	 1	 1	 1	 1	 0	 1	 2	 0	 2	 2	 1	618.16	  0.08
122	38	18	v	 1	 1	 1	 0	 0	 0	 2	 1	 1	 1	 1	475.85	  0.09
123	38	18	v	 1	 1	 1	 1	 1	 1	 2	 1	 2	 2	 1	546.62	  0.06
124	38	18	v	 1	 1	 1	 0	 0	 1	 2	 1	 1	 0	 0	2000.27	  0.00
125	38	18	v	 1	 1	 1	 1	 0	 1	 2	 0	 2	 2	 1	410.11	  0.07
126	38	18	v	 1	 1	 1	 0	 1	 1	 2	 0	 1	 1	 1	461.52	  0.06
127	38	18	v	 1	 1	 1	 1	 1	 1	 2	 1	 2	 2	 1	595.63	  0.06
128	38	18	v	 1	 1	 1	 0	 0	 2	 2	 1	 1	 1	 1	403.18	  0.09
129	38	18	v	 1	 1	 1	 1	 1	 1	 2	 1	 2	 2	 1	442.93	  0.20
130	38	18	v	 1	 1	 1	 1	 0	 0	 2	 0	 2	 1	 0	364.42	  0.06
131	38	18	v	 1	 1	 1	 0	 1	 1	 2	 0	 1	 1	 1	469.03	  0.06
132	38	18	v	 1	 1	 1	 0	 1	 2	 2	 0	 1	 1	 1	572.85	  0.06
133	38	18	v	 1	 1	 1	 0	 1	 2	 2	 0	 1	 1	 1	612.60	  0.18
134	38	18	v	 1	 1	 1	 1	 0	 0	 2	 0	 2	 0	 0	2000.19	  0.00
135	38	18	v	 1	 1	 1	 1	 0	 1	 2	 0	 2	 2	 1	799.01	  0.06
136	38	18	v	 1	 1	 1	 0	 1	 2	 2	 0	 1	 1	 1	1676.42	  0.08
137	38	18	v	 1	 1	 1	 1	 1	 0	 2	 1	 2	 2	 1	832.37	  0.06
138	38	18	v	 1	 1	 1	 1	 1	 2	 2	 1	 2	 2	 1	567.72	  0.06
139	38	18	v	 1	 1	 1	 0	 1	 0	 2	 0	 1	 1	 1	562.02	  0.06
140	38	18	v	 1	 1	 1	 1	 1	 2	 2	 1	 2	 2	 1	699.36	  0.08
141	38	18	v	 1	 1	 1	 0	 1	 1	 2	 0	 1	 1	 1	711.14	  0.06
142	38	18	v	 1	 1	 1	 1	 0	 0	 2	 0	 2	 2	 1	493.70	  0.06
143	38	18	v	 1	 1	 1	 0	 1	 2	 2	 0	 1	 1	 1	600.00	  0.06
144	38	18	v	 1	 1	 1	 1	 0	 0	 2	 0	 2	 2	 1	730.41	  0.06
145	38	18	v	 1	 1	 1	 0	 0	 2	 2	 1	 1	 1	 1	601.61	  0.06
146	38	18	v	 1	 1	 1	 0	 1	 2	 2	 0	 1	 2	 0	101.11	  0.08
147	38	18	v	 1	 1	 1	 0	 0	 2	 2	 1	 1	 1	 1	546.67	  0.06
148	38	18	v	 1	 1	 1	 1	 0	 2	 2	 0	 2	 2	 1	570.69	  0.06
149	38	18	v	 1	 1	 1	 0	 0	 0	 2	 1	 1	 1	 1	475.00	  0.07
150	38	18	v	 1	 1	 1	 1	 0	 1	 2	 0	 2	 2	 1	681.98	  0.06
151	38	18	v	 1	 1	 1	 1	 0	 1	 2	 0	 2	 2	 1	1116.74	  0.06
152	38	18	v	 1	 1	 1	 0	 0	 2	 2	 1	 1	 1	 1	563.86	  0.22
153	38	18	v	 1	 1	 1	 0	 0	 1	 2	 1	 1	 0	 0	2000.19	  0.00
154	38	18	v	 1	 1	 1	 1	 0	 2	 2	 0	 2	 2	 1	922.23	  0.06
155	38	18	v	 1	 1	 1	 0	 1	 2	 2	 0	 1	 1	 1	588.99	  0.06
156	38	18	v	 1	 1	 1	 0	 0	 1	 2	 1	 1	 1	 1	662.58	  0.06
157	38	18	v	 1	 1	 1	 1	 1	 0	 2	 1	 2	 2	 1	600.21	  0.06
158	38	18	v	 1	 1	 1	 0	 0	 2	 2	 1	 1	 1	 1	425.93	  0.06
159	38	18	v	 1	 1	 1	 1	 1	 2	 2	 1	 2	 2	 1	362.48	  0.06
160	38	18	v	 1	 1	 1	 0	 0	 2	 2	 1	 1	 2	 0	348.11	  0.06
161	38	18	v	 1	 1	 1	 1	 1	 0	 2	 1	 2	 2	 1	502.22	  0.20
162	38	18	v	 1	 1	 1	 1	 1	 2	 2	 1	 2	 2	 1	719.13	  0.06
163	38	18	v	 1	 1	 1	 1	 0	 1	 2	 0	 2	 2	 1	684.91	  0.06
164	38	18	v	 1	 1	 1	 0	 0	 2	 2	 1	 1	 1	 1	538.98	  0.06
165	38	18	v	 1	 1	 1	 0	 0	 1	 2	 1	 1	 1	 1	677.79	  0.06
166	38	18	v	 1	 1	 1	 0	 0	 0	 2	 1	 1	 1	 1	557.39	  0.06
167	38	18	v	 1	 1	 1	 1	 0	 0	 2	 0	 2	 2	 1	675.42	  0.07
168	38	18	v	 1	 1	 1	 0	 1	 1	 2	 0	 1	 2	 0	226.70	  0.06
169	38	18	v	 1	 1	 1	 0	 1	 1	 2	 0	 1	 2	 0	689.59	  0.06
170	38	18	v	 1	 1	 1	 1	 1	 0	 2	 1	 2	 2	 1	526.59	  0.06
171	38	18	v	 1	 1	 1	 1	 1	 0	 2	 1	 2	 2	 1	733.12	  0.20
172	38	18	v	 1	 1	 1	 1	 1	 0	 2	 1	 2	 2	 1	149.30	  0.06
173	38	18	v	 1	 1	 1	 0	 0	 2	 2	 1	 1	 1	 1	565.54	  0.06
174	38	18	v	 1	 1	 1	 1	 0	 2	 2	 0	 2	 1	 0	558.91	  0.06
175	38	18	v	 1	 1	 1	 0	 1	 0	 2	 0	 1	 2	 0	 13.79	  0.06
176	38	18	v	 1	 1	 1	 1	 0	 0	 2	 0	 2	 2	 1	808.03	  0.06
177	38	18	v	 1	 1	 1	 1	 1	 1	 2	 1	 2	 2	 1	558.25	  0.06
178	38	18	v	 1	 1	 1	 0	 0	 0	 2	 1	 1	 1	 1	622.56	  0.06
179	38	18	v	 1	 1	 1	 1	 1	 1	 2	 1	 2	 2	 1	973.55	  0.06
180	38	18	v	 1	 1	 1	 0	 1	 2	 2	 0	 1	 1	 1	460.38	  0.07
181	38	18	v	 1	 1	 1	 1	 0	 0	 2	 0	 2	 2	 1	545.52	  0.06
182	38	18	v	 1	 1	 1	 0	 0	 0	 2	 1	 1	 2	 0	709.76	  0.08
183	38	18	v	 1	 1	 1	 0	 1	 1	 2	 0	 1	 2	 0	585.09	  0.07
184	38	18	v	 1	 1	 1	 0	 1	 0	 2	 0	 1	 1	 1	570.07	  0.06
185	38	18	v	 1	 1	 1	 1	 0	 2	 2	 0	 2	 2	 1	728.67	  0.06
186	38	18	v	 1	 1	 1	 0	 0	 1	 2	 1	 1	 1	 1	455.49	  0.06
187	38	18	v	 1	 1	 1	 1	 0	 2	 2	 0	 2	 2	 1	445.80	  0.06
188	38	18	v	 1	 1	 1	 1	 1	 2	 2	 1	 2	 2	 1	601.23	  0.06
189	38	18	v	 1	 1	 1	 1	 0	 1	 2	 0	 2	 2	 1	575.61	  0.07
190	38	18	v	 1	 1	 1	 0	 1	 0	 2	 0	 1	 1	 1	519.59	  0.06
191	38	18	v	 1	 1	 1	 0	 1	 0	 2	 0	 1	 1	 1	1345.21	  0.06
192	38	18	v	 1	 1	 2	 0	 1	 2	 1	 0	 1	 1	 1	567.25	  0.38
193	38	18	v	 1	 1	 2	 1	 0	 1	 1	 0	 2	 2	 1	672.65	  0.06
194	38	18	v	 1	 1	 2	 1	 1	 1	 1	 1	 2	 2	 1	456.91	  0.06
195	38	18	v	 1	 1	 2	 0	 1	 2	 1	 0	 1	 1	 1	554.09	  0.06
196	38	18	v	 1	 1	 2	 1	 0	 2	 1	 0	 2	 2	 1	524.85	  0.06
197	38	18	v	 1	 1	 2	 1	 0	 0	 1	 0	 2	 2	 1	489.22	  0.06
198	38	18	v	 1	 1	 2	 0	 1	 0	 1	 0	 1	 1	 1	620.99	  0.06
199	38	18	v	 1	 1	 2	 1	 0	 2	 1	 0	 2	 2	 1	590.61	  0.06
200	38	18	v	 1	 1	 2	 0	 1	 0	 1	 0	 1	 1	 1	496.14	  0.06
201	38	18	v	 1	 1	 2	 1	 1	 1	 1	 1	 2	 2	 1	520.48	  0.06
202	38	18	v	 1	 1	 2	 0	 1	 2	 1	 0	 1	 1	 1	513.71	  0.07
203	38	18	v	 1	 1	 2	 1	 0	 1	 1	 0	 2	 2	 1	540.57	  0.06
204	38	18	v	 1	 1	 2	 1	 1	 1	 1	 1	 2	 2	 1	520.45	  0.09
205	38	18	v	 1	 1	 2	 0	 1	 1	 1	 0	 1	 2	 0	449.04	  0.11
206	38	18	v	 1	 1	 2	 0	 0	 2	 1	 1	 1	 2	 0	427.57	  0.07
207	38	18	v	 1	 1	 2	 0	 0	 1	 1	 1	 1	 1	 1	588.39	  0.06
208	38	18	v	 1	 1	 2	 0	 0	 0	 1	 1	 1	 1	 1	628.95	  0.06
209	38	18	v	 1	 1	 2	 1	 0	 0	 1	 0	 2	 2	 1	601.60	  0.06
210	38	18	v	 1	 1	 2	 0	 0	 1	 1	 1	 1	 1	 1	510.88	  0.06
211	38	18	v	 1	 1	 2	 0	 1	 0	 1	 0	 1	 1	 1	480.76	  0.20
212	38	18	v	 1	 1	 2	 0	 0	 2	 1	 1	 1	 1	 1	485.00	  0.06
213	38	18	v	 1	 1	 2	 0	 1	 0	 1	 0	 1	 1	 1	543.18	  0.06
214	38	18	v	 1	 1	 2	 1	 1	 1	 1	 1	 2	 2	 1	154.84	  0.11
215	38	18	v	 1	 1	 2	 0	 1	 0	 1	 0	 1	 1	 1	493.14	  0.06
216	38	18	v	 1	 1	 2	 1	 1	 2	 1	 1	 2	 2	 1	473.50	  0.06
217	38	18	v	 1	 1	 2	 1	 0	 1	 1	 0	 2	 1	 0	413.52	  0.06
218	38	18	v	 1	 1	 2	 0	 0	 2	 1	 1	 1	 1	 1	423.51	  0.06
219	38	18	v	 1	 1	 2	 0	 1	 1	 1	 0	 1	 1	 1	568.70	  0.06
220	38	18	v	 1	 1	 2	 1	 0	 2	 1	 0	 2	 2	 1	497.24	  0.06
221	38	18	v	 1	 1	 2	 1	 1	 2	 1	 1	 2	 2	 1	511.89	  0.06
222	38	18	v	 1	 1	 2	 1	 1	 2	 1	 1	 2	 2	 1	424.80	  0.06
223	38	18	v	 1	 1	 2	 1	 1	 1	 1	 1	 2	 2	 1	421.85	  0.06
224	38	18	v	 1	 1	 2	 0	 0	 1	 1	 1	 1	 1	 1	657.15	  0.06
225	38	18	v	 1	 1	 2	 1	 1	 1	 1	 1	 2	 2	 1	651.97	  0.11
226	38	18	v	 1	 1	 2	 1	 1	 0	 1	 1	 2	 2	 1	706.27	  0.06
227	38	18	v	 1	 1	 2	 0	 0	 0	 1	 1	 1	 1	 1	635.83	  0.06
228	38	18	v	 1	 1	 2	 0	 0	 1	 1	 1	 1	 1	 1	551.74	  0.20
229	38	18	v	 1	 1	 2	 1	 0	 1	 1	 0	 2	 2	 1	546.23	  0.13
230	38	18	v	 1	 1	 2	 0	 1	 1	 1	 0	 1	 1	 1	542.27	  0.06
231	38	18	v	 1	 1	 2	 1	 0	 0	 1	 0	 2	 2	 1	412.73	  0.06
232	38	18	v	 1	 1	 2	 0	 1	 1	 1	 0	 1	 1	 1	607.19	  0.07
233	38	18	v	 1	 1	 2	 0	 1	 0	 1	 0	 1	 1	 1	565.35	  0.11
234	38	18	v	 1	 1	 2	 0	 0	 1	 1	 1	 1	 1	 1	608.77	  0.06
235	38	18	v	 1	 1	 2	 0	 0	 1	 1	 1	 1	 1	 1	595.90	  0.06
236	38	18	v	 1	 1	 2	 1	 0	 1	 1	 0	 2	 2	 1	763.43	  0.06
237	38	18	v	 1	 1	 2	 1	 0	 0	 1	 0	 2	 2	 1	860.70	  0.06
238	38	18	v	 1	 1	 2	 0	 0	 0	 1	 1	 1	 1	 1	572.10	  0.07
239	38	18	v	 1	 1	 2	 0	 1	 0	 1	 0	 1	 1	 1	576.46	  0.06
240	38	18	v	 1	 1	 2	 1	 0	 0	 1	 0	 2	 2	 1	622.50	  0.07
241	38	18	v	 1	 1	 2	 1	 1	 0	 1	 1	 2	 2	 1	575.31	  0.06
242	38	18	v	 1	 1	 2	 0	 0	 0	 1	 1	 1	 1	 1	900.43	  0.06
243	38	18	v	 1	 1	 2	 0	 1	 2	 1	 0	 1	 1	 1	633.99	  0.06
244	38	18	v	 1	 1	 2	 0	 1	 0	 1	 0	 1	 1	 1	578.45	  0.06
245	38	18	v	 1	 1	 2	 1	 1	 0	 1	 1	 2	 2	 1	681.51	  0.06
246	38	18	v	 1	 1	 2	 1	 0	 2	 1	 0	 2	 2	 1	674.70	  0.06
247	38	18	v	 1	 1	 2	 0	 1	 1	 1	 0	 1	 1	 1	472.42	  0.20
248	38	18	v	 1	 1	 2	 1	 1	 1	 1	 1	 2	 2	 1	506.16	  0.06
249	38	18	v	 1	 1	 2	 1	 0	 0	 1	 0	 2	 2	 1	497.48	  0.06
250	38	18	v	 1	 1	 2	 1	 1	 2	 1	 1	 2	 2	 1	890.24	  0.06
251	38	18	v	 1	 1	 2	 1	 0	 2	 1	 0	 2	 2	 1	665.99	  0.07
252	38	18	v	 1	 1	 2	 0	 1	 2	 1	 0	 1	 1	 1	461.24	  0.06
253	38	18	v	 1	 1	 2	 1	 0	 2	 1	 0	 2	 2	 1	512.21	  0.06
254	38	18	v	 1	 1	 2	 0	 1	 2	 1	 0	 1	 1	 1	571.89	  0.06
255	38	18	v	 1	 1	 2	 1	 1	 0	 1	 1	 2	 2	 1	443.54	  0.06
256	38	18	v	 1	 1	 2	 0	 1	 1	 1	 0	 1	 1	 1	942.67	  0.06
257	38	18	v	 1	 1	 2	 0	 0	 2	 1	 1	 1	 1	 1	461.28	  0.08
258	38	18	v	 1	 1	 2	 1	 0	 0	 1	 0	 2	 2	 1	639.43	  0.06
259	38	18	v	 1	 1	 2	 1	 0	 1	 1	 0	 2	 2	 1	779.88	  0.06
260	38	18	v	 1	 1	 2	 0	 0	 0	 1	 1	 1	 1	 1	507.68	  0.06
261	38	18	v	 1	 1	 2	 1	 1	 2	 1	 1	 2	 2	 1	452.61	  0.06
262	38	18	v	 1	 1	 2	 0	 0	 1	 1	 1	 1	 1	 1	500.80	  0.06
263	38	18	v	 1	 1	 2	 1	 1	 0	 1	 1	 2	 2	 1	628.34	  0.06
264	38	18	v	 1	 1	 2	 0	 0	 0	 1	 1	 1	 1	 1	759.70	  0.06
265	38	18	v	 1	 1	 2	 1	 1	 0	 1	 1	 2	 2	 1	619.84	  0.06
266	38	18	v	 1	 1	 2	 0	 1	 1	 1	 0	 1	 1	 1	400.67	  0.08
267	38	18	v	 1	 1	 2	 0	 1	 2	 1	 0	 1	 2	 0	493.17	  0.06
268	38	18	v	 1	 1	 2	 1	 0	 2	 1	 0	 2	 2	 1	456.40	  0.06
269	38	18	v	 1	 1	 2	 1	 1	 0	 1	 1	 2	 1	 0	344.65	  0.06
270	38	18	v	 1	 1	 2	 1	 0	 1	 1	 0	 2	 2	 1	630.84	  0.06
271	38	18	v	 1	 1	 2	 1	 1	 2	 1	 1	 2	 2	 1	410.61	  0.09
272	38	18	v	 1	 1	 2	 0	 0	 0	 1	 1	 1	 1	 1	503.17	  0.06
273	38	18	v	 1	 1	 2	 0	 0	 2	 1	 1	 1	 2	 0	409.20	  0.07
274	38	18	v	 1	 1	 2	 1	 1	 0	 1	 1	 2	 2	 1	550.69	  0.06
275	38	18	v	 1	 1	 2	 1	 1	 2	 1	 1	 2	 2	 1	472.57	  0.08
276	38	18	v	 1	 1	 2	 0	 0	 0	 1	 1	 1	 2	 0	568.58	  0.09
277	38	18	v	 1	 1	 2	 0	 0	 2	 1	 1	 1	 2	 0	452.88	  0.06
278	38	18	v	 1	 1	 2	 0	 0	 1	 1	 1	 1	 1	 1	538.49	  0.06
279	38	18	v	 1	 1	 2	 0	 1	 1	 1	 0	 1	 2	 0	485.20	  0.10
280	38	18	v	 1	 1	 2	 1	 1	 2	 1	 1	 2	 2	 1	510.77	  0.07
281	38	18	v	 1	 1	 2	 1	 0	 1	 1	 0	 2	 2	 1	480.52	  0.06
282	38	18	v	 1	 1	 2	 1	 0	 0	 1	 0	 2	 2	 1	431.25	  0.07
283	38	18	v	 1	 1	 2	 0	 0	 2	 1	 1	 1	 1	 1	686.00	  0.07
284	38	18	v	 1	 1	 2	 0	 1	 2	 1	 0	 1	 1	 1	502.91	  0.06
285	38	18	v	 1	 1	 2	 1	 1	 1	 1	 1	 2	 2	 1	449.06	  0.06
286	38	18	v	 1	 1	 2	 1	 0	 2	 1	 0	 2	 2	 1	362.76	  0.06
287	38	18	v	 1	 1	 2	 0	 0	 2	 1	 1	 1	 1	 1	672.37	  0.06
288	38	18	v	 1	 1	 3	 1	 0	 0	 2	 0	 2	 2	 1	551.17	  0.06
289	38	18	v	 1	 1	 3	 0	 1	 0	 2	 0	 1	 1	 1	779.76	  0.08
290	38	18	v	 1	 1	 3	 0	 1	 0	 2	 0	 1	 1	 1	654.45	  0.06
291	38	18	v	 1	 1	 3	 1	 0	 1	 2	 0	 2	 2	 1	690.20	  0.06
292	38	18	v	 1	 1	 3	 1	 0	 0	 2	 0	 2	 2	 1	506.61	  0.25
293	38	18	v	 1	 1	 3	 1	 1	 1	 2	 1	 2	 2	 1	505.43	  0.06
294	38	18	v	 1	 1	 3	 0	 0	 0	 2	 1	 1	 1	 1	545.33	  0.06
295	38	18	v	 1	 1	 3	 1	 0	 0	 2	 0	 2	 2	 1	628.42	  0.06
296	38	18	v	 1	 1	 3	 0	 1	 2	 2	 0	 1	 1	 1	580.17	  0.06
297	38	18	v	 1	 1	 3	 0	 1	 0	 2	 0	 1	 1	 1	511.87	  0.06
298	38	18	v	 1	 1	 3	 1	 0	 2	 2	 0	 2	 2	 1	407.89	  0.06
299	38	18	v	 1	 1	 3	 0	 1	 1	 2	 0	 1	 1	 1	591.43	  0.06
300	38	18	v	 1	 1	 3	 1	 1	 2	 2	 1	 2	 2	 1	837.04	  0.06
301	38	18	v	 1	 1	 3	 1	 0	 2	 2	 0	 2	 2	 1	568.35	  0.06
302	38	18	v	 1	 1	 3	 0	 1	 1	 2	 0	 1	 1	 1	435.48	  0.06
303	38	18	v	 1	 1	 3	 0	 1	 2	 2	 0	 1	 1	 1	505.32	  0.06
304	38	18	v	 1	 1	 3	 1	 1	 1	 2	 1	 2	 2	 1	623.53	  0.08
305	38	18	v	 1	 1	 3	 0	 0	 1	 2	 1	 1	 1	 1	454.47	  0.06
306	38	18	v	 1	 1	 3	 0	 1	 1	 2	 0	 1	 1	 1	481.80	  0.06
307	38	18	v	 1	 1	 3	 0	 0	 1	 2	 1	 1	 1	 1	461.07	  0.06
308	38	18	v	 1	 1	 3	 0	 1	 2	 2	 0	 1	 1	 1	431.69	  0.07
309	38	18	v	 1	 1	 3	 1	 0	 1	 2	 0	 2	 2	 1	469.19	  0.06
310	38	18	v	 1	 1	 3	 0	 0	 2	 2	 1	 1	 1	 1	430.33	  0.06
311	38	18	v	 1	 1	 3	 0	 0	 2	 2	 1	 1	 1	 1	432.98	  0.20
312	38	18	v	 1	 1	 3	 1	 1	 2	 2	 1	 2	 2	 1	492.88	  0.20
313	38	18	v	 1	 1	 3	 0	 0	 0	 2	 1	 1	 1	 1	620.23	  0.08
314	38	18	v	 1	 1	 3	 0	 1	 0	 2	 0	 1	 1	 1	663.13	  0.06
315	38	18	v	 1	 1	 3	 1	 1	 2	 2	 1	 2	 2	 1	629.27	  0.06
316	38	18	v	 1	 1	 3	 0	 0	 2	 2	 1	 1	 1	 1	442.58	  0.06
317	38	18	v	 1	 1	 3	 1	 0	 0	 2	 0	 2	 1	 0	445.47	  0.06
318	38	18	v	 1	 1	 3	 1	 1	 2	 2	 1	 2	 2	 1	752.74	  0.06
319	38	18	v	 1	 1	 3	 1	 1	 0	 2	 1	 2	 2	 1	433.03	  0.06
320	38	18	v	 1	 1	 3	 0	 1	 1	 2	 0	 1	 1	 1	434.27	  0.06
321	38	18	v	 1	 1	 3	 0	 1	 0	 2	 0	 1	 1	 1	570.05	  0.10
322	38	18	v	 1	 1	 3	 1	 1	 1	 2	 1	 2	 2	 1	691.08	  0.06
323	38	18	v	 1	 1	 3	 1	 1	 0	 2	 1	 2	 2	 1	560.36	  0.06
324	38	18	v	 1	 1	 3	 0	 0	 1	 2	 1	 1	 1	 1	513.80	  0.09
325	38	18	v	 1	 1	 3	 0	 1	 0	 2	 0	 1	 2	 0	631.47	  0.20
326	38	18	v	 1	 1	 3	 0	 0	 1	 2	 1	 1	 1	 1	681.35	  0.06
327	38	18	v	 1	 1	 3	 1	 1	 2	 2	 1	 2	 2	 1	625.43	  0.06
328	38	18	v	 1	 1	 3	 1	 0	 2	 2	 0	 2	 2	 1	1008.29	  0.06
329	38	18	v	 1	 1	 3	 1	 0	 2	 2	 0	 2	 2	 1	464.10	  0.06
330	38	18	v	 1	 1	 3	 0	 0	 2	 2	 1	 1	 1	 1	469.99	  0.06
331	38	18	v	 1	 1	 3	 1	 1	 0	 2	 1	 2	 2	 1	710.02	  0.09
332	38	18	v	 1	 1	 3	 0	 1	 1	 2	 0	 1	 1	 1	569.46	  0.06
333	38	18	v	 1	 1	 3	 1	 1	 0	 2	 1	 2	 2	 1	477.61	  0.06
334	38	18	v	 1	 1	 3	 1	 0	 1	 2	 0	 2	 2	 1	593.81	  0.06
335	38	18	v	 1	 1	 3	 0	 1	 1	 2	 0	 1	 1	 1	631.41	  0.07
336	38	18	v	 1	 1	 3	 1	 0	 0	 2	 0	 2	 2	 1	512.99	  0.06
337	38	18	v	 1	 1	 3	 1	 1	 0	 2	 1	 2	 2	 1	544.51	  0.06
338	38	18	v	 1	 1	 3	 1	 1	 1	 2	 1	 2	 2	 1	507.51	  0.06
339	38	18	v	 1	 1	 3	 1	 0	 2	 2	 0	 2	 2	 1	498.35	  0.06
340	38	18	v	 1	 1	 3	 0	 1	 1	 2	 0	 1	 1	 1	571.44	  0.06
341	38	18	v	 1	 1	 3	 1	 1	 0	 2	 1	 2	 2	 1	528.29	  0.10
342	38	18	v	 1	 1	 3	 1	 0	 0	 2	 0	 2	 2	 1	407.22	  0.06
343	38	18	v	 1	 1	 3	 0	 0	 0	 2	 1	 1	 1	 1	651.87	  0.06
344	38	18	v	 1	 1	 3	 1	 1	 1	 2	 1	 2	 2	 1	488.13	  0.06
345	38	18	v	 1	 1	 3	 1	 1	 1	 2	 1	 2	 2	 1	427.51	  0.06
346	38	18	v	 1	 1	 3	 0	 1	 2	 2	 0	 1	 1	 1	571.61	  0.06
347	38	18	v	 1	 1	 3	 1	 0	 2	 2	 0	 2	 2	 1	435.08	  0.09
348	38	18	v	 1	 1	 3	 0	 0	 2	 2	 1	 1	 1	 1	471.82	  0.06
349	38	18	v	 1	 1	 3	 0	 0	 0	 2	 1	 1	 1	 1	539.63	  0.07
350	38	18	v	 1	 1	 3	 1	 1	 2	 2	 1	 2	 2	 1	412.57	  0.06
351	38	18	v	 1	 1	 3	 0	 0	 2	 2	 1	 1	 1	 1	575.22	  0.06
352	38	18	v	 1	 1	 3	 0	 0	 2	 2	 1	 1	 1	 1	556.21	  0.24
353	38	18	v	 1	 1	 3	 1	 0	 2	 2	 0	 2	 2	 1	673.89	  0.06
354	38	18	v	 1	 1	 3	 0	 0	 1	 2	 1	 1	 1	 1	572.93	  0.23
355	38	18	v	 1	 1	 3	 1	 0	 2	 2	 0	 2	 2	 1	464.51	  0.06
356	38	18	v	 1	 1	 3	 1	 1	 0	 2	 1	 2	 2	 1	696.50	  0.20
357	38	18	v	 1	 1	 3	 1	 0	 1	 2	 0	 2	 2	 1	532.33	  0.20
358	38	18	v	 1	 1	 3	 0	 1	 2	 2	 0	 1	 1	 1	382.61	  0.06
359	38	18	v	 1	 1	 3	 1	 1	 1	 2	 1	 2	 2	 1	600.94	  0.06
360	38	18	v	 1	 1	 3	 0	 1	 2	 2	 0	 1	 1	 1	403.28	  0.07
361	38	18	v	 1	 1	 3	 1	 0	 1	 2	 0	 2	 2	 1	524.78	  0.06
362	38	18	v	 1	 1	 3	 0	 0	 0	 2	 1	 1	 1	 1	415.08	  0.06
363	38	18	v	 1	 1	 3	 0	 0	 0	 2	 1	 1	 1	 1	552.10	  0.07
364	38	18	v	 1	 1	 3	 0	 0	 1	 2	 1	 1	 1	 1	646.10	  0.06
365	38	18	v	 1	 1	 3	 1	 0	 0	 2	 0	 2	 2	 1	457.37	  0.06
366	38	18	v	 1	 1	 3	 1	 1	 0	 2	 1	 2	 2	 1	610.34	  0.06
367	38	18	v	 1	 1	 3	 1	 1	 2	 2	 1	 2	 1	 0	705.90	  0.07
368	38	18	v	 1	 1	 3	 0	 0	 0	 2	 1	 1	 1	 1	701.72	  0.06
369	38	18	v	 1	 1	 3	 0	 1	 0	 2	 0	 1	 1	 1	507.10	  0.07
370	38	18	v	 1	 1	 3	 1	 0	 0	 2	 0	 2	 2	 1	538.89	  0.07
371	38	18	v	 1	 1	 3	 0	 0	 0	 2	 1	 1	 1	 1	517.87	  0.06
372	38	18	v	 1	 1	 3	 1	 0	 1	 2	 0	 2	 2	 1	835.69	  0.07
373	38	18	v	 1	 1	 3	 0	 0	 1	 2	 1	 1	 1	 1	521.67	  0.07
374	38	18	v	 1	 1	 3	 0	 1	 2	 2	 0	 1	 1	 1	534.86	  0.06
375	38	18	v	 1	 1	 3	 1	 1	 1	 2	 1	 2	 1	 0	486.00	  0.06
376	38	18	v	 1	 1	 3	 0	 1	 2	 2	 0	 1	 1	 1	482.59	  0.06
377	38	18	v	 1	 1	 3	 1	 1	 2	 2	 1	 2	 2	 1	609.53	  0.19
378	38	18	v	 1	 1	 3	 0	 1	 0	 2	 0	 1	 1	 1	481.99	  0.06
379	38	18	v	 1	 1	 3	 0	 0	 2	 2	 1	 1	 1	 1	441.72	  0.06
380	38	18	v	 1	 1	 3	 1	 0	 1	 2	 0	 2	 2	 1	551.94	  0.09
381	38	18	v	 1	 1	 3	 0	 0	 1	 2	 1	 1	 1	 1	436.58	  0.06
382	38	18	v	 1	 1	 3	 1	 0	 1	 2	 0	 2	 2	 1	551.85	  0.06
383	38	18	v	 1	 1	 3	 0	 1	 1	 2	 0	 1	 1	 1	559.29	  0.06
