00	60	19	v	 1	 1	 0	 1	 1	 0	 1	 1	 2	 2	 1	473.22	  0.06
01	60	19	v	 1	 1	 0	 1	 1	 1	 1	 1	 2	 2	 1	492.86	  0.07
02	60	19	v	 1	 1	 0	 1	 1	 1	 1	 1	 2	 2	 1	577.28	  0.06
03	60	19	v	 1	 1	 0	 0	 1	 1	 1	 0	 1	 1	 1	430.38	  0.06
04	60	19	v	 1	 1	 0	 0	 0	 1	 1	 1	 1	 1	 1	493.48	  0.06
05	60	19	v	 1	 1	 0	 1	 1	 2	 1	 1	 2	 2	 1	492.45	  0.06
06	60	19	v	 1	 1	 0	 0	 0	 0	 1	 1	 1	 1	 1	349.95	  0.06
07	60	19	v	 1	 1	 0	 1	 1	 0	 1	 1	 2	 2	 1	409.93	  0.06
08	60	19	v	 1	 1	 0	 1	 1	 1	 1	 1	 2	 2	 1	396.40	  0.13
09	60	19	v	 1	 1	 0	 1	 1	 2	 1	 1	 2	 2	 1	404.38	  0.06
10	60	19	v	 1	 1	 0	 0	 0	 1	 1	 1	 1	 1	 1	546.70	  0.06
11	60	19	v	 1	 1	 0	 0	 1	 1	 1	 0	 1	 1	 1	504.79	  0.06
12	60	19	v	 1	 1	 0	 0	 1	 2	 1	 0	 1	 1	 1	356.52	  0.06
13	60	19	v	 1	 1	 0	 1	 1	 2	 1	 1	 2	 2	 1	347.81	  0.06
14	60	19	v	 1	 1	 0	 1	 1	 1	 1	 1	 2	 2	 1	315.56	  0.06
15	60	19	v	 1	 1	 0	 0	 1	 2	 1	 0	 1	 1	 1	528.86	  0.06
16	60	19	v	 1	 1	 0	 1	 0	 2	 1	 0	 2	 2	 1	584.30	  0.06
17	60	19	v	 1	 1	 0	 0	 0	 0	 1	 1	 1	 1	 1	425.42	  0.06
18	60	19	v	 1	 1	 0	 0	 1	 0	 1	 0	 1	 1	 1	529.84	  0.20
19	60	19	v	 1	 1	 0	 1	 0	 1	 1	 0	 2	 2	 1	534.93	  0.06
20	60	19	v	 1	 1	 0	 1	 0	 2	 1	 0	 2	 2	 1	551.87	  0.06
21	60	19	v	 1	 1	 0	 1	 1	 2	 1	 1	 2	 2	 1	473.88	  0.06
22	60	19	v	 1	 1	 0	 1	 0	 0	 1	 0	 2	 2	 1	450.76	  0.06
23	60	19	v	 1	 1	 0	 0	 1	 0	 1	 0	 1	 1	 1	540.01	  0.20
24	60	19	v	 1	 1	 0	 0	 0	 0	 1	 1	 1	 1	 1	545.33	  0.11
25	60	19	v	 1	 1	 0	 1	 0	 1	 1	 0	 2	 2	 1	459.40	  0.10
26	60	19	v	 1	 1	 0	 1	 0	 2	 1	 0	 2	 2	 1	433.39	  0.06
27	60	19	v	 1	 1	 0	 1	 0	 1	 1	 0	 2	 2	 1	441.54	  0.06
28	60	19	v	 1	 1	 0	 0	 0	 2	 1	 1	 1	 1	 1	352.00	  0.06
29	60	19	v	 1	 1	 0	 0	 0	 2	 1	 1	 1	 1	 1	510.80	  0.06
30	60	19	v	 1	 1	 0	 1	 0	 1	 1	 0	 2	 2	 1	566.71	  0.07
31	60	19	v	 1	 1	 0	 1	 1	 0	 1	 1	 2	 2	 1	379.99	  0.11
32	60	19	v	 1	 1	 0	 1	 1	 2	 1	 1	 2	 2	 1	459.12	  0.06
33	60	19	v	 1	 1	 0	 0	 0	 1	 1	 1	 1	 1	 1	543.43	  0.06
34	60	19	v	 1	 1	 0	 1	 1	 1	 1	 1	 2	 2	 1	429.73	  0.07
35	60	19	v	 1	 1	 0	 0	 1	 2	 1	 0	 1	 1	 1	454.30	  0.09
36	60	19	v	 1	 1	 0	 1	 1	 1	 1	 1	 2	 2	 1	420.57	  0.06
37	60	19	v	 1	 1	 0	 0	 1	 2	 1	 0	 1	 1	 1	303.68	  0.06
38	60	19	v	 1	 1	 0	 0	 1	 0	 1	 0	 1	 1	 1	438.40	  0.07
39	60	19	v	 1	 1	 0	 1	 1	 0	 1	 1	 2	 2	 1	474.54	  0.08
40	60	19	v	 1	 1	 0	 0	 1	 1	 1	 0	 1	 1	 1	336.47	  0.08
41	60	19	v	 1	 1	 0	 0	 0	 0	 1	 1	 1	 1	 1	573.95	  0.07
42	60	19	v	 1	 1	 0	 0	 0	 0	 1	 1	 1	 1	 1	468.56	  0.07
43	60	19	v	 1	 1	 0	 1	 0	 2	 1	 0	 2	 2	 1	480.96	  0.06
44	60	19	v	 1	 1	 0	 0	 0	 0	 1	 1	 1	 1	 1	461.33	  0.08
45	60	19	v	 1	 1	 0	 0	 0	 2	 1	 1	 1	 1	 1	406.71	  0.06
46	60	19	v	 1	 1	 0	 0	 1	 2	 1	 0	 1	 1	 1	446.26	  0.06
47	60	19	v	 1	 1	 0	 1	 0	 2	 1	 0	 2	 2	 1	524.01	  0.06
48	60	19	v	 1	 1	 0	 1	 0	 0	 1	 0	 2	 2	 1	251.39	  0.06
49	60	19	v	 1	 1	 0	 1	 0	 0	 1	 0	 2	 2	 1	405.89	  0.06
50	60	19	v	 1	 1	 0	 1	 1	 2	 1	 1	 2	 2	 1	387.89	  0.20
51	60	19	v	 1	 1	 0	 0	 1	 2	 1	 0	 1	 1	 1	326.63	  0.06
52	60	19	v	 1	 1	 0	 0	 0	 2	 1	 1	 1	 1	 1	323.27	  0.06
53	60	19	v	 1	 1	 0	 1	 0	 1	 1	 0	 2	 2	 1	349.08	  0.06
54	60	19	v	 1	 1	 0	 0	 1	 1	 1	 0	 1	 1	 1	344.12	  0.06
55	60	19	v	 1	 1	 0	 0	 1	 1	 1	 0	 1	 1	 1	344.61	  0.06
56	60	19	v	 1	 1	 0	 0	 1	 0	 1	 0	 1	 1	 1	343.15	  0.06
57	60	19	v	 1	 1	 0	 0	 0	 1	 1	 1	 1	 1	 1	392.99	  0.06
58	60	19	v	 1	 1	 0	 1	 0	 2	 1	 0	 2	 2	 1	499.00	  0.23
59	60	19	v	 1	 1	 0	 0	 0	 1	 1	 1	 1	 1	 1	503.35	  0.07
60	60	19	v	 1	 1	 0	 1	 0	 2	 1	 0	 2	 2	 1	474.26	  0.08
61	60	19	v	 1	 1	 0	 0	 1	 2	 1	 0	 1	 1	 1	328.15	  0.06
62	60	19	v	 1	 1	 0	 0	 1	 0	 1	 0	 1	 1	 1	554.80	  0.07
63	60	19	v	 1	 1	 0	 1	 1	 0	 1	 1	 2	 2	 1	418.53	  0.06
64	60	19	v	 1	 1	 0	 1	 1	 2	 1	 1	 2	 2	 1	862.66	  0.06
65	60	19	v	 1	 1	 0	 0	 0	 2	 1	 1	 1	 1	 1	415.30	  0.06
66	60	19	v	 1	 1	 0	 0	 0	 1	 1	 1	 1	 1	 1	360.50	  0.06
67	60	19	v	 1	 1	 0	 0	 1	 0	 1	 0	 1	 1	 1	550.29	  0.11
68	60	19	v	 1	 1	 0	 1	 1	 0	 1	 1	 2	 2	 1	688.78	  0.07
69	60	19	v	 1	 1	 0	 1	 0	 0	 1	 0	 2	 2	 1	522.08	  0.06
70	60	19	v	 1	 1	 0	 0	 0	 2	 1	 1	 1	 1	 1	527.42	  0.06
71	60	19	v	 1	 1	 0	 1	 1	 1	 1	 1	 2	 2	 1	459.90	  0.06
72	60	19	v	 1	 1	 0	 0	 1	 0	 1	 0	 1	 1	 1	393.19	  0.11
73	60	19	v	 1	 1	 0	 1	 0	 0	 1	 0	 2	 2	 1	490.95	  0.06
74	60	19	v	 1	 1	 0	 0	 1	 2	 1	 0	 1	 1	 1	614.59	  0.07
75	60	19	v	 1	 1	 0	 1	 0	 1	 1	 0	 2	 2	 1	551.52	  0.07
76	60	19	v	 1	 1	 0	 1	 1	 2	 1	 1	 2	 2	 1	718.31	  0.06
77	60	19	v	 1	 1	 0	 0	 0	 1	 1	 1	 1	 1	 1	454.73	  0.06
78	60	19	v	 1	 1	 0	 1	 0	 2	 1	 0	 2	 2	 1	588.80	  0.06
79	60	19	v	 1	 1	 0	 0	 0	 2	 1	 1	 1	 1	 1	1076.55	  0.07
80	60	19	v	 1	 1	 0	 1	 1	 0	 1	 1	 2	 2	 1	510.23	  0.06
81	60	19	v	 1	 1	 0	 1	 0	 0	 1	 0	 2	 2	 1	500.13	  0.11
82	60	19	v	 1	 1	 0	 0	 0	 2	 1	 1	 1	 1	 1	483.37	  0.06
83	60	19	v	 1	 1	 0	 1	 0	 1	 1	 0	 2	 2	 1	442.77	  0.06
84	60	19	v	 1	 1	 0	 1	 0	 1	 1	 0	 2	 2	 1	487.51	  0.06
85	60	19	v	 1	 1	 0	 0	 1	 0	 1	 0	 1	 1	 1	713.77	  0.06
86	60	19	v	 1	 1	 0	 0	 1	 1	 1	 0	 1	 1	 1	622.34	  0.06
87	60	19	v	 1	 1	 0	 1	 0	 0	 1	 0	 2	 2	 1	460.00	  0.06
88	60	19	v	 1	 1	 0	 1	 0	 0	 1	 0	 2	 2	 1	709.08	  0.06
89	60	19	v	 1	 1	 0	 0	 1	 1	 1	 0	 1	 1	 1	625.79	  0.06
90	60	19	v	 1	 1	 0	 0	 0	 0	 1	 1	 1	 1	 1	521.50	  0.06
91	60	19	v	 1	 1	 0	 1	 1	 0	 1	 1	 2	 2	 1	530.97	  0.06
92	60	19	v	 1	 1	 0	 0	 0	 0	 1	 1	 1	 1	 1	450.61	  0.07
93	60	19	v	 1	 1	 0	 0	 0	 1	 1	 1	 1	 1	 1	627.01	  0.06
94	60	19	v	 1	 1	 0	 1	 1	 1	 1	 1	 2	 2	 1	492.61	  0.07
95	60	19	v	 1	 1	 0	 0	 1	 1	 1	 0	 1	 1	 1	428.12	  0.07
96	60	19	v	 1	 1	 1	 1	 1	 1	 2	 1	 2	 2	 1	499.15	  0.06
97	60	19	v	 1	 1	 1	 1	 0	 0	 2	 0	 2	 2	 1	532.79	  0.06
98	60	19	v	 1	 1	 1	 0	 1	 2	 2	 0	 1	 1	 1	456.09	  0.06
99	60	19	v	 1	 1	 1	 0	 1	 0	 2	 0	 1	 1	 1	403.50	  0.08
100	60	19	v	 1	 1	 1	 0	 0	 1	 2	 1	 1	 1	 1	522.68	  0.06
101	60	19	v	 1	 1	 1	 0	 1	 2	 2	 0	 1	 1	 1	565.15	  0.07
102	60	19	v	 1	 1	 1	 1	 0	 1	 2	 0	 2	 2	 1	502.53	  0.06
103	60	19	v	 1	 1	 1	 0	 0	 0	 2	 1	 1	 1	 1	419.87	  0.08
104	60	19	v	 1	 1	 1	 0	 0	 2	 2	 1	 1	 1	 1	549.00	  0.06
105	60	19	v	 1	 1	 1	 0	 0	 2	 2	 1	 1	 1	 1	486.74	  0.07
106	60	19	v	 1	 1	 1	 1	 1	 2	 2	 1	 2	 2	 1	462.30	  0.06
107	60	19	v	 1	 1	 1	 0	 0	 0	 2	 1	 1	 1	 1	403.36	  0.06
108	60	19	v	 1	 1	 1	 1	 1	 0	 2	 1	 2	 2	 1	632.05	  0.07
109	60	19	v	 1	 1	 1	 0	 1	 0	 2	 0	 1	 1	 1	542.56	  0.08
110	60	19	v	 1	 1	 1	 1	 0	 2	 2	 0	 2	 1	 0	674.69	  0.06
111	60	19	v	 1	 1	 1	 0	 0	 1	 2	 1	 1	 1	 1	705.09	  0.10
112	60	19	v	 1	 1	 1	 1	 0	 0	 2	 0	 2	 2	 1	901.74	  0.06
113	60	19	v	 1	 1	 1	 0	 1	 2	 2	 0	 1	 1	 1	496.29	  0.06
114	60	19	v	 1	 1	 1	 0	 1	 1	 2	 0	 1	 1	 1	495.36	  0.06
115	60	19	v	 1	 1	 1	 1	 1	 0	 2	 1	 2	 2	 1	478.16	  0.06
116	60	19	v	 1	 1	 1	 1	 1	 1	 2	 1	 2	 2	 1	542.29	  0.06
117	60	19	v	 1	 1	 1	 0	 0	 2	 2	 1	 1	 1	 1	612.71	  0.07
118	60	19	v	 1	 1	 1	 0	 1	 2	 2	 0	 1	 1	 1	492.84	  0.06
119	60	19	v	 1	 1	 1	 1	 0	 0	 2	 0	 2	 2	 1	472.28	  0.06
120	60	19	v	 1	 1	 1	 0	 1	 0	 2	 0	 1	 1	 1	609.12	  0.06
121	60	19	v	 1	 1	 1	 0	 1	 1	 2	 0	 1	 1	 1	469.45	  0.06
122	60	19	v	 1	 1	 1	 0	 0	 1	 2	 1	 1	 1	 1	491.24	  0.07
123	60	19	v	 1	 1	 1	 1	 1	 1	 2	 1	 2	 2	 1	495.92	  0.20
124	60	19	v	 1	 1	 1	 1	 1	 2	 2	 1	 2	 2	 1	536.90	  0.06
125	60	19	v	 1	 1	 1	 1	 0	 1	 2	 0	 2	 2	 1	516.96	  0.08
126	60	19	v	 1	 1	 1	 1	 1	 2	 2	 1	 2	 2	 1	563.77	  0.06
127	60	19	v	 1	 1	 1	 0	 1	 0	 2	 0	 1	 1	 1	561.92	  0.06
128	60	19	v	 1	 1	 1	 1	 0	 2	 2	 0	 2	 2	 1	503.23	  0.06
129	60	19	v	 1	 1	 1	 1	 1	 2	 2	 1	 2	 2	 1	519.41	  0.10
130	60	19	v	 1	 1	 1	 0	 1	 1	 2	 0	 1	 1	 1	444.30	  0.06
131	60	19	v	 1	 1	 1	 1	 1	 1	 2	 1	 2	 2	 1	467.70	  0.07
132	60	19	v	 1	 1	 1	 1	 0	 2	 2	 0	 2	 2	 1	445.56	  0.06
133	60	19	v	 1	 1	 1	 0	 0	 0	 2	 1	 1	 1	 1	445.23	  0.07
134	60	19	v	 1	 1	 1	 0	 1	 0	 2	 0	 1	 1	 1	665.62	  0.06
135	60	19	v	 1	 1	 1	 1	 1	 1	 2	 1	 2	 2	 1	345.69	  0.06
136	60	19	v	 1	 1	 1	 1	 0	 1	 2	 0	 2	 2	 1	476.58	  0.07
137	60	19	v	 1	 1	 1	 1	 0	 1	 2	 0	 2	 2	 1	432.79	  0.06
138	60	19	v	 1	 1	 1	 0	 0	 2	 2	 1	 1	 1	 1	454.37	  0.07
139	60	19	v	 1	 1	 1	 1	 0	 0	 2	 0	 2	 2	 1	370.63	  0.06
140	60	19	v	 1	 1	 1	 0	 0	 1	 2	 1	 1	 1	 1	352.47	  0.07
141	60	19	v	 1	 1	 1	 0	 1	 0	 2	 0	 1	 1	 1	400.41	  0.06
142	60	19	v	 1	 1	 1	 0	 0	 1	 2	 1	 1	 1	 1	509.99	  0.06
143	60	19	v	 1	 1	 1	 1	 0	 2	 2	 0	 2	 2	 1	442.58	  0.06
144	60	19	v	 1	 1	 1	 1	 1	 0	 2	 1	 2	 2	 1	401.20	  0.06
145	60	19	v	 1	 1	 1	 0	 0	 1	 2	 1	 1	 1	 1	715.84	  0.06
146	60	19	v	 1	 1	 1	 1	 1	 0	 2	 1	 2	 2	 1	497.22	  0.06
147	60	19	v	 1	 1	 1	 1	 0	 1	 2	 0	 2	 2	 1	402.58	  0.06
148	60	19	v	 1	 1	 1	 1	 1	 0	 2	 1	 2	 2	 1	385.22	  0.06
149	60	19	v	 1	 1	 1	 1	 1	 1	 2	 1	 2	 2	 1	394.35	  0.06
150	60	19	v	 1	 1	 1	 0	 0	 0	 2	 1	 1	 1	 1	525.46	  0.06
151	60	19	v	 1	 1	 1	 0	 1	 0	 2	 0	 1	 1	 1	436.56	  0.06
152	60	19	v	 1	 1	 1	 0	 0	 0	 2	 1	 1	 1	 1	469.24	  0.06
153	60	19	v	 1	 1	 1	 0	 0	 2	 2	 1	 1	 1	 1	475.02	  0.06
154	60	19	v	 1	 1	 1	 1	 0	 0	 2	 0	 2	 2	 1	525.77	  0.06
155	60	19	v	 1	 1	 1	 0	 0	 2	 2	 1	 1	 1	 1	518.39	  0.06
156	60	19	v	 1	 1	 1	 0	 0	 2	 2	 1	 1	 1	 1	423.09	  0.06
157	60	19	v	 1	 1	 1	 1	 0	 0	 2	 0	 2	 2	 1	527.41	  0.06
158	60	19	v	 1	 1	 1	 0	 1	 2	 2	 0	 1	 1	 1	524.62	  0.06
159	60	19	v	 1	 1	 1	 1	 0	 2	 2	 0	 2	 2	 1	721.89	  0.06
160	60	19	v	 1	 1	 1	 1	 1	 2	 2	 1	 2	 2	 1	552.12	  0.06
161	60	19	v	 1	 1	 1	 0	 1	 1	 2	 0	 1	 1	 1	551.95	  0.07
162	60	19	v	 1	 1	 1	 1	 0	 0	 2	 0	 2	 2	 1	555.41	  0.09
163	60	19	v	 1	 1	 1	 0	 1	 1	 2	 0	 1	 1	 1	517.19	  0.06
164	60	19	v	 1	 1	 1	 0	 0	 0	 2	 1	 1	 1	 1	536.99	  0.06
165	60	19	v	 1	 1	 1	 1	 1	 0	 2	 1	 2	 2	 1	492.06	  0.06
166	60	19	v	 1	 1	 1	 0	 0	 1	 2	 1	 1	 1	 1	381.53	  0.07
167	60	19	v	 1	 1	 1	 0	 0	 1	 2	 1	 1	 1	 1	481.12	  0.06
168	60	19	v	 1	 1	 1	 1	 1	 2	 2	 1	 2	 2	 1	501.37	  0.06
169	60	19	v	 1	 1	 1	 1	 0	 1	 2	 0	 2	 1	 0	411.54	  0.11
170	60	19	v	 1	 1	 1	 1	 0	 2	 2	 0	 2	 2	 1	509.23	  0.07
171	60	19	v	 1	 1	 1	 1	 1	 2	 2	 1	 2	 2	 1	469.90	  0.09
172	60	19	v	 1	 1	 1	 0	 1	 1	 2	 0	 1	 1	 1	537.71	  0.08
173	60	19	v	 1	 1	 1	 0	 1	 1	 2	 0	 1	 1	 1	513.60	  0.06
174	60	19	v	 1	 1	 1	 0	 1	 2	 2	 0	 1	 1	 1	429.54	  0.07
175	60	19	v	 1	 1	 1	 1	 1	 0	 2	 1	 2	 2	 1	492.38	  0.06
176	60	19	v	 1	 1	 1	 1	 0	 1	 2	 0	 2	 2	 1	483.78	  0.06
177	60	19	v	 1	 1	 1	 1	 1	 2	 2	 1	 2	 2	 1	501.49	  0.06
178	60	19	v	 1	 1	 1	 1	 0	 0	 2	 0	 2	 2	 1	451.48	  0.08
179	60	19	v	 1	 1	 1	 0	 0	 2	 2	 1	 1	 1	 1	446.87	  0.06
180	60	19	v	 1	 1	 1	 1	 0	 1	 2	 0	 2	 2	 1	414.68	  0.07
181	60	19	v	 1	 1	 1	 0	 1	 1	 2	 0	 1	 1	 1	493.83	  0.07
182	60	19	v	 1	 1	 1	 1	 1	 1	 2	 1	 2	 2	 1	447.91	  0.06
183	60	19	v	 1	 1	 1	 0	 0	 0	 2	 1	 1	 1	 1	488.69	  0.08
184	60	19	v	 1	 1	 1	 0	 1	 2	 2	 0	 1	 1	 1	570.85	  0.06
185	60	19	v	 1	 1	 1	 1	 1	 1	 2	 1	 2	 2	 1	836.10	  0.06
186	60	19	v	 1	 1	 1	 1	 0	 2	 2	 0	 2	 2	 1	526.53	  0.06
187	60	19	v	 1	 1	 1	 0	 0	 0	 2	 1	 1	 1	 1	539.96	  0.06
188	60	19	v	 1	 1	 1	 1	 0	 2	 2	 0	 2	 2	 1	495.07	  0.06
189	60	19	v	 1	 1	 1	 1	 1	 0	 2	 1	 2	 2	 1	494.98	  0.06
190	60	19	v	 1	 1	 1	 0	 1	 0	 2	 0	 1	 1	 1	396.31	  0.06
191	60	19	v	 1	 1	 1	 0	 1	 2	 2	 0	 1	 1	 1	514.31	  0.06
192	60	19	v	 1	 1	 2	 0	 1	 2	 1	 0	 1	 1	 1	422.98	  0.07
193	60	19	v	 1	 1	 2	 1	 1	 0	 1	 1	 2	 2	 1	457.24	  0.06
194	60	19	v	 1	 1	 2	 1	 0	 1	 1	 0	 2	 2	 1	443.46	  0.06
195	60	19	v	 1	 1	 2	 1	 1	 0	 1	 1	 2	 2	 1	475.98	  0.06
196	60	19	v	 1	 1	 2	 0	 1	 0	 1	 0	 1	 2	 0	444.62	  0.06
197	60	19	v	 1	 1	 2	 0	 1	 0	 1	 0	 1	 1	 1	571.14	  0.06
198	60	19	v	 1	 1	 2	 0	 1	 0	 1	 0	 1	 1	 1	413.25	  0.06
199	60	19	v	 1	 1	 2	 1	 1	 1	 1	 1	 2	 2	 1	627.65	  0.06
200	60	19	v	 1	 1	 2	 1	 0	 0	 1	 0	 2	 2	 1	543.23	  0.06
201	60	19	v	 1	 1	 2	 1	 1	 0	 1	 1	 2	 2	 1	498.29	  0.06
202	60	19	v	 1	 1	 2	 0	 0	 1	 1	 1	 1	 1	 1	727.31	  0.06
203	60	19	v	 1	 1	 2	 1	 0	 0	 1	 0	 2	 2	 1	512.44	  0.06
204	60	19	v	 1	 1	 2	 1	 1	 2	 1	 1	 2	 2	 1	482.41	  0.20
205	60	19	v	 1	 1	 2	 1	 0	 2	 1	 0	 2	 2	 1	424.54	  0.08
206	60	19	v	 1	 1	 2	 0	 0	 0	 1	 1	 1	 1	 1	508.87	  0.06
207	60	19	v	 1	 1	 2	 0	 0	 1	 1	 1	 1	 1	 1	445.83	  0.20
208	60	19	v	 1	 1	 2	 1	 1	 2	 1	 1	 2	 2	 1	413.05	  0.06
209	60	19	v	 1	 1	 2	 0	 1	 0	 1	 0	 1	 1	 1	504.32	  0.06
210	60	19	v	 1	 1	 2	 0	 0	 2	 1	 1	 1	 1	 1	438.37	  0.06
211	60	19	v	 1	 1	 2	 0	 1	 1	 1	 0	 1	 1	 1	468.42	  0.06
212	60	19	v	 1	 1	 2	 1	 0	 1	 1	 0	 2	 2	 1	449.16	  0.06
213	60	19	v	 1	 1	 2	 0	 0	 1	 1	 1	 1	 1	 1	403.59	  0.06
214	60	19	v	 1	 1	 2	 1	 1	 0	 1	 1	 2	 2	 1	488.51	  0.06
215	60	19	v	 1	 1	 2	 0	 1	 2	 1	 0	 1	 1	 1	427.94	  0.21
216	60	19	v	 1	 1	 2	 0	 0	 1	 1	 1	 1	 1	 1	587.54	  0.06
217	60	19	v	 1	 1	 2	 1	 1	 2	 1	 1	 2	 2	 1	424.43	  0.06
218	60	19	v	 1	 1	 2	 0	 0	 2	 1	 1	 1	 1	 1	573.77	  0.11
219	60	19	v	 1	 1	 2	 0	 0	 1	 1	 1	 1	 1	 1	403.70	  0.07
220	60	19	v	 1	 1	 2	 0	 1	 2	 1	 0	 1	 1	 1	553.25	  0.06
221	60	19	v	 1	 1	 2	 0	 1	 1	 1	 0	 1	 1	 1	672.06	  0.06
222	60	19	v	 1	 1	 2	 1	 0	 1	 1	 0	 2	 2	 1	489.52	  0.06
223	60	19	v	 1	 1	 2	 1	 1	 0	 1	 1	 2	 2	 1	502.08	  0.06
224	60	19	v	 1	 1	 2	 1	 0	 1	 1	 0	 2	 2	 1	489.14	  0.06
225	60	19	v	 1	 1	 2	 1	 0	 1	 1	 0	 2	 2	 1	461.62	  0.06
226	60	19	v	 1	 1	 2	 0	 1	 1	 1	 0	 1	 1	 1	320.81	  0.07
227	60	19	v	 1	 1	 2	 1	 0	 2	 1	 0	 2	 2	 1	350.29	  0.06
228	60	19	v	 1	 1	 2	 0	 1	 2	 1	 0	 1	 1	 1	492.39	  0.06
229	60	19	v	 1	 1	 2	 1	 0	 1	 1	 0	 2	 2	 1	518.00	  0.06
230	60	19	v	 1	 1	 2	 1	 0	 0	 1	 0	 2	 2	 1	417.68	  0.06
231	60	19	v	 1	 1	 2	 1	 0	 2	 1	 0	 2	 2	 1	485.86	  0.06
232	60	19	v	 1	 1	 2	 0	 1	 1	 1	 0	 1	 1	 1	457.41	  0.06
233	60	19	v	 1	 1	 2	 0	 0	 0	 1	 1	 1	 1	 1	382.79	  0.06
234	60	19	v	 1	 1	 2	 1	 0	 2	 1	 0	 2	 2	 1	477.04	  0.06
235	60	19	v	 1	 1	 2	 0	 0	 2	 1	 1	 1	 1	 1	339.59	  0.06
236	60	19	v	 1	 1	 2	 0	 1	 2	 1	 0	 1	 1	 1	499.19	  0.06
237	60	19	v	 1	 1	 2	 1	 0	 2	 1	 0	 2	 2	 1	147.33	  0.22
238	60	19	v	 1	 1	 2	 1	 1	 1	 1	 1	 2	 2	 1	497.62	  0.07
239	60	19	v	 1	 1	 2	 1	 0	 1	 1	 0	 2	 2	 1	501.11	  0.06
240	60	19	v	 1	 1	 2	 0	 1	 1	 1	 0	 1	 1	 1	496.52	  0.06
241	60	19	v	 1	 1	 2	 0	 0	 0	 1	 1	 1	 1	 1	413.77	  0.06
242	60	19	v	 1	 1	 2	 0	 1	 1	 1	 0	 1	 1	 1	375.08	  0.20
243	60	19	v	 1	 1	 2	 1	 1	 0	 1	 1	 2	 2	 1	507.02	  0.06
244	60	19	v	 1	 1	 2	 0	 1	 0	 1	 0	 1	 1	 1	472.25	  0.06
245	60	19	v	 1	 1	 2	 1	 1	 2	 1	 1	 2	 2	 1	  9.38	  0.06
246	60	19	v	 1	 1	 2	 1	 0	 0	 1	 0	 2	 2	 1	568.58	  0.06
247	60	19	v	 1	 1	 2	 1	 1	 2	 1	 1	 2	 2	 1	1021.72	  0.06
248	60	19	v	 1	 1	 2	 0	 1	 2	 1	 0	 1	 1	 1	664.22	  0.06
249	60	19	v	 1	 1	 2	 0	 0	 1	 1	 1	 1	 1	 1	520.14	  0.06
250	60	19	v	 1	 1	 2	 0	 0	 1	 1	 1	 1	 1	 1	509.67	  0.06
251	60	19	v	 1	 1	 2	 0	 0	 1	 1	 1	 1	 1	 1	511.99	  0.21
252	60	19	v	 1	 1	 2	 1	 1	 2	 1	 1	 2	 2	 1	432.98	  0.20
253	60	19	v	 1	 1	 2	 0	 0	 0	 1	 1	 1	 1	 1	495.18	  0.06
254	60	19	v	 1	 1	 2	 1	 1	 1	 1	 1	 2	 2	 1	527.34	  0.06
255	60	19	v	 1	 1	 2	 1	 1	 2	 1	 1	 2	 2	 1	438.80	  0.07
256	60	19	v	 1	 1	 2	 1	 1	 0	 1	 1	 2	 2	 1	443.41	  0.06
257	60	19	v	 1	 1	 2	 0	 0	 2	 1	 1	 1	 1	 1	430.92	  0.07
258	60	19	v	 1	 1	 2	 0	 0	 2	 1	 1	 1	 1	 1	554.76	  0.06
259	60	19	v	 1	 1	 2	 1	 0	 0	 1	 0	 2	 2	 1	532.37	  0.06
260	60	19	v	 1	 1	 2	 0	 1	 2	 1	 0	 1	 1	 1	398.74	  0.06
261	60	19	v	 1	 1	 2	 0	 0	 2	 1	 1	 1	 1	 1	398.85	  0.06
262	60	19	v	 1	 1	 2	 0	 0	 0	 1	 1	 1	 1	 1	439.80	  0.06
263	60	19	v	 1	 1	 2	 1	 0	 0	 1	 0	 2	 2	 1	390.60	  0.06
264	60	19	v	 1	 1	 2	 0	 1	 1	 1	 0	 1	 1	 1	337.58	  0.06
265	60	19	v	 1	 1	 2	 1	 1	 1	 1	 1	 2	 2	 1	455.75	  0.06
266	60	19	v	 1	 1	 2	 0	 1	 2	 1	 0	 1	 2	 0	492.02	  0.06
267	60	19	v	 1	 1	 2	 1	 0	 1	 1	 0	 2	 2	 1	500.32	  0.08
268	60	19	v	 1	 1	 2	 1	 0	 0	 1	 0	 2	 2	 1	577.62	  0.06
269	60	19	v	 1	 1	 2	 0	 0	 0	 1	 1	 1	 1	 1	513.58	  0.06
270	60	19	v	 1	 1	 2	 0	 0	 2	 1	 1	 1	 2	 0	397.12	  0.06
271	60	19	v	 1	 1	 2	 1	 1	 1	 1	 1	 2	 2	 1	430.03	  0.06
272	60	19	v	 1	 1	 2	 1	 0	 0	 1	 0	 2	 2	 1	447.32	  0.11
273	60	19	v	 1	 1	 2	 1	 1	 2	 1	 1	 2	 2	 1	491.57	  0.06
274	60	19	v	 1	 1	 2	 1	 0	 2	 1	 0	 2	 2	 1	465.96	  0.07
275	60	19	v	 1	 1	 2	 0	 0	 2	 1	 1	 1	 1	 1	404.08	  0.06
276	60	19	v	 1	 1	 2	 1	 0	 2	 1	 0	 2	 2	 1	185.60	  0.06
277	60	19	v	 1	 1	 2	 1	 1	 1	 1	 1	 2	 2	 1	477.31	  0.06
278	60	19	v	 1	 1	 2	 0	 1	 0	 1	 0	 1	 1	 1	556.14	  0.06
279	60	19	v	 1	 1	 2	 0	 0	 0	 1	 1	 1	 1	 1	514.87	  0.06
280	60	19	v	 1	 1	 2	 1	 1	 0	 1	 1	 2	 2	 1	513.51	  0.06
281	60	19	v	 1	 1	 2	 1	 1	 1	 1	 1	 2	 2	 1	561.19	  0.06
282	60	19	v	 1	 1	 2	 0	 1	 1	 1	 0	 1	 1	 1	542.84	  0.06
283	60	19	v	 1	 1	 2	 0	 0	 0	 1	 1	 1	 1	 1	436.80	  0.06
284	60	19	v	 1	 1	 2	 1	 1	 1	 1	 1	 2	 2	 1	474.58	  0.06
285	60	19	v	 1	 1	 2	 0	 1	 0	 1	 0	 1	 2	 0	 50.39	  0.10
286	60	19	v	 1	 1	 2	 0	 1	 0	 1	 0	 1	 1	 1	474.70	  0.06
287	60	19	v	 1	 1	 2	 1	 0	 2	 1	 0	 2	 2	 1	533.49	  0.06
288	60	19	v	 1	 1	 3	 0	 1	 1	 2	 0	 1	 1	 1	473.73	  0.06
289	60	19	v	 1	 1	 3	 1	 1	 0	 2	 1	 2	 2	 1	332.68	  0.07
290	60	19	v	 1	 1	 3	 1	 1	 2	 2	 1	 2	 2	 1	464.14	  0.06
291	60	19	v	 1	 1	 3	 1	 1	 1	 2	 1	 2	 2	 1	467.88	  0.06
292	60	19	v	 1	 1	 3	 0	 0	 2	 2	 1	 1	 1	 1	416.40	  0.06
293	60	19	v	 1	 1	 3	 1	 1	 2	 2	 1	 2	 2	 1	888.84	  0.06
294	60	19	v	 1	 1	 3	 1	 0	 2	 2	 0	 2	 2	 1	468.49	  0.06
295	60	19	v	 1	 1	 3	 0	 1	 2	 2	 0	 1	 2	 0	482.32	  0.06
296	60	19	v	 1	 1	 3	 1	 1	 1	 2	 1	 2	 2	 1	462.87	  0.06
297	60	19	v	 1	 1	 3	 0	 0	 0	 2	 1	 1	 1	 1	350.72	  0.06
298	60	19	v	 1	 1	 3	 1	 1	 2	 2	 1	 2	 2	 1	415.15	  0.06
299	60	19	v	 1	 1	 3	 1	 0	 1	 2	 0	 2	 2	 1	486.54	  0.06
300	60	19	v	 1	 1	 3	 0	 0	 0	 2	 1	 1	 1	 1	523.79	  0.06
301	60	19	v	 1	 1	 3	 1	 0	 1	 2	 0	 2	 2	 1	566.06	  0.06
302	60	19	v	 1	 1	 3	 0	 0	 0	 2	 1	 1	 1	 1	376.73	  0.06
303	60	19	v	 1	 1	 3	 0	 0	 1	 2	 1	 1	 1	 1	438.88	  0.06
304	60	19	v	 1	 1	 3	 1	 0	 0	 2	 0	 2	 2	 1	516.82	  0.06
305	60	19	v	 1	 1	 3	 0	 0	 2	 2	 1	 1	 1	 1	439.52	  0.06
306	60	19	v	 1	 1	 3	 1	 1	 0	 2	 1	 2	 2	 1	491.21	  0.06
307	60	19	v	 1	 1	 3	 0	 0	 2	 2	 1	 1	 1	 1	425.60	  0.06
308	60	19	v	 1	 1	 3	 0	 0	 2	 2	 1	 1	 1	 1	464.88	  0.07
309	60	19	v	 1	 1	 3	 1	 0	 0	 2	 0	 2	 2	 1	503.92	  0.06
310	60	19	v	 1	 1	 3	 0	 1	 2	 2	 0	 1	 1	 1	430.28	  0.06
311	60	19	v	 1	 1	 3	 0	 1	 1	 2	 0	 1	 2	 0	524.70	  0.06
312	60	19	v	 1	 1	 3	 0	 1	 0	 2	 0	 1	 1	 1	563.26	  0.06
313	60	19	v	 1	 1	 3	 1	 1	 2	 2	 1	 2	 2	 1	483.60	  0.06
314	60	19	v	 1	 1	 3	 0	 0	 2	 2	 1	 1	 1	 1	410.37	  0.08
315	60	19	v	 1	 1	 3	 0	 1	 2	 2	 0	 1	 1	 1	494.74	  0.06
316	60	19	v	 1	 1	 3	 1	 0	 0	 2	 0	 2	 2	 1	813.78	  0.07
317	60	19	v	 1	 1	 3	 0	 0	 1	 2	 1	 1	 2	 0	161.71	  0.06
318	60	19	v	 1	 1	 3	 1	 1	 0	 2	 1	 2	 2	 1	568.56	  0.06
319	60	19	v	 1	 1	 3	 1	 0	 2	 2	 0	 2	 2	 1	665.01	  0.07
320	60	19	v	 1	 1	 3	 0	 1	 1	 2	 0	 1	 1	 1	401.68	  0.20
321	60	19	v	 1	 1	 3	 1	 1	 2	 2	 1	 2	 2	 1	663.32	  0.06
322	60	19	v	 1	 1	 3	 0	 1	 2	 2	 0	 1	 1	 1	441.08	  0.07
323	60	19	v	 1	 1	 3	 1	 1	 0	 2	 1	 2	 2	 1	452.62	  0.06
324	60	19	v	 1	 1	 3	 0	 0	 0	 2	 1	 1	 1	 1	530.40	  0.11
325	60	19	v	 1	 1	 3	 0	 1	 1	 2	 0	 1	 1	 1	433.91	  0.06
326	60	19	v	 1	 1	 3	 1	 1	 1	 2	 1	 2	 2	 1	479.62	  0.06
327	60	19	v	 1	 1	 3	 0	 1	 1	 2	 0	 1	 1	 1	423.51	  0.10
328	60	19	v	 1	 1	 3	 1	 1	 0	 2	 1	 2	 2	 1	580.80	  0.11
329	60	19	v	 1	 1	 3	 1	 1	 1	 2	 1	 2	 2	 1	586.71	  0.06
330	60	19	v	 1	 1	 3	 0	 0	 2	 2	 1	 1	 1	 1	456.59	  0.08
331	60	19	v	 1	 1	 3	 0	 0	 2	 2	 1	 1	 1	 1	688.77	  0.06
332	60	19	v	 1	 1	 3	 0	 0	 0	 2	 1	 1	 1	 1	541.83	  0.07
333	60	19	v	 1	 1	 3	 0	 0	 1	 2	 1	 1	 1	 1	513.96	  0.22
334	60	19	v	 1	 1	 3	 1	 0	 2	 2	 0	 2	 2	 1	540.89	  0.06
335	60	19	v	 1	 1	 3	 0	 1	 0	 2	 0	 1	 1	 1	885.91	  0.06
336	60	19	v	 1	 1	 3	 1	 0	 2	 2	 0	 2	 2	 1	522.70	  0.06
337	60	19	v	 1	 1	 3	 1	 0	 1	 2	 0	 2	 2	 1	536.34	  0.07
338	60	19	v	 1	 1	 3	 1	 1	 0	 2	 1	 2	 2	 1	487.30	  0.07
339	60	19	v	 1	 1	 3	 0	 1	 0	 2	 0	 1	 1	 1	495.66	  0.06
340	60	19	v	 1	 1	 3	 0	 0	 1	 2	 1	 1	 1	 1	458.90	  0.06
341	60	19	v	 1	 1	 3	 1	 1	 1	 2	 1	 2	 2	 1	571.69	  0.06
342	60	19	v	 1	 1	 3	 1	 0	 1	 2	 0	 2	 2	 1	476.22	  0.08
343	60	19	v	 1	 1	 3	 0	 1	 2	 2	 0	 1	 1	 1	408.01	  0.06
344	60	19	v	 1	 1	 3	 1	 1	 2	 2	 1	 2	 2	 1	574.65	  0.06
345	60	19	v	 1	 1	 3	 1	 0	 2	 2	 0	 2	 2	 1	477.72	  0.06
346	60	19	v	 1	 1	 3	 1	 0	 1	 2	 0	 2	 2	 1	471.36	  0.11
347	60	19	v	 1	 1	 3	 0	 1	 2	 2	 0	 1	 1	 1	440.51	  0.07
348	60	19	v	 1	 1	 3	 0	 1	 1	 2	 0	 1	 1	 1	402.92	  0.06
349	60	19	v	 1	 1	 3	 1	 0	 1	 2	 0	 2	 2	 1	491.37	  0.06
350	60	19	v	 1	 1	 3	 0	 0	 0	 2	 1	 1	 1	 1	590.85	  0.06
351	60	19	v	 1	 1	 3	 1	 0	 1	 2	 0	 2	 2	 1	353.55	  0.06
352	60	19	v	 1	 1	 3	 0	 0	 2	 2	 1	 1	 1	 1	344.59	  0.06
353	60	19	v	 1	 1	 3	 0	 0	 1	 2	 1	 1	 1	 1	787.15	  0.06
354	60	19	v	 1	 1	 3	 1	 0	 1	 2	 0	 2	 2	 1	513.42	  0.06
355	60	19	v	 1	 1	 3	 0	 0	 1	 2	 1	 1	 1	 1	360.56	  0.09
356	60	19	v	 1	 1	 3	 0	 1	 0	 2	 0	 1	 1	 1	468.92	  0.06
357	60	19	v	 1	 1	 3	 1	 1	 1	 2	 1	 2	 2	 1	503.75	  0.06
358	60	19	v	 1	 1	 3	 0	 0	 1	 2	 1	 1	 1	 1	359.89	  0.08
359	60	19	v	 1	 1	 3	 1	 0	 0	 2	 0	 2	 2	 1	435.53	  0.06
360	60	19	v	 1	 1	 3	 0	 1	 1	 2	 0	 1	 1	 1	366.37	  0.06
361	60	19	v	 1	 1	 3	 0	 1	 0	 2	 0	 1	 1	 1	561.34	  0.06
362	60	19	v	 1	 1	 3	 1	 1	 2	 2	 1	 2	 2	 1	399.58	  0.06
363	60	19	v	 1	 1	 3	 1	 1	 2	 2	 1	 2	 2	 1	473.44	  0.07
364	60	19	v	 1	 1	 3	 1	 0	 2	 2	 0	 2	 2	 1	438.30	  0.06
365	60	19	v	 1	 1	 3	 1	 0	 2	 2	 0	 2	 2	 1	545.24	  0.06
366	60	19	v	 1	 1	 3	 0	 1	 2	 2	 0	 1	 1	 1	463.43	  0.06
367	60	19	v	 1	 1	 3	 0	 0	 0	 2	 1	 1	 1	 1	576.02	  0.06
368	60	19	v	 1	 1	 3	 0	 0	 1	 2	 1	 1	 1	 1	492.42	  0.06
369	60	19	v	 1	 1	 3	 0	 1	 2	 2	 0	 1	 1	 1	452.01	  0.21
370	60	19	v	 1	 1	 3	 1	 1	 0	 2	 1	 2	 2	 1	500.29	  0.09
371	60	19	v	 1	 1	 3	 0	 1	 0	 2	 0	 1	 1	 1	483.56	  0.07
372	60	19	v	 1	 1	 3	 1	 1	 1	 2	 1	 2	 2	 1	562.18	  0.06
373	60	19	v	 1	 1	 3	 1	 1	 0	 2	 1	 2	 2	 1	552.49	  0.06
374	60	19	v	 1	 1	 3	 1	 0	 0	 2	 0	 2	 2	 1	501.99	  0.06
375	60	19	v	 1	 1	 3	 0	 1	 1	 2	 0	 1	 1	 1	506.28	  0.23
376	60	19	v	 1	 1	 3	 0	 0	 0	 2	 1	 1	 1	 1	419.16	  0.06
377	60	19	v	 1	 1	 3	 1	 0	 0	 2	 0	 2	 2	 1	556.58	  0.06
378	60	19	v	 1	 1	 3	 0	 1	 0	 2	 0	 1	 1	 1	431.24	  0.06
379	60	19	v	 1	 1	 3	 1	 1	 1	 2	 1	 2	 2	 1	536.16	  0.07
380	60	19	v	 1	 1	 3	 1	 0	 2	 2	 0	 2	 1	 0	323.01	  0.06
381	60	19	v	 1	 1	 3	 0	 1	 0	 2	 0	 1	 1	 1	352.69	  0.06
382	60	19	v	 1	 1	 3	 1	 0	 0	 2	 0	 2	 2	 1	541.09	  0.06
383	60	19	v	 1	 1	 3	 1	 0	 0	 2	 0	 2	 2	 1	566.15	  0.06
