00	16	21	v	 1	 1	 0	 2	 2	 1	 1	 0	 2	 2	 1	1043.95	  0.00
01	16	21	v	 1	 1	 0	 1	 2	 1	 1	 0	 2	 2	 1	393.29	  0.00
02	16	21	v	 1	 1	 0	 1	 1	 1	 1	 1	 1	 1	 1	356.66	  0.00
03	16	21	v	 1	 1	 0	 1	 2	 1	 1	 0	 2	 2	 1	336.48	  0.00
04	16	21	v	 1	 1	 0	 2	 2	 1	 1	 0	 2	 2	 1	379.15	  0.00
05	16	21	v	 1	 1	 0	 2	 1	 1	 1	 1	 1	 1	 1	374.31	  0.00
06	16	21	v	 1	 1	 0	 2	 2	 1	 1	 0	 2	 2	 1	345.92	  0.00
07	16	21	v	 1	 1	 0	 2	 1	 1	 1	 1	 1	 1	 1	312.01	  0.00
08	16	21	v	 1	 1	 0	 1	 1	 1	 1	 1	 1	 1	 1	381.50	  0.00
09	16	21	v	 1	 1	 0	 1	 2	 1	 1	 0	 2	 2	 1	343.95	  0.00
10	16	21	v	 1	 1	 0	 1	 2	 1	 1	 0	 2	 2	 1	424.34	  0.00
11	16	21	v	 1	 1	 0	 2	 2	 1	 1	 0	 2	 2	 1	463.76	  0.00
12	16	21	v	 1	 1	 0	 1	 1	 1	 1	 1	 1	 1	 1	378.05	  0.00
13	16	21	v	 1	 1	 0	 2	 2	 1	 1	 0	 2	 2	 1	397.41	  0.00
14	16	21	v	 1	 1	 0	 1	 1	 1	 1	 1	 1	 1	 1	409.75	  0.00
15	16	21	v	 1	 1	 0	 1	 2	 1	 1	 0	 2	 2	 1	356.70	  0.00
16	16	21	v	 1	 1	 0	 2	 2	 1	 1	 0	 2	 2	 1	475.13	  0.00
17	16	21	v	 1	 1	 0	 2	 1	 1	 1	 1	 1	 1	 1	388.42	  0.00
18	16	21	v	 1	 1	 0	 2	 2	 1	 1	 0	 2	 2	 1	327.31	  0.00
19	16	21	v	 1	 1	 0	 1	 2	 1	 1	 0	 2	 2	 1	388.60	  0.00
20	16	21	v	 1	 1	 0	 2	 2	 1	 1	 0	 2	 2	 1	441.65	  0.00
21	16	21	v	 1	 1	 0	 1	 1	 1	 1	 1	 1	 1	 1	412.09	  0.00
22	16	21	v	 1	 1	 0	 1	 1	 1	 1	 1	 1	 1	 1	440.66	  0.00
23	16	21	v	 1	 1	 0	 2	 2	 1	 1	 0	 2	 2	 1	363.21	  0.00
24	16	21	v	 1	 1	 0	 1	 1	 1	 1	 1	 1	 1	 1	480.74	  0.00
25	16	21	v	 1	 1	 0	 1	 2	 1	 1	 0	 2	 2	 1	370.36	  0.00
26	16	21	v	 1	 1	 0	 2	 2	 1	 1	 0	 2	 2	 1	382.66	  0.00
27	16	21	v	 1	 1	 0	 1	 2	 1	 1	 0	 2	 2	 1	419.52	  0.00
28	16	21	v	 1	 1	 0	 2	 1	 1	 1	 1	 1	 1	 1	407.26	  0.00
29	16	21	v	 1	 1	 0	 2	 2	 1	 1	 0	 2	 2	 1	345.09	  0.00
30	16	21	v	 1	 1	 0	 2	 1	 1	 1	 1	 1	 1	 1	324.86	  0.00
31	16	21	v	 1	 1	 0	 2	 1	 1	 1	 1	 1	 1	 1	386.34	  0.00
32	16	21	v	 1	 1	 0	 1	 1	 1	 1	 1	 1	 1	 1	373.27	  0.00
33	16	21	v	 1	 1	 0	 1	 2	 1	 1	 0	 2	 2	 1	320.22	  0.00
34	16	21	v	 1	 1	 0	 2	 2	 1	 1	 0	 2	 2	 1	389.76	  0.00
35	16	21	v	 1	 1	 0	 2	 1	 1	 1	 1	 1	 1	 1	361.38	  0.00
36	16	21	v	 1	 1	 0	 2	 2	 1	 1	 0	 2	 2	 1	349.30	  0.00
37	16	21	v	 1	 1	 0	 1	 1	 1	 1	 1	 1	 1	 1	303.56	  0.00
38	16	21	v	 1	 1	 0	 2	 1	 1	 1	 1	 1	 1	 1	422.05	  0.00
39	16	21	v	 1	 1	 0	 1	 2	 1	 1	 0	 2	 2	 1	352.77	  0.00
40	16	21	v	 1	 1	 0	 1	 1	 1	 1	 1	 1	 1	 1	421.30	  0.00
41	16	21	v	 1	 1	 0	 1	 2	 1	 1	 0	 2	 2	 1	409.02	  0.00
42	16	21	v	 1	 1	 0	 1	 2	 1	 1	 0	 2	 2	 1	445.81	  0.00
43	16	21	v	 1	 1	 0	 2	 1	 1	 1	 1	 1	 1	 1	335.66	  0.00
44	16	21	v	 1	 1	 0	 1	 1	 1	 1	 1	 1	 1	 1	396.11	  0.00
45	16	21	v	 1	 1	 0	 1	 2	 1	 1	 0	 2	 2	 1	408.38	  0.00
46	16	21	v	 1	 1	 0	 2	 1	 1	 1	 1	 1	 1	 1	428.87	  0.00
47	16	21	v	 1	 1	 0	 2	 2	 1	 1	 0	 2	 2	 1	375.77	  0.00
48	16	21	v	 1	 1	 0	 2	 2	 1	 1	 0	 2	 2	 1	370.86	  0.00
49	16	21	v	 1	 1	 0	 1	 1	 1	 1	 1	 1	 1	 1	399.47	  0.00
50	16	21	v	 1	 1	 0	 2	 2	 1	 1	 0	 2	 2	 1	338.36	  0.00
51	16	21	v	 1	 1	 0	 2	 1	 1	 1	 1	 1	 1	 1	375.22	  0.00
52	16	21	v	 1	 1	 0	 2	 2	 1	 1	 0	 2	 2	 1	305.84	  0.00
53	16	21	v	 1	 1	 0	 1	 2	 1	 1	 0	 2	 2	 1	447.84	  0.00
54	16	21	v	 1	 1	 0	 2	 1	 1	 1	 1	 1	 1	 1	297.03	  0.00
55	16	21	v	 1	 1	 0	 2	 1	 1	 1	 1	 1	 1	 1	415.52	  0.00
56	16	21	v	 1	 1	 0	 1	 2	 1	 1	 0	 2	 1	 0	312.60	  0.00
57	16	21	v	 1	 1	 0	 2	 1	 1	 1	 1	 1	 1	 1	382.14	  0.00
58	16	21	v	 1	 1	 0	 2	 2	 1	 1	 0	 2	 2	 1	386.29	  0.00
59	16	21	v	 1	 1	 0	 1	 1	 1	 1	 1	 1	 1	 1	366.00	  0.00
60	16	21	v	 1	 1	 0	 2	 1	 1	 1	 1	 1	 1	 1	427.40	  0.00
61	16	21	v	 1	 1	 0	 1	 2	 1	 1	 0	 2	 2	 1	348.89	  0.00
62	16	21	v	 1	 1	 0	 1	 1	 1	 1	 1	 1	 1	 1	426.57	  0.00
63	16	21	v	 1	 1	 0	 1	 2	 1	 1	 0	 2	 2	 1	381.77	  0.00
64	16	21	v	 1	 1	 0	 1	 1	 1	 1	 1	 1	 1	 1	426.70	  0.00
65	16	21	v	 1	 1	 0	 1	 2	 1	 1	 0	 2	 2	 1	331.87	  0.00
66	16	21	v	 1	 1	 0	 1	 1	 1	 1	 1	 1	 1	 1	417.72	  0.00
67	16	21	v	 1	 1	 0	 1	 1	 1	 1	 1	 1	 1	 1	332.09	  0.00
68	16	21	v	 1	 1	 0	 1	 1	 1	 1	 1	 1	 1	 1	400.63	  0.00
69	16	21	v	 1	 1	 0	 1	 1	 1	 1	 1	 1	 1	 1	363.97	  0.00
70	16	21	v	 1	 1	 0	 2	 2	 1	 1	 0	 2	 2	 1	376.43	  0.00
71	16	21	v	 1	 1	 0	 2	 2	 1	 1	 0	 2	 2	 1	486.49	  0.00
72	16	21	v	 1	 1	 0	 2	 2	 1	 1	 0	 2	 2	 1	416.22	  0.00
73	16	21	v	 1	 1	 0	 2	 1	 1	 1	 1	 1	 1	 1	379.48	  0.00
74	16	21	v	 1	 1	 0	 2	 1	 1	 1	 1	 1	 1	 1	457.17	  0.00
75	16	21	v	 1	 1	 0	 1	 1	 1	 1	 1	 1	 1	 1	420.50	  0.00
76	16	21	v	 1	 1	 0	 2	 2	 1	 1	 0	 2	 2	 1	415.41	  0.00
77	16	21	v	 1	 1	 0	 2	 1	 1	 1	 1	 1	 1	 1	346.08	  0.00
78	16	21	v	 1	 1	 0	 1	 1	 1	 1	 1	 1	 1	 1	391.13	  0.00
79	16	21	v	 1	 1	 0	 2	 1	 1	 1	 1	 1	 1	 1	460.61	  0.00
80	16	21	v	 1	 1	 0	 2	 1	 1	 1	 1	 1	 1	 1	382.05	  0.00
81	16	21	v	 1	 1	 0	 2	 2	 1	 1	 0	 2	 2	 1	459.63	  0.00
82	16	21	v	 1	 1	 0	 1	 2	 1	 1	 0	 2	 2	 1	463.73	  0.00
83	16	21	v	 1	 1	 0	 2	 1	 1	 1	 1	 1	 1	 1	426.97	  0.00
84	16	21	v	 1	 1	 0	 1	 2	 1	 1	 0	 2	 2	 1	372.98	  0.00
85	16	21	v	 1	 1	 0	 1	 2	 1	 1	 0	 2	 2	 1	426.15	  0.00
86	16	21	v	 1	 1	 0	 2	 1	 1	 1	 1	 1	 1	 1	364.92	  0.00
87	16	21	v	 1	 1	 0	 2	 1	 1	 1	 1	 1	 1	 1	556.86	  0.00
88	16	21	v	 1	 1	 0	 1	 2	 1	 1	 0	 2	 2	 1	372.11	  0.00
89	16	21	v	 1	 1	 0	 1	 1	 1	 1	 1	 1	 1	 1	392.60	  0.00
90	16	21	v	 1	 1	 0	 1	 1	 1	 1	 1	 1	 1	 1	421.21	  0.00
91	16	21	v	 1	 1	 0	 2	 1	 1	 1	 1	 1	 1	 1	400.13	  0.00
92	16	21	v	 1	 1	 0	 1	 2	 1	 1	 0	 2	 2	 1	395.91	  0.00
93	16	21	v	 1	 1	 0	 1	 2	 1	 1	 0	 2	 2	 1	457.21	  0.00
94	16	21	v	 1	 1	 0	 2	 2	 1	 1	 0	 2	 2	 1	453.11	  0.00
95	16	21	v	 1	 1	 0	 1	 1	 1	 1	 1	 1	 1	 1	432.68	  0.00
96	16	21	v	 1	 1	 1	 2	 2	 2	 2	 1	 2	 2	 1	567.17	  0.00
97	16	21	v	 1	 1	 1	 2	 2	 2	 2	 1	 2	 2	 1	456.87	  0.00
98	16	21	v	 1	 1	 1	 2	 2	 2	 2	 1	 2	 2	 1	387.49	  0.00
99	16	21	v	 1	 1	 1	 1	 1	 2	 2	 0	 1	 1	 1	399.69	  0.00
100	16	21	v	 1	 1	 1	 2	 1	 2	 2	 0	 1	 1	 1	402.84	  0.00
101	16	21	v	 1	 1	 1	 2	 1	 2	 2	 0	 1	 1	 1	358.65	  0.00
102	16	21	v	 1	 1	 1	 2	 2	 2	 2	 1	 2	 2	 1	362.35	  0.00
103	16	21	v	 1	 1	 1	 1	 2	 2	 2	 1	 2	 2	 1	423.68	  0.00
104	16	21	v	 1	 1	 1	 1	 2	 2	 2	 1	 2	 2	 1	385.97	  0.00
105	16	21	v	 1	 1	 1	 1	 2	 2	 2	 1	 2	 2	 1	422.79	  0.00
106	16	21	v	 1	 1	 1	 2	 1	 2	 2	 0	 1	 1	 1	328.96	  0.00
107	16	21	v	 1	 1	 1	 2	 1	 2	 2	 0	 1	 1	 1	439.34	  0.00
108	16	21	v	 1	 1	 1	 2	 2	 2	 2	 1	 2	 2	 1	352.71	  0.00
109	16	21	v	 1	 1	 1	 1	 1	 2	 2	 0	 1	 1	 1	422.20	  0.00
110	16	21	v	 1	 1	 1	 1	 1	 2	 2	 0	 1	 1	 1	442.65	  0.00
111	16	21	v	 1	 1	 1	 1	 2	 2	 2	 1	 2	 2	 1	365.18	  0.00
112	16	21	v	 1	 1	 1	 1	 1	 2	 2	 0	 1	 1	 1	327.57	  0.00
113	16	21	v	 1	 1	 1	 1	 2	 2	 2	 1	 2	 2	 1	380.76	  0.00
114	16	21	v	 1	 1	 1	 1	 2	 2	 2	 1	 2	 2	 1	482.92	  0.00
115	16	21	v	 1	 1	 1	 2	 1	 2	 2	 0	 1	 1	 1	356.40	  0.00
116	16	21	v	 1	 1	 1	 2	 1	 2	 2	 0	 1	 1	 1	457.52	  0.00
117	16	21	v	 1	 1	 1	 2	 1	 2	 2	 0	 1	 1	 1	355.51	  0.00
118	16	21	v	 1	 1	 1	 1	 1	 2	 2	 0	 1	 1	 1	433.11	  0.00
119	16	21	v	 1	 1	 1	 1	 2	 2	 2	 1	 2	 2	 1	421.00	  0.00
120	16	21	v	 1	 1	 1	 2	 1	 2	 2	 0	 1	 1	 1	432.27	  0.00
121	16	21	v	 1	 1	 1	 2	 2	 2	 2	 1	 2	 2	 1	379.26	  0.00
122	16	21	v	 1	 1	 1	 2	 2	 2	 2	 1	 2	 2	 1	407.91	  0.00
123	16	21	v	 1	 1	 1	 1	 1	 2	 2	 0	 1	 1	 1	387.49	  0.00
124	16	21	v	 1	 1	 1	 2	 1	 2	 2	 0	 1	 1	 1	406.95	  0.00
125	16	21	v	 1	 1	 1	 1	 2	 2	 2	 1	 2	 2	 1	345.84	  0.00
126	16	21	v	 1	 1	 1	 1	 2	 2	 2	 1	 2	 2	 1	399.04	  0.00
127	16	21	v	 1	 1	 1	 1	 1	 2	 2	 0	 1	 1	 1	329.82	  0.00
128	16	21	v	 1	 1	 1	 1	 2	 2	 2	 1	 2	 2	 1	300.38	  0.00
129	16	21	v	 1	 1	 1	 2	 2	 2	 2	 1	 2	 2	 1	394.44	  0.00
130	16	21	v	 1	 1	 1	 2	 2	 2	 2	 1	 2	 2	 1	382.29	  0.00
131	16	21	v	 1	 1	 1	 2	 2	 2	 2	 1	 2	 2	 1	353.78	  0.00
132	16	21	v	 1	 1	 1	 1	 1	 2	 2	 0	 1	 1	 1	389.64	  0.00
133	16	21	v	 1	 1	 1	 1	 1	 2	 2	 0	 1	 1	 1	385.74	  0.00
134	16	21	v	 1	 1	 1	 1	 1	 2	 2	 0	 1	 1	 1	430.75	  0.00
135	16	21	v	 1	 1	 1	 1	 1	 2	 2	 0	 1	 1	 1	410.36	  0.00
136	16	21	v	 1	 1	 1	 1	 2	 2	 2	 1	 2	 2	 1	348.12	  0.00
137	16	21	v	 1	 1	 1	 1	 2	 2	 2	 1	 2	 2	 1	425.88	  0.00
138	16	21	v	 1	 1	 1	 1	 1	 2	 2	 0	 1	 1	 1	364.70	  0.00
139	16	21	v	 1	 1	 1	 1	 2	 2	 2	 1	 2	 2	 1	434.18	  0.00
140	16	21	v	 1	 1	 1	 1	 2	 2	 2	 1	 2	 2	 1	371.98	  0.00
141	16	21	v	 1	 1	 1	 1	 2	 2	 2	 1	 2	 2	 1	425.18	  0.00
142	16	21	v	 1	 1	 1	 2	 1	 2	 2	 0	 1	 1	 1	421.15	  0.00
143	16	21	v	 1	 1	 1	 2	 1	 2	 2	 0	 1	 1	 1	457.91	  0.00
144	16	21	v	 1	 1	 1	 2	 2	 2	 2	 1	 2	 2	 1	428.32	  0.00
145	16	21	v	 1	 1	 1	 1	 1	 2	 2	 0	 1	 1	 1	383.41	  0.00
146	16	21	v	 1	 1	 1	 2	 2	 2	 2	 1	 2	 2	 1	436.55	  0.00
147	16	21	v	 1	 1	 1	 1	 1	 2	 2	 0	 1	 1	 1	382.62	  0.00
148	16	21	v	 1	 1	 1	 2	 1	 2	 2	 0	 1	 1	 1	484.68	  0.00
149	16	21	v	 1	 1	 1	 1	 1	 2	 2	 0	 1	 1	 1	447.95	  0.00
150	16	21	v	 1	 1	 1	 2	 2	 2	 2	 1	 2	 2	 1	370.49	  0.00
151	16	21	v	 1	 1	 1	 1	 1	 2	 2	 0	 1	 1	 1	350.19	  0.00
152	16	21	v	 1	 1	 1	 1	 2	 2	 2	 1	 2	 2	 1	516.62	  0.00
153	16	21	v	 1	 1	 1	 1	 1	 2	 2	 0	 1	 1	 1	349.28	  0.00
154	16	21	v	 1	 1	 1	 2	 1	 2	 2	 0	 1	 1	 1	394.21	  0.00
155	16	21	v	 1	 1	 1	 1	 1	 2	 2	 0	 1	 1	 1	536.15	  0.00
156	16	21	v	 1	 1	 1	 2	 2	 2	 2	 1	 2	 2	 1	360.53	  0.00
157	16	21	v	 1	 1	 1	 2	 1	 2	 2	 0	 1	 1	 1	397.38	  0.00
158	16	21	v	 1	 1	 1	 2	 1	 2	 2	 0	 1	 1	 1	377.17	  0.00
159	16	21	v	 1	 1	 1	 1	 2	 2	 2	 1	 2	 2	 1	323.15	  0.00
160	16	21	v	 1	 1	 1	 1	 2	 2	 2	 1	 2	 2	 1	408.96	  0.00
161	16	21	v	 1	 1	 1	 1	 2	 2	 2	 1	 2	 2	 1	372.40	  0.00
162	16	21	v	 1	 1	 1	 2	 1	 2	 2	 0	 1	 1	 1	392.91	  0.00
163	16	21	v	 1	 1	 1	 1	 1	 2	 2	 0	 1	 1	 1	412.37	  0.00
164	16	21	v	 1	 1	 1	 2	 2	 2	 2	 1	 2	 2	 1	416.53	  0.00
165	16	21	v	 1	 1	 1	 2	 2	 2	 2	 1	 2	 2	 1	355.34	  0.00
166	16	21	v	 1	 1	 1	 2	 2	 2	 2	 1	 2	 2	 1	416.70	  0.00
167	16	21	v	 1	 1	 1	 1	 1	 2	 2	 0	 1	 1	 1	436.13	  0.00
168	16	21	v	 1	 1	 1	 2	 1	 2	 2	 0	 1	 1	 1	391.29	  0.00
169	16	21	v	 1	 1	 1	 2	 1	 2	 2	 0	 1	 1	 1	387.32	  0.00
170	16	21	v	 1	 1	 1	 1	 2	 2	 2	 1	 2	 2	 1	350.61	  0.00
171	16	21	v	 1	 1	 1	 2	 2	 2	 2	 1	 2	 2	 1	378.35	  0.00
172	16	21	v	 1	 1	 1	 2	 2	 2	 2	 1	 2	 2	 1	374.28	  0.00
173	16	21	v	 1	 1	 1	 2	 1	 2	 2	 0	 1	 1	 1	370.32	  0.00
174	16	21	v	 1	 1	 1	 2	 2	 2	 2	 1	 2	 2	 1	415.30	  0.00
175	16	21	v	 1	 1	 1	 2	 2	 2	 2	 1	 2	 2	 1	426.62	  0.00
176	16	21	v	 1	 1	 1	 1	 1	 2	 2	 0	 1	 1	 1	373.62	  0.00
177	16	21	v	 1	 1	 1	 2	 1	 2	 2	 0	 1	 1	 1	410.44	  0.00
178	16	21	v	 1	 1	 1	 1	 1	 2	 2	 0	 1	 1	 1	446.34	  0.00
179	16	21	v	 1	 1	 1	 1	 2	 2	 2	 1	 2	 2	 1	393.20	  0.00
180	16	21	v	 1	 1	 1	 2	 1	 2	 2	 0	 1	 1	 1	405.51	  0.00
181	16	21	v	 1	 1	 1	 2	 1	 2	 2	 0	 1	 1	 1	450.52	  0.00
182	16	21	v	 1	 1	 1	 2	 2	 2	 2	 1	 2	 2	 1	421.94	  0.00
183	16	21	v	 1	 1	 1	 2	 1	 2	 2	 0	 1	 1	 1	343.46	  0.00
184	16	21	v	 1	 1	 1	 1	 1	 2	 2	 0	 1	 1	 1	527.18	  0.00
185	16	21	v	 1	 1	 1	 1	 1	 2	 2	 0	 1	 1	 1	367.95	  0.00
186	16	21	v	 1	 1	 1	 2	 2	 2	 2	 1	 2	 2	 1	591.71	  0.00
187	16	21	v	 1	 1	 1	 1	 2	 2	 2	 1	 2	 2	 1	432.16	  0.00
188	16	21	v	 1	 1	 1	 2	 2	 2	 2	 1	 2	 2	 1	411.77	  0.00
189	16	21	v	 1	 1	 1	 1	 2	 2	 2	 1	 2	 2	 1	799.47	  0.00
190	16	21	v	 1	 1	 1	 2	 1	 2	 2	 0	 1	 1	 1	369.64	  0.00
191	16	21	v	 1	 1	 1	 1	 2	 2	 2	 1	 2	 2	 1	447.22	  0.00
192	16	21	v	 1	 1	 2	 1	 2	 1	 1	 0	 2	 2	 1	417.45	  0.00
193	16	21	v	 1	 1	 2	 2	 1	 1	 1	 1	 1	 1	 1	494.94	  0.00
194	16	21	v	 1	 1	 2	 2	 2	 1	 1	 0	 2	 2	 1	499.00	  0.00
195	16	21	v	 1	 1	 2	 2	 2	 1	 1	 0	 2	 2	 1	454.00	  0.00
196	16	21	v	 1	 1	 2	 2	 1	 1	 1	 1	 1	 1	 1	367.33	  0.00
197	16	21	v	 1	 1	 2	 1	 1	 1	 1	 1	 1	 1	 1	461.31	  0.00
198	16	21	v	 1	 1	 2	 1	 2	 1	 1	 0	 2	 2	 1	408.09	  0.00
199	16	21	v	 1	 1	 2	 2	 2	 1	 1	 0	 2	 2	 1	404.00	  0.00
200	16	21	v	 1	 1	 2	 2	 2	 1	 1	 0	 2	 2	 1	366.32	  0.00
201	16	21	v	 1	 1	 2	 1	 2	 1	 1	 0	 2	 2	 1	476.61	  0.00
202	16	21	v	 1	 1	 2	 1	 1	 1	 1	 1	 1	 1	 1	864.23	  0.00
203	16	21	v	 1	 1	 2	 2	 1	 1	 1	 1	 1	 1	 1	394.46	  0.00
204	16	21	v	 1	 1	 2	 2	 2	 1	 1	 0	 2	 2	 1	405.71	  0.00
205	16	21	v	 1	 1	 2	 2	 1	 1	 1	 1	 1	 1	 1	360.98	  0.00
206	16	21	v	 1	 1	 2	 2	 1	 1	 1	 1	 1	 1	 1	381.39	  0.00
207	16	21	v	 1	 1	 2	 2	 1	 1	 1	 1	 1	 1	 1	442.62	  0.00
208	16	21	v	 1	 1	 2	 2	 2	 1	 1	 0	 2	 2	 1	462.05	  0.00
209	16	21	v	 1	 1	 2	 2	 1	 1	 1	 1	 1	 1	 1	416.99	  0.00
210	16	21	v	 1	 1	 2	 1	 1	 1	 1	 1	 1	 1	 1	380.46	  0.00
211	16	21	v	 1	 1	 2	 1	 2	 1	 1	 0	 2	 2	 1	376.48	  0.00
212	16	21	v	 1	 1	 2	 1	 2	 1	 1	 0	 2	 2	 1	420.30	  0.00
213	16	21	v	 1	 1	 2	 2	 2	 1	 1	 0	 2	 2	 1	383.68	  0.00
214	16	21	v	 1	 1	 2	 2	 2	 1	 1	 0	 2	 2	 1	396.00	  0.00
215	16	21	v	 1	 1	 2	 1	 1	 1	 1	 1	 1	 1	 1	514.42	  0.00
216	16	21	v	 1	 1	 2	 2	 1	 1	 1	 1	 1	 1	 1	370.52	  0.00
217	16	21	v	 1	 1	 2	 1	 2	 1	 1	 0	 2	 2	 1	366.54	  0.00
218	16	21	v	 1	 1	 2	 1	 1	 1	 1	 1	 1	 1	 1	329.93	  0.00
219	16	21	v	 1	 1	 2	 1	 1	 1	 1	 1	 1	 1	 1	627.90	  0.00
220	16	21	v	 1	 1	 2	 2	 2	 1	 1	 0	 2	 2	 1	393.96	  0.00
221	16	21	v	 1	 1	 2	 1	 2	 1	 1	 0	 2	 2	 1	422.59	  0.00
222	16	21	v	 1	 1	 2	 2	 1	 1	 1	 1	 1	 1	 1	630.74	  0.00
223	16	21	v	 1	 1	 2	 1	 2	 1	 1	 0	 2	 2	 1	576.41	  0.00
224	16	21	v	 1	 1	 2	 2	 2	 1	 1	 0	 2	 2	 1	368.16	  0.00
225	16	21	v	 1	 1	 2	 1	 2	 1	 1	 0	 2	 2	 1	535.44	  0.00
226	16	21	v	 1	 1	 2	 2	 2	 1	 1	 0	 2	 2	 1	465.91	  0.00
227	16	21	v	 1	 1	 2	 2	 1	 1	 1	 1	 1	 1	 1	575.08	  0.00
228	16	21	v	 1	 1	 2	 2	 1	 1	 1	 1	 1	 1	 1	529.97	  0.00
229	16	21	v	 1	 1	 2	 2	 1	 1	 1	 1	 1	 1	 1	403.46	  0.00
230	16	21	v	 1	 1	 2	 1	 2	 1	 1	 0	 2	 2	 1	603.43	  0.00
231	16	21	v	 1	 1	 2	 1	 2	 1	 1	 0	 2	 2	 1	385.96	  0.00
232	16	21	v	 1	 1	 2	 2	 2	 1	 1	 0	 2	 2	 1	496.18	  0.00
233	16	21	v	 1	 1	 2	 2	 1	 1	 1	 1	 1	 1	 1	320.65	  0.00
234	16	21	v	 1	 1	 2	 1	 2	 1	 1	 0	 2	 2	 1	414.71	  0.00
235	16	21	v	 1	 1	 2	 2	 2	 1	 1	 0	 2	 2	 1	393.39	  0.00
236	16	21	v	 1	 1	 2	 2	 2	 1	 1	 0	 2	 2	 1	405.69	  0.00
237	16	21	v	 1	 1	 2	 1	 1	 1	 1	 1	 1	 1	 1	434.27	  0.00
238	16	21	v	 1	 1	 2	 2	 1	 1	 1	 1	 1	 1	 1	642.19	  0.00
239	16	21	v	 1	 1	 2	 1	 2	 1	 1	 0	 2	 2	 1	343.26	  0.00
240	16	21	v	 1	 1	 2	 2	 1	 1	 1	 1	 1	 1	 1	331.18	  0.00
241	16	21	v	 1	 1	 2	 1	 1	 1	 1	 1	 1	 1	 1	522.96	  0.00
242	16	21	v	 1	 1	 2	 2	 1	 1	 1	 1	 1	 1	 1	420.07	  0.00
243	16	21	v	 1	 1	 2	 1	 2	 1	 1	 0	 2	 2	 1	309.82	  0.00
244	16	21	v	 1	 1	 2	 1	 1	 1	 1	 1	 1	 1	 1	338.59	  0.00
245	16	21	v	 1	 1	 2	 1	 2	 1	 1	 0	 2	 2	 1	481.53	  0.00
246	16	21	v	 1	 1	 2	 2	 2	 1	 1	 0	 2	 2	 1	541.74	  0.00
247	16	21	v	 1	 1	 2	 1	 2	 1	 1	 0	 2	 2	 1	374.27	  0.00
248	16	21	v	 1	 1	 2	 1	 1	 1	 1	 1	 1	 1	 1	378.46	  0.00
249	16	21	v	 1	 1	 2	 2	 1	 1	 1	 1	 1	 1	 1	407.16	  0.00
250	16	21	v	 1	 1	 2	 1	 1	 1	 1	 1	 1	 1	 1	346.00	  0.00
251	16	21	v	 1	 1	 2	 2	 2	 1	 1	 0	 2	 2	 1	373.60	  0.00
252	16	21	v	 1	 1	 2	 1	 1	 1	 1	 1	 1	 1	 1	320.65	  0.00
253	16	21	v	 1	 1	 2	 1	 1	 1	 1	 1	 1	 1	 1	373.91	  0.00
254	16	21	v	 1	 1	 2	 2	 2	 1	 1	 0	 2	 2	 1	336.31	  0.00
255	16	21	v	 1	 1	 2	 2	 2	 1	 1	 0	 2	 2	 1	324.17	  0.00
256	16	21	v	 1	 1	 2	 1	 2	 1	 1	 0	 2	 2	 1	361.09	  0.00
257	16	21	v	 1	 1	 2	 1	 2	 1	 1	 0	 2	 2	 1	398.03	  0.00
258	16	21	v	 1	 1	 2	 1	 1	 1	 1	 1	 1	 1	 1	303.23	  0.00
259	16	21	v	 1	 1	 2	 1	 2	 1	 1	 0	 2	 2	 1	274.89	  0.00
260	16	21	v	 1	 1	 2	 2	 1	 1	 1	 1	 1	 1	 1	385.30	  0.00
261	16	21	v	 1	 1	 2	 2	 1	 1	 1	 1	 1	 1	 1	462.97	  0.00
262	16	21	v	 1	 1	 2	 1	 1	 1	 1	 1	 1	 1	 1	376.28	  0.00
263	16	21	v	 1	 1	 2	 2	 1	 1	 1	 1	 1	 1	 1	412.87	  0.00
264	16	21	v	 1	 1	 2	 2	 2	 1	 1	 0	 2	 2	 1	335.50	  0.00
265	16	21	v	 1	 1	 2	 2	 2	 1	 1	 0	 2	 2	 1	388.65	  0.00
266	16	21	v	 1	 1	 2	 1	 1	 1	 1	 1	 1	 1	 1	359.19	  0.00
267	16	21	v	 1	 1	 2	 1	 2	 1	 1	 0	 2	 2	 1	387.92	  0.00
268	16	21	v	 1	 1	 2	 2	 1	 1	 1	 1	 1	 1	 1	351.31	  0.00
269	16	21	v	 1	 1	 2	 1	 1	 1	 1	 1	 1	 1	 1	388.18	  0.00
270	16	21	v	 1	 1	 2	 2	 2	 1	 1	 0	 2	 2	 1	423.99	  0.00
271	16	21	v	 1	 1	 2	 1	 2	 1	 1	 0	 2	 2	 1	509.67	  0.00
272	16	21	v	 1	 1	 2	 1	 1	 1	 1	 1	 1	 1	 1	399.46	  0.00
273	16	21	v	 1	 1	 2	 1	 1	 1	 1	 1	 1	 1	 1	411.78	  0.00
274	16	21	v	 1	 1	 2	 1	 2	 1	 1	 0	 2	 2	 1	423.14	  0.00
275	16	21	v	 1	 1	 2	 1	 2	 1	 1	 0	 2	 2	 1	329.25	  0.00
276	16	21	v	 1	 1	 2	 2	 1	 1	 1	 1	 1	 1	 1	349.76	  0.00
277	16	21	v	 1	 1	 2	 1	 1	 1	 1	 1	 1	 1	 1	354.01	  0.00
278	16	21	v	 1	 1	 2	 2	 2	 1	 1	 0	 2	 2	 1	365.40	  0.00
279	16	21	v	 1	 1	 2	 2	 1	 1	 1	 1	 1	 1	 1	361.52	  0.00
280	16	21	v	 1	 1	 2	 2	 1	 1	 1	 1	 1	 1	 1	414.68	  0.00
281	16	21	v	 1	 1	 2	 1	 1	 1	 1	 1	 1	 1	 1	353.56	  0.00
282	16	21	v	 1	 1	 2	 1	 1	 1	 1	 1	 1	 1	 1	373.03	  0.00
283	16	21	v	 1	 1	 2	 2	 2	 1	 1	 0	 2	 2	 1	956.57	  0.00
284	16	21	v	 1	 1	 2	 1	 1	 1	 1	 1	 1	 1	 1	339.82	  0.00
285	16	21	v	 1	 1	 2	 1	 2	 1	 1	 0	 2	 2	 1	384.86	  0.00
286	16	21	v	 1	 1	 2	 1	 1	 1	 1	 1	 1	 1	 1	388.00	  0.00
287	16	21	v	 1	 1	 2	 2	 2	 1	 1	 0	 2	 2	 1	343.29	  0.00
288	16	21	v	 1	 1	 3	 2	 1	 2	 2	 0	 1	 1	 1	381.88	  0.00
289	16	21	v	 1	 1	 3	 1	 1	 2	 2	 0	 1	 1	 1	394.22	  0.00
290	16	21	v	 1	 1	 3	 2	 1	 2	 2	 0	 1	 1	 1	397.49	  0.00
291	16	21	v	 1	 1	 3	 1	 1	 2	 2	 0	 1	 1	 1	515.81	  0.00
292	16	21	v	 1	 1	 3	 2	 2	 2	 2	 1	 2	 2	 1	389.22	  0.00
293	16	21	v	 1	 1	 3	 2	 1	 2	 2	 0	 1	 1	 1	385.26	  0.00
294	16	21	v	 1	 1	 3	 2	 1	 2	 2	 0	 1	 1	 1	323.19	  0.00
295	16	21	v	 1	 1	 3	 2	 1	 2	 2	 0	 1	 1	 1	343.79	  0.00
296	16	21	v	 1	 1	 3	 2	 2	 2	 2	 1	 2	 2	 1	1131.35	  0.00
297	16	21	v	 1	 1	 3	 1	 1	 2	 2	 0	 1	 1	 1	351.14	  0.00
298	16	21	v	 1	 1	 3	 2	 1	 2	 2	 0	 1	 1	 1	444.12	  0.00
299	16	21	v	 1	 1	 3	 2	 2	 2	 2	 1	 2	 2	 1	325.89	  0.00
300	16	21	v	 1	 1	 3	 2	 1	 2	 2	 0	 1	 1	 1	362.78	  0.00
301	16	21	v	 1	 1	 3	 2	 1	 2	 2	 0	 1	 1	 1	367.03	  0.00
302	16	21	v	 1	 1	 3	 1	 2	 2	 2	 1	 2	 2	 1	386.57	  0.00
303	16	21	v	 1	 1	 3	 2	 2	 2	 2	 1	 2	 2	 1	398.80	  0.00
304	16	21	v	 1	 1	 3	 2	 2	 2	 2	 1	 2	 2	 1	378.50	  0.00
305	16	21	v	 1	 1	 3	 2	 1	 2	 2	 0	 1	 1	 1	399.01	  0.00
306	16	21	v	 1	 1	 3	 1	 2	 2	 2	 1	 2	 2	 1	312.47	  0.00
307	16	21	v	 1	 1	 3	 1	 2	 2	 2	 1	 2	 2	 1	406.45	  0.00
308	16	21	v	 1	 1	 3	 2	 1	 2	 2	 0	 1	 1	 1	361.71	  0.00
309	16	21	v	 1	 1	 3	 2	 1	 2	 2	 0	 1	 1	 1	472.04	  0.00
310	16	21	v	 1	 1	 3	 1	 2	 2	 2	 1	 2	 2	 1	377.18	  0.00
311	16	21	v	 1	 1	 3	 1	 1	 2	 2	 0	 1	 1	 1	454.70	  0.00
312	16	21	v	 1	 1	 3	 1	 2	 2	 2	 1	 2	 2	 1	320.10	  0.00
313	16	21	v	 1	 1	 3	 2	 1	 2	 2	 0	 1	 1	 1	356.99	  0.00
314	16	21	v	 1	 1	 3	 2	 1	 2	 2	 0	 1	 1	 1	384.74	  0.00
315	16	21	v	 1	 1	 3	 2	 1	 2	 2	 0	 1	 1	 1	397.14	  0.00
316	16	21	v	 1	 1	 3	 1	 2	 2	 2	 1	 2	 2	 1	450.23	  0.00
317	16	21	v	 1	 1	 3	 2	 1	 2	 2	 0	 1	 1	 1	323.77	  0.00
318	16	21	v	 1	 1	 3	 1	 1	 2	 2	 0	 1	 1	 1	555.54	  0.00
319	16	21	v	 1	 1	 3	 1	 2	 2	 2	 1	 2	 2	 1	371.79	  0.00
320	16	21	v	 1	 1	 3	 2	 2	 2	 2	 1	 2	 2	 1	441.23	  0.00
321	16	21	v	 1	 1	 3	 1	 1	 2	 2	 0	 1	 1	 1	404.58	  0.00
322	16	21	v	 1	 1	 3	 1	 2	 2	 2	 1	 2	 2	 1	350.60	  0.00
323	16	21	v	 1	 1	 3	 2	 2	 2	 2	 1	 2	 2	 1	444.62	  0.00
324	16	21	v	 1	 1	 3	 1	 1	 2	 2	 0	 1	 1	 1	391.48	  0.00
325	16	21	v	 1	 1	 3	 1	 1	 2	 2	 0	 1	 1	 1	428.38	  0.00
326	16	21	v	 1	 1	 3	 1	 2	 2	 2	 1	 2	 2	 1	358.10	  0.00
327	16	21	v	 1	 1	 3	 2	 2	 2	 2	 1	 2	 2	 1	468.47	  0.00
328	16	21	v	 1	 1	 3	 1	 1	 2	 2	 0	 1	 1	 1	325.61	  0.00
329	16	21	v	 1	 1	 3	 1	 2	 2	 2	 1	 2	 2	 1	321.80	  0.00
330	16	21	v	 1	 1	 3	 1	 1	 2	 2	 0	 1	 1	 1	316.83	  0.00
331	16	21	v	 1	 1	 3	 1	 1	 2	 2	 0	 1	 1	 1	345.63	  0.00
332	16	21	v	 1	 1	 3	 1	 1	 2	 2	 0	 1	 1	 1	390.62	  0.00
333	16	21	v	 1	 1	 3	 1	 2	 2	 2	 1	 2	 2	 1	394.81	  0.00
334	16	21	v	 1	 1	 3	 1	 1	 2	 2	 0	 1	 1	 1	349.02	  0.00
335	16	21	v	 1	 1	 3	 1	 1	 2	 2	 0	 1	 1	 1	385.83	  0.00
336	16	21	v	 1	 1	 3	 2	 2	 2	 2	 1	 2	 2	 1	398.23	  0.00
337	16	21	v	 1	 1	 3	 2	 2	 2	 2	 1	 2	 2	 1	451.36	  0.00
338	16	21	v	 1	 1	 3	 2	 1	 2	 2	 0	 1	 1	 1	446.31	  0.00
339	16	21	v	 1	 1	 3	 1	 2	 2	 2	 1	 2	 2	 1	491.12	  0.00
340	16	21	v	 1	 1	 3	 2	 2	 2	 2	 1	 2	 2	 1	535.99	  0.00
341	16	21	v	 1	 1	 3	 1	 1	 2	 2	 0	 1	 1	 1	621.52	  0.00
342	16	21	v	 1	 1	 3	 1	 2	 2	 2	 1	 2	 2	 1	452.99	  0.00
343	16	21	v	 1	 1	 3	 1	 1	 2	 2	 0	 1	 1	 1	408.09	  0.00
344	16	21	v	 1	 1	 3	 1	 2	 2	 2	 1	 2	 2	 1	461.17	  0.00
345	16	21	v	 1	 1	 3	 2	 1	 2	 2	 0	 1	 1	 1	374.54	  0.00
346	16	21	v	 1	 1	 3	 1	 2	 2	 2	 1	 2	 2	 1	394.98	  0.00
347	16	21	v	 1	 1	 3	 1	 1	 2	 2	 0	 1	 1	 1	358.30	  0.00
348	16	21	v	 1	 1	 3	 2	 2	 2	 2	 1	 2	 2	 1	444.12	  0.00
349	16	21	v	 1	 1	 3	 2	 2	 2	 2	 1	 2	 2	 1	422.85	  0.00
350	16	21	v	 1	 1	 3	 2	 1	 2	 2	 0	 1	 1	 1	361.59	  0.00
351	16	21	v	 1	 1	 3	 2	 2	 2	 2	 1	 2	 2	 1	373.97	  0.00
352	16	21	v	 1	 1	 3	 1	 2	 2	 2	 1	 2	 2	 1	402.65	  0.00
353	16	21	v	 1	 1	 3	 2	 2	 2	 2	 1	 2	 2	 1	503.74	  0.00
354	16	21	v	 1	 1	 3	 2	 1	 2	 2	 0	 1	 1	 1	385.30	  0.00
355	16	21	v	 1	 1	 3	 1	 1	 2	 2	 0	 1	 1	 1	340.58	  0.00
356	16	21	v	 1	 1	 3	 1	 2	 2	 2	 1	 2	 2	 1	418.22	  0.00
357	16	21	v	 1	 1	 3	 1	 2	 2	 2	 1	 2	 2	 1	429.51	  0.00
358	16	21	v	 1	 1	 3	 1	 2	 2	 2	 1	 2	 2	 1	441.76	  0.00
359	16	21	v	 1	 1	 3	 2	 2	 2	 2	 1	 2	 2	 1	388.78	  0.00
360	16	21	v	 1	 1	 3	 1	 1	 2	 2	 0	 1	 1	 1	360.33	  0.00
361	16	21	v	 1	 1	 3	 2	 1	 2	 2	 0	 1	 1	 1	379.94	  0.00
362	16	21	v	 1	 1	 3	 2	 2	 2	 2	 1	 2	 2	 1	351.41	  0.00
363	16	21	v	 1	 1	 3	 1	 2	 2	 2	 1	 2	 2	 1	445.42	  0.00
364	16	21	v	 1	 1	 3	 2	 1	 2	 2	 0	 1	 1	 1	367.83	  0.00
365	16	21	v	 1	 1	 3	 2	 2	 2	 2	 1	 2	 2	 1	338.44	  0.00
366	16	21	v	 1	 1	 3	 2	 2	 2	 2	 1	 2	 2	 1	399.76	  0.00
367	16	21	v	 1	 1	 3	 1	 2	 2	 2	 1	 2	 2	 1	412.07	  0.00
368	16	21	v	 1	 1	 3	 1	 1	 2	 2	 0	 1	 1	 1	473.35	  0.00
369	16	21	v	 1	 1	 3	 2	 1	 2	 2	 0	 1	 1	 1	443.77	  0.00
370	16	21	v	 1	 1	 3	 2	 2	 2	 2	 1	 2	 2	 1	382.51	  0.00
371	16	21	v	 1	 1	 3	 2	 2	 2	 2	 1	 2	 2	 1	492.86	  0.00
372	16	21	v	 1	 1	 3	 2	 1	 2	 2	 0	 1	 1	 1	464.29	  0.00
373	16	21	v	 1	 1	 3	 1	 1	 2	 2	 0	 1	 1	 1	393.87	  0.00
374	16	21	v	 1	 1	 3	 1	 1	 2	 2	 0	 1	 1	 1	365.38	  0.00
375	16	21	v	 1	 1	 3	 1	 2	 2	 2	 1	 2	 2	 1	434.91	  0.00
376	16	21	v	 1	 1	 3	 1	 2	 2	 2	 1	 2	 2	 1	390.08	  0.00
377	16	21	v	 1	 1	 3	 2	 1	 2	 2	 0	 1	 1	 1	344.22	  0.00
378	16	21	v	 1	 1	 3	 1	 1	 2	 2	 0	 1	 1	 1	372.99	  0.00
379	16	21	v	 1	 1	 3	 2	 2	 2	 2	 1	 2	 2	 1	328.19	  0.00
380	16	21	v	 1	 1	 3	 2	 2	 2	 2	 1	 2	 2	 1	405.89	  0.00
381	16	21	v	 1	 1	 3	 1	 1	 2	 2	 0	 1	 1	 1	368.24	  0.00
382	16	21	v	 1	 1	 3	 1	 2	 2	 2	 1	 2	 2	 1	339.79	  0.00
383	16	21	v	 1	 1	 3	 2	 2	 2	 2	 1	 2	 2	 1	392.97	  0.00
