00	30	18	v	 1	 1	 0	 1	 1	 1	 1	 1	 1	 1	 1	1404.77	  0.00
01	30	18	v	 1	 1	 0	 2	 1	 1	 1	 1	 1	 1	 1	565.97	  0.00
02	30	18	v	 1	 1	 0	 1	 1	 1	 1	 1	 1	 1	 1	600.29	  0.00
03	30	18	v	 1	 1	 0	 2	 1	 1	 1	 1	 1	 1	 1	489.90	  0.00
04	30	18	v	 1	 1	 0	 1	 2	 1	 1	 0	 2	 2	 1	292.58	  0.00
05	30	18	v	 1	 1	 0	 2	 1	 1	 1	 1	 1	 1	 1	412.81	  0.00
06	30	18	v	 1	 1	 0	 1	 1	 1	 1	 1	 1	 1	 1	658.91	  0.00
07	30	18	v	 1	 1	 0	 2	 1	 1	 1	 1	 1	 1	 1	404.33	  0.00
08	30	18	v	 1	 1	 0	 2	 2	 1	 1	 0	 2	 2	 1	320.51	  0.00
09	30	18	v	 1	 1	 0	 2	 1	 1	 1	 1	 1	 1	 1	395.31	  0.00
10	30	18	v	 1	 1	 0	 1	 1	 1	 1	 1	 1	 1	 1	440.18	  0.00
11	30	18	v	 1	 1	 0	 1	 2	 1	 1	 0	 2	 2	 1	379.02	  0.00
12	30	18	v	 1	 1	 0	 1	 2	 1	 1	 0	 2	 2	 1	510.00	  0.00
13	30	18	v	 1	 1	 0	 2	 1	 1	 1	 1	 1	 1	 1	562.86	  0.00
14	30	18	v	 1	 1	 0	 2	 2	 1	 1	 0	 2	 2	 1	468.89	  0.00
15	30	18	v	 1	 1	 0	 1	 2	 1	 1	 0	 2	 2	 1	472.88	  0.00
16	30	18	v	 1	 1	 0	 2	 1	 1	 1	 1	 1	 1	 1	476.85	  0.00
17	30	18	v	 1	 1	 0	 2	 2	 1	 1	 0	 2	 2	 1	444.46	  0.00
18	30	18	v	 1	 1	 0	 1	 1	 1	 1	 1	 1	 1	 1	505.67	  0.00
19	30	18	v	 1	 1	 0	 2	 1	 1	 1	 1	 1	 1	 1	381.76	  0.00
20	30	18	v	 1	 1	 0	 1	 1	 1	 1	 1	 1	 1	 1	700.42	  0.00
21	30	18	v	 1	 1	 0	 2	 2	 1	 1	 0	 2	 2	 1	393.98	  0.00
22	30	18	v	 1	 1	 0	 1	 2	 1	 1	 0	 2	 2	 1	479.80	  0.00
23	30	18	v	 1	 1	 0	 1	 2	 1	 1	 0	 2	 2	 1	410.32	  0.00
24	30	18	v	 1	 1	 0	 1	 1	 1	 1	 1	 1	 1	 1	500.47	  0.00
25	30	18	v	 1	 1	 0	 1	 2	 1	 1	 0	 2	 2	 1	439.10	  0.00
26	30	18	v	 1	 1	 0	 2	 1	 1	 1	 1	 1	 1	 1	500.21	  0.00
27	30	18	v	 1	 1	 0	 2	 2	 1	 1	 0	 2	 2	 1	495.28	  0.00
28	30	18	v	 1	 1	 0	 2	 2	 1	 1	 0	 2	 2	 1	629.59	  0.00
29	30	18	v	 1	 1	 0	 2	 1	 1	 1	 1	 1	 1	 1	807.53	  0.00
30	30	18	v	 1	 1	 0	 2	 1	 1	 1	 1	 1	 1	 1	658.65	  0.00
31	30	18	v	 1	 1	 0	 2	 1	 1	 1	 1	 1	 1	 1	522.63	  0.00
32	30	18	v	 1	 1	 0	 1	 2	 1	 1	 0	 2	 2	 1	371.55	  0.00
33	30	18	v	 1	 1	 0	 1	 1	 1	 1	 1	 1	 1	 1	560.60	  0.00
34	30	18	v	 1	 1	 0	 1	 2	 1	 1	 0	 2	 2	 1	523.76	  0.00
35	30	18	v	 1	 1	 0	 1	 1	 1	 1	 1	 1	 1	 1	494.03	  0.00
36	30	18	v	 1	 1	 0	 1	 1	 1	 1	 1	 1	 1	 1	582.31	  0.00
37	30	18	v	 1	 1	 0	 1	 1	 1	 1	 1	 1	 1	 1	855.44	  0.00
38	30	18	v	 1	 1	 0	 2	 1	 1	 1	 1	 1	 1	 1	523.41	  0.00
39	30	18	v	 1	 1	 0	 2	 2	 1	 1	 0	 2	 2	 1	440.29	  0.00
40	30	18	v	 1	 1	 0	 2	 2	 1	 1	 0	 2	 2	 1	403.58	  0.00
41	30	18	v	 1	 1	 0	 2	 1	 1	 1	 1	 1	 1	 1	470.31	  0.00
42	30	18	v	 1	 1	 0	 1	 2	 1	 1	 0	 2	 2	 1	449.87	  0.00
43	30	18	v	 1	 1	 0	 1	 1	 1	 1	 1	 1	 1	 1	428.42	  0.00
44	30	18	v	 1	 1	 0	 1	 2	 1	 1	 0	 2	 2	 1	391.77	  0.00
45	30	18	v	 1	 1	 0	 2	 2	 1	 1	 0	 2	 2	 1	455.82	  0.00
46	30	18	v	 1	 1	 0	 1	 2	 1	 1	 0	 2	 2	 1	499.63	  0.00
47	30	18	v	 1	 1	 0	 2	 1	 1	 1	 1	 1	 1	 1	500.86	  0.00
48	30	18	v	 1	 1	 0	 1	 2	 1	 1	 0	 2	 2	 1	594.64	  0.00
49	30	18	v	 1	 1	 0	 1	 2	 1	 1	 0	 2	 2	 1	421.69	  0.00
50	30	18	v	 1	 1	 0	 1	 2	 1	 1	 0	 2	 2	 1	506.38	  0.00
51	30	18	v	 1	 1	 0	 2	 2	 1	 1	 0	 2	 2	 1	504.87	  0.00
52	30	18	v	 1	 1	 0	 1	 1	 1	 1	 1	 1	 2	 0	519.70	  0.00
53	30	18	v	 1	 1	 0	 1	 1	 1	 1	 1	 1	 1	 1	485.60	  0.00
54	30	18	v	 1	 1	 0	 2	 2	 1	 1	 0	 2	 2	 1	466.86	  0.00
55	30	18	v	 1	 1	 0	 2	 2	 1	 1	 0	 2	 2	 1	498.12	  0.00
56	30	18	v	 1	 1	 0	 1	 1	 1	 1	 1	 1	 1	 1	1214.65	  0.00
57	30	18	v	 1	 1	 0	 1	 1	 1	 1	 1	 1	 1	 1	1279.22	  0.00
58	30	18	v	 1	 1	 0	 1	 1	 1	 1	 1	 1	 1	 1	729.97	  0.00
59	30	18	v	 1	 1	 0	 2	 2	 1	 1	 0	 2	 2	 1	458.95	  0.00
60	30	18	v	 1	 1	 0	 2	 2	 1	 1	 0	 2	 2	 1	397.77	  0.00
61	30	18	v	 1	 1	 0	 2	 1	 1	 1	 1	 1	 1	 1	498.82	  0.00
62	30	18	v	 1	 1	 0	 2	 1	 1	 1	 1	 1	 1	 1	1620.71	  0.00
63	30	18	v	 1	 1	 0	 2	 1	 1	 1	 1	 1	 1	 1	513.40	  0.00
64	30	18	v	 1	 1	 0	 2	 1	 1	 1	 1	 1	 1	 1	736.76	  0.00
65	30	18	v	 1	 1	 0	 1	 2	 1	 1	 0	 2	 2	 1	585.32	  0.00
66	30	18	v	 1	 1	 0	 2	 2	 1	 1	 0	 2	 2	 1	589.21	  0.00
67	30	18	v	 1	 1	 0	 1	 2	 1	 1	 0	 2	 2	 1	421.76	  0.00
68	30	18	v	 1	 1	 0	 2	 1	 1	 1	 1	 1	 1	 1	571.76	  0.00
69	30	18	v	 1	 1	 0	 2	 2	 1	 1	 0	 2	 2	 1	428.74	  0.00
70	30	18	v	 1	 1	 0	 2	 1	 1	 1	 1	 1	 1	 1	596.09	  0.00
71	30	18	v	 1	 1	 0	 2	 2	 1	 1	 0	 2	 2	 1	453.09	  0.00
72	30	18	v	 1	 1	 0	 1	 2	 1	 1	 0	 2	 2	 1	439.81	  0.00
73	30	18	v	 1	 1	 0	 2	 1	 1	 1	 1	 1	 1	 1	533.67	  0.00
74	30	18	v	 1	 1	 0	 2	 2	 1	 1	 0	 2	 2	 1	545.71	  0.00
75	30	18	v	 1	 1	 0	 1	 2	 1	 1	 0	 2	 2	 1	549.73	  0.00
76	30	18	v	 1	 1	 0	 1	 2	 1	 1	 0	 2	 2	 1	520.03	  0.00
77	30	18	v	 1	 1	 0	 1	 1	 1	 1	 1	 1	 1	 1	695.37	  0.00
78	30	18	v	 1	 1	 0	 1	 1	 1	 1	 1	 1	 2	 0	609.35	  0.00
79	30	18	v	 1	 1	 0	 2	 2	 1	 1	 0	 2	 2	 1	686.63	  0.00
80	30	18	v	 1	 1	 0	 1	 2	 1	 1	 0	 2	 2	 1	501.58	  0.00
81	30	18	v	 1	 1	 0	 1	 2	 1	 1	 0	 2	 2	 1	489.35	  0.00
82	30	18	v	 1	 1	 0	 1	 1	 1	 1	 1	 1	 1	 1	420.07	  0.00
83	30	18	v	 1	 1	 0	 1	 1	 1	 1	 1	 1	 1	 1	472.11	  0.00
84	30	18	v	 1	 1	 0	 2	 2	 1	 1	 0	 2	 2	 1	565.92	  0.00
85	30	18	v	 1	 1	 0	 1	 1	 1	 1	 1	 1	 1	 1	635.17	  0.00
86	30	18	v	 1	 1	 0	 2	 2	 1	 1	 0	 2	 2	 1	467.62	  0.00
87	30	18	v	 1	 1	 0	 2	 2	 1	 1	 0	 2	 2	 1	650.22	  0.00
88	30	18	v	 1	 1	 0	 2	 2	 1	 1	 0	 2	 2	 1	1984.09	  0.00
89	30	18	v	 1	 1	 0	 2	 1	 1	 1	 1	 1	 1	 1	688.55	  0.00
90	30	18	v	 1	 1	 0	 2	 1	 1	 1	 1	 1	 1	 1	675.02	  0.00
91	30	18	v	 1	 1	 0	 1	 1	 1	 1	 1	 1	 1	 1	646.16	  0.00
92	30	18	v	 1	 1	 0	 1	 2	 1	 1	 0	 2	 2	 1	405.17	  0.00
93	30	18	v	 1	 1	 0	 1	 2	 1	 1	 0	 2	 2	 1	449.37	  0.00
94	30	18	v	 1	 1	 0	 2	 2	 1	 1	 0	 2	 2	 1	510.32	  0.00
95	30	18	v	 1	 1	 0	 1	 1	 1	 1	 1	 1	 1	 1	865.20	  0.00
96	30	18	v	 1	 1	 1	 1	 1	 2	 2	 0	 1	 1	 1	840.88	  0.00
97	30	18	v	 1	 1	 1	 1	 2	 2	 2	 1	 2	 2	 1	395.59	  0.00
98	30	18	v	 1	 1	 1	 1	 1	 2	 2	 0	 1	 1	 1	571.12	  0.00
99	30	18	v	 1	 1	 1	 1	 2	 2	 2	 1	 2	 2	 1	345.57	  0.00
100	30	18	v	 1	 1	 1	 1	 2	 2	 2	 1	 2	 2	 1	406.94	  0.00
101	30	18	v	 1	 1	 1	 1	 2	 2	 2	 1	 2	 2	 1	386.62	  0.00
102	30	18	v	 1	 1	 1	 1	 1	 2	 2	 0	 1	 1	 1	586.66	  0.00
103	30	18	v	 1	 1	 1	 1	 1	 2	 2	 0	 1	 1	 1	442.67	  0.00
104	30	18	v	 1	 1	 1	 2	 2	 2	 2	 1	 2	 2	 1	422.28	  0.00
105	30	18	v	 1	 1	 1	 1	 1	 2	 2	 0	 1	 1	 1	581.36	  0.00
106	30	18	v	 1	 1	 1	 2	 1	 2	 2	 0	 1	 1	 1	503.73	  0.00
107	30	18	v	 1	 1	 1	 2	 2	 2	 2	 1	 2	 2	 1	425.15	  0.00
108	30	18	v	 1	 1	 1	 2	 2	 2	 2	 1	 2	 2	 1	404.77	  0.00
109	30	18	v	 1	 1	 1	 1	 2	 2	 2	 1	 2	 2	 1	457.93	  0.00
110	30	18	v	 1	 1	 1	 1	 1	 2	 2	 0	 1	 1	 1	436.62	  0.00
111	30	18	v	 1	 1	 1	 1	 2	 2	 2	 1	 2	 2	 1	301.85	  0.00
112	30	18	v	 1	 1	 1	 1	 1	 2	 2	 0	 1	 1	 1	510.21	  0.00
113	30	18	v	 1	 1	 1	 2	 1	 2	 2	 0	 1	 2	 0	669.22	  0.00
114	30	18	v	 1	 1	 1	 2	 1	 2	 2	 0	 1	 1	 1	688.28	  0.00
115	30	18	v	 1	 1	 1	 1	 1	 2	 2	 0	 1	 1	 1	904.21	  0.00
116	30	18	v	 1	 1	 1	 1	 2	 2	 2	 1	 2	 2	 1	336.45	  0.00
117	30	18	v	 1	 1	 1	 2	 2	 2	 2	 1	 2	 2	 1	536.54	  0.00
118	30	18	v	 1	 1	 1	 2	 2	 2	 2	 1	 2	 2	 1	474.17	  0.00
119	30	18	v	 1	 1	 1	 1	 1	 2	 2	 0	 1	 1	 1	641.41	  0.00
120	30	18	v	 1	 1	 1	 2	 1	 2	 2	 0	 1	 1	 1	751.37	  0.00
121	30	18	v	 1	 1	 1	 2	 2	 2	 2	 1	 2	 2	 1	591.85	  0.00
122	30	18	v	 1	 1	 1	 1	 1	 2	 2	 0	 1	 1	 1	513.08	  0.00
123	30	18	v	 1	 1	 1	 1	 2	 2	 2	 1	 2	 2	 1	451.79	  0.00
124	30	18	v	 1	 1	 1	 2	 2	 2	 2	 1	 2	 2	 1	594.59	  0.00
125	30	18	v	 1	 1	 1	 1	 2	 2	 2	 1	 2	 2	 1	1029.92	  0.00
126	30	18	v	 1	 1	 1	 1	 1	 2	 2	 0	 1	 1	 1	657.46	  0.00
127	30	18	v	 1	 1	 1	 1	 2	 2	 2	 1	 2	 2	 1	580.07	  0.00
128	30	18	v	 1	 1	 1	 2	 2	 2	 2	 1	 2	 2	 1	657.34	  0.00
129	30	18	v	 1	 1	 1	 1	 2	 2	 2	 1	 2	 2	 1	431.62	  0.00
130	30	18	v	 1	 1	 1	 1	 2	 2	 2	 1	 2	 2	 1	533.65	  0.00
131	30	18	v	 1	 1	 1	 2	 1	 2	 2	 0	 1	 1	 1	562.06	  0.00
132	30	18	v	 1	 1	 1	 2	 1	 2	 2	 0	 1	 1	 1	899.66	  0.00
133	30	18	v	 1	 1	 1	 2	 1	 2	 2	 0	 1	 1	 1	617.40	  0.00
134	30	18	v	 1	 1	 1	 1	 2	 2	 2	 1	 2	 2	 1	384.57	  0.00
135	30	18	v	 1	 1	 1	 1	 1	 2	 2	 0	 1	 1	 1	502.95	  0.00
136	30	18	v	 1	 1	 1	 1	 1	 2	 2	 0	 1	 1	 1	409.08	  0.00
137	30	18	v	 1	 1	 1	 1	 1	 2	 2	 0	 1	 1	 1	1089.42	  0.00
138	30	18	v	 1	 1	 1	 2	 2	 2	 2	 1	 2	 2	 1	529.62	  0.00
139	30	18	v	 1	 1	 1	 2	 2	 2	 2	 1	 2	 2	 1	1088.58	  0.00
140	30	18	v	 1	 1	 1	 1	 1	 2	 2	 0	 1	 1	 1	486.89	  0.00
141	30	18	v	 1	 1	 1	 2	 1	 2	 2	 0	 1	 1	 1	1894.38	  0.00
142	30	18	v	 1	 1	 1	 2	 2	 2	 2	 1	 2	 2	 1	427.65	  0.00
143	30	18	v	 1	 1	 1	 2	 2	 2	 2	 1	 2	 2	 1	520.51	  0.00
144	30	18	v	 1	 1	 1	 2	 2	 2	 2	 1	 2	 2	 1	451.08	  0.00
145	30	18	v	 1	 1	 1	 1	 2	 2	 2	 1	 2	 2	 1	455.10	  0.00
146	30	18	v	 1	 1	 1	 2	 1	 2	 2	 0	 1	 1	 1	646.90	  0.00
147	30	18	v	 1	 1	 1	 2	 2	 2	 2	 1	 2	 2	 1	992.38	  0.00
148	30	18	v	 1	 1	 1	 1	 1	 2	 2	 0	 1	 1	 1	489.80	  0.00
149	30	18	v	 1	 1	 1	 2	 2	 2	 2	 1	 2	 2	 1	453.01	  0.00
150	30	18	v	 1	 1	 1	 1	 1	 2	 2	 0	 1	 1	 1	464.31	  0.00
151	30	18	v	 1	 1	 1	 1	 1	 2	 2	 0	 1	 1	 1	713.09	  0.00
152	30	18	v	 1	 1	 1	 2	 2	 2	 2	 1	 2	 2	 1	480.06	  0.00
153	30	18	v	 1	 1	 1	 2	 1	 2	 2	 0	 1	 1	 1	647.43	  0.00
154	30	18	v	 1	 1	 1	 1	 1	 2	 2	 0	 1	 1	 1	1335.62	  0.00
155	30	18	v	 1	 1	 1	 1	 2	 2	 2	 1	 2	 2	 1	1289.50	  0.00
156	30	18	v	 1	 1	 1	 1	 1	 2	 2	 0	 1	 1	 1	647.75	  0.00
157	30	18	v	 1	 1	 1	 2	 1	 2	 2	 0	 1	 1	 1	756.69	  0.00
158	30	18	v	 1	 1	 1	 2	 2	 2	 2	 1	 2	 2	 1	425.78	  0.00
159	30	18	v	 1	 1	 1	 2	 1	 2	 2	 0	 1	 1	 1	1613.06	  0.00
160	30	18	v	 1	 1	 1	 2	 1	 2	 2	 0	 1	 1	 1	946.36	  0.00
161	30	18	v	 1	 1	 1	 2	 2	 2	 2	 1	 2	 2	 1	1087.45	  0.00
162	30	18	v	 1	 1	 1	 2	 2	 2	 2	 1	 2	 2	 1	1098.81	  0.00
163	30	18	v	 1	 1	 1	 1	 1	 2	 2	 0	 1	 1	 1	693.96	  0.00
164	30	18	v	 1	 1	 1	 2	 2	 2	 2	 1	 2	 2	 1	451.89	  0.00
165	30	18	v	 1	 1	 1	 2	 1	 2	 2	 0	 1	 1	 1	545.72	  0.00
166	30	18	v	 1	 1	 1	 1	 1	 2	 2	 0	 1	 1	 1	973.90	  0.00
167	30	18	v	 1	 1	 1	 1	 2	 2	 2	 1	 2	 2	 1	561.27	  0.00
168	30	18	v	 1	 1	 1	 2	 2	 2	 2	 1	 2	 2	 1	727.30	  0.00
169	30	18	v	 1	 1	 1	 1	 2	 2	 2	 1	 2	 2	 1	461.73	  0.00
170	30	18	v	 1	 1	 1	 2	 1	 2	 2	 0	 1	 1	 1	514.79	  0.00
171	30	18	v	 1	 1	 1	 1	 2	 2	 2	 1	 2	 2	 1	485.16	  0.00
172	30	18	v	 1	 1	 1	 1	 2	 2	 2	 1	 2	 2	 1	513.65	  0.00
173	30	18	v	 1	 1	 1	 2	 1	 2	 2	 0	 1	 1	 1	656.31	  0.00
174	30	18	v	 1	 1	 1	 2	 2	 2	 2	 1	 2	 2	 1	447.95	  0.00
175	30	18	v	 1	 1	 1	 2	 1	 2	 2	 0	 1	 1	 1	679.54	  0.00
176	30	18	v	 1	 1	 1	 2	 2	 2	 2	 1	 2	 2	 1	487.46	  0.00
177	30	18	v	 1	 1	 1	 2	 1	 2	 2	 0	 1	 1	 1	450.71	  0.00
178	30	18	v	 1	 1	 1	 2	 1	 2	 2	 0	 1	 1	 1	764.82	  0.00
179	30	18	v	 1	 1	 1	 2	 1	 2	 2	 0	 1	 1	 1	898.06	  0.00
180	30	18	v	 1	 1	 1	 1	 2	 2	 2	 1	 2	 2	 1	1456.40	  0.00
181	30	18	v	 1	 1	 1	 1	 2	 2	 2	 1	 2	 2	 1	430.94	  0.00
182	30	18	v	 1	 1	 1	 1	 1	 2	 2	 0	 1	 1	 1	590.08	  0.00
183	30	18	v	 1	 1	 1	 1	 2	 2	 2	 1	 2	 2	 1	388.99	  0.00
184	30	18	v	 1	 1	 1	 2	 1	 2	 2	 0	 1	 1	 1	662.39	  0.00
185	30	18	v	 1	 1	 1	 1	 2	 2	 2	 1	 2	 2	 1	445.89	  0.00
186	30	18	v	 1	 1	 1	 2	 1	 2	 2	 0	 1	 1	 1	636.67	  0.00
187	30	18	v	 1	 1	 1	 2	 1	 2	 2	 0	 1	 1	 1	738.36	  0.00
188	30	18	v	 1	 1	 1	 2	 2	 2	 2	 1	 2	 2	 1	913.39	  0.00
189	30	18	v	 1	 1	 1	 2	 1	 2	 2	 0	 1	 1	 1	1021.92	  0.00
190	30	18	v	 1	 1	 1	 1	 1	 2	 2	 0	 1	 1	 1	1220.98	  0.00
191	30	18	v	 1	 1	 1	 1	 2	 2	 2	 1	 2	 2	 1	489.42	  0.00
192	30	18	v	 1	 1	 2	 1	 2	 1	 1	 0	 2	 2	 1	548.58	  0.00
193	30	18	v	 1	 1	 2	 1	 2	 1	 1	 0	 2	 2	 1	478.16	  0.00
194	30	18	v	 1	 1	 2	 1	 1	 1	 1	 1	 1	 1	 1	580.12	  0.00
195	30	18	v	 1	 1	 2	 1	 2	 1	 1	 0	 2	 2	 1	763.57	  0.00
196	30	18	v	 1	 1	 2	 2	 1	 1	 1	 1	 1	 1	 1	611.16	  0.00
197	30	18	v	 1	 1	 2	 1	 1	 1	 1	 1	 1	 1	 1	476.34	  0.00
198	30	18	v	 1	 1	 2	 2	 2	 1	 1	 0	 2	 2	 1	431.44	  0.00
199	30	18	v	 1	 1	 2	 2	 1	 1	 1	 1	 1	 1	 1	623.25	  0.00
200	30	18	v	 1	 1	 2	 1	 1	 1	 1	 1	 1	 1	 1	577.07	  0.00
201	30	18	v	 1	 1	 2	 1	 2	 1	 1	 0	 2	 2	 1	368.85	  0.00
202	30	18	v	 1	 1	 2	 2	 2	 1	 1	 0	 2	 2	 1	470.91	  0.00
203	30	18	v	 1	 1	 2	 2	 1	 1	 1	 1	 1	 1	 1	891.14	  0.00
204	30	18	v	 1	 1	 2	 2	 1	 1	 1	 1	 1	 1	 1	714.08	  0.00
205	30	18	v	 1	 1	 2	 2	 2	 1	 1	 0	 2	 2	 1	464.86	  0.00
206	30	18	v	 1	 1	 2	 1	 2	 1	 1	 0	 2	 2	 1	640.25	  0.00
207	30	18	v	 1	 1	 2	 2	 2	 1	 1	 0	 2	 2	 1	488.08	  0.00
208	30	18	v	 1	 1	 2	 2	 2	 1	 1	 0	 2	 2	 1	443.18	  0.00
209	30	18	v	 1	 1	 2	 2	 1	 1	 1	 1	 1	 1	 1	422.74	  0.00
210	30	18	v	 1	 1	 2	 1	 1	 1	 1	 1	 1	 1	 1	484.05	  0.00
211	30	18	v	 1	 1	 2	 2	 1	 1	 1	 1	 1	 1	 1	503.43	  0.00
212	30	18	v	 1	 1	 2	 2	 2	 1	 1	 0	 2	 2	 1	499.28	  0.00
213	30	18	v	 1	 1	 2	 2	 1	 1	 1	 1	 1	 1	 1	560.34	  0.00
214	30	18	v	 1	 1	 2	 2	 2	 1	 1	 0	 2	 2	 1	1217.11	  0.00
215	30	18	v	 1	 1	 2	 1	 2	 1	 1	 0	 2	 2	 1	484.74	  0.00
216	30	18	v	 1	 1	 2	 2	 1	 1	 1	 1	 1	 1	 1	807.01	  0.00
217	30	18	v	 1	 1	 2	 1	 2	 1	 1	 0	 2	 2	 1	573.92	  0.00
218	30	18	v	 1	 1	 2	 1	 2	 1	 1	 0	 2	 2	 1	732.00	  0.00
219	30	18	v	 1	 1	 2	 1	 2	 1	 1	 0	 2	 2	 1	735.61	  0.00
220	30	18	v	 1	 1	 2	 2	 1	 1	 1	 1	 1	 1	 1	739.26	  0.00
221	30	18	v	 1	 1	 2	 2	 2	 1	 1	 0	 2	 2	 1	473.65	  0.00
222	30	18	v	 1	 1	 2	 1	 1	 1	 1	 1	 1	 1	 1	1545.62	  0.00
223	30	18	v	 1	 1	 2	 2	 2	 1	 1	 0	 2	 2	 1	470.97	  0.00
224	30	18	v	 1	 1	 2	 2	 1	 1	 1	 1	 1	 1	 1	768.87	  0.00
225	30	18	v	 1	 1	 2	 1	 2	 1	 1	 0	 2	 2	 1	624.72	  0.00
226	30	18	v	 1	 1	 2	 2	 2	 1	 1	 0	 2	 2	 1	571.37	  0.00
227	30	18	v	 1	 1	 2	 2	 1	 1	 1	 1	 1	 1	 1	607.90	  0.00
228	30	18	v	 1	 1	 2	 2	 1	 1	 1	 1	 1	 1	 1	832.09	  0.00
229	30	18	v	 1	 1	 2	 1	 1	 1	 1	 1	 1	 1	 1	614.31	  0.00
230	30	18	v	 1	 1	 2	 1	 1	 1	 1	 1	 1	 1	 1	658.85	  0.00
231	30	18	v	 1	 1	 2	 1	 2	 1	 1	 0	 2	 2	 1	466.84	  0.00
232	30	18	v	 1	 1	 2	 1	 1	 1	 1	 1	 1	 1	 1	568.78	  0.00
233	30	18	v	 1	 1	 2	 1	 1	 1	 1	 1	 1	 1	 1	490.17	  0.00
234	30	18	v	 1	 1	 2	 1	 1	 1	 1	 1	 1	 1	 1	575.73	  0.00
235	30	18	v	 1	 1	 2	 1	 2	 1	 1	 0	 2	 2	 1	432.80	  0.00
236	30	18	v	 1	 1	 2	 2	 1	 1	 1	 1	 1	 1	 1	558.30	  0.00
237	30	18	v	 1	 1	 2	 2	 2	 1	 1	 0	 2	 2	 1	602.91	  0.00
238	30	18	v	 1	 1	 2	 2	 2	 1	 1	 0	 2	 2	 1	517.17	  0.00
239	30	18	v	 1	 1	 2	 2	 1	 1	 1	 1	 1	 1	 1	716.90	  0.00
240	30	18	v	 1	 1	 2	 2	 2	 1	 1	 0	 2	 2	 1	590.04	  0.00
241	30	18	v	 1	 1	 2	 2	 2	 1	 1	 0	 2	 2	 1	878.57	  0.00
242	30	18	v	 1	 1	 2	 1	 1	 1	 1	 1	 1	 0	 0	2000.21	  0.00
243	30	18	v	 1	 1	 2	 2	 1	 1	 1	 1	 1	 1	 1	579.47	  0.00
244	30	18	v	 1	 1	 2	 2	 1	 1	 1	 1	 1	 1	 1	460.94	  0.00
245	30	18	v	 1	 1	 2	 2	 2	 1	 1	 0	 2	 2	 1	399.72	  0.00
246	30	18	v	 1	 1	 2	 2	 2	 1	 1	 0	 2	 2	 1	468.34	  0.00
247	30	18	v	 1	 1	 2	 1	 1	 1	 1	 1	 1	 1	 1	447.79	  0.00
248	30	18	v	 1	 1	 2	 1	 1	 1	 1	 1	 1	 1	 1	492.70	  0.00
249	30	18	v	 1	 1	 2	 1	 2	 1	 1	 0	 2	 2	 1	398.91	  0.00
250	30	18	v	 1	 1	 2	 2	 2	 1	 1	 0	 2	 2	 1	451.91	  0.00
251	30	18	v	 1	 1	 2	 2	 1	 1	 1	 1	 1	 1	 1	389.67	  0.00
252	30	18	v	 1	 1	 2	 1	 2	 1	 1	 0	 2	 2	 1	328.65	  0.00
253	30	18	v	 1	 1	 2	 1	 1	 1	 1	 1	 1	 1	 1	414.39	  0.00
254	30	18	v	 1	 1	 2	 1	 2	 1	 1	 0	 2	 2	 1	287.19	  0.00
255	30	18	v	 1	 1	 2	 2	 1	 1	 1	 1	 1	 1	 1	470.80	  0.00
256	30	18	v	 1	 1	 2	 2	 2	 1	 1	 0	 2	 2	 1	352.46	  0.00
257	30	18	v	 1	 1	 2	 1	 1	 1	 1	 1	 1	 1	 1	462.81	  0.00
258	30	18	v	 1	 1	 2	 1	 1	 1	 1	 1	 1	 1	 1	531.26	  0.00
259	30	18	v	 1	 1	 2	 1	 2	 1	 1	 0	 2	 2	 1	388.21	  0.00
260	30	18	v	 1	 1	 2	 2	 1	 1	 1	 1	 1	 1	 1	425.01	  0.00
261	30	18	v	 1	 1	 2	 1	 1	 1	 1	 1	 1	 1	 1	527.06	  0.00
262	30	18	v	 1	 1	 2	 2	 2	 1	 1	 0	 2	 2	 1	464.85	  0.00
263	30	18	v	 1	 1	 2	 1	 1	 1	 1	 1	 1	 1	 1	379.07	  0.00
264	30	18	v	 1	 1	 2	 2	 2	 1	 1	 0	 2	 2	 1	432.17	  0.00
265	30	18	v	 1	 1	 2	 1	 1	 1	 1	 1	 1	 1	 1	436.33	  0.00
266	30	18	v	 1	 1	 2	 1	 2	 1	 1	 0	 2	 2	 1	374.11	  0.00
267	30	18	v	 1	 1	 2	 2	 2	 1	 1	 0	 2	 2	 1	410.90	  0.00
268	30	18	v	 1	 1	 2	 2	 1	 1	 1	 1	 1	 1	 1	513.02	  0.00
269	30	18	v	 1	 1	 2	 1	 1	 1	 1	 1	 1	 1	 1	508.88	  0.00
270	30	18	v	 1	 1	 2	 2	 2	 1	 1	 0	 2	 2	 1	577.12	  0.00
271	30	18	v	 1	 1	 2	 1	 1	 1	 1	 1	 1	 1	 1	687.06	  0.00
272	30	18	v	 1	 1	 2	 1	 2	 1	 1	 0	 2	 2	 1	894.85	  0.00
273	30	18	v	 1	 1	 2	 1	 2	 1	 1	 0	 2	 2	 1	490.37	  0.00
274	30	18	v	 1	 1	 2	 1	 2	 1	 1	 0	 2	 2	 1	436.19	  0.00
275	30	18	v	 1	 1	 2	 2	 1	 1	 1	 1	 1	 1	 1	538.28	  0.00
276	30	18	v	 1	 1	 2	 2	 1	 1	 1	 1	 1	 1	 1	648.23	  0.00
277	30	18	v	 1	 1	 2	 1	 1	 1	 1	 1	 1	 1	 1	471.73	  0.00
278	30	18	v	 1	 1	 2	 2	 2	 1	 1	 0	 2	 2	 1	557.25	  0.00
279	30	18	v	 1	 1	 2	 2	 1	 1	 1	 1	 1	 1	 1	708.09	  0.00
280	30	18	v	 1	 1	 2	 1	 2	 1	 1	 0	 2	 2	 1	475.07	  0.00
281	30	18	v	 1	 1	 2	 2	 1	 1	 1	 1	 1	 1	 1	649.53	  0.00
282	30	18	v	 1	 1	 2	 1	 1	 1	 1	 1	 1	 1	 1	498.34	  0.00
283	30	18	v	 1	 1	 2	 1	 2	 1	 1	 0	 2	 2	 1	592.13	  0.00
284	30	18	v	 1	 1	 2	 1	 2	 1	 1	 0	 2	 2	 1	506.21	  0.00
285	30	18	v	 1	 1	 2	 1	 1	 1	 1	 1	 1	 1	 1	549.95	  0.00
286	30	18	v	 1	 1	 2	 1	 2	 1	 1	 0	 2	 2	 1	496.83	  0.00
287	30	18	v	 1	 1	 2	 2	 2	 1	 1	 0	 2	 2	 1	541.60	  0.00
288	30	18	v	 1	 1	 3	 2	 2	 2	 2	 1	 2	 2	 1	440.99	  0.00
289	30	18	v	 1	 1	 3	 1	 2	 2	 2	 1	 2	 2	 1	525.73	  0.00
290	30	18	v	 1	 1	 3	 1	 1	 2	 2	 0	 1	 1	 1	546.04	  0.00
291	30	18	v	 1	 1	 3	 1	 2	 2	 2	 1	 2	 2	 1	713.17	  0.00
292	30	18	v	 1	 1	 3	 2	 2	 2	 2	 1	 2	 2	 1	676.06	  0.00
293	30	18	v	 1	 1	 3	 2	 1	 2	 2	 0	 1	 1	 1	434.04	  0.00
294	30	18	v	 1	 1	 3	 1	 2	 2	 2	 1	 2	 2	 1	364.75	  0.00
295	30	18	v	 1	 1	 3	 1	 1	 2	 2	 0	 1	 1	 1	401.57	  0.00
296	30	18	v	 1	 1	 3	 1	 2	 2	 2	 1	 2	 2	 1	364.91	  0.00
297	30	18	v	 1	 1	 3	 1	 1	 2	 2	 0	 1	 1	 1	474.29	  0.00
298	30	18	v	 1	 1	 3	 2	 1	 2	 2	 0	 1	 1	 1	437.50	  0.00
299	30	18	v	 1	 1	 3	 2	 2	 2	 2	 1	 2	 2	 1	384.56	  0.00
300	30	18	v	 1	 1	 3	 2	 2	 2	 2	 1	 2	 2	 1	543.72	  0.00
301	30	18	v	 1	 1	 3	 1	 1	 2	 2	 0	 1	 1	 1	587.50	  0.00
302	30	18	v	 1	 1	 3	 1	 2	 2	 2	 1	 2	 2	 1	444.53	  0.00
303	30	18	v	 1	 1	 3	 2	 1	 2	 2	 0	 1	 1	 1	456.79	  0.00
304	30	18	v	 1	 1	 3	 1	 2	 2	 2	 1	 2	 2	 1	493.49	  0.00
305	30	18	v	 1	 1	 3	 2	 1	 2	 2	 0	 1	 1	 1	643.39	  0.00
306	30	18	v	 1	 1	 3	 2	 2	 2	 2	 1	 2	 2	 1	402.43	  0.00
307	30	18	v	 1	 1	 3	 1	 1	 2	 2	 0	 1	 1	 1	504.43	  0.00
308	30	18	v	 1	 1	 3	 1	 2	 2	 2	 1	 2	 2	 1	613.59	  0.00
309	30	18	v	 1	 1	 3	 1	 1	 2	 2	 0	 1	 1	 1	1221.21	  0.00
310	30	18	v	 1	 1	 3	 1	 2	 2	 2	 1	 2	 2	 1	457.18	  0.00
311	30	18	v	 1	 1	 3	 1	 2	 2	 2	 1	 2	 2	 1	436.74	  0.00
312	30	18	v	 1	 1	 3	 2	 2	 2	 2	 1	 2	 2	 1	431.68	  0.00
313	30	18	v	 1	 1	 3	 2	 2	 2	 2	 1	 2	 2	 1	444.01	  0.00
314	30	18	v	 1	 1	 3	 1	 1	 2	 2	 0	 1	 1	 1	603.18	  0.00
315	30	18	v	 1	 1	 3	 1	 1	 2	 2	 0	 1	 1	 1	558.11	  0.00
316	30	18	v	 1	 1	 3	 2	 1	 2	 2	 0	 1	 1	 1	471.26	  0.00
317	30	18	v	 1	 1	 3	 2	 1	 2	 2	 0	 1	 1	 1	491.68	  0.00
318	30	18	v	 1	 1	 3	 2	 2	 2	 2	 1	 2	 2	 1	414.00	  0.00
319	30	18	v	 1	 1	 3	 2	 1	 2	 2	 0	 1	 1	 1	573.23	  0.00
320	30	18	v	 1	 1	 3	 1	 2	 2	 2	 1	 2	 2	 1	421.05	  0.00
321	30	18	v	 1	 1	 3	 1	 2	 2	 2	 1	 2	 2	 1	490.38	  0.00
322	30	18	v	 1	 1	 3	 1	 1	 2	 2	 0	 1	 1	 1	535.28	  0.00
323	30	18	v	 1	 1	 3	 1	 1	 2	 2	 0	 1	 1	 1	1133.88	  0.00
324	30	18	v	 1	 1	 3	 1	 1	 2	 2	 0	 1	 1	 1	500.50	  0.00
325	30	18	v	 1	 1	 3	 2	 1	 2	 2	 0	 1	 1	 1	553.42	  0.00
326	30	18	v	 1	 1	 3	 2	 2	 2	 2	 1	 2	 2	 1	394.18	  0.00
327	30	18	v	 1	 1	 3	 2	 1	 2	 2	 0	 1	 1	 1	446.37	  0.00
328	30	18	v	 1	 1	 3	 2	 1	 2	 2	 0	 1	 1	 1	491.28	  0.00
329	30	18	v	 1	 1	 3	 1	 2	 2	 2	 1	 2	 2	 1	389.22	  0.00
330	30	18	v	 1	 1	 3	 1	 2	 2	 2	 1	 2	 2	 1	466.82	  0.00
331	30	18	v	 1	 1	 3	 1	 1	 2	 2	 0	 1	 1	 1	429.06	  0.00
332	30	18	v	 1	 1	 3	 2	 1	 2	 2	 0	 1	 1	 1	441.37	  0.00
333	30	18	v	 1	 1	 3	 2	 2	 2	 2	 1	 2	 2	 1	494.43	  0.00
334	30	18	v	 1	 1	 3	 2	 2	 2	 2	 1	 2	 2	 1	735.09	  0.00
335	30	18	v	 1	 1	 3	 2	 1	 2	 2	 0	 1	 1	 1	419.44	  0.00
336	30	18	v	 1	 1	 3	 1	 2	 2	 2	 1	 2	 2	 1	578.57	  0.00
337	30	18	v	 1	 1	 3	 1	 1	 2	 2	 0	 1	 1	 1	574.34	  0.00
338	30	18	v	 1	 1	 3	 1	 1	 2	 2	 0	 1	 1	 1	626.20	  0.00
339	30	18	v	 1	 1	 3	 2	 2	 2	 2	 1	 2	 2	 1	393.33	  0.00
340	30	18	v	 1	 1	 3	 2	 2	 2	 2	 1	 2	 2	 1	446.51	  0.00
341	30	18	v	 1	 1	 3	 1	 2	 2	 2	 1	 2	 2	 1	385.36	  0.00
342	30	18	v	 1	 1	 3	 1	 1	 2	 2	 0	 1	 1	 1	453.81	  0.00
343	30	18	v	 1	 1	 3	 1	 1	 2	 2	 0	 1	 1	 1	621.05	  0.00
344	30	18	v	 1	 1	 3	 1	 1	 2	 2	 0	 1	 1	 1	633.08	  0.00
345	30	18	v	 1	 1	 3	 2	 1	 2	 2	 0	 1	 1	 1	596.11	  0.00
346	30	18	v	 1	 1	 3	 2	 2	 2	 2	 1	 2	 2	 1	435.79	  0.00
347	30	18	v	 1	 1	 3	 2	 1	 2	 2	 0	 1	 1	 1	627.52	  0.00
348	30	18	v	 1	 1	 3	 2	 1	 2	 2	 0	 1	 1	 1	713.04	  0.00
349	30	18	v	 1	 1	 3	 1	 2	 2	 2	 1	 2	 2	 1	529.01	  0.00
350	30	18	v	 1	 1	 3	 1	 2	 2	 2	 1	 2	 2	 1	450.42	  0.00
351	30	18	v	 1	 1	 3	 2	 1	 2	 2	 0	 1	 1	 1	381.03	  0.00
352	30	18	v	 1	 1	 3	 1	 2	 2	 2	 1	 2	 2	 1	409.67	  0.00
353	30	18	v	 1	 1	 3	 2	 2	 2	 2	 1	 2	 2	 1	461.78	  0.00
354	30	18	v	 1	 1	 3	 2	 1	 2	 2	 0	 1	 1	 1	416.84	  0.00
355	30	18	v	 1	 1	 3	 1	 2	 2	 2	 1	 2	 2	 1	510.73	  0.00
356	30	18	v	 1	 1	 3	 2	 1	 2	 2	 0	 1	 1	 1	441.29	  0.00
357	30	18	v	 1	 1	 3	 2	 1	 2	 2	 0	 1	 1	 1	486.28	  0.00
358	30	18	v	 1	 1	 3	 2	 2	 2	 2	 1	 2	 2	 1	497.40	  0.00
359	30	18	v	 1	 1	 3	 2	 2	 2	 2	 1	 2	 2	 1	444.34	  0.00
360	30	18	v	 1	 1	 3	 2	 1	 2	 2	 0	 1	 1	 1	562.69	  0.00
361	30	18	v	 1	 1	 3	 1	 1	 2	 2	 0	 1	 1	 1	524.74	  0.00
362	30	18	v	 1	 1	 3	 1	 2	 2	 2	 1	 2	 2	 1	569.60	  0.00
363	30	18	v	 1	 1	 3	 1	 1	 2	 2	 0	 1	 1	 1	492.02	  0.00
364	30	18	v	 1	 1	 3	 1	 1	 2	 2	 0	 1	 1	 1	430.70	  0.00
365	30	18	v	 1	 1	 3	 1	 2	 2	 2	 1	 2	 2	 1	482.75	  0.00
366	30	18	v	 1	 1	 3	 2	 1	 2	 2	 0	 1	 1	 1	715.05	  0.00
367	30	18	v	 1	 1	 3	 1	 1	 2	 2	 0	 1	 1	 1	474.22	  0.00
368	30	18	v	 1	 1	 3	 2	 2	 2	 2	 1	 2	 2	 1	421.15	  0.00
369	30	18	v	 1	 1	 3	 2	 1	 2	 2	 0	 1	 1	 1	946.51	  0.00
370	30	18	v	 1	 1	 3	 1	 2	 2	 2	 1	 2	 2	 1	386.85	  0.00
371	30	18	v	 1	 1	 3	 1	 1	 2	 2	 0	 1	 1	 1	439.78	  0.00
372	30	18	v	 1	 1	 3	 2	 2	 2	 2	 1	 2	 2	 1	533.03	  0.00
373	30	18	v	 1	 1	 3	 2	 2	 2	 2	 1	 2	 2	 1	381.77	  0.00
374	30	18	v	 1	 1	 3	 2	 2	 2	 2	 1	 2	 2	 1	532.82	  0.00
375	30	18	v	 1	 1	 3	 1	 2	 2	 2	 1	 2	 2	 1	593.90	  0.00
376	30	18	v	 1	 1	 3	 1	 1	 2	 2	 0	 1	 1	 1	433.56	  0.00
377	30	18	v	 1	 1	 3	 2	 2	 2	 2	 1	 2	 2	 1	396.87	  0.00
378	30	18	v	 1	 1	 3	 2	 1	 2	 2	 0	 1	 1	 1	556.11	  0.00
379	30	18	v	 1	 1	 3	 2	 2	 2	 2	 1	 2	 2	 1	1392.34	  0.00
380	30	18	v	 1	 1	 3	 1	 1	 2	 2	 0	 1	 1	 1	1002.39	  0.00
381	30	18	v	 1	 1	 3	 2	 1	 2	 2	 0	 1	 1	 1	1299.44	  0.00
382	30	18	v	 1	 1	 3	 1	 2	 2	 2	 1	 2	 2	 1	396.54	  0.00
383	30	18	v	 1	 1	 3	 2	 2	 2	 2	 1	 2	 2	 1	481.34	  0.00
