00	28	19	v	 1	 1	 0	 1	 1	 1	 1	 1	 1	 1	 1	816.44	  0.00
01	28	19	v	 1	 1	 0	 2	 2	 1	 1	 0	 2	 2	 1	390.51	  0.00
02	28	19	v	 1	 1	 0	 1	 1	 1	 1	 1	 1	 1	 1	383.05	  0.00
03	28	19	v	 1	 1	 0	 1	 2	 1	 1	 0	 2	 2	 1	341.95	  0.00
04	28	19	v	 1	 1	 0	 2	 2	 1	 1	 0	 2	 2	 1	383.32	  0.00
05	28	19	v	 1	 1	 0	 2	 1	 1	 1	 1	 1	 1	 1	411.36	  0.00
06	28	19	v	 1	 1	 0	 1	 1	 1	 1	 1	 1	 1	 1	412.63	  0.00
07	28	19	v	 1	 1	 0	 2	 2	 1	 1	 0	 2	 2	 1	412.94	  0.00
08	28	19	v	 1	 1	 0	 2	 1	 1	 1	 1	 1	 1	 1	446.16	  0.00
09	28	19	v	 1	 1	 0	 1	 1	 1	 1	 1	 1	 1	 1	383.41	  0.00
10	28	19	v	 1	 1	 0	 2	 2	 1	 1	 0	 2	 2	 1	331.30	  0.00
11	28	19	v	 1	 1	 0	 1	 2	 1	 1	 0	 2	 2	 1	406.40	  0.00
12	28	19	v	 1	 1	 0	 1	 2	 1	 1	 0	 2	 2	 1	402.34	  0.00
13	28	19	v	 1	 1	 0	 2	 2	 1	 1	 0	 2	 2	 1	334.20	  0.00
14	28	19	v	 1	 1	 0	 2	 1	 1	 1	 1	 1	 1	 1	386.23	  0.00
15	28	19	v	 1	 1	 0	 2	 2	 1	 1	 0	 2	 2	 1	325.29	  0.00
16	28	19	v	 1	 1	 0	 1	 1	 1	 1	 1	 1	 1	 1	337.34	  0.00
17	28	19	v	 1	 1	 0	 1	 2	 1	 1	 0	 2	 2	 1	349.39	  0.00
18	28	19	v	 1	 1	 0	 1	 1	 1	 1	 1	 1	 1	 1	369.36	  0.00
19	28	19	v	 1	 1	 0	 2	 2	 1	 1	 0	 2	 2	 1	356.41	  0.00
20	28	19	v	 1	 1	 0	 2	 1	 1	 1	 1	 1	 1	 1	272.41	  0.00
21	28	19	v	 1	 1	 0	 1	 2	 1	 1	 0	 2	 2	 1	404.62	  0.00
22	28	19	v	 1	 1	 0	 1	 2	 1	 1	 0	 2	 2	 1	391.69	  0.00
23	28	19	v	 1	 1	 0	 2	 1	 1	 1	 1	 1	 1	 1	299.55	  0.00
24	28	19	v	 1	 1	 0	 2	 1	 1	 1	 1	 1	 1	 1	431.60	  0.00
25	28	19	v	 1	 1	 0	 2	 1	 1	 1	 1	 1	 1	 1	507.49	  0.00
26	28	19	v	 1	 1	 0	 2	 2	 1	 1	 0	 2	 2	 1	390.26	  0.00
27	28	19	v	 1	 1	 0	 2	 2	 1	 1	 0	 2	 2	 1	378.07	  0.00
28	28	19	v	 1	 1	 0	 1	 1	 1	 1	 1	 1	 1	 1	350.18	  0.00
29	28	19	v	 1	 1	 0	 1	 2	 1	 1	 0	 2	 2	 1	338.22	  0.00
30	28	19	v	 1	 1	 0	 1	 1	 1	 1	 1	 1	 1	 1	461.25	  0.00
31	28	19	v	 1	 1	 0	 1	 1	 1	 1	 1	 1	 1	 1	441.04	  0.00
32	28	19	v	 1	 1	 0	 2	 2	 1	 1	 0	 2	 2	 1	348.83	  0.00
33	28	19	v	 1	 1	 0	 1	 1	 1	 1	 1	 1	 1	 1	560.94	  0.00
34	28	19	v	 1	 1	 0	 1	 2	 1	 1	 0	 2	 2	 1	355.67	  0.00
35	28	19	v	 1	 1	 0	 1	 2	 1	 1	 0	 2	 2	 1	367.71	  0.00
36	28	19	v	 1	 1	 0	 2	 1	 1	 1	 1	 1	 1	 1	339.78	  0.00
37	28	19	v	 1	 1	 0	 1	 2	 1	 1	 0	 2	 2	 1	438.92	  0.00
38	28	19	v	 1	 1	 0	 1	 1	 1	 1	 1	 1	 1	 1	362.69	  0.00
39	28	19	v	 1	 1	 0	 2	 2	 1	 1	 0	 2	 2	 1	326.77	  0.00
40	28	19	v	 1	 1	 0	 2	 2	 1	 1	 0	 2	 2	 1	522.90	  0.00
41	28	19	v	 1	 1	 0	 1	 2	 1	 1	 0	 2	 2	 1	469.81	  0.00
42	28	19	v	 1	 1	 0	 2	 1	 1	 1	 1	 1	 1	 1	433.59	  0.00
43	28	19	v	 1	 1	 0	 1	 2	 1	 1	 0	 2	 2	 1	309.54	  0.00
44	28	19	v	 1	 1	 0	 1	 1	 1	 1	 1	 1	 1	 1	289.62	  0.00
45	28	19	v	 1	 1	 0	 1	 2	 1	 1	 0	 2	 2	 1	436.74	  0.00
46	28	19	v	 1	 1	 0	 1	 1	 1	 1	 1	 1	 1	 1	320.68	  0.00
47	28	19	v	 1	 1	 0	 2	 2	 1	 1	 0	 2	 2	 1	516.78	  0.00
48	28	19	v	 1	 1	 0	 2	 1	 1	 1	 1	 1	 1	 1	416.57	  0.00
49	28	19	v	 1	 1	 0	 1	 1	 1	 1	 1	 1	 1	 1	411.55	  0.00
50	28	19	v	 1	 1	 0	 2	 2	 1	 1	 0	 2	 2	 1	439.62	  0.00
51	28	19	v	 1	 1	 0	 1	 2	 1	 1	 0	 2	 2	 1	475.47	  0.00
52	28	19	v	 1	 1	 0	 2	 2	 1	 1	 0	 2	 2	 1	423.32	  0.00
53	28	19	v	 1	 1	 0	 1	 1	 1	 1	 1	 1	 1	 1	586.28	  0.00
54	28	19	v	 1	 1	 0	 2	 1	 1	 1	 1	 1	 1	 1	437.95	  0.00
55	28	19	v	 1	 1	 0	 1	 2	 1	 1	 0	 2	 2	 1	353.73	  0.00
56	28	19	v	 1	 1	 0	 1	 1	 1	 1	 1	 1	 1	 1	405.15	  0.00
57	28	19	v	 1	 1	 0	 2	 1	 1	 1	 1	 1	 1	 1	400.91	  0.00
58	28	19	v	 1	 1	 0	 1	 1	 1	 1	 1	 1	 1	 1	364.86	  0.00
59	28	19	v	 1	 1	 0	 1	 2	 1	 1	 0	 2	 2	 1	368.91	  0.00
60	28	19	v	 1	 1	 0	 1	 1	 1	 1	 1	 1	 1	 1	348.07	  0.00
61	28	19	v	 1	 1	 0	 2	 1	 1	 1	 1	 1	 1	 1	392.01	  0.00
62	28	19	v	 1	 1	 0	 1	 2	 1	 1	 0	 2	 2	 1	483.98	  0.00
63	28	19	v	 1	 1	 0	 1	 2	 1	 1	 0	 2	 2	 1	431.83	  0.00
64	28	19	v	 1	 1	 0	 1	 2	 1	 1	 0	 2	 2	 1	442.83	  0.00
65	28	19	v	 1	 1	 0	 2	 1	 1	 1	 1	 1	 1	 1	358.70	  0.00
66	28	19	v	 1	 1	 0	 1	 1	 1	 1	 1	 1	 1	 1	482.81	  0.00
67	28	19	v	 1	 1	 0	 2	 2	 1	 1	 0	 2	 2	 1	406.63	  0.00
68	28	19	v	 1	 1	 0	 2	 1	 1	 1	 1	 1	 1	 1	345.68	  0.00
69	28	19	v	 1	 1	 0	 1	 2	 1	 1	 0	 2	 2	 1	373.68	  0.00
70	28	19	v	 1	 1	 0	 2	 1	 1	 1	 1	 1	 1	 1	321.62	  0.00
71	28	19	v	 1	 1	 0	 2	 1	 1	 1	 1	 1	 1	 1	341.73	  0.00
72	28	19	v	 1	 1	 0	 1	 1	 1	 1	 1	 1	 1	 1	432.74	  0.00
73	28	19	v	 1	 1	 0	 1	 1	 1	 1	 1	 1	 1	 1	340.73	  0.00
74	28	19	v	 1	 1	 0	 1	 2	 1	 1	 0	 2	 2	 1	352.75	  0.00
75	28	19	v	 1	 1	 0	 1	 1	 1	 1	 1	 1	 1	 1	348.03	  0.00
76	28	19	v	 1	 1	 0	 2	 2	 1	 1	 0	 2	 2	 1	383.63	  0.00
77	28	19	v	 1	 1	 0	 2	 1	 1	 1	 1	 1	 1	 1	387.80	  0.00
78	28	19	v	 1	 1	 0	 2	 2	 1	 1	 0	 2	 2	 1	383.80	  0.00
79	28	19	v	 1	 1	 0	 1	 2	 1	 1	 0	 2	 2	 1	411.74	  0.00
80	28	19	v	 1	 1	 0	 1	 2	 1	 1	 0	 2	 2	 1	318.77	  0.00
81	28	19	v	 1	 1	 0	 2	 1	 1	 1	 1	 1	 1	 1	370.86	  0.00
82	28	19	v	 1	 1	 0	 1	 1	 1	 1	 1	 1	 1	 1	358.90	  0.00
83	28	19	v	 1	 1	 0	 2	 2	 1	 1	 0	 2	 2	 1	330.19	  0.00
84	28	19	v	 1	 1	 0	 2	 1	 1	 1	 1	 1	 1	 1	310.03	  0.00
85	28	19	v	 1	 1	 0	 2	 2	 1	 1	 0	 2	 2	 1	322.21	  0.00
86	28	19	v	 1	 1	 0	 2	 2	 1	 1	 0	 2	 2	 1	398.25	  0.00
87	28	19	v	 1	 1	 0	 2	 2	 1	 1	 0	 2	 2	 1	410.27	  0.00
88	28	19	v	 1	 1	 0	 1	 2	 1	 1	 0	 2	 2	 1	405.17	  0.00
89	28	19	v	 1	 1	 0	 2	 1	 1	 1	 1	 1	 1	 1	521.23	  0.00
90	28	19	v	 1	 1	 0	 2	 1	 1	 1	 1	 1	 1	 1	380.77	  0.00
91	28	19	v	 1	 1	 0	 1	 1	 1	 1	 1	 1	 1	 1	440.14	  0.00
92	28	19	v	 1	 1	 0	 2	 1	 1	 1	 1	 1	 1	 1	379.95	  0.00
93	28	19	v	 1	 1	 0	 2	 2	 1	 1	 0	 2	 2	 1	415.86	  0.00
94	28	19	v	 1	 1	 0	 2	 1	 1	 1	 1	 1	 1	 1	371.84	  0.00
95	28	19	v	 1	 1	 0	 2	 2	 1	 1	 0	 2	 2	 1	383.85	  0.00
96	28	19	v	 1	 1	 1	 1	 2	 2	 2	 1	 2	 2	 1	467.15	  0.00
97	28	19	v	 1	 1	 1	 2	 2	 2	 2	 1	 2	 2	 1	398.02	  0.00
98	28	19	v	 1	 1	 1	 2	 1	 2	 2	 0	 1	 1	 1	449.97	  0.00
99	28	19	v	 1	 1	 1	 2	 1	 2	 2	 0	 1	 1	 1	653.89	  0.00
100	28	19	v	 1	 1	 1	 1	 1	 2	 2	 0	 1	 1	 1	409.49	  0.00
101	28	19	v	 1	 1	 1	 2	 2	 2	 2	 1	 2	 2	 1	404.48	  0.00
102	28	19	v	 1	 1	 1	 2	 2	 2	 2	 1	 2	 2	 1	360.42	  0.00
103	28	19	v	 1	 1	 1	 2	 1	 2	 2	 0	 1	 1	 1	412.52	  0.00
104	28	19	v	 1	 1	 1	 2	 2	 2	 2	 1	 2	 2	 1	400.48	  0.00
105	28	19	v	 1	 1	 1	 1	 1	 2	 2	 0	 1	 1	 1	411.40	  0.00
106	28	19	v	 1	 1	 1	 1	 1	 2	 2	 0	 1	 1	 1	487.41	  0.00
107	28	19	v	 1	 1	 1	 1	 1	 2	 2	 0	 1	 1	 1	355.34	  0.00
108	28	19	v	 1	 1	 1	 2	 2	 2	 2	 1	 2	 2	 1	1150.50	  0.00
109	28	19	v	 1	 1	 1	 1	 1	 2	 2	 0	 1	 1	 1	337.23	  0.00
110	28	19	v	 1	 1	 1	 2	 2	 2	 2	 1	 2	 2	 1	365.28	  0.00
111	28	19	v	 1	 1	 1	 2	 1	 2	 2	 0	 1	 1	 1	329.35	  0.00
112	28	19	v	 1	 1	 1	 2	 2	 2	 2	 1	 2	 2	 1	388.47	  0.00
113	28	19	v	 1	 1	 1	 1	 2	 2	 2	 1	 2	 2	 1	560.42	  0.00
114	28	19	v	 1	 1	 1	 2	 1	 2	 2	 0	 1	 1	 1	356.21	  0.00
115	28	19	v	 1	 1	 1	 2	 1	 2	 2	 0	 1	 1	 1	591.55	  0.00
116	28	19	v	 1	 1	 1	 1	 1	 2	 2	 0	 1	 1	 1	378.95	  0.00
117	28	19	v	 1	 1	 1	 2	 2	 2	 2	 1	 2	 2	 1	390.91	  0.00
118	28	19	v	 1	 1	 1	 1	 1	 2	 2	 0	 1	 1	 1	314.89	  0.00
119	28	19	v	 1	 1	 1	 1	 1	 2	 2	 0	 1	 1	 1	407.01	  0.00
120	28	19	v	 1	 1	 1	 2	 2	 2	 2	 1	 2	 2	 1	337.95	  0.00
121	28	19	v	 1	 1	 1	 1	 1	 2	 2	 0	 1	 1	 1	262.05	  0.00
122	28	19	v	 1	 1	 1	 1	 1	 2	 2	 0	 1	 1	 1	274.20	  0.00
123	28	19	v	 1	 1	 1	 1	 2	 2	 2	 1	 2	 2	 1	422.34	  0.00
124	28	19	v	 1	 1	 1	 2	 1	 2	 2	 0	 1	 1	 1	529.30	  0.00
125	28	19	v	 1	 1	 1	 2	 2	 2	 2	 1	 2	 2	 1	397.09	  0.00
126	28	19	v	 1	 1	 1	 1	 1	 2	 2	 0	 1	 1	 1	361.07	  0.00
127	28	19	v	 1	 1	 1	 2	 2	 2	 2	 1	 2	 2	 1	388.29	  0.00
128	28	19	v	 1	 1	 1	 1	 2	 2	 2	 1	 2	 2	 1	384.02	  0.00
129	28	19	v	 1	 1	 1	 2	 1	 2	 2	 0	 1	 1	 1	467.97	  0.00
130	28	19	v	 1	 1	 1	 1	 2	 2	 2	 1	 2	 2	 1	391.93	  0.00
131	28	19	v	 1	 1	 1	 2	 2	 2	 2	 1	 2	 2	 1	290.92	  0.00
132	28	19	v	 1	 1	 1	 1	 2	 2	 2	 1	 2	 2	 1	335.09	  0.00
133	28	19	v	 1	 1	 1	 1	 1	 2	 2	 0	 1	 1	 1	339.09	  0.00
134	28	19	v	 1	 1	 1	 2	 2	 2	 2	 1	 2	 2	 1	319.17	  0.00
135	28	19	v	 1	 1	 1	 1	 1	 2	 2	 0	 1	 1	 1	242.39	  0.00
136	28	19	v	 1	 1	 1	 2	 1	 2	 2	 0	 1	 1	 1	462.48	  0.00
137	28	19	v	 1	 1	 1	 1	 2	 2	 2	 1	 2	 2	 1	562.38	  0.00
138	28	19	v	 1	 1	 1	 1	 2	 2	 2	 1	 2	 2	 1	622.07	  0.00
139	28	19	v	 1	 1	 1	 1	 2	 2	 2	 1	 2	 2	 1	384.81	  0.00
140	28	19	v	 1	 1	 1	 1	 1	 2	 2	 0	 1	 1	 1	372.85	  0.00
141	28	19	v	 1	 1	 1	 2	 1	 2	 2	 0	 1	 1	 1	384.78	  0.00
142	28	19	v	 1	 1	 1	 1	 2	 2	 2	 1	 2	 2	 1	500.77	  0.00
143	28	19	v	 1	 1	 1	 2	 1	 2	 2	 0	 1	 1	 1	447.63	  0.00
144	28	19	v	 1	 1	 1	 1	 1	 2	 2	 0	 1	 1	 1	315.48	  0.00
145	28	19	v	 1	 1	 1	 2	 1	 2	 2	 0	 1	 1	 1	351.62	  0.00
146	28	19	v	 1	 1	 1	 2	 2	 2	 2	 1	 2	 2	 1	507.58	  0.00
147	28	19	v	 1	 1	 1	 2	 1	 2	 2	 0	 1	 1	 1	334.50	  0.00
148	28	19	v	 1	 1	 1	 1	 2	 2	 2	 1	 2	 2	 1	354.51	  0.00
149	28	19	v	 1	 1	 1	 1	 1	 2	 2	 0	 1	 1	 1	278.55	  0.00
150	28	19	v	 1	 1	 1	 2	 2	 2	 2	 1	 2	 2	 1	282.70	  0.00
151	28	19	v	 1	 1	 1	 2	 1	 2	 2	 0	 1	 1	 1	173.84	  0.00
152	28	19	v	 1	 1	 1	 1	 2	 2	 2	 1	 2	 2	 1	274.11	  0.00
153	28	19	v	 1	 1	 1	 1	 2	 2	 2	 1	 2	 1	 0	174.25	  0.00
154	28	19	v	 1	 1	 1	 2	 1	 2	 2	 0	 1	 1	 1	378.52	  0.00
155	28	19	v	 1	 1	 1	 1	 1	 2	 2	 0	 1	 1	 1	429.51	  0.00
156	28	19	v	 1	 1	 1	 1	 2	 2	 2	 1	 2	 2	 1	409.40	  0.00
157	28	19	v	 1	 1	 1	 1	 1	 2	 2	 0	 1	 1	 1	349.28	  0.00
158	28	19	v	 1	 1	 1	 1	 2	 2	 2	 1	 2	 2	 1	392.61	  0.00
159	28	19	v	 1	 1	 1	 2	 2	 2	 2	 1	 2	 2	 1	412.45	  0.00
160	28	19	v	 1	 1	 1	 2	 1	 2	 2	 0	 1	 1	 1	416.42	  0.00
161	28	19	v	 1	 1	 1	 1	 1	 2	 2	 0	 1	 1	 1	436.29	  0.00
162	28	19	v	 1	 1	 1	 2	 2	 2	 2	 1	 2	 2	 1	399.29	  0.00
163	28	19	v	 1	 1	 1	 2	 2	 2	 2	 1	 2	 2	 1	411.10	  0.00
164	28	19	v	 1	 1	 1	 1	 2	 2	 2	 1	 2	 2	 1	463.30	  0.00
165	28	19	v	 1	 1	 1	 1	 2	 2	 2	 1	 2	 2	 1	347.11	  0.00
166	28	19	v	 1	 1	 1	 1	 1	 2	 2	 0	 1	 1	 1	374.20	  0.00
167	28	19	v	 1	 1	 1	 2	 2	 2	 2	 1	 2	 2	 1	354.14	  0.00
168	28	19	v	 1	 1	 1	 1	 2	 2	 2	 1	 2	 2	 1	494.22	  0.00
169	28	19	v	 1	 1	 1	 1	 2	 2	 2	 1	 2	 2	 1	345.90	  0.00
170	28	19	v	 1	 1	 1	 2	 1	 2	 2	 0	 1	 1	 1	421.02	  0.00
171	28	19	v	 1	 1	 1	 1	 2	 2	 2	 1	 2	 2	 1	280.91	  0.00
172	28	19	v	 1	 1	 1	 2	 2	 2	 2	 1	 2	 2	 1	389.09	  0.00
173	28	19	v	 1	 1	 1	 1	 1	 2	 2	 0	 1	 1	 1	305.02	  0.00
174	28	19	v	 1	 1	 1	 2	 1	 2	 2	 0	 1	 1	 1	452.26	  0.00
175	28	19	v	 1	 1	 1	 2	 1	 2	 2	 0	 1	 1	 1	416.18	  0.00
176	28	19	v	 1	 1	 1	 2	 1	 2	 2	 0	 1	 1	 1	412.06	  0.00
177	28	19	v	 1	 1	 1	 1	 2	 2	 2	 1	 2	 2	 1	375.26	  0.00
178	28	19	v	 1	 1	 1	 2	 1	 2	 2	 0	 1	 1	 1	323.02	  0.00
179	28	19	v	 1	 1	 1	 2	 1	 2	 2	 0	 1	 1	 1	343.16	  0.00
180	28	19	v	 1	 1	 1	 1	 2	 2	 2	 1	 2	 2	 1	403.20	  0.00
181	28	19	v	 1	 1	 1	 1	 1	 2	 2	 0	 1	 1	 1	295.16	  0.00
182	28	19	v	 1	 1	 1	 2	 2	 2	 2	 1	 2	 2	 1	402.25	  0.00
183	28	19	v	 1	 1	 1	 1	 2	 2	 2	 1	 2	 2	 1	422.25	  0.00
184	28	19	v	 1	 1	 1	 2	 1	 2	 2	 0	 1	 1	 1	586.19	  0.00
185	28	19	v	 1	 1	 1	 1	 1	 2	 2	 0	 1	 1	 1	356.95	  0.00
186	28	19	v	 1	 1	 1	 2	 2	 2	 2	 1	 2	 2	 1	312.93	  0.00
187	28	19	v	 1	 1	 1	 2	 2	 2	 2	 1	 2	 2	 1	316.95	  0.00
188	28	19	v	 1	 1	 1	 2	 1	 2	 2	 0	 1	 1	 1	257.07	  0.00
189	28	19	v	 1	 1	 1	 2	 2	 2	 2	 1	 2	 2	 1	476.29	  0.00
190	28	19	v	 1	 1	 1	 1	 1	 2	 2	 0	 1	 1	 1	400.14	  0.00
191	28	19	v	 1	 1	 1	 1	 2	 2	 2	 1	 2	 2	 1	412.13	  0.00
192	28	19	v	 1	 1	 2	 1	 2	 1	 1	 0	 2	 2	 1	597.75	  0.00
193	28	19	v	 1	 1	 2	 2	 2	 1	 1	 0	 2	 2	 1	433.61	  0.00
194	28	19	v	 1	 1	 2	 1	 1	 1	 1	 1	 1	 1	 1	509.40	  0.00
195	28	19	v	 1	 1	 2	 1	 1	 1	 1	 1	 1	 1	 1	384.06	  0.00
196	28	19	v	 1	 1	 2	 2	 2	 1	 1	 0	 2	 2	 1	380.13	  0.00
197	28	19	v	 1	 1	 2	 2	 1	 1	 1	 1	 1	 1	 1	344.18	  0.00
198	28	19	v	 1	 1	 2	 2	 1	 1	 1	 1	 1	 1	 1	436.21	  0.00
199	28	19	v	 1	 1	 2	 1	 2	 1	 1	 0	 2	 2	 1	343.16	  0.00
200	28	19	v	 1	 1	 2	 1	 1	 1	 1	 1	 1	 1	 1	291.22	  0.00
201	28	19	v	 1	 1	 2	 1	 1	 1	 1	 1	 1	 1	 1	359.37	  0.00
202	28	19	v	 1	 1	 2	 2	 1	 1	 1	 1	 1	 1	 1	330.49	  0.00
203	28	19	v	 1	 1	 2	 2	 1	 1	 1	 1	 1	 1	 1	342.47	  0.00
204	28	19	v	 1	 1	 2	 1	 2	 1	 1	 0	 2	 2	 1	450.51	  0.00
205	28	19	v	 1	 1	 2	 2	 1	 1	 1	 1	 1	 1	 1	294.33	  0.00
206	28	19	v	 1	 1	 2	 2	 2	 1	 1	 0	 2	 2	 1	329.55	  0.00
207	28	19	v	 1	 1	 2	 2	 1	 1	 1	 1	 1	 1	 1	293.65	  0.00
208	28	19	v	 1	 1	 2	 2	 1	 1	 1	 1	 1	 2	 0	281.69	  0.00
209	28	19	v	 1	 1	 2	 2	 2	 1	 1	 0	 2	 2	 1	405.84	  0.00
210	28	19	v	 1	 1	 2	 1	 1	 1	 1	 1	 1	 1	 1	344.93	  0.00
211	28	19	v	 1	 1	 2	 1	 1	 1	 1	 1	 1	 1	 1	380.86	  0.00
212	28	19	v	 1	 1	 2	 2	 2	 1	 1	 0	 2	 2	 1	480.86	  0.00
213	28	19	v	 1	 1	 2	 2	 2	 1	 1	 0	 2	 2	 1	444.69	  0.00
214	28	19	v	 1	 1	 2	 2	 2	 1	 1	 0	 2	 2	 1	455.72	  0.00
215	28	19	v	 1	 1	 2	 1	 2	 1	 1	 0	 2	 2	 1	395.56	  0.00
216	28	19	v	 1	 1	 2	 1	 1	 1	 1	 1	 1	 1	 1	591.54	  0.00
217	28	19	v	 1	 1	 2	 1	 2	 1	 1	 0	 2	 2	 1	323.24	  0.00
218	28	19	v	 1	 1	 2	 2	 2	 1	 1	 0	 2	 2	 1	382.35	  0.00
219	28	19	v	 1	 1	 2	 2	 1	 1	 1	 1	 1	 1	 1	370.30	  0.00
220	28	19	v	 1	 1	 2	 1	 2	 1	 1	 0	 2	 2	 1	366.37	  0.00
221	28	19	v	 1	 1	 2	 2	 2	 1	 1	 0	 2	 2	 1	450.42	  0.00
222	28	19	v	 1	 1	 2	 1	 1	 1	 1	 1	 1	 1	 1	437.34	  0.00
223	28	19	v	 1	 1	 2	 1	 2	 1	 1	 0	 2	 2	 1	385.24	  0.00
224	28	19	v	 1	 1	 2	 2	 1	 1	 1	 1	 1	 1	 1	381.12	  0.00
225	28	19	v	 1	 1	 2	 1	 1	 1	 1	 1	 1	 1	 1	361.28	  0.00
226	28	19	v	 1	 1	 2	 2	 1	 1	 1	 1	 1	 1	 1	420.99	  0.00
227	28	19	v	 1	 1	 2	 1	 2	 1	 1	 0	 2	 2	 1	1008.27	  0.00
228	28	19	v	 1	 1	 2	 1	 2	 1	 1	 0	 2	 2	 1	419.24	  0.00
229	28	19	v	 1	 1	 2	 2	 1	 1	 1	 1	 1	 1	 1	422.25	  0.00
230	28	19	v	 1	 1	 2	 2	 2	 1	 1	 0	 2	 2	 1	378.12	  0.00
231	28	19	v	 1	 1	 2	 1	 1	 1	 1	 1	 1	 1	 1	422.16	  0.00
232	28	19	v	 1	 1	 2	 1	 2	 1	 1	 0	 2	 2	 1	410.06	  0.00
233	28	19	v	 1	 1	 2	 1	 2	 1	 1	 0	 2	 2	 1	397.02	  0.00
234	28	19	v	 1	 1	 2	 1	 2	 1	 1	 0	 2	 2	 1	425.03	  0.00
235	28	19	v	 1	 1	 2	 2	 2	 1	 1	 0	 2	 2	 1	348.97	  0.00
236	28	19	v	 1	 1	 2	 2	 1	 1	 1	 1	 1	 1	 1	376.08	  0.00
237	28	19	v	 1	 1	 2	 1	 2	 1	 1	 0	 2	 2	 1	308.03	  0.00
238	28	19	v	 1	 1	 2	 2	 2	 1	 1	 0	 2	 2	 1	872.09	  0.00
239	28	19	v	 1	 1	 2	 2	 1	 1	 1	 1	 1	 1	 1	299.40	  0.00
240	28	19	v	 1	 1	 2	 1	 2	 1	 1	 0	 2	 2	 1	350.60	  0.00
241	28	19	v	 1	 1	 2	 2	 1	 1	 1	 1	 1	 1	 1	282.58	  0.00
242	28	19	v	 1	 1	 2	 1	 2	 1	 1	 0	 2	 2	 1	366.66	  0.00
243	28	19	v	 1	 1	 2	 1	 1	 1	 1	 1	 1	 1	 1	298.77	  0.00
244	28	19	v	 1	 1	 2	 1	 1	 1	 1	 1	 1	 1	 1	373.96	  0.00
245	28	19	v	 1	 1	 2	 1	 1	 1	 1	 1	 1	 1	 1	409.84	  0.00
246	28	19	v	 1	 1	 2	 2	 2	 1	 1	 0	 2	 2	 1	429.79	  0.00
247	28	19	v	 1	 1	 2	 2	 1	 1	 1	 1	 1	 1	 1	513.78	  0.00
248	28	19	v	 1	 1	 2	 2	 1	 1	 1	 1	 1	 1	 1	444.69	  0.00
249	28	19	v	 1	 1	 2	 2	 2	 1	 1	 0	 2	 2	 1	424.53	  0.00
250	28	19	v	 1	 1	 2	 1	 2	 1	 1	 0	 2	 2	 1	444.36	  0.00
251	28	19	v	 1	 1	 2	 1	 1	 1	 1	 1	 1	 1	 1	432.38	  0.00
252	28	19	v	 1	 1	 2	 1	 2	 1	 1	 0	 2	 1	 0	251.25	  0.00
253	28	19	v	 1	 1	 2	 1	 1	 1	 1	 1	 1	 1	 1	359.58	  0.00
254	28	19	v	 1	 1	 2	 2	 2	 1	 1	 0	 2	 2	 1	403.53	  0.00
255	28	19	v	 1	 1	 2	 1	 1	 1	 1	 1	 1	 1	 1	335.46	  0.00
256	28	19	v	 1	 1	 2	 2	 2	 1	 1	 0	 2	 2	 1	394.52	  0.00
257	28	19	v	 1	 1	 2	 2	 1	 1	 1	 1	 1	 1	 1	342.58	  0.00
258	28	19	v	 1	 1	 2	 1	 1	 1	 1	 1	 1	 1	 1	538.56	  0.00
259	28	19	v	 1	 1	 2	 2	 2	 1	 1	 0	 2	 2	 1	405.58	  0.00
260	28	19	v	 1	 1	 2	 1	 2	 1	 1	 0	 2	 2	 1	977.31	  0.00
261	28	19	v	 1	 1	 2	 1	 1	 1	 1	 1	 1	 1	 1	356.46	  0.00
262	28	19	v	 1	 1	 2	 1	 1	 1	 1	 1	 1	 1	 1	384.50	  0.00
263	28	19	v	 1	 1	 2	 2	 1	 1	 1	 1	 1	 1	 1	339.56	  0.00
264	28	19	v	 1	 1	 2	 2	 1	 1	 1	 1	 1	 1	 1	375.53	  0.00
265	28	19	v	 1	 1	 2	 2	 2	 1	 1	 0	 2	 2	 1	411.53	  0.00
266	28	19	v	 1	 1	 2	 1	 2	 1	 1	 0	 2	 2	 1	415.52	  0.00
267	28	19	v	 1	 1	 2	 2	 1	 1	 1	 1	 1	 1	 1	354.30	  0.00
268	28	19	v	 1	 1	 2	 1	 1	 1	 1	 1	 1	 1	 1	414.45	  0.00
269	28	19	v	 1	 1	 2	 2	 2	 1	 1	 0	 2	 2	 1	386.41	  0.00
270	28	19	v	 1	 1	 2	 2	 1	 1	 1	 1	 1	 1	 1	302.36	  0.00
271	28	19	v	 1	 1	 2	 1	 2	 1	 1	 0	 2	 2	 1	321.58	  0.00
272	28	19	v	 1	 1	 2	 2	 2	 1	 1	 0	 2	 2	 1	381.57	  0.00
273	28	19	v	 1	 1	 2	 1	 1	 1	 1	 1	 1	 1	 1	305.55	  0.00
274	28	19	v	 1	 1	 2	 2	 2	 1	 1	 0	 2	 2	 1	269.63	  0.00
275	28	19	v	 1	 1	 2	 2	 2	 1	 1	 0	 2	 2	 1	464.54	  0.00
276	28	19	v	 1	 1	 2	 2	 1	 1	 1	 1	 1	 1	 1	324.71	  0.00
277	28	19	v	 1	 1	 2	 2	 1	 1	 1	 1	 1	 1	 1	384.78	  0.00
278	28	19	v	 1	 1	 2	 1	 2	 1	 1	 0	 2	 2	 1	556.70	  0.00
279	28	19	v	 1	 1	 2	 2	 2	 1	 1	 0	 2	 2	 1	399.69	  0.00
280	28	19	v	 1	 1	 2	 1	 1	 1	 1	 1	 1	 1	 1	347.50	  0.00
281	28	19	v	 1	 1	 2	 1	 2	 1	 1	 0	 2	 2	 1	311.55	  0.00
282	28	19	v	 1	 1	 2	 1	 2	 1	 1	 0	 2	 2	 1	435.65	  0.00
283	28	19	v	 1	 1	 2	 1	 1	 1	 1	 1	 1	 1	 1	414.56	  0.00
284	28	19	v	 1	 1	 2	 2	 2	 1	 1	 0	 2	 2	 1	442.53	  0.00
285	28	19	v	 1	 1	 2	 1	 1	 1	 1	 1	 1	 1	 1	310.41	  0.00
286	28	19	v	 1	 1	 2	 2	 1	 1	 1	 1	 1	 1	 1	306.53	  0.00
287	28	19	v	 1	 1	 2	 1	 2	 1	 1	 0	 2	 2	 1	357.66	  0.00
288	28	19	v	 1	 1	 3	 2	 1	 2	 2	 0	 1	 1	 1	812.56	  0.00
289	28	19	v	 1	 1	 3	 1	 1	 2	 2	 0	 1	 1	 1	407.99	  0.00
290	28	19	v	 1	 1	 3	 1	 1	 2	 2	 0	 1	 1	 1	396.00	  0.00
291	28	19	v	 1	 1	 3	 2	 1	 2	 2	 0	 1	 1	 1	431.04	  0.00
292	28	19	v	 1	 1	 3	 2	 2	 2	 2	 1	 2	 2	 1	874.95	  0.00
293	28	19	v	 1	 1	 3	 1	 1	 2	 2	 0	 1	 1	 1	406.24	  0.00
294	28	19	v	 1	 1	 3	 1	 1	 2	 2	 0	 1	 1	 1	434.16	  0.00
295	28	19	v	 1	 1	 3	 2	 2	 2	 2	 1	 2	 2	 1	341.25	  0.00
296	28	19	v	 1	 1	 3	 1	 2	 2	 2	 1	 2	 2	 1	425.20	  0.00
297	28	19	v	 1	 1	 3	 2	 2	 2	 2	 1	 2	 2	 1	429.00	  0.00
298	28	19	v	 1	 1	 3	 1	 1	 2	 2	 0	 1	 1	 1	376.25	  0.00
299	28	19	v	 1	 1	 3	 2	 2	 2	 2	 1	 2	 2	 1	388.01	  0.00
300	28	19	v	 1	 1	 3	 2	 1	 2	 2	 0	 1	 1	 1	343.94	  0.00
301	28	19	v	 1	 1	 3	 1	 2	 2	 2	 1	 2	 2	 1	316.12	  0.00
302	28	19	v	 1	 1	 3	 1	 2	 2	 2	 1	 2	 2	 1	464.14	  0.00
303	28	19	v	 1	 1	 3	 1	 1	 2	 2	 0	 1	 1	 1	339.02	  0.00
304	28	19	v	 1	 1	 3	 2	 2	 2	 2	 1	 2	 2	 1	591.08	  0.00
305	28	19	v	 1	 1	 3	 2	 2	 2	 2	 1	 2	 2	 1	466.73	  0.00
306	28	19	v	 1	 1	 3	 2	 2	 2	 2	 1	 2	 2	 1	373.71	  0.00
307	28	19	v	 1	 1	 3	 2	 2	 2	 2	 1	 2	 2	 1	401.60	  0.00
308	28	19	v	 1	 1	 3	 2	 1	 2	 2	 0	 1	 1	 1	413.62	  0.00
309	28	19	v	 1	 1	 3	 2	 1	 2	 2	 0	 1	 1	 1	417.52	  0.00
310	28	19	v	 1	 1	 3	 2	 1	 2	 2	 0	 1	 1	 1	396.50	  0.00
311	28	19	v	 1	 1	 3	 1	 2	 2	 2	 1	 2	 2	 1	568.47	  0.00
312	28	19	v	 1	 1	 3	 1	 2	 2	 2	 1	 2	 2	 1	388.20	  0.00
313	28	19	v	 1	 1	 3	 2	 2	 2	 2	 1	 2	 2	 1	352.20	  0.00
314	28	19	v	 1	 1	 3	 2	 1	 2	 2	 0	 1	 1	 1	355.25	  0.00
315	28	19	v	 1	 1	 3	 1	 1	 2	 2	 0	 1	 1	 1	471.28	  0.00
316	28	19	v	 1	 1	 3	 2	 1	 2	 2	 0	 1	 1	 1	867.15	  0.00
317	28	19	v	 1	 1	 3	 1	 2	 2	 2	 1	 2	 2	 1	454.40	  0.00
318	28	19	v	 1	 1	 3	 1	 1	 2	 2	 0	 1	 1	 1	241.33	  0.00
319	28	19	v	 1	 1	 3	 2	 2	 2	 2	 1	 2	 2	 1	405.51	  0.00
320	28	19	v	 1	 1	 3	 2	 2	 2	 2	 1	 2	 2	 1	385.51	  0.00
321	28	19	v	 1	 1	 3	 2	 2	 2	 2	 1	 2	 2	 1	476.65	  0.00
322	28	19	v	 1	 1	 3	 2	 1	 2	 2	 0	 1	 1	 1	928.38	  0.00
323	28	19	v	 1	 1	 3	 1	 2	 2	 2	 1	 2	 2	 1	411.60	  0.00
324	28	19	v	 1	 1	 3	 1	 1	 2	 2	 0	 1	 1	 1	351.33	  0.00
325	28	19	v	 1	 1	 3	 1	 2	 2	 2	 1	 2	 2	 1	554.65	  0.00
326	28	19	v	 1	 1	 3	 1	 2	 2	 2	 1	 2	 2	 1	598.43	  0.00
327	28	19	v	 1	 1	 3	 2	 2	 2	 2	 1	 2	 2	 1	530.09	  0.00
328	28	19	v	 1	 1	 3	 1	 2	 2	 2	 1	 2	 2	 1	373.88	  0.00
329	28	19	v	 1	 1	 3	 1	 1	 2	 2	 0	 1	 1	 1	368.89	  0.00
330	28	19	v	 1	 1	 3	 1	 1	 2	 2	 0	 1	 1	 1	452.96	  0.00
331	28	19	v	 1	 1	 3	 2	 2	 2	 2	 1	 2	 2	 1	368.81	  0.00
332	28	19	v	 1	 1	 3	 1	 2	 2	 2	 1	 2	 2	 1	460.89	  0.00
333	28	19	v	 1	 1	 3	 1	 1	 2	 2	 0	 1	 1	 1	599.92	  0.00
334	28	19	v	 1	 1	 3	 2	 2	 2	 2	 1	 2	 2	 1	379.42	  0.00
335	28	19	v	 1	 1	 3	 2	 2	 2	 2	 1	 2	 2	 1	487.47	  0.00
336	28	19	v	 1	 1	 3	 1	 1	 2	 2	 0	 1	 1	 1	378.40	  0.00
337	28	19	v	 1	 1	 3	 2	 2	 2	 2	 1	 2	 2	 1	454.28	  0.00
338	28	19	v	 1	 1	 3	 2	 1	 2	 2	 0	 1	 1	 1	497.93	  0.00
339	28	19	v	 1	 1	 3	 1	 1	 2	 2	 0	 1	 1	 1	357.99	  0.00
340	28	19	v	 1	 1	 3	 2	 1	 2	 2	 0	 1	 1	 1	457.05	  0.00
341	28	19	v	 1	 1	 3	 2	 1	 2	 2	 0	 1	 1	 1	388.92	  0.00
342	28	19	v	 1	 1	 3	 1	 2	 2	 2	 1	 2	 2	 1	360.92	  0.00
343	28	19	v	 1	 1	 3	 2	 2	 2	 2	 1	 2	 2	 1	484.86	  0.00
344	28	19	v	 1	 1	 3	 1	 1	 2	 2	 0	 1	 1	 1	327.71	  0.00
345	28	19	v	 1	 1	 3	 1	 2	 2	 2	 1	 2	 2	 1	1323.91	  0.00
346	28	19	v	 1	 1	 3	 2	 1	 2	 2	 0	 1	 1	 1	350.59	  0.00
347	28	19	v	 1	 1	 3	 1	 2	 2	 2	 1	 2	 2	 1	417.71	  0.00
348	28	19	v	 1	 1	 3	 1	 1	 2	 2	 0	 1	 1	 1	365.45	  0.00
349	28	19	v	 1	 1	 3	 2	 1	 2	 2	 0	 1	 1	 1	297.56	  0.00
350	28	19	v	 1	 1	 3	 1	 2	 2	 2	 1	 2	 2	 1	381.65	  0.00
351	28	19	v	 1	 1	 3	 2	 2	 2	 2	 1	 2	 1	 0	264.73	  0.00
352	28	19	v	 1	 1	 3	 1	 2	 2	 2	 1	 2	 2	 1	380.81	  0.00
353	28	19	v	 1	 1	 3	 2	 1	 2	 2	 0	 1	 1	 1	392.82	  0.00
354	28	19	v	 1	 1	 3	 2	 1	 2	 2	 0	 1	 1	 1	348.72	  0.00
355	28	19	v	 1	 1	 3	 2	 1	 2	 2	 0	 1	 1	 1	375.90	  0.00
356	28	19	v	 1	 1	 3	 2	 2	 2	 2	 1	 2	 2	 1	411.82	  0.00
357	28	19	v	 1	 1	 3	 1	 2	 2	 2	 1	 2	 2	 1	407.73	  0.00
358	28	19	v	 1	 1	 3	 1	 1	 2	 2	 0	 1	 1	 1	347.76	  0.00
359	28	19	v	 1	 1	 3	 2	 1	 2	 2	 0	 1	 1	 1	334.86	  0.00
360	28	19	v	 1	 1	 3	 2	 1	 2	 2	 0	 1	 1	 1	378.67	  0.00
361	28	19	v	 1	 1	 3	 2	 2	 2	 2	 1	 2	 2	 1	374.77	  0.00
362	28	19	v	 1	 1	 3	 2	 2	 2	 2	 1	 2	 2	 1	418.80	  0.00
363	28	19	v	 1	 1	 3	 1	 1	 2	 2	 0	 1	 1	 1	349.74	  0.00
364	28	19	v	 1	 1	 3	 1	 1	 2	 2	 0	 1	 1	 1	417.73	  0.00
365	28	19	v	 1	 1	 3	 1	 2	 2	 2	 1	 2	 2	 1	365.64	  0.00
366	28	19	v	 1	 1	 3	 2	 1	 2	 2	 0	 1	 1	 1	345.69	  0.00
367	28	19	v	 1	 1	 3	 2	 1	 2	 2	 0	 1	 1	 1	436.74	  0.00
368	28	19	v	 1	 1	 3	 1	 2	 2	 2	 1	 2	 2	 1	520.71	  0.00
369	28	19	v	 1	 1	 3	 2	 1	 2	 2	 0	 1	 1	 1	340.56	  0.00
370	28	19	v	 1	 1	 3	 2	 1	 2	 2	 0	 1	 1	 1	392.57	  0.00
371	28	19	v	 1	 1	 3	 1	 1	 2	 2	 0	 1	 1	 1	453.71	  0.00
372	28	19	v	 1	 1	 3	 2	 2	 2	 2	 1	 2	 2	 1	399.50	  0.00
373	28	19	v	 1	 1	 3	 1	 2	 2	 2	 1	 2	 2	 1	1027.28	  0.00
374	28	19	v	 1	 1	 3	 1	 2	 2	 2	 1	 2	 2	 1	365.54	  0.00
375	28	19	v	 1	 1	 3	 1	 1	 2	 2	 0	 1	 1	 1	441.50	  0.00
376	28	19	v	 1	 1	 3	 1	 1	 2	 2	 0	 1	 1	 1	373.41	  0.00
377	28	19	v	 1	 1	 3	 2	 2	 2	 2	 1	 2	 2	 1	369.42	  0.00
378	28	19	v	 1	 1	 3	 1	 1	 2	 2	 0	 1	 1	 1	300.51	  0.00
379	28	19	v	 1	 1	 3	 1	 2	 2	 2	 1	 2	 2	 1	416.57	  0.00
380	28	19	v	 1	 1	 3	 2	 1	 2	 2	 0	 1	 1	 1	372.52	  0.00
381	28	19	v	 1	 1	 3	 1	 2	 2	 2	 1	 2	 2	 1	432.54	  0.00
382	28	19	v	 1	 1	 3	 1	 2	 2	 2	 1	 2	 2	 1	411.41	  0.00
383	28	19	v	 1	 1	 3	 1	 1	 2	 2	 0	 1	 1	 1	431.47	  0.00
