00	21	22	m	 1	 2	 0	 1	 2	 2	 1	 1	 2	 2	 1	770.07	  0.00
01	21	22	m	 1	 2	 0	 2	 2	 2	 1	 1	 2	 2	 1	527.82	  0.00
02	21	22	m	 1	 2	 0	 2	 1	 2	 1	 0	 1	 1	 1	398.48	  0.00
03	21	22	m	 1	 2	 0	 2	 1	 2	 1	 0	 1	 1	 1	448.95	  0.00
04	21	22	m	 1	 2	 0	 1	 2	 2	 1	 1	 2	 2	 1	517.88	  0.00
05	21	22	m	 1	 2	 0	 2	 1	 2	 1	 0	 1	 1	 1	442.85	  0.00
06	21	22	m	 1	 2	 0	 2	 2	 2	 1	 1	 2	 2	 1	466.04	  0.00
07	21	22	m	 1	 2	 0	 2	 2	 2	 1	 1	 2	 2	 1	429.23	  0.00
08	21	22	m	 1	 2	 0	 1	 2	 2	 1	 1	 2	 2	 1	475.93	  0.00
09	21	22	m	 1	 2	 0	 1	 2	 2	 1	 1	 2	 2	 1	362.90	  0.00
10	21	22	m	 1	 2	 0	 2	 1	 2	 1	 0	 1	 1	 1	443.37	  0.00
11	21	22	m	 1	 2	 0	 2	 1	 2	 1	 0	 1	 1	 1	392.99	  0.00
12	21	22	m	 1	 2	 0	 1	 2	 2	 1	 1	 2	 2	 1	445.19	  0.00
13	21	22	m	 1	 2	 0	 1	 2	 2	 1	 1	 2	 2	 1	381.15	  0.00
14	21	22	m	 1	 2	 0	 2	 2	 2	 1	 1	 2	 2	 1	418.00	  0.00
15	21	22	m	 1	 2	 0	 2	 1	 2	 1	 0	 1	 1	 1	373.12	  0.00
16	21	22	m	 1	 2	 0	 2	 2	 2	 1	 1	 2	 2	 1	384.35	  0.00
17	21	22	m	 1	 2	 0	 2	 2	 2	 1	 1	 2	 2	 1	380.34	  0.00
18	21	22	m	 1	 2	 0	 2	 1	 2	 1	 0	 1	 1	 1	360.09	  0.00
19	21	22	m	 1	 2	 0	 1	 1	 2	 1	 0	 1	 1	 1	331.64	  0.00
20	21	22	m	 1	 2	 0	 2	 1	 2	 1	 0	 1	 1	 1	489.80	  0.00
21	21	22	m	 1	 2	 0	 2	 1	 2	 1	 0	 1	 1	 1	501.96	  0.00
22	21	22	m	 1	 2	 0	 1	 2	 2	 1	 1	 2	 2	 1	465.08	  0.00
23	21	22	m	 1	 2	 0	 1	 2	 2	 1	 1	 2	 2	 1	493.58	  0.00
24	21	22	m	 1	 2	 0	 1	 1	 2	 1	 0	 1	 1	 1	390.40	  0.00
25	21	22	m	 1	 2	 0	 2	 2	 2	 1	 1	 2	 2	 1	378.26	  0.00
26	21	22	m	 1	 2	 0	 2	 2	 2	 1	 1	 2	 2	 1	398.72	  0.00
27	21	22	m	 1	 2	 0	 1	 1	 2	 1	 0	 1	 1	 1	361.26	  0.00
28	21	22	m	 1	 2	 0	 2	 1	 2	 1	 0	 1	 1	 1	332.58	  0.00
29	21	22	m	 1	 2	 0	 1	 2	 2	 1	 1	 2	 2	 1	393.95	  0.00
30	21	22	m	 1	 2	 0	 1	 2	 2	 1	 1	 2	 2	 1	398.02	  0.00
31	21	22	m	 1	 2	 0	 2	 2	 2	 1	 1	 2	 2	 1	580.96	  0.00
32	21	22	m	 1	 2	 0	 2	 2	 2	 1	 1	 2	 2	 1	445.91	  0.00
33	21	22	m	 1	 2	 0	 2	 1	 2	 1	 0	 1	 1	 1	360.34	  0.00
34	21	22	m	 1	 2	 0	 1	 1	 2	 1	 0	 1	 1	 1	356.29	  0.00
35	21	22	m	 1	 2	 0	 1	 1	 2	 1	 0	 1	 1	 1	352.45	  0.00
36	21	22	m	 1	 2	 0	 1	 1	 2	 1	 0	 1	 1	 1	371.98	  0.00
37	21	22	m	 1	 2	 0	 2	 2	 2	 1	 1	 2	 2	 1	441.44	  0.00
38	21	22	m	 1	 2	 0	 2	 1	 2	 1	 0	 1	 1	 1	396.60	  0.00
39	21	22	m	 1	 2	 0	 1	 2	 2	 1	 1	 2	 2	 1	400.76	  0.00
40	21	22	m	 1	 2	 0	 2	 2	 2	 1	 1	 2	 2	 1	330.49	  0.00
41	21	22	m	 1	 2	 0	 1	 2	 2	 1	 1	 2	 2	 1	342.84	  0.00
42	21	22	m	 1	 2	 0	 2	 2	 2	 1	 1	 2	 2	 1	322.64	  0.00
43	21	22	m	 1	 2	 0	 1	 1	 2	 1	 0	 1	 1	 1	335.13	  0.00
44	21	22	m	 1	 2	 0	 1	 1	 2	 1	 0	 1	 1	 1	362.83	  0.00
45	21	22	m	 1	 2	 0	 2	 1	 2	 1	 0	 1	 1	 1	334.41	  0.00
46	21	22	m	 1	 2	 0	 2	 2	 2	 1	 1	 2	 2	 1	346.82	  0.00
47	21	22	m	 1	 2	 0	 1	 1	 2	 1	 0	 1	 1	 1	620.32	  0.00
48	21	22	m	 1	 2	 0	 1	 1	 2	 1	 0	 1	 1	 1	394.64	  0.00
49	21	22	m	 1	 2	 0	 1	 1	 2	 1	 0	 1	 1	 1	464.07	  0.00
50	21	22	m	 1	 2	 0	 1	 1	 2	 1	 0	 1	 1	 1	402.88	  0.00
51	21	22	m	 1	 2	 0	 1	 2	 2	 1	 1	 2	 2	 1	381.73	  0.00
52	21	22	m	 1	 2	 0	 2	 1	 2	 1	 0	 1	 1	 1	353.18	  0.00
53	21	22	m	 1	 2	 0	 2	 2	 2	 1	 1	 2	 2	 1	479.83	  0.00
54	21	22	m	 1	 2	 0	 2	 2	 2	 1	 1	 2	 2	 1	638.81	  0.00
55	21	22	m	 1	 2	 0	 1	 2	 2	 1	 1	 2	 2	 1	503.09	  0.00
56	21	22	m	 1	 2	 0	 2	 2	 2	 1	 1	 2	 2	 1	466.18	  0.00
57	21	22	m	 1	 2	 0	 1	 1	 2	 1	 0	 1	 1	 1	356.00	  0.00
58	21	22	m	 1	 2	 0	 1	 2	 2	 1	 1	 2	 2	 1	392.81	  0.00
59	21	22	m	 1	 2	 0	 1	 2	 2	 1	 1	 2	 2	 1	583.75	  0.00
60	21	22	m	 1	 2	 0	 1	 2	 2	 1	 1	 2	 2	 1	448.91	  0.00
61	21	22	m	 1	 2	 0	 1	 1	 2	 1	 0	 1	 1	 1	346.87	  0.00
62	21	22	m	 1	 2	 0	 1	 1	 2	 1	 0	 1	 1	 1	383.77	  0.00
63	21	22	m	 1	 2	 0	 2	 1	 2	 1	 0	 1	 1	 1	427.83	  0.00
64	21	22	m	 1	 2	 0	 1	 2	 2	 1	 1	 2	 2	 1	529.75	  0.00
65	21	22	m	 1	 2	 0	 1	 1	 2	 1	 0	 1	 1	 1	272.66	  0.00
66	21	22	m	 1	 2	 0	 2	 2	 2	 1	 1	 2	 2	 1	489.19	  0.00
67	21	22	m	 1	 2	 0	 2	 1	 2	 1	 0	 1	 1	 1	492.21	  0.00
68	21	22	m	 1	 2	 0	 1	 1	 2	 1	 0	 1	 1	 1	724.62	  0.00
69	21	22	m	 1	 2	 0	 1	 1	 2	 1	 0	 1	 1	 1	573.40	  0.00
70	21	22	m	 1	 2	 0	 2	 1	 2	 1	 0	 1	 1	 1	414.05	  0.00
71	21	22	m	 1	 2	 0	 1	 2	 2	 1	 1	 2	 2	 1	359.95	  0.00
72	21	22	m	 1	 2	 0	 2	 1	 2	 1	 0	 1	 1	 1	372.45	  0.00
73	21	22	m	 1	 2	 0	 2	 1	 2	 1	 0	 1	 1	 1	417.42	  0.00
74	21	22	m	 1	 2	 0	 1	 2	 2	 1	 1	 2	 2	 1	666.33	  0.00
75	21	22	m	 1	 2	 0	 1	 1	 2	 1	 0	 1	 1	 1	334.55	  0.00
76	21	22	m	 1	 2	 0	 2	 2	 2	 1	 1	 2	 2	 1	387.73	  0.00
77	21	22	m	 1	 2	 0	 2	 2	 2	 1	 1	 2	 2	 1	367.45	  0.00
78	21	22	m	 1	 2	 0	 1	 1	 2	 1	 0	 1	 1	 1	339.01	  0.00
79	21	22	m	 1	 2	 0	 2	 1	 2	 1	 0	 1	 1	 1	407.53	  0.00
80	21	22	m	 1	 2	 0	 1	 2	 2	 1	 1	 2	 2	 1	354.51	  0.00
81	21	22	m	 1	 2	 0	 1	 1	 2	 1	 0	 1	 1	 1	399.62	  0.00
82	21	22	m	 1	 2	 0	 2	 1	 2	 1	 0	 1	 1	 1	354.83	  0.00
83	21	22	m	 1	 2	 0	 2	 1	 2	 1	 0	 1	 1	 1	333.54	  0.00
84	21	22	m	 1	 2	 0	 1	 2	 2	 1	 1	 2	 2	 1	362.27	  0.00
85	21	22	m	 1	 2	 0	 1	 1	 2	 1	 0	 1	 1	 1	333.87	  0.00
86	21	22	m	 1	 2	 0	 1	 1	 2	 1	 0	 1	 1	 1	354.43	  0.00
87	21	22	m	 1	 2	 0	 1	 2	 2	 1	 1	 2	 2	 1	357.63	  0.00
88	21	22	m	 1	 2	 0	 2	 1	 2	 1	 0	 1	 1	 1	353.68	  0.00
89	21	22	m	 1	 2	 0	 1	 1	 2	 1	 0	 1	 1	 1	366.09	  0.00
90	21	22	m	 1	 2	 0	 2	 2	 2	 1	 1	 2	 2	 1	442.94	  0.00
91	21	22	m	 1	 2	 0	 2	 2	 2	 1	 1	 2	 2	 1	454.97	  0.00
92	21	22	m	 1	 2	 0	 1	 2	 2	 1	 1	 2	 2	 1	410.18	  0.00
93	21	22	m	 1	 2	 0	 2	 2	 2	 1	 1	 2	 2	 1	471.41	  0.00
94	21	22	m	 1	 2	 0	 2	 1	 2	 1	 0	 1	 1	 1	377.54	  0.00
95	21	22	m	 1	 2	 0	 2	 2	 2	 1	 1	 2	 2	 1	339.95	  0.00
96	21	22	m	 1	 2	 1	 1	 2	 1	 2	 0	 2	 2	 1	415.99	  0.00
97	21	22	m	 1	 2	 1	 2	 1	 1	 2	 1	 1	 1	 1	330.24	  0.00
98	21	22	m	 1	 2	 1	 1	 2	 1	 2	 0	 2	 2	 1	326.36	  0.00
99	21	22	m	 1	 2	 1	 2	 1	 1	 2	 1	 1	 1	 1	412.14	  0.00
100	21	22	m	 1	 2	 1	 2	 1	 1	 2	 1	 1	 1	 1	358.12	  0.00
101	21	22	m	 1	 2	 1	 2	 1	 1	 2	 1	 1	 1	 1	395.03	  0.00
102	21	22	m	 1	 2	 1	 1	 1	 1	 2	 1	 1	 1	 1	399.22	  0.00
103	21	22	m	 1	 2	 1	 1	 2	 1	 2	 0	 2	 2	 1	403.40	  0.00
104	21	22	m	 1	 2	 1	 1	 1	 1	 2	 1	 1	 1	 1	366.79	  0.00
105	21	22	m	 1	 2	 1	 1	 1	 1	 2	 1	 1	 1	 1	500.55	  0.00
106	21	22	m	 1	 2	 1	 1	 2	 1	 2	 0	 2	 2	 1	529.07	  0.00
107	21	22	m	 1	 2	 1	 1	 1	 1	 2	 1	 1	 1	 1	516.72	  0.00
108	21	22	m	 1	 2	 1	 2	 1	 1	 2	 1	 1	 1	 1	439.16	  0.00
109	21	22	m	 1	 2	 1	 1	 2	 1	 2	 0	 2	 2	 1	352.42	  0.00
110	21	22	m	 1	 2	 1	 2	 1	 1	 2	 1	 1	 1	 1	446.52	  0.00
111	21	22	m	 1	 2	 1	 1	 2	 1	 2	 0	 2	 2	 1	475.11	  0.00
112	21	22	m	 1	 2	 1	 1	 2	 1	 2	 0	 2	 2	 1	429.16	  0.00
113	21	22	m	 1	 2	 1	 1	 2	 1	 2	 0	 2	 2	 1	425.11	  0.00
114	21	22	m	 1	 2	 1	 2	 2	 1	 2	 0	 2	 2	 1	478.16	  0.00
115	21	22	m	 1	 2	 1	 2	 1	 1	 2	 1	 1	 1	 1	514.87	  0.00
116	21	22	m	 1	 2	 1	 2	 2	 1	 2	 0	 2	 2	 1	607.63	  0.00
117	21	22	m	 1	 2	 1	 2	 2	 1	 2	 0	 2	 2	 1	513.68	  0.00
118	21	22	m	 1	 2	 1	 2	 2	 1	 2	 0	 2	 2	 1	419.75	  0.00
119	21	22	m	 1	 2	 1	 1	 1	 1	 2	 1	 1	 1	 1	366.87	  0.00
120	21	22	m	 1	 2	 1	 2	 2	 1	 2	 0	 2	 2	 1	386.26	  0.00
121	21	22	m	 1	 2	 1	 1	 1	 1	 2	 1	 1	 1	 1	349.59	  0.00
122	21	22	m	 1	 2	 1	 1	 2	 1	 2	 0	 2	 2	 1	345.75	  0.00
123	21	22	m	 1	 2	 1	 1	 2	 1	 2	 0	 2	 2	 1	374.46	  0.00
124	21	22	m	 1	 2	 1	 2	 2	 1	 2	 0	 2	 2	 1	385.73	  0.00
125	21	22	m	 1	 2	 1	 1	 1	 1	 2	 1	 1	 1	 1	357.32	  0.00
126	21	22	m	 1	 2	 1	 1	 1	 1	 2	 1	 1	 1	 1	369.75	  0.00
127	21	22	m	 1	 2	 1	 2	 2	 1	 2	 0	 2	 2	 1	422.00	  0.00
128	21	22	m	 1	 2	 1	 2	 2	 1	 2	 0	 2	 2	 1	425.98	  0.00
129	21	22	m	 1	 2	 1	 2	 2	 1	 2	 0	 2	 2	 1	511.61	  0.00
130	21	22	m	 1	 2	 1	 2	 1	 1	 2	 1	 1	 1	 1	515.73	  0.00
131	21	22	m	 1	 2	 1	 2	 1	 1	 2	 1	 1	 1	 1	445.37	  0.00
132	21	22	m	 1	 2	 1	 2	 2	 1	 2	 0	 2	 2	 1	465.70	  0.00
133	21	22	m	 1	 2	 1	 2	 2	 1	 2	 0	 2	 2	 1	396.31	  0.00
134	21	22	m	 1	 2	 1	 1	 1	 1	 2	 1	 1	 1	 1	482.10	  0.00
135	21	22	m	 1	 2	 1	 1	 2	 1	 2	 0	 2	 2	 1	445.34	  0.00
136	21	22	m	 1	 2	 1	 2	 1	 1	 2	 1	 1	 1	 1	383.18	  0.00
137	21	22	m	 1	 2	 1	 2	 1	 1	 2	 1	 1	 1	 1	354.71	  0.00
138	21	22	m	 1	 2	 1	 2	 1	 1	 2	 1	 1	 1	 1	407.95	  0.00
139	21	22	m	 1	 2	 1	 2	 2	 1	 2	 0	 2	 2	 1	402.89	  0.00
140	21	22	m	 1	 2	 1	 1	 2	 1	 2	 0	 2	 2	 1	455.99	  0.00
141	21	22	m	 1	 2	 1	 1	 1	 1	 2	 1	 1	 1	 1	402.98	  0.00
142	21	22	m	 1	 2	 1	 1	 2	 1	 2	 0	 2	 2	 1	423.46	  0.00
143	21	22	m	 1	 2	 1	 1	 2	 1	 2	 0	 2	 2	 1	418.50	  0.00
144	21	22	m	 1	 2	 1	 2	 1	 1	 2	 1	 1	 1	 1	504.11	  0.00
145	21	22	m	 1	 2	 1	 1	 1	 1	 2	 1	 1	 1	 1	418.39	  0.00
146	21	22	m	 1	 2	 1	 1	 1	 1	 2	 1	 1	 1	 1	504.11	  0.00
147	21	22	m	 1	 2	 1	 2	 1	 1	 2	 1	 1	 1	 1	458.08	  0.00
148	21	22	m	 1	 2	 1	 1	 2	 1	 2	 0	 2	 2	 1	339.77	  0.00
149	21	22	m	 1	 2	 1	 1	 1	 1	 2	 1	 1	 1	 1	433.75	  0.00
150	21	22	m	 1	 2	 1	 2	 1	 1	 2	 1	 1	 1	 1	429.73	  0.00
151	21	22	m	 1	 2	 1	 2	 2	 1	 2	 0	 2	 2	 1	457.28	  0.00
152	21	22	m	 1	 2	 1	 1	 1	 1	 2	 1	 1	 1	 1	363.43	  0.00
153	21	22	m	 1	 2	 1	 2	 2	 1	 2	 0	 2	 2	 1	441.12	  0.00
154	21	22	m	 1	 2	 1	 2	 2	 1	 2	 0	 2	 2	 1	355.43	  0.00
155	21	22	m	 1	 2	 1	 1	 1	 1	 2	 1	 1	 1	 1	399.49	  0.00
156	21	22	m	 1	 2	 1	 1	 1	 1	 2	 1	 1	 1	 1	419.91	  0.00
157	21	22	m	 1	 2	 1	 1	 1	 1	 2	 1	 1	 1	 1	375.11	  0.00
158	21	22	m	 1	 2	 1	 1	 2	 1	 2	 0	 2	 2	 1	436.45	  0.00
159	21	22	m	 1	 2	 1	 2	 2	 1	 2	 0	 2	 2	 1	423.20	  0.00
160	21	22	m	 1	 2	 1	 2	 1	 1	 2	 1	 1	 1	 1	468.15	  0.00
161	21	22	m	 1	 2	 1	 2	 1	 1	 2	 1	 1	 1	 1	431.42	  0.00
162	21	22	m	 1	 2	 1	 1	 2	 1	 2	 0	 2	 2	 1	525.27	  0.00
163	21	22	m	 1	 2	 1	 1	 2	 1	 2	 0	 2	 2	 1	446.63	  0.00
164	21	22	m	 1	 2	 1	 1	 1	 1	 2	 1	 1	 1	 1	426.30	  0.00
165	21	22	m	 1	 2	 1	 2	 2	 1	 2	 0	 2	 2	 1	405.94	  0.00
166	21	22	m	 1	 2	 1	 1	 2	 1	 2	 0	 2	 2	 1	418.28	  0.00
167	21	22	m	 1	 2	 1	 2	 1	 1	 2	 1	 1	 1	 1	372.46	  0.00
168	21	22	m	 1	 2	 1	 1	 2	 1	 2	 0	 2	 2	 1	392.92	  0.00
169	21	22	m	 1	 2	 1	 2	 1	 1	 2	 1	 1	 1	 1	421.62	  0.00
170	21	22	m	 1	 2	 1	 2	 1	 1	 2	 1	 1	 1	 1	367.72	  0.00
171	21	22	m	 1	 2	 1	 1	 1	 1	 2	 1	 1	 1	 1	404.40	  0.00
172	21	22	m	 1	 2	 1	 2	 1	 1	 2	 1	 1	 1	 1	457.49	  0.00
173	21	22	m	 1	 2	 1	 2	 2	 1	 2	 0	 2	 2	 1	388.18	  0.00
174	21	22	m	 1	 2	 1	 2	 2	 1	 2	 0	 2	 1	 0	554.60	  0.00
175	21	22	m	 1	 2	 1	 2	 2	 1	 2	 0	 2	 2	 1	509.54	  0.00
176	21	22	m	 1	 2	 1	 2	 1	 1	 2	 1	 1	 1	 1	407.53	  0.00
177	21	22	m	 1	 2	 1	 1	 1	 1	 2	 1	 1	 1	 1	427.91	  0.00
178	21	22	m	 1	 2	 1	 1	 2	 1	 2	 0	 2	 2	 1	414.80	  0.00
179	21	22	m	 1	 2	 1	 1	 2	 1	 2	 0	 2	 2	 1	435.18	  0.00
180	21	22	m	 1	 2	 1	 2	 2	 1	 2	 0	 2	 2	 1	390.33	  0.00
181	21	22	m	 1	 2	 1	 1	 1	 1	 2	 1	 1	 1	 1	467.90	  0.00
182	21	22	m	 1	 2	 1	 1	 2	 1	 2	 0	 2	 2	 1	683.14	  0.00
183	21	22	m	 1	 2	 1	 2	 1	 1	 2	 1	 1	 1	 1	319.76	  0.00
184	21	22	m	 1	 2	 1	 1	 1	 1	 2	 1	 1	 1	 1	348.54	  0.00
185	21	22	m	 1	 2	 1	 2	 2	 1	 2	 0	 2	 2	 1	352.70	  0.00
186	21	22	m	 1	 2	 1	 2	 2	 1	 2	 0	 2	 2	 1	380.52	  0.00
187	21	22	m	 1	 2	 1	 1	 2	 1	 2	 0	 2	 2	 1	319.26	  0.00
188	21	22	m	 1	 2	 1	 1	 1	 1	 2	 1	 1	 1	 1	437.88	  0.00
189	21	22	m	 1	 2	 1	 2	 1	 1	 2	 1	 1	 1	 1	539.92	  0.00
190	21	22	m	 1	 2	 1	 1	 1	 1	 2	 1	 1	 1	 1	436.79	  0.00
191	21	22	m	 1	 2	 1	 2	 2	 1	 2	 0	 2	 2	 1	424.57	  0.00
192	21	22	m	 1	 2	 2	 2	 2	 2	 1	 1	 2	 2	 1	403.10	  0.00
193	21	22	m	 1	 2	 2	 1	 1	 2	 1	 0	 1	 1	 1	374.66	  0.00
194	21	22	m	 1	 2	 2	 1	 2	 2	 1	 1	 2	 2	 1	403.20	  0.00
195	21	22	m	 1	 2	 2	 2	 2	 2	 1	 1	 2	 2	 1	325.95	  0.00
196	21	22	m	 1	 2	 2	 2	 2	 2	 1	 1	 2	 2	 1	418.96	  0.00
197	21	22	m	 1	 2	 2	 2	 1	 2	 1	 0	 1	 1	 1	414.86	  0.00
198	21	22	m	 1	 2	 2	 1	 1	 2	 1	 0	 1	 1	 1	386.31	  0.00
199	21	22	m	 1	 2	 2	 2	 1	 2	 1	 0	 1	 1	 1	397.92	  0.00
200	21	22	m	 1	 2	 2	 1	 1	 2	 1	 0	 1	 1	 1	377.41	  0.00
201	21	22	m	 1	 2	 2	 1	 2	 2	 1	 1	 2	 2	 1	438.67	  0.00
202	21	22	m	 1	 2	 2	 1	 2	 2	 1	 1	 2	 2	 1	393.93	  0.00
203	21	22	m	 1	 2	 2	 2	 2	 2	 1	 1	 2	 2	 1	438.85	  0.00
204	21	22	m	 1	 2	 2	 2	 1	 2	 1	 0	 1	 1	 1	360.37	  0.00
205	21	22	m	 1	 2	 2	 1	 2	 2	 1	 1	 2	 2	 1	397.25	  0.00
206	21	22	m	 1	 2	 2	 2	 2	 2	 1	 1	 2	 2	 1	393.19	  0.00
207	21	22	m	 1	 2	 2	 2	 2	 2	 1	 1	 2	 2	 1	405.61	  0.00
208	21	22	m	 1	 2	 2	 2	 2	 2	 1	 1	 2	 2	 1	376.07	  0.00
209	21	22	m	 1	 2	 2	 2	 1	 2	 1	 0	 1	 1	 1	339.54	  0.00
210	21	22	m	 1	 2	 2	 1	 1	 2	 1	 0	 1	 1	 1	368.20	  0.00
211	21	22	m	 1	 2	 2	 1	 1	 2	 1	 0	 1	 1	 1	413.20	  0.00
212	21	22	m	 1	 2	 2	 1	 1	 2	 1	 0	 1	 1	 1	400.00	  0.00
213	21	22	m	 1	 2	 2	 1	 2	 2	 1	 1	 2	 2	 1	445.00	  0.00
214	21	22	m	 1	 2	 2	 2	 1	 2	 1	 0	 1	 1	 1	571.51	  0.00
215	21	22	m	 1	 2	 2	 2	 2	 2	 1	 1	 2	 2	 1	469.30	  0.00
216	21	22	m	 1	 2	 2	 2	 2	 2	 1	 1	 2	 2	 1	782.45	  0.00
217	21	22	m	 1	 2	 2	 1	 1	 2	 1	 0	 1	 1	 1	418.70	  0.00
218	21	22	m	 1	 2	 2	 2	 1	 2	 1	 0	 1	 1	 1	390.31	  0.00
219	21	22	m	 1	 2	 2	 1	 2	 2	 1	 1	 2	 2	 1	418.01	  0.00
220	21	22	m	 1	 2	 2	 1	 1	 2	 1	 0	 1	 1	 1	691.26	  0.00
221	21	22	m	 1	 2	 2	 2	 1	 2	 1	 0	 1	 1	 1	466.60	  0.00
222	21	22	m	 1	 2	 2	 2	 1	 2	 1	 0	 1	 1	 1	650.21	  0.00
223	21	22	m	 1	 2	 2	 1	 2	 2	 1	 1	 2	 2	 1	498.02	  0.00
224	21	22	m	 1	 2	 2	 1	 2	 2	 1	 1	 2	 2	 1	404.10	  0.00
225	21	22	m	 1	 2	 2	 1	 1	 2	 1	 0	 1	 1	 1	416.43	  0.00
226	21	22	m	 1	 2	 2	 1	 1	 2	 1	 0	 1	 1	 1	412.37	  0.00
227	21	22	m	 1	 2	 2	 2	 2	 2	 1	 1	 2	 2	 1	415.48	  0.00
228	21	22	m	 1	 2	 2	 1	 1	 2	 1	 0	 1	 1	 1	370.66	  0.00
229	21	22	m	 1	 2	 2	 2	 2	 2	 1	 1	 2	 2	 1	611.47	  0.00
230	21	22	m	 1	 2	 2	 2	 1	 2	 1	 0	 1	 1	 1	354.29	  0.00
231	21	22	m	 1	 2	 2	 1	 2	 2	 1	 1	 2	 2	 1	463.53	  0.00
232	21	22	m	 1	 2	 2	 1	 1	 2	 1	 0	 1	 1	 1	320.77	  0.00
233	21	22	m	 1	 2	 2	 1	 2	 2	 1	 1	 2	 2	 1	382.15	  0.00
234	21	22	m	 1	 2	 2	 1	 2	 2	 1	 1	 2	 2	 1	427.15	  0.00
235	21	22	m	 1	 2	 2	 1	 2	 2	 1	 1	 2	 2	 1	405.76	  0.00
236	21	22	m	 1	 2	 2	 1	 1	 2	 1	 0	 1	 1	 1	483.37	  0.00
237	21	22	m	 1	 2	 2	 1	 2	 2	 1	 1	 2	 2	 1	373.19	  0.00
238	21	22	m	 1	 2	 2	 1	 2	 2	 1	 1	 2	 2	 1	491.58	  0.00
239	21	22	m	 1	 2	 2	 1	 2	 2	 1	 1	 2	 2	 1	772.03	  0.00
240	21	22	m	 1	 2	 2	 2	 1	 2	 1	 0	 1	 1	 1	424.77	  0.00
241	21	22	m	 1	 2	 2	 2	 1	 2	 1	 0	 1	 1	 1	567.68	  0.00
242	21	22	m	 1	 2	 2	 2	 2	 2	 1	 1	 2	 2	 1	366.85	  0.00
243	21	22	m	 1	 2	 2	 1	 2	 2	 1	 1	 2	 2	 1	436.15	  0.00
244	21	22	m	 1	 2	 2	 1	 1	 2	 1	 0	 1	 1	 1	317.82	  0.00
245	21	22	m	 1	 2	 2	 2	 1	 2	 1	 0	 1	 1	 1	387.44	  0.00
246	21	22	m	 1	 2	 2	 2	 1	 2	 1	 0	 1	 1	 1	415.12	  0.00
247	21	22	m	 1	 2	 2	 2	 2	 2	 1	 1	 2	 2	 1	321.23	  0.00
248	21	22	m	 1	 2	 2	 1	 1	 2	 1	 0	 1	 1	 1	301.12	  0.00
249	21	22	m	 1	 2	 2	 2	 1	 2	 1	 0	 1	 1	 1	378.83	  0.00
250	21	22	m	 1	 2	 2	 1	 2	 2	 1	 1	 2	 2	 1	341.27	  0.00
251	21	22	m	 1	 2	 2	 2	 2	 2	 1	 1	 2	 1	 0	263.84	  0.00
252	21	22	m	 1	 2	 2	 2	 2	 2	 1	 1	 2	 2	 1	570.03	  0.00
253	21	22	m	 1	 2	 2	 1	 1	 2	 1	 0	 1	 1	 1	386.41	  0.00
254	21	22	m	 1	 2	 2	 1	 1	 2	 1	 0	 1	 1	 1	414.09	  0.00
255	21	22	m	 1	 2	 2	 2	 1	 2	 1	 0	 1	 1	 1	671.07	  0.00
256	21	22	m	 1	 2	 2	 2	 2	 2	 1	 1	 2	 2	 1	446.37	  0.00
257	21	22	m	 1	 2	 2	 1	 2	 2	 1	 1	 2	 2	 1	507.58	  0.00
258	21	22	m	 1	 2	 2	 2	 1	 2	 1	 0	 1	 1	 1	347.47	  0.00
259	21	22	m	 1	 2	 2	 1	 2	 2	 1	 1	 2	 2	 1	400.60	  0.00
260	21	22	m	 1	 2	 2	 1	 1	 2	 1	 0	 1	 1	 1	429.19	  0.00
261	21	22	m	 1	 2	 2	 1	 1	 2	 1	 0	 1	 1	 1	408.89	  0.00
262	21	22	m	 1	 2	 2	 1	 1	 2	 1	 0	 1	 1	 1	387.55	  0.00
263	21	22	m	 1	 2	 2	 2	 2	 2	 1	 1	 2	 2	 1	579.37	  0.00
264	21	22	m	 1	 2	 2	 1	 2	 2	 1	 1	 2	 2	 1	485.37	  0.00
265	21	22	m	 1	 2	 2	 2	 1	 2	 1	 0	 1	 1	 1	448.61	  0.00
266	21	22	m	 1	 2	 2	 2	 2	 2	 1	 1	 2	 2	 1	778.12	  0.00
267	21	22	m	 1	 2	 2	 2	 2	 2	 1	 1	 2	 2	 1	643.02	  0.00
268	21	22	m	 1	 2	 2	 2	 2	 2	 1	 1	 2	 2	 1	516.24	  0.00
269	21	22	m	 1	 2	 2	 2	 1	 2	 1	 0	 1	 1	 1	357.09	  0.00
270	21	22	m	 1	 2	 2	 2	 1	 2	 1	 0	 1	 1	 1	515.33	  0.00
271	21	22	m	 1	 2	 2	 2	 2	 2	 1	 1	 2	 2	 1	429.57	  0.00
272	21	22	m	 1	 2	 2	 1	 1	 2	 1	 0	 1	 1	 1	409.23	  0.00
273	21	22	m	 1	 2	 2	 1	 2	 2	 1	 1	 2	 2	 1	429.69	  0.00
274	21	22	m	 1	 2	 2	 1	 1	 2	 1	 0	 1	 1	 1	359.38	  0.00
275	21	22	m	 1	 2	 2	 2	 1	 2	 1	 0	 1	 1	 1	379.91	  0.00
276	21	22	m	 1	 2	 2	 2	 2	 2	 1	 1	 2	 2	 1	408.59	  0.00
277	21	22	m	 1	 2	 2	 2	 1	 2	 1	 0	 1	 1	 1	428.22	  0.00
278	21	22	m	 1	 2	 2	 2	 1	 2	 1	 0	 1	 1	 1	562.66	  0.00
279	21	22	m	 1	 2	 2	 2	 2	 2	 1	 1	 2	 2	 1	795.06	  0.00
280	21	22	m	 1	 2	 2	 1	 1	 2	 1	 0	 1	 1	 1	635.52	  0.00
281	21	22	m	 1	 2	 2	 1	 2	 2	 1	 1	 2	 2	 1	401.66	  0.00
282	21	22	m	 1	 2	 2	 1	 2	 2	 1	 1	 2	 2	 1	642.48	  0.00
283	21	22	m	 1	 2	 2	 2	 1	 2	 1	 0	 1	 1	 1	401.57	  0.00
284	21	22	m	 1	 2	 2	 2	 1	 2	 1	 0	 1	 1	 1	470.97	  0.00
285	21	22	m	 1	 2	 2	 1	 1	 2	 1	 0	 1	 1	 1	384.30	  0.00
286	21	22	m	 1	 2	 2	 2	 2	 2	 1	 1	 2	 2	 1	355.71	  0.00
287	21	22	m	 1	 2	 2	 1	 2	 2	 1	 1	 2	 2	 1	400.84	  0.00
288	21	22	m	 1	 2	 3	 1	 2	 1	 2	 0	 2	 2	 1	413.44	  0.00
289	21	22	m	 1	 2	 3	 1	 1	 1	 2	 1	 1	 1	 1	368.62	  0.00
290	21	22	m	 1	 2	 3	 2	 1	 1	 2	 1	 1	 1	 1	348.28	  0.00
291	21	22	m	 1	 2	 3	 1	 2	 1	 2	 0	 2	 2	 1	409.67	  0.00
292	21	22	m	 1	 2	 3	 1	 1	 1	 2	 1	 1	 1	 1	355.58	  0.00
293	21	22	m	 1	 2	 3	 2	 2	 1	 2	 0	 2	 2	 1	392.42	  0.00
294	21	22	m	 1	 2	 3	 2	 1	 1	 2	 1	 1	 1	 1	372.10	  0.00
295	21	22	m	 1	 2	 3	 2	 1	 1	 2	 1	 1	 1	 1	440.60	  0.00
296	21	22	m	 1	 2	 3	 1	 2	 1	 2	 0	 2	 2	 1	387.59	  0.00
297	21	22	m	 1	 2	 3	 1	 1	 1	 2	 1	 1	 1	 1	375.50	  0.00
298	21	22	m	 1	 2	 3	 2	 1	 1	 2	 1	 1	 1	 1	379.63	  0.00
299	21	22	m	 1	 2	 3	 2	 2	 1	 2	 0	 2	 2	 1	415.45	  0.00
300	21	22	m	 1	 2	 3	 2	 2	 1	 2	 0	 2	 2	 1	525.64	  0.00
301	21	22	m	 1	 2	 3	 1	 2	 1	 2	 0	 2	 2	 1	488.85	  0.00
302	21	22	m	 1	 2	 3	 2	 1	 1	 2	 1	 1	 1	 1	492.94	  0.00
303	21	22	m	 1	 2	 3	 1	 1	 1	 2	 1	 1	 1	 1	398.06	  0.00
304	21	22	m	 1	 2	 3	 2	 1	 1	 2	 1	 1	 1	 1	402.22	  0.00
305	21	22	m	 1	 2	 3	 2	 2	 1	 2	 0	 2	 2	 1	447.09	  0.00
306	21	22	m	 1	 2	 3	 2	 2	 1	 2	 0	 2	 2	 1	361.48	  0.00
307	21	22	m	 1	 2	 3	 2	 1	 1	 2	 1	 1	 1	 1	299.48	  0.00
308	21	22	m	 1	 2	 3	 2	 2	 1	 2	 0	 2	 2	 1	360.75	  0.00
309	21	22	m	 1	 2	 3	 1	 1	 1	 2	 1	 1	 1	 1	299.82	  0.00
310	21	22	m	 1	 2	 3	 1	 1	 1	 2	 1	 1	 1	 1	459.17	  0.00
311	21	22	m	 1	 2	 3	 2	 2	 1	 2	 0	 2	 2	 1	405.10	  0.00
312	21	22	m	 1	 2	 3	 2	 2	 1	 2	 0	 2	 2	 1	384.82	  0.00
313	21	22	m	 1	 2	 3	 1	 1	 1	 2	 1	 1	 1	 1	397.16	  0.00
314	21	22	m	 1	 2	 3	 2	 2	 1	 2	 0	 2	 2	 1	336.06	  0.00
315	21	22	m	 1	 2	 3	 2	 2	 1	 2	 0	 2	 2	 1	551.42	  0.00
316	21	22	m	 1	 2	 3	 2	 1	 1	 2	 1	 1	 1	 1	343.23	  0.00
317	21	22	m	 1	 2	 3	 1	 1	 1	 2	 1	 1	 1	 1	453.53	  0.00
318	21	22	m	 1	 2	 3	 2	 1	 1	 2	 1	 1	 1	 1	408.68	  0.00
319	21	22	m	 1	 2	 3	 2	 2	 1	 2	 0	 2	 2	 1	558.68	  0.00
320	21	22	m	 1	 2	 3	 2	 2	 1	 2	 0	 2	 2	 1	440.16	  0.00
321	21	22	m	 1	 2	 3	 2	 1	 1	 2	 1	 1	 1	 1	460.62	  0.00
322	21	22	m	 1	 2	 3	 1	 2	 1	 2	 0	 2	 2	 1	406.59	  0.00
323	21	22	m	 1	 2	 3	 1	 2	 1	 2	 0	 2	 2	 1	443.37	  0.00
324	21	22	m	 1	 2	 3	 1	 2	 1	 2	 0	 2	 2	 1	390.32	  0.00
325	21	22	m	 1	 2	 3	 1	 2	 1	 2	 0	 2	 2	 1	467.97	  0.00
326	21	22	m	 1	 2	 3	 2	 1	 1	 2	 1	 1	 1	 1	560.84	  0.00
327	21	22	m	 1	 2	 3	 1	 2	 1	 2	 0	 2	 2	 1	483.21	  0.00
328	21	22	m	 1	 2	 3	 2	 2	 1	 2	 0	 2	 2	 1	381.13	  0.00
329	21	22	m	 1	 2	 3	 1	 2	 1	 2	 0	 2	 2	 1	385.34	  0.00
330	21	22	m	 1	 2	 3	 2	 2	 1	 2	 0	 2	 2	 1	396.66	  0.00
331	21	22	m	 1	 2	 3	 2	 1	 1	 2	 1	 1	 1	 1	384.48	  0.00
332	21	22	m	 1	 2	 3	 1	 2	 1	 2	 0	 2	 2	 1	584.50	  0.00
333	21	22	m	 1	 2	 3	 1	 1	 1	 2	 1	 1	 1	 1	669.99	  0.00
334	21	22	m	 1	 2	 3	 1	 1	 1	 2	 1	 1	 1	 1	412.70	  0.00
335	21	22	m	 1	 2	 3	 2	 1	 1	 2	 1	 1	 1	 1	391.27	  0.00
336	21	22	m	 1	 2	 3	 1	 2	 1	 2	 0	 2	 2	 1	607.61	  0.00
337	21	22	m	 1	 2	 3	 2	 2	 1	 2	 0	 2	 2	 1	456.44	  0.00
338	21	22	m	 1	 2	 3	 1	 1	 1	 2	 1	 1	 1	 1	386.06	  0.00
339	21	22	m	 1	 2	 3	 2	 1	 1	 2	 1	 1	 1	 1	382.24	  0.00
340	21	22	m	 1	 2	 3	 2	 1	 1	 2	 1	 1	 1	 1	565.78	  0.00
341	21	22	m	 1	 2	 3	 1	 2	 1	 2	 0	 2	 2	 1	414.64	  0.00
342	21	22	m	 1	 2	 3	 1	 1	 1	 2	 1	 1	 1	 1	450.45	  0.00
343	21	22	m	 1	 2	 3	 1	 1	 1	 2	 1	 1	 1	 1	470.75	  0.00
344	21	22	m	 1	 2	 3	 2	 2	 1	 2	 0	 2	 2	 1	385.11	  0.00
345	21	22	m	 1	 2	 3	 1	 1	 1	 2	 1	 1	 1	 1	307.65	  0.00
346	21	22	m	 1	 2	 3	 1	 2	 1	 2	 0	 2	 2	 1	621.07	  0.00
347	21	22	m	 1	 2	 3	 2	 2	 1	 2	 0	 2	 2	 1	453.48	  0.00
348	21	22	m	 1	 2	 3	 1	 1	 1	 2	 1	 1	 1	 1	482.08	  0.00
349	21	22	m	 1	 2	 3	 2	 2	 1	 2	 0	 2	 2	 1	437.21	  0.00
350	21	22	m	 1	 2	 3	 2	 2	 1	 2	 0	 2	 2	 1	399.47	  0.00
351	21	22	m	 1	 2	 3	 1	 1	 1	 2	 1	 1	 1	 1	452.57	  0.00
352	21	22	m	 1	 2	 3	 1	 2	 1	 2	 0	 2	 2	 1	473.00	  0.00
353	21	22	m	 1	 2	 3	 1	 2	 1	 2	 0	 2	 2	 1	468.94	  0.00
354	21	22	m	 1	 2	 3	 1	 1	 1	 2	 1	 1	 1	 1	398.49	  0.00
355	21	22	m	 1	 2	 3	 2	 1	 1	 2	 1	 1	 1	 1	574.06	  0.00
356	21	22	m	 1	 2	 3	 1	 2	 1	 2	 0	 2	 2	 1	431.08	  0.00
357	21	22	m	 1	 2	 3	 2	 1	 1	 2	 1	 1	 1	 1	450.65	  0.00
358	21	22	m	 1	 2	 3	 2	 1	 1	 2	 1	 1	 1	 1	364.82	  0.00
359	21	22	m	 1	 2	 3	 2	 1	 1	 2	 1	 1	 1	 1	507.71	  0.00
360	21	22	m	 1	 2	 3	 1	 1	 1	 2	 1	 1	 1	 1	405.70	  0.00
361	21	22	m	 1	 2	 3	 1	 2	 1	 2	 0	 2	 2	 1	498.62	  0.00
362	21	22	m	 1	 2	 3	 2	 1	 1	 2	 1	 1	 1	 1	404.62	  0.00
363	21	22	m	 1	 2	 3	 1	 2	 1	 2	 0	 2	 2	 1	441.52	  0.00
364	21	22	m	 1	 2	 3	 2	 2	 1	 2	 0	 2	 2	 1	380.40	  0.00
365	21	22	m	 1	 2	 3	 2	 1	 1	 2	 1	 1	 1	 1	456.98	  0.00
366	21	22	m	 1	 2	 3	 1	 2	 1	 2	 0	 2	 2	 1	542.63	  0.00
367	21	22	m	 1	 2	 3	 1	 1	 1	 2	 1	 1	 1	 1	1232.02	  0.00
368	21	22	m	 1	 2	 3	 2	 1	 1	 2	 1	 1	 1	 1	427.14	  0.00
369	21	22	m	 1	 2	 3	 2	 2	 1	 2	 0	 2	 2	 1	340.48	  0.00
370	21	22	m	 1	 2	 3	 1	 2	 1	 2	 0	 2	 2	 1	907.74	  0.00
371	21	22	m	 1	 2	 3	 2	 2	 1	 2	 0	 2	 2	 1	535.79	  0.00
372	21	22	m	 1	 2	 3	 1	 1	 1	 2	 1	 1	 1	 1	539.72	  0.00
373	21	22	m	 1	 2	 3	 2	 1	 1	 2	 1	 1	 1	 1	371.34	  0.00
374	21	22	m	 1	 2	 3	 1	 1	 1	 2	 1	 1	 1	 1	424.49	  0.00
375	21	22	m	 1	 2	 3	 2	 2	 1	 2	 0	 2	 2	 1	420.44	  0.00
376	21	22	m	 1	 2	 3	 1	 1	 1	 2	 1	 1	 1	 1	423.68	  0.00
377	21	22	m	 1	 2	 3	 1	 2	 1	 2	 0	 2	 2	 1	394.95	  0.00
378	21	22	m	 1	 2	 3	 1	 2	 1	 2	 0	 2	 2	 1	635.86	  0.00
379	21	22	m	 1	 2	 3	 2	 1	 1	 2	 1	 1	 1	 1	582.53	  0.00
380	21	22	m	 1	 2	 3	 1	 2	 1	 2	 0	 2	 2	 1	381.41	  0.00
381	21	22	m	 1	 2	 3	 1	 1	 1	 2	 1	 1	 1	 1	499.85	  0.00
382	21	22	m	 1	 2	 3	 1	 1	 1	 2	 1	 1	 1	 1	373.29	  0.00
383	21	22	m	 1	 2	 3	 2	 2	 1	 2	 0	 2	 2	 1	377.37	  0.00
