00	27	18	v	 1	 2	 0	 2	 2	 2	 1	 1	 2	 2	 1	1285.25	  0.00
01	27	18	v	 1	 2	 0	 1	 2	 2	 1	 1	 2	 2	 1	439.58	  0.00
02	27	18	v	 1	 2	 0	 1	 1	 2	 1	 0	 1	 1	 1	356.65	  0.00
03	27	18	v	 1	 2	 0	 2	 1	 2	 1	 0	 1	 1	 1	358.54	  0.00
04	27	18	v	 1	 2	 0	 1	 2	 2	 1	 1	 2	 2	 1	307.39	  0.00
05	27	18	v	 1	 2	 0	 2	 1	 2	 1	 0	 1	 1	 1	311.66	  0.00
06	27	18	v	 1	 2	 0	 2	 2	 2	 1	 1	 2	 2	 1	296.91	  0.00
07	27	18	v	 1	 2	 0	 2	 2	 2	 1	 1	 2	 2	 1	420.85	  0.00
08	27	18	v	 1	 2	 0	 2	 2	 2	 1	 1	 2	 1	 0	339.67	  0.00
09	27	18	v	 1	 2	 0	 1	 2	 2	 1	 1	 2	 2	 1	338.45	  0.00
10	27	18	v	 1	 2	 0	 1	 1	 2	 1	 0	 1	 1	 1	402.45	  0.00
11	27	18	v	 1	 2	 0	 2	 1	 2	 1	 0	 1	 1	 1	406.62	  0.00
12	27	18	v	 1	 2	 0	 1	 2	 2	 1	 1	 2	 2	 1	328.15	  0.00
13	27	18	v	 1	 2	 0	 2	 2	 2	 1	 1	 2	 2	 1	373.06	  0.00
14	27	18	v	 1	 2	 0	 2	 2	 2	 1	 1	 2	 2	 1	409.72	  0.00
15	27	18	v	 1	 2	 0	 2	 1	 2	 1	 0	 1	 1	 1	340.45	  0.00
16	27	18	v	 1	 2	 0	 2	 1	 2	 1	 0	 1	 1	 1	417.08	  0.00
17	27	18	v	 1	 2	 0	 2	 1	 2	 1	 0	 1	 1	 1	380.39	  0.00
18	27	18	v	 1	 2	 0	 1	 2	 2	 1	 1	 2	 2	 1	384.50	  0.00
19	27	18	v	 1	 2	 0	 1	 1	 2	 1	 0	 1	 1	 1	706.81	  0.00
20	27	18	v	 1	 2	 0	 1	 1	 2	 1	 0	 1	 1	 1	383.08	  0.00
21	27	18	v	 1	 2	 0	 2	 1	 2	 1	 0	 1	 1	 1	346.38	  0.00
22	27	18	v	 1	 2	 0	 1	 1	 2	 1	 0	 1	 1	 1	358.75	  0.00
23	27	18	v	 1	 2	 0	 2	 2	 2	 1	 1	 2	 2	 1	378.30	  0.00
24	27	18	v	 1	 2	 0	 1	 2	 2	 1	 1	 2	 2	 1	357.86	  0.00
25	27	18	v	 1	 2	 0	 1	 2	 2	 1	 1	 2	 2	 1	353.91	  0.00
26	27	18	v	 1	 2	 0	 2	 1	 2	 1	 0	 1	 1	 1	333.57	  0.00
27	27	18	v	 1	 2	 0	 1	 1	 2	 1	 0	 1	 1	 1	328.65	  0.00
28	27	18	v	 1	 2	 0	 1	 2	 2	 1	 1	 2	 2	 1	357.25	  0.00
29	27	18	v	 1	 2	 0	 2	 2	 2	 1	 1	 2	 2	 1	353.33	  0.00
30	27	18	v	 1	 2	 0	 1	 2	 2	 1	 1	 2	 2	 1	357.54	  0.00
31	27	18	v	 1	 2	 0	 2	 2	 2	 1	 1	 2	 2	 1	409.62	  0.00
32	27	18	v	 1	 2	 0	 2	 1	 2	 1	 0	 1	 1	 1	307.50	  0.00
33	27	18	v	 1	 2	 0	 2	 2	 2	 1	 1	 2	 2	 1	328.16	  0.00
34	27	18	v	 1	 2	 0	 2	 2	 2	 1	 1	 2	 2	 1	364.90	  0.00
35	27	18	v	 1	 2	 0	 1	 2	 2	 1	 1	 2	 2	 1	335.54	  0.00
36	27	18	v	 1	 2	 0	 1	 1	 2	 1	 0	 1	 1	 1	364.10	  0.00
37	27	18	v	 1	 2	 0	 1	 1	 2	 1	 0	 1	 1	 1	319.33	  0.00
38	27	18	v	 1	 2	 0	 2	 2	 2	 1	 1	 2	 2	 1	299.12	  0.00
39	27	18	v	 1	 2	 0	 2	 1	 2	 1	 0	 1	 1	 1	359.57	  0.00
40	27	18	v	 1	 2	 0	 2	 1	 2	 1	 0	 1	 1	 1	290.30	  0.00
41	27	18	v	 1	 2	 0	 2	 1	 2	 1	 0	 1	 1	 1	310.90	  0.00
42	27	18	v	 1	 2	 0	 2	 2	 2	 1	 1	 2	 2	 1	355.93	  0.00
43	27	18	v	 1	 2	 0	 1	 1	 2	 1	 0	 1	 1	 1	343.08	  0.00
44	27	18	v	 1	 2	 0	 1	 2	 2	 1	 1	 2	 2	 1	363.49	  0.00
45	27	18	v	 1	 2	 0	 2	 1	 2	 1	 0	 1	 1	 1	367.72	  0.00
46	27	18	v	 1	 2	 0	 2	 2	 2	 1	 1	 2	 2	 1	363.75	  0.00
47	27	18	v	 1	 2	 0	 2	 1	 2	 1	 0	 1	 1	 1	358.90	  0.00
48	27	18	v	 1	 2	 0	 2	 1	 2	 1	 0	 1	 1	 1	354.91	  0.00
49	27	18	v	 1	 2	 0	 2	 1	 2	 1	 0	 1	 1	 1	416.24	  0.00
50	27	18	v	 1	 2	 0	 1	 2	 2	 1	 1	 2	 2	 1	346.95	  0.00
51	27	18	v	 1	 2	 0	 1	 1	 2	 1	 0	 1	 1	 1	382.88	  0.00
52	27	18	v	 1	 2	 0	 2	 1	 2	 1	 0	 1	 1	 1	362.45	  0.00
53	27	18	v	 1	 2	 0	 1	 1	 2	 1	 0	 1	 1	 1	342.27	  0.00
54	27	18	v	 1	 2	 0	 2	 2	 2	 1	 1	 2	 2	 1	338.32	  0.00
55	27	18	v	 1	 2	 0	 1	 1	 2	 1	 0	 1	 1	 1	357.97	  0.00
56	27	18	v	 1	 2	 0	 2	 2	 2	 1	 1	 2	 2	 1	280.50	  0.00
57	27	18	v	 1	 2	 0	 1	 1	 2	 1	 0	 1	 1	 1	497.02	  0.00
58	27	18	v	 1	 2	 0	 2	 1	 2	 1	 0	 1	 1	 1	460.14	  0.00
59	27	18	v	 1	 2	 0	 1	 2	 2	 1	 1	 2	 2	 1	365.35	  0.00
60	27	18	v	 1	 2	 0	 2	 1	 2	 1	 0	 1	 1	 1	271.61	  0.00
61	27	18	v	 1	 2	 0	 2	 2	 2	 1	 1	 2	 2	 1	316.76	  0.00
62	27	18	v	 1	 2	 0	 2	 2	 2	 1	 1	 2	 2	 1	378.14	  0.00
63	27	18	v	 1	 2	 0	 1	 2	 2	 1	 1	 2	 2	 1	503.71	  0.00
64	27	18	v	 1	 2	 0	 1	 1	 2	 1	 0	 1	 1	 1	475.10	  0.00
65	27	18	v	 1	 2	 0	 2	 2	 2	 1	 1	 2	 2	 1	585.26	  0.00
66	27	18	v	 1	 2	 0	 1	 1	 2	 1	 0	 1	 1	 1	368.85	  0.00
67	27	18	v	 1	 2	 0	 1	 2	 2	 1	 1	 2	 2	 1	486.22	  0.00
68	27	18	v	 1	 2	 0	 1	 2	 2	 1	 1	 2	 2	 1	506.64	  0.00
69	27	18	v	 1	 2	 0	 2	 1	 2	 1	 0	 1	 1	 1	322.94	  0.00
70	27	18	v	 1	 2	 0	 1	 2	 2	 1	 1	 2	 2	 1	1167.72	  0.00
71	27	18	v	 1	 2	 0	 1	 1	 2	 1	 0	 1	 1	 1	394.57	  0.00
72	27	18	v	 1	 2	 0	 1	 1	 2	 1	 0	 1	 1	 1	521.12	  0.00
73	27	18	v	 1	 2	 0	 1	 2	 2	 1	 1	 2	 2	 1	427.22	  0.00
74	27	18	v	 1	 2	 0	 1	 1	 2	 1	 0	 1	 1	 1	365.92	  0.00
75	27	18	v	 1	 2	 0	 2	 1	 2	 1	 0	 1	 1	 1	393.74	  0.00
76	27	18	v	 1	 2	 0	 1	 1	 2	 1	 0	 1	 1	 1	365.19	  0.00
77	27	18	v	 1	 2	 0	 1	 2	 2	 1	 1	 2	 2	 1	336.94	  0.00
78	27	18	v	 1	 2	 0	 1	 1	 2	 1	 0	 1	 1	 1	324.86	  0.00
79	27	18	v	 1	 2	 0	 2	 2	 2	 1	 1	 2	 2	 1	344.42	  0.00
80	27	18	v	 1	 2	 0	 2	 2	 2	 1	 1	 2	 2	 1	340.53	  0.00
81	27	18	v	 1	 2	 0	 1	 1	 2	 1	 0	 1	 1	 1	401.91	  0.00
82	27	18	v	 1	 2	 0	 1	 2	 2	 1	 1	 2	 2	 1	316.29	  0.00
83	27	18	v	 1	 2	 0	 1	 1	 2	 1	 0	 1	 1	 1	344.11	  0.00
84	27	18	v	 1	 2	 0	 1	 2	 2	 1	 1	 2	 2	 1	291.11	  0.00
85	27	18	v	 1	 2	 0	 2	 1	 2	 1	 0	 1	 1	 1	377.10	  0.00
86	27	18	v	 1	 2	 0	 1	 2	 2	 1	 1	 2	 2	 1	283.35	  0.00
87	27	18	v	 1	 2	 0	 1	 1	 2	 1	 0	 1	 1	 1	302.97	  0.00
88	27	18	v	 1	 2	 0	 1	 1	 2	 1	 0	 1	 1	 1	723.41	  0.00
89	27	18	v	 1	 2	 0	 2	 2	 2	 1	 1	 2	 2	 1	335.47	  0.00
90	27	18	v	 1	 2	 0	 1	 2	 2	 1	 1	 2	 2	 1	396.84	  0.00
91	27	18	v	 1	 2	 0	 2	 2	 2	 1	 1	 2	 2	 1	326.43	  0.00
92	27	18	v	 1	 2	 0	 2	 1	 2	 1	 0	 1	 1	 1	338.96	  0.00
93	27	18	v	 1	 2	 0	 2	 1	 2	 1	 0	 1	 1	 1	400.27	  0.00
94	27	18	v	 1	 2	 0	 2	 2	 2	 1	 1	 2	 2	 1	298.39	  0.00
95	27	18	v	 1	 2	 0	 1	 2	 2	 1	 1	 2	 2	 1	326.14	  0.00
96	27	18	v	 1	 2	 1	 2	 1	 1	 2	 1	 1	 1	 1	382.74	  0.00
97	27	18	v	 1	 2	 1	 2	 1	 1	 2	 1	 1	 1	 1	346.13	  0.00
98	27	18	v	 1	 2	 1	 1	 1	 1	 2	 1	 1	 1	 1	391.16	  0.00
99	27	18	v	 1	 2	 1	 2	 1	 1	 2	 1	 1	 1	 1	305.48	  0.00
100	27	18	v	 1	 2	 1	 1	 2	 1	 2	 0	 2	 2	 1	357.79	  0.00
101	27	18	v	 1	 2	 1	 1	 2	 1	 2	 0	 2	 2	 1	345.75	  0.00
102	27	18	v	 1	 2	 1	 2	 1	 1	 2	 1	 1	 1	 1	358.11	  0.00
103	27	18	v	 1	 2	 1	 2	 1	 1	 2	 1	 1	 1	 1	370.46	  0.00
104	27	18	v	 1	 2	 1	 2	 2	 1	 2	 0	 2	 2	 1	365.39	  0.00
105	27	18	v	 1	 2	 1	 1	 2	 1	 2	 0	 2	 2	 1	508.38	  0.00
106	27	18	v	 1	 2	 1	 2	 1	 1	 2	 1	 1	 1	 1	373.65	  0.00
107	27	18	v	 1	 2	 1	 1	 1	 1	 2	 1	 1	 1	 1	402.32	  0.00
108	27	18	v	 1	 2	 1	 1	 1	 1	 2	 1	 1	 1	 1	340.21	  0.00
109	27	18	v	 1	 2	 1	 2	 2	 1	 2	 0	 2	 2	 1	319.91	  0.00
110	27	18	v	 1	 2	 1	 1	 1	 1	 2	 1	 1	 1	 1	291.55	  0.00
111	27	18	v	 1	 2	 1	 2	 2	 1	 2	 0	 2	 2	 1	271.47	  0.00
112	27	18	v	 1	 2	 1	 1	 2	 1	 2	 0	 2	 2	 1	421.68	  0.00
113	27	18	v	 1	 2	 1	 1	 1	 1	 2	 1	 1	 1	 1	311.54	  0.00
114	27	18	v	 1	 2	 1	 1	 2	 1	 2	 0	 2	 2	 1	291.35	  0.00
115	27	18	v	 1	 2	 1	 1	 2	 1	 2	 0	 2	 2	 1	344.65	  0.00
116	27	18	v	 1	 2	 1	 1	 2	 1	 2	 0	 2	 2	 1	307.06	  0.00
117	27	18	v	 1	 2	 1	 2	 2	 1	 2	 0	 2	 2	 1	327.64	  0.00
118	27	18	v	 1	 2	 1	 1	 1	 1	 2	 1	 1	 1	 1	397.17	  0.00
119	27	18	v	 1	 2	 1	 1	 2	 1	 2	 0	 2	 2	 1	270.74	  0.00
120	27	18	v	 1	 2	 1	 2	 1	 1	 2	 1	 1	 1	 1	314.94	  0.00
121	27	18	v	 1	 2	 1	 2	 2	 1	 2	 0	 2	 2	 1	221.33	  0.00
122	27	18	v	 1	 2	 1	 1	 1	 1	 2	 1	 1	 1	 1	193.07	  0.00
123	27	18	v	 1	 2	 1	 2	 2	 1	 2	 0	 2	 2	 1	205.73	  0.00
124	27	18	v	 1	 2	 1	 1	 2	 1	 2	 0	 2	 2	 1	365.14	  0.00
125	27	18	v	 1	 2	 1	 1	 1	 1	 2	 1	 1	 1	 1	303.07	  0.00
126	27	18	v	 1	 2	 1	 1	 2	 1	 2	 0	 2	 2	 1	234.00	  0.00
127	27	18	v	 1	 2	 1	 2	 2	 1	 2	 0	 2	 2	 1	409.75	  0.00
128	27	18	v	 1	 2	 1	 1	 2	 1	 2	 0	 2	 1	 0	241.46	  0.00
129	27	18	v	 1	 2	 1	 2	 1	 1	 2	 1	 1	 1	 1	425.37	  0.00
130	27	18	v	 1	 2	 1	 2	 2	 1	 2	 0	 2	 2	 1	307.15	  0.00
131	27	18	v	 1	 2	 1	 2	 2	 1	 2	 0	 2	 2	 1	311.45	  0.00
132	27	18	v	 1	 2	 1	 2	 1	 1	 2	 1	 1	 1	 1	331.11	  0.00
133	27	18	v	 1	 2	 1	 1	 2	 1	 2	 0	 2	 2	 1	318.97	  0.00
134	27	18	v	 1	 2	 1	 2	 1	 1	 2	 1	 1	 1	 1	347.68	  0.00
135	27	18	v	 1	 2	 1	 1	 1	 1	 2	 1	 1	 1	 1	376.41	  0.00
136	27	18	v	 1	 2	 1	 1	 2	 1	 2	 0	 2	 2	 1	274.51	  0.00
137	27	18	v	 1	 2	 1	 2	 1	 1	 2	 1	 1	 1	 1	310.50	  0.00
138	27	18	v	 1	 2	 1	 2	 2	 1	 2	 0	 2	 2	 1	314.79	  0.00
139	27	18	v	 1	 2	 1	 2	 1	 1	 2	 1	 1	 1	 1	213.02	  0.00
140	27	18	v	 1	 2	 1	 1	 2	 1	 2	 0	 2	 2	 1	240.91	  0.00
141	27	18	v	 1	 2	 1	 1	 1	 1	 2	 1	 1	 1	 1	302.45	  0.00
142	27	18	v	 1	 2	 1	 2	 1	 1	 2	 1	 1	 2	 0	249.60	  0.00
143	27	18	v	 1	 2	 1	 2	 1	 1	 2	 1	 1	 1	 1	523.22	  0.00
144	27	18	v	 1	 2	 1	 1	 2	 1	 2	 0	 2	 2	 1	330.39	  0.00
145	27	18	v	 1	 2	 1	 2	 2	 1	 2	 0	 2	 2	 1	350.94	  0.00
146	27	18	v	 1	 2	 1	 1	 1	 1	 2	 1	 1	 1	 1	273.57	  0.00
147	27	18	v	 1	 2	 1	 2	 2	 1	 2	 0	 2	 2	 1	253.42	  0.00
148	27	18	v	 1	 2	 1	 1	 2	 1	 2	 0	 2	 2	 1	322.78	  0.00
149	27	18	v	 1	 2	 1	 1	 1	 1	 2	 1	 1	 1	 1	277.33	  0.00
150	27	18	v	 1	 2	 1	 1	 2	 1	 2	 0	 2	 2	 1	249.06	  0.00
151	27	18	v	 1	 2	 1	 2	 1	 1	 2	 1	 1	 1	 1	269.73	  0.00
152	27	18	v	 1	 2	 1	 2	 2	 1	 2	 0	 2	 2	 1	248.80	  0.00
153	27	18	v	 1	 2	 1	 2	 1	 1	 2	 1	 1	 1	 1	228.47	  0.00
154	27	18	v	 1	 2	 1	 1	 2	 1	 2	 0	 2	 2	 1	289.91	  0.00
155	27	18	v	 1	 2	 1	 1	 1	 1	 2	 1	 1	 1	 1	351.36	  0.00
156	27	18	v	 1	 2	 1	 2	 2	 1	 2	 0	 2	 2	 1	314.84	  0.00
157	27	18	v	 1	 2	 1	 1	 1	 1	 2	 1	 1	 1	 1	301.75	  0.00
158	27	18	v	 1	 2	 1	 2	 1	 1	 2	 1	 1	 2	 0	232.63	  0.00
159	27	18	v	 1	 2	 1	 1	 1	 1	 2	 1	 1	 1	 1	318.63	  0.00
160	27	18	v	 1	 2	 1	 1	 2	 1	 2	 0	 2	 2	 1	347.35	  0.00
161	27	18	v	 1	 2	 1	 2	 1	 1	 2	 1	 1	 1	 1	317.96	  0.00
162	27	18	v	 1	 2	 1	 2	 2	 1	 2	 0	 2	 2	 1	322.28	  0.00
163	27	18	v	 1	 2	 1	 1	 2	 1	 2	 0	 2	 2	 1	342.87	  0.00
164	27	18	v	 1	 2	 1	 1	 1	 1	 2	 1	 1	 1	 1	371.54	  0.00
165	27	18	v	 1	 2	 1	 2	 1	 1	 2	 1	 1	 1	 1	382.89	  0.00
166	27	18	v	 1	 2	 1	 2	 2	 1	 2	 0	 2	 2	 1	321.78	  0.00
167	27	18	v	 1	 2	 1	 2	 1	 1	 2	 1	 1	 1	 1	293.48	  0.00
168	27	18	v	 1	 2	 1	 2	 1	 1	 2	 1	 1	 1	 1	395.67	  0.00
169	27	18	v	 1	 2	 1	 1	 1	 1	 2	 1	 1	 1	 1	317.21	  0.00
170	27	18	v	 1	 2	 1	 2	 2	 1	 2	 0	 2	 2	 1	346.01	  0.00
171	27	18	v	 1	 2	 1	 1	 1	 1	 2	 1	 1	 1	 1	342.12	  0.00
172	27	18	v	 1	 2	 1	 1	 1	 1	 2	 1	 1	 1	 1	304.71	  0.00
173	27	18	v	 1	 2	 1	 1	 1	 1	 2	 1	 1	 1	 1	316.87	  0.00
174	27	18	v	 1	 2	 1	 1	 2	 1	 2	 0	 2	 2	 1	288.61	  0.00
175	27	18	v	 1	 2	 1	 2	 1	 1	 2	 1	 1	 1	 1	333.71	  0.00
176	27	18	v	 1	 2	 1	 2	 2	 1	 2	 0	 2	 2	 1	329.77	  0.00
177	27	18	v	 1	 2	 1	 2	 1	 1	 2	 1	 1	 1	 1	349.34	  0.00
178	27	18	v	 1	 2	 1	 2	 2	 1	 2	 0	 2	 2	 1	353.54	  0.00
179	27	18	v	 1	 2	 1	 1	 2	 1	 2	 0	 2	 2	 1	398.56	  0.00
180	27	18	v	 1	 2	 1	 2	 2	 1	 2	 0	 2	 2	 1	402.78	  0.00
181	27	18	v	 1	 2	 1	 1	 1	 1	 2	 1	 1	 1	 1	325.32	  0.00
182	27	18	v	 1	 2	 1	 2	 2	 1	 2	 0	 2	 2	 1	263.39	  0.00
183	27	18	v	 1	 2	 1	 1	 1	 1	 2	 1	 1	 1	 1	332.93	  0.00
184	27	18	v	 1	 2	 1	 1	 2	 1	 2	 0	 2	 2	 1	288.27	  0.00
185	27	18	v	 1	 2	 1	 1	 2	 1	 2	 0	 2	 2	 1	340.50	  0.00
186	27	18	v	 1	 2	 1	 1	 1	 1	 2	 1	 1	 1	 1	271.34	  0.00
187	27	18	v	 1	 2	 1	 1	 1	 1	 2	 1	 1	 2	 0	275.67	  0.00
188	27	18	v	 1	 2	 1	 2	 2	 1	 2	 0	 2	 2	 1	337.14	  0.00
189	27	18	v	 1	 2	 1	 2	 1	 1	 2	 1	 1	 1	 1	364.93	  0.00
190	27	18	v	 1	 2	 1	 2	 2	 1	 2	 0	 2	 2	 1	344.60	  0.00
191	27	18	v	 1	 2	 1	 2	 2	 1	 2	 0	 2	 2	 1	365.12	  0.00
192	27	18	v	 1	 2	 2	 2	 1	 2	 1	 0	 1	 1	 1	437.55	  0.00
193	27	18	v	 1	 2	 2	 1	 2	 2	 1	 1	 2	 2	 1	319.30	  0.00
194	27	18	v	 1	 2	 2	 1	 1	 2	 1	 0	 1	 1	 1	315.43	  0.00
195	27	18	v	 1	 2	 2	 2	 2	 2	 1	 1	 2	 2	 1	319.69	  0.00
196	27	18	v	 1	 2	 2	 2	 2	 2	 1	 1	 2	 2	 1	363.75	  0.00
197	27	18	v	 1	 2	 2	 1	 1	 2	 1	 0	 1	 1	 1	368.01	  0.00
198	27	18	v	 1	 2	 2	 2	 1	 2	 1	 0	 1	 1	 1	323.24	  0.00
199	27	18	v	 1	 2	 2	 1	 2	 2	 1	 1	 2	 2	 1	294.84	  0.00
200	27	18	v	 1	 2	 2	 2	 2	 2	 1	 1	 2	 2	 1	330.82	  0.00
201	27	18	v	 1	 2	 2	 2	 1	 2	 1	 0	 1	 1	 1	294.27	  0.00
202	27	18	v	 1	 2	 2	 1	 1	 2	 1	 0	 1	 1	 1	298.52	  0.00
203	27	18	v	 1	 2	 2	 1	 2	 2	 1	 1	 2	 2	 1	327.36	  0.00
204	27	18	v	 1	 2	 2	 1	 1	 2	 1	 0	 1	 1	 1	281.55	  0.00
205	27	18	v	 1	 2	 2	 1	 2	 2	 1	 1	 2	 2	 1	326.70	  0.00
206	27	18	v	 1	 2	 2	 2	 2	 2	 1	 1	 2	 2	 1	347.22	  0.00
207	27	18	v	 1	 2	 2	 2	 2	 2	 1	 1	 2	 2	 1	278.07	  0.00
208	27	18	v	 1	 2	 2	 1	 2	 2	 1	 1	 2	 2	 1	298.78	  0.00
209	27	18	v	 1	 2	 2	 1	 1	 2	 1	 0	 1	 1	 1	350.98	  0.00
210	27	18	v	 1	 2	 2	 1	 1	 2	 1	 0	 1	 1	 1	347.06	  0.00
211	27	18	v	 1	 2	 2	 1	 2	 2	 1	 1	 2	 2	 1	318.61	  0.00
212	27	18	v	 1	 2	 2	 1	 2	 2	 1	 1	 2	 2	 1	428.02	  0.00
213	27	18	v	 1	 2	 2	 2	 1	 2	 1	 0	 1	 1	 1	374.94	  0.00
214	27	18	v	 1	 2	 2	 2	 1	 2	 1	 0	 1	 1	 1	338.21	  0.00
215	27	18	v	 1	 2	 2	 2	 2	 2	 1	 1	 2	 2	 1	334.39	  0.00
216	27	18	v	 1	 2	 2	 2	 2	 2	 1	 1	 2	 2	 1	345.93	  0.00
217	27	18	v	 1	 2	 2	 2	 1	 2	 1	 0	 1	 1	 1	333.71	  0.00
218	27	18	v	 1	 2	 2	 1	 1	 2	 1	 0	 1	 1	 1	345.80	  0.00
219	27	18	v	 1	 2	 2	 1	 1	 2	 1	 0	 1	 1	 1	317.71	  0.00
220	27	18	v	 1	 2	 2	 2	 2	 2	 1	 1	 2	 2	 1	353.75	  0.00
221	27	18	v	 1	 2	 2	 1	 1	 2	 1	 0	 1	 1	 1	341.50	  0.00
222	27	18	v	 1	 2	 2	 2	 2	 2	 1	 1	 2	 2	 1	337.58	  0.00
223	27	18	v	 1	 2	 2	 2	 1	 2	 1	 0	 1	 1	 1	292.92	  0.00
224	27	18	v	 1	 2	 2	 1	 2	 2	 1	 1	 2	 2	 1	288.09	  0.00
225	27	18	v	 1	 2	 2	 1	 1	 2	 1	 0	 1	 1	 1	243.32	  0.00
226	27	18	v	 1	 2	 2	 2	 2	 2	 1	 1	 2	 2	 1	288.52	  0.00
227	27	18	v	 1	 2	 2	 1	 2	 2	 1	 1	 2	 2	 1	431.57	  0.00
228	27	18	v	 1	 2	 2	 2	 2	 2	 1	 1	 2	 2	 1	336.85	  0.00
229	27	18	v	 1	 2	 2	 2	 1	 2	 1	 0	 1	 1	 1	389.93	  0.00
230	27	18	v	 1	 2	 2	 1	 2	 2	 1	 1	 2	 2	 1	288.01	  0.00
231	27	18	v	 1	 2	 2	 1	 2	 2	 1	 1	 2	 2	 1	292.29	  0.00
232	27	18	v	 1	 2	 2	 1	 2	 2	 1	 1	 2	 2	 1	320.23	  0.00
233	27	18	v	 1	 2	 2	 2	 1	 2	 1	 0	 1	 1	 1	348.77	  0.00
234	27	18	v	 1	 2	 2	 2	 1	 2	 1	 0	 1	 1	 1	410.12	  0.00
235	27	18	v	 1	 2	 2	 1	 2	 2	 1	 1	 2	 2	 1	340.83	  0.00
236	27	18	v	 1	 2	 2	 1	 1	 2	 1	 0	 1	 1	 1	394.06	  0.00
237	27	18	v	 1	 2	 2	 2	 1	 2	 1	 0	 1	 1	 1	372.65	  0.00
238	27	18	v	 1	 2	 2	 2	 1	 2	 1	 0	 1	 1	 1	393.21	  0.00
239	27	18	v	 1	 2	 2	 1	 2	 2	 1	 1	 2	 2	 1	372.90	  0.00
240	27	18	v	 1	 2	 2	 2	 1	 2	 1	 0	 1	 1	 1	270.98	  0.00
241	27	18	v	 1	 2	 2	 2	 2	 2	 1	 1	 2	 2	 1	298.84	  0.00
242	27	18	v	 1	 2	 2	 1	 2	 2	 1	 1	 2	 2	 1	303.12	  0.00
243	27	18	v	 1	 2	 2	 2	 1	 2	 1	 0	 1	 1	 1	315.58	  0.00
244	27	18	v	 1	 2	 2	 1	 1	 2	 1	 0	 1	 1	 1	303.57	  0.00
245	27	18	v	 1	 2	 2	 1	 1	 2	 1	 0	 1	 1	 1	249.67	  0.00
246	27	18	v	 1	 2	 2	 2	 1	 2	 1	 0	 1	 1	 1	409.06	  0.00
247	27	18	v	 1	 2	 2	 2	 2	 2	 1	 1	 2	 2	 1	298.97	  0.00
248	27	18	v	 1	 2	 2	 1	 1	 2	 1	 0	 1	 1	 1	352.28	  0.00
249	27	18	v	 1	 2	 2	 2	 2	 2	 1	 1	 2	 2	 1	314.64	  0.00
250	27	18	v	 1	 2	 2	 1	 1	 2	 1	 0	 1	 1	 1	269.88	  0.00
251	27	18	v	 1	 2	 2	 2	 1	 2	 1	 0	 1	 1	 1	298.75	  0.00
252	27	18	v	 1	 2	 2	 2	 1	 2	 1	 0	 1	 1	 1	310.38	  0.00
253	27	18	v	 1	 2	 2	 1	 2	 2	 1	 1	 2	 2	 1	355.25	  0.00
254	27	18	v	 1	 2	 2	 2	 2	 2	 1	 1	 2	 2	 1	326.84	  0.00
255	27	18	v	 1	 2	 2	 2	 1	 2	 1	 0	 1	 1	 1	298.50	  0.00
256	27	18	v	 1	 2	 2	 2	 2	 2	 1	 1	 2	 2	 1	335.34	  0.00
257	27	18	v	 1	 2	 2	 2	 1	 2	 1	 0	 1	 1	 1	289.56	  0.00
258	27	18	v	 1	 2	 2	 2	 1	 2	 1	 0	 1	 1	 1	302.06	  0.00
259	27	18	v	 1	 2	 2	 2	 1	 2	 1	 0	 1	 1	 1	290.13	  0.00
260	27	18	v	 1	 2	 2	 1	 2	 2	 1	 1	 2	 2	 1	335.12	  0.00
261	27	18	v	 1	 2	 2	 1	 2	 2	 1	 1	 2	 2	 1	330.18	  0.00
262	27	18	v	 1	 2	 2	 1	 2	 2	 1	 1	 2	 2	 1	301.71	  0.00
263	27	18	v	 1	 2	 2	 1	 2	 2	 1	 1	 2	 2	 1	330.26	  0.00
264	27	18	v	 1	 2	 2	 1	 1	 2	 1	 0	 1	 1	 1	333.98	  0.00
265	27	18	v	 1	 2	 2	 1	 1	 2	 1	 0	 1	 1	 1	378.78	  0.00
266	27	18	v	 1	 2	 2	 2	 2	 2	 1	 1	 2	 2	 1	293.20	  0.00
267	27	18	v	 1	 2	 2	 2	 2	 2	 1	 1	 2	 2	 1	436.19	  0.00
268	27	18	v	 1	 2	 2	 1	 1	 2	 1	 0	 1	 1	 1	317.89	  0.00
269	27	18	v	 1	 2	 2	 2	 1	 2	 1	 0	 1	 1	 1	370.07	  0.00
270	27	18	v	 1	 2	 2	 2	 2	 2	 1	 1	 2	 2	 1	308.92	  0.00
271	27	18	v	 1	 2	 2	 1	 1	 2	 1	 0	 1	 1	 1	313.28	  0.00
272	27	18	v	 1	 2	 2	 1	 1	 2	 1	 0	 1	 1	 1	284.14	  0.00
273	27	18	v	 1	 2	 2	 2	 1	 2	 1	 0	 1	 1	 1	320.95	  0.00
274	27	18	v	 1	 2	 2	 1	 1	 2	 1	 0	 1	 1	 1	259.94	  0.00
275	27	18	v	 1	 2	 2	 2	 2	 2	 1	 1	 2	 2	 1	280.61	  0.00
276	27	18	v	 1	 2	 2	 2	 2	 2	 1	 1	 2	 2	 1	448.13	  0.00
277	27	18	v	 1	 2	 2	 2	 2	 2	 1	 1	 2	 2	 1	296.29	  0.00
278	27	18	v	 1	 2	 2	 2	 2	 2	 1	 1	 2	 2	 1	300.49	  0.00
279	27	18	v	 1	 2	 2	 1	 1	 2	 1	 0	 1	 1	 1	459.85	  0.00
280	27	18	v	 1	 2	 2	 1	 2	 2	 1	 1	 2	 2	 1	341.50	  0.00
281	27	18	v	 1	 2	 2	 1	 2	 2	 1	 1	 2	 2	 1	312.06	  0.00
282	27	18	v	 1	 2	 2	 1	 2	 2	 1	 1	 2	 2	 1	357.15	  0.00
283	27	18	v	 1	 2	 2	 2	 1	 2	 1	 0	 1	 1	 1	369.52	  0.00
284	27	18	v	 1	 2	 2	 1	 1	 2	 1	 0	 1	 1	 1	332.91	  0.00
285	27	18	v	 1	 2	 2	 1	 1	 2	 1	 0	 1	 1	 1	352.41	  0.00
286	27	18	v	 1	 2	 2	 2	 2	 2	 1	 1	 2	 2	 1	389.36	  0.00
287	27	18	v	 1	 2	 2	 1	 2	 2	 1	 1	 2	 2	 1	320.05	  0.00
288	27	18	v	 1	 2	 3	 2	 1	 1	 2	 1	 1	 1	 1	446.35	  0.00
289	27	18	v	 1	 2	 3	 1	 1	 1	 2	 1	 1	 1	 1	327.06	  0.00
290	27	18	v	 1	 2	 3	 2	 2	 1	 2	 0	 2	 2	 1	339.50	  0.00
291	27	18	v	 1	 2	 3	 1	 1	 1	 2	 1	 1	 1	 1	343.67	  0.00
292	27	18	v	 1	 2	 3	 1	 1	 1	 2	 1	 1	 1	 1	307.10	  0.00
293	27	18	v	 1	 2	 3	 1	 2	 1	 2	 0	 2	 2	 1	555.26	  0.00
294	27	18	v	 1	 2	 3	 1	 2	 1	 2	 0	 2	 2	 1	387.76	  0.00
295	27	18	v	 1	 2	 3	 1	 1	 1	 2	 1	 1	 1	 1	326.62	  0.00
296	27	18	v	 1	 2	 3	 2	 2	 1	 2	 0	 2	 2	 1	461.40	  0.00
297	27	18	v	 1	 2	 3	 2	 1	 1	 2	 1	 1	 1	 1	317.58	  0.00
298	27	18	v	 1	 2	 3	 1	 2	 1	 2	 0	 2	 2	 1	346.41	  0.00
299	27	18	v	 1	 2	 3	 1	 2	 1	 2	 0	 2	 2	 1	358.79	  0.00
300	27	18	v	 1	 2	 3	 2	 1	 1	 2	 1	 1	 1	 1	314.05	  0.00
301	27	18	v	 1	 2	 3	 2	 1	 1	 2	 1	 1	 1	 1	333.68	  0.00
302	27	18	v	 1	 2	 3	 2	 2	 1	 2	 0	 2	 2	 1	313.42	  0.00
303	27	18	v	 1	 2	 3	 1	 2	 1	 2	 0	 2	 2	 1	309.53	  0.00
304	27	18	v	 1	 2	 3	 1	 2	 1	 2	 0	 2	 2	 1	362.85	  0.00
305	27	18	v	 1	 2	 3	 1	 1	 1	 2	 1	 1	 1	 1	357.81	  0.00
306	27	18	v	 1	 2	 3	 1	 2	 1	 2	 0	 2	 2	 1	337.62	  0.00
307	27	18	v	 1	 2	 3	 2	 1	 1	 2	 1	 1	 2	 0	717.22	  0.00
308	27	18	v	 1	 2	 3	 1	 1	 1	 2	 1	 1	 1	 1	459.84	  0.00
309	27	18	v	 1	 2	 3	 2	 2	 1	 2	 0	 2	 2	 1	324.15	  0.00
310	27	18	v	 1	 2	 3	 2	 2	 1	 2	 0	 2	 2	 1	336.57	  0.00
311	27	18	v	 1	 2	 3	 1	 2	 1	 2	 0	 2	 2	 1	300.06	  0.00
312	27	18	v	 1	 2	 3	 1	 1	 1	 2	 1	 1	 1	 1	320.67	  0.00
313	27	18	v	 1	 2	 3	 2	 2	 1	 2	 0	 2	 2	 1	340.21	  0.00
314	27	18	v	 1	 2	 3	 1	 1	 1	 2	 1	 1	 1	 1	458.78	  0.00
315	27	18	v	 1	 2	 3	 1	 2	 1	 2	 0	 2	 2	 1	324.11	  0.00
316	27	18	v	 1	 2	 3	 1	 2	 1	 2	 0	 2	 2	 1	361.01	  0.00
317	27	18	v	 1	 2	 3	 2	 1	 1	 2	 1	 1	 1	 1	478.47	  0.00
318	27	18	v	 1	 2	 3	 2	 2	 1	 2	 0	 2	 2	 1	409.04	  0.00
319	27	18	v	 1	 2	 3	 2	 2	 1	 2	 0	 2	 2	 1	364.16	  0.00
320	27	18	v	 1	 2	 3	 2	 2	 1	 2	 0	 2	 2	 1	326.77	  0.00
321	27	18	v	 1	 2	 3	 2	 1	 1	 2	 1	 1	 1	 1	314.48	  0.00
322	27	18	v	 1	 2	 3	 1	 1	 1	 2	 1	 1	 1	 1	367.77	  0.00
323	27	18	v	 1	 2	 3	 1	 1	 1	 2	 1	 1	 1	 1	355.65	  0.00
324	27	18	v	 1	 2	 3	 2	 1	 1	 2	 1	 1	 1	 1	302.75	  0.00
325	27	18	v	 1	 2	 3	 2	 2	 1	 2	 0	 2	 2	 1	330.51	  0.00
326	27	18	v	 1	 2	 3	 1	 1	 1	 2	 1	 1	 1	 1	530.55	  0.00
327	27	18	v	 1	 2	 3	 2	 1	 1	 2	 1	 1	 1	 1	346.74	  0.00
328	27	18	v	 1	 2	 3	 2	 1	 1	 2	 1	 1	 1	 1	382.80	  0.00
329	27	18	v	 1	 2	 3	 2	 2	 1	 2	 0	 2	 2	 1	280.77	  0.00
330	27	18	v	 1	 2	 3	 1	 1	 1	 2	 1	 1	 1	 1	358.51	  0.00
331	27	18	v	 1	 2	 3	 2	 1	 1	 2	 1	 1	 1	 1	648.34	  0.00
332	27	18	v	 1	 2	 3	 1	 2	 1	 2	 0	 2	 2	 1	309.51	  0.00
333	27	18	v	 1	 2	 3	 2	 1	 1	 2	 1	 1	 1	 1	329.10	  0.00
334	27	18	v	 1	 2	 3	 2	 1	 1	 2	 1	 1	 1	 1	235.30	  0.00
335	27	18	v	 1	 2	 3	 1	 1	 1	 2	 1	 1	 1	 1	378.58	  0.00
336	27	18	v	 1	 2	 3	 2	 2	 1	 2	 0	 2	 2	 1	333.82	  0.00
337	27	18	v	 1	 2	 3	 2	 2	 1	 2	 0	 2	 2	 1	361.48	  0.00
338	27	18	v	 1	 2	 3	 2	 1	 1	 2	 1	 1	 1	 1	708.46	  0.00
339	27	18	v	 1	 2	 3	 2	 1	 1	 2	 1	 1	 1	 1	361.19	  0.00
340	27	18	v	 1	 2	 3	 2	 2	 1	 2	 0	 2	 2	 1	373.70	  0.00
341	27	18	v	 1	 2	 3	 1	 1	 1	 2	 1	 1	 1	 1	287.09	  0.00
342	27	18	v	 1	 2	 3	 2	 1	 1	 2	 1	 1	 1	 1	381.14	  0.00
343	27	18	v	 1	 2	 3	 1	 1	 1	 2	 1	 1	 1	 1	344.49	  0.00
344	27	18	v	 1	 2	 3	 2	 2	 1	 2	 0	 2	 2	 1	332.44	  0.00
345	27	18	v	 1	 2	 3	 1	 1	 1	 2	 1	 1	 1	 1	360.10	  0.00
346	27	18	v	 1	 2	 3	 2	 2	 1	 2	 0	 2	 2	 1	364.36	  0.00
347	27	18	v	 1	 2	 3	 1	 2	 1	 2	 0	 2	 2	 1	360.49	  0.00
348	27	18	v	 1	 2	 3	 1	 1	 1	 2	 1	 1	 1	 1	820.65	  0.00
349	27	18	v	 1	 2	 3	 2	 2	 1	 2	 0	 2	 2	 1	310.10	  0.00
350	27	18	v	 1	 2	 3	 1	 2	 1	 2	 0	 2	 2	 1	338.91	  0.00
351	27	18	v	 1	 2	 3	 2	 2	 1	 2	 0	 2	 2	 1	359.42	  0.00
352	27	18	v	 1	 2	 3	 1	 2	 1	 2	 0	 2	 2	 1	346.50	  0.00
353	27	18	v	 1	 2	 3	 2	 1	 1	 2	 1	 1	 1	 1	293.39	  0.00
354	27	18	v	 1	 2	 3	 2	 2	 1	 2	 0	 2	 2	 1	346.66	  0.00
355	27	18	v	 1	 2	 3	 1	 1	 1	 2	 1	 1	 1	 1	252.71	  0.00
356	27	18	v	 1	 2	 3	 1	 1	 1	 2	 1	 1	 2	 0	264.68	  0.00
357	27	18	v	 1	 2	 3	 2	 1	 1	 2	 1	 1	 1	 1	375.01	  0.00
358	27	18	v	 1	 2	 3	 2	 2	 1	 2	 0	 2	 2	 1	370.94	  0.00
359	27	18	v	 1	 2	 3	 2	 2	 1	 2	 0	 2	 2	 1	375.08	  0.00
360	27	18	v	 1	 2	 3	 1	 2	 1	 2	 0	 2	 2	 1	297.69	  0.00
361	27	18	v	 1	 2	 3	 1	 2	 1	 2	 0	 2	 2	 1	276.52	  0.00
362	27	18	v	 1	 2	 3	 1	 1	 1	 2	 1	 1	 1	 1	256.38	  0.00
363	27	18	v	 1	 2	 3	 1	 2	 1	 2	 0	 2	 2	 1	358.57	  0.00
364	27	18	v	 1	 2	 3	 2	 2	 1	 2	 0	 2	 2	 1	395.51	  0.00
365	27	18	v	 1	 2	 3	 2	 1	 1	 2	 1	 1	 1	 1	374.14	  0.00
366	27	18	v	 1	 2	 3	 2	 2	 1	 2	 0	 2	 2	 1	337.49	  0.00
367	27	18	v	 1	 2	 3	 1	 1	 1	 2	 1	 1	 1	 1	325.47	  0.00
368	27	18	v	 1	 2	 3	 2	 1	 1	 2	 1	 1	 1	 1	354.29	  0.00
369	27	18	v	 1	 2	 3	 2	 1	 1	 2	 1	 1	 1	 1	479.89	  0.00
370	27	18	v	 1	 2	 3	 1	 2	 1	 2	 0	 2	 2	 1	369.60	  0.00
371	27	18	v	 1	 2	 3	 2	 1	 1	 2	 1	 1	 1	 1	316.64	  0.00
372	27	18	v	 1	 2	 3	 1	 2	 1	 2	 0	 2	 2	 1	345.44	  0.00
373	27	18	v	 1	 2	 3	 2	 1	 1	 2	 1	 1	 1	 1	291.55	  0.00
374	27	18	v	 1	 2	 3	 1	 2	 1	 2	 0	 2	 2	 1	312.24	  0.00
375	27	18	v	 1	 2	 3	 1	 1	 1	 2	 1	 1	 1	 1	316.40	  0.00
376	27	18	v	 1	 2	 3	 1	 2	 1	 2	 0	 2	 2	 1	247.24	  0.00
377	27	18	v	 1	 2	 3	 1	 1	 1	 2	 1	 1	 1	 1	307.63	  0.00
378	27	18	v	 1	 2	 3	 2	 2	 1	 2	 0	 2	 2	 1	311.84	  0.00
379	27	18	v	 1	 2	 3	 1	 1	 1	 2	 1	 1	 1	 1	267.29	  0.00
380	27	18	v	 1	 2	 3	 1	 2	 1	 2	 0	 2	 2	 1	312.44	  0.00
381	27	18	v	 1	 2	 3	 2	 1	 1	 2	 1	 1	 1	 1	282.98	  0.00
382	27	18	v	 1	 2	 3	 1	 2	 1	 2	 0	 2	 2	 1	336.23	  0.00
383	27	18	v	 1	 2	 3	 1	 2	 1	 2	 0	 2	 2	 1	356.75	  0.00
