00	39	18	v	 1	 2	 0	 1	 1	 2	 1	 1	 1	 1	 1	544.32	  0.06
01	39	18	v	 1	 2	 0	 2	 2	 1	 1	 1	 2	 2	 1	734.14	  0.13
02	39	18	v	 1	 2	 0	 2	 1	 2	 1	 0	 2	 2	 1	648.67	  0.06
03	39	18	v	 1	 2	 0	 1	 2	 1	 1	 0	 1	 2	 0	589.88	  0.06
04	39	18	v	 1	 2	 0	 2	 2	 1	 1	 1	 2	 2	 1	512.33	  0.06
05	39	18	v	 1	 2	 0	 2	 1	 2	 1	 0	 2	 2	 1	566.65	  0.06
06	39	18	v	 1	 2	 0	 2	 1	 2	 1	 0	 2	 2	 1	367.65	  0.06
07	39	18	v	 1	 2	 0	 1	 2	 1	 1	 0	 1	 1	 1	500.27	  0.06
08	39	18	v	 1	 2	 0	 1	 2	 1	 1	 0	 1	 1	 1	404.15	  0.06
09	39	18	v	 1	 2	 0	 2	 1	 2	 1	 0	 2	 2	 1	596.16	  0.07
10	39	18	v	 1	 2	 0	 2	 2	 1	 1	 1	 2	 1	 0	505.50	  0.06
11	39	18	v	 1	 2	 0	 1	 1	 2	 1	 1	 1	 1	 1	754.36	  0.19
12	39	18	v	 1	 2	 0	 2	 2	 1	 1	 1	 2	 2	 1	891.10	  0.06
13	39	18	v	 1	 2	 0	 2	 1	 2	 1	 0	 2	 2	 1	538.45	  0.06
14	39	18	v	 1	 2	 0	 1	 2	 1	 1	 0	 1	 1	 1	619.94	  0.06
15	39	18	v	 1	 2	 0	 2	 1	 2	 1	 0	 2	 2	 1	645.95	  0.06
16	39	18	v	 1	 2	 0	 2	 2	 1	 1	 1	 2	 1	 0	564.24	  0.07
17	39	18	v	 1	 2	 0	 1	 1	 2	 1	 1	 1	 1	 1	861.94	  0.26
18	39	18	v	 1	 2	 0	 1	 2	 1	 1	 0	 1	 1	 1	445.75	  0.09
19	39	18	v	 1	 2	 0	 1	 2	 1	 1	 0	 1	 1	 1	764.09	  0.06
20	39	18	v	 1	 2	 0	 2	 2	 1	 1	 1	 2	 2	 1	628.42	  0.22
21	39	18	v	 1	 2	 0	 1	 1	 2	 1	 1	 1	 1	 1	759.81	  0.10
22	39	18	v	 1	 2	 0	 2	 1	 2	 1	 0	 2	 2	 1	499.65	  0.06
23	39	18	v	 1	 2	 0	 1	 1	 2	 1	 1	 1	 1	 1	533.98	  0.08
24	39	18	v	 1	 2	 0	 1	 1	 2	 1	 1	 1	 1	 1	755.01	  0.06
25	39	18	v	 1	 2	 0	 2	 1	 2	 1	 0	 2	 2	 1	557.27	  0.06
26	39	18	v	 1	 2	 0	 2	 2	 1	 1	 1	 2	 2	 1	1124.69	  0.06
27	39	18	v	 1	 2	 0	 1	 1	 2	 1	 1	 1	 1	 1	736.68	  0.07
28	39	18	v	 1	 2	 0	 2	 1	 2	 1	 0	 2	 2	 1	683.14	  0.07
29	39	18	v	 1	 2	 0	 2	 2	 1	 1	 1	 2	 2	 1	638.06	  0.06
30	39	18	v	 1	 2	 0	 2	 1	 2	 1	 0	 2	 2	 1	671.00	  0.06
31	39	18	v	 1	 2	 0	 1	 2	 1	 1	 0	 1	 1	 1	774.55	  0.06
32	39	18	v	 1	 2	 0	 1	 2	 1	 1	 0	 1	 1	 1	606.83	  0.06
33	39	18	v	 1	 2	 0	 1	 1	 2	 1	 1	 1	 1	 1	654.89	  0.06
34	39	18	v	 1	 2	 0	 1	 1	 2	 1	 1	 1	 1	 1	717.31	  0.08
35	39	18	v	 1	 2	 0	 2	 2	 1	 1	 1	 2	 2	 1	821.52	  0.06
36	39	18	v	 1	 2	 0	 1	 2	 1	 1	 0	 1	 1	 1	606.88	  0.08
37	39	18	v	 1	 2	 0	 2	 1	 2	 1	 0	 2	 2	 1	890.68	  0.06
38	39	18	v	 1	 2	 0	 2	 2	 1	 1	 1	 2	 2	 1	440.30	  0.06
39	39	18	v	 1	 2	 0	 2	 2	 1	 1	 1	 2	 2	 1	744.04	  0.07
40	39	18	v	 1	 2	 0	 2	 1	 2	 1	 0	 2	 2	 1	448.52	  0.07
41	39	18	v	 1	 2	 0	 1	 2	 1	 1	 0	 1	 1	 1	528.53	  0.06
42	39	18	v	 1	 2	 0	 1	 1	 2	 1	 1	 1	 1	 1	639.47	  0.06
43	39	18	v	 1	 2	 0	 1	 1	 2	 1	 1	 1	 1	 1	566.32	  0.07
44	39	18	v	 1	 2	 0	 2	 2	 1	 1	 1	 2	 2	 1	693.77	  0.13
45	39	18	v	 1	 2	 0	 1	 1	 2	 1	 1	 1	 0	 0	2000.12	  0.00
46	39	18	v	 1	 2	 0	 1	 2	 1	 1	 0	 1	 1	 1	567.52	  0.06
47	39	18	v	 1	 2	 0	 1	 2	 1	 1	 0	 1	 1	 1	531.17	  0.06
48	39	18	v	 1	 2	 0	 2	 1	 2	 1	 0	 2	 2	 1	519.32	  0.06
49	39	18	v	 1	 2	 0	 1	 1	 2	 1	 1	 1	 2	 0	473.47	  0.10
50	39	18	v	 1	 2	 0	 2	 2	 1	 1	 1	 2	 1	 0	294.14	  0.06
51	39	18	v	 1	 2	 0	 2	 1	 2	 1	 0	 2	 2	 1	332.93	  0.06
52	39	18	v	 1	 2	 0	 1	 1	 2	 1	 1	 1	 2	 0	442.84	  0.06
53	39	18	v	 1	 2	 0	 1	 2	 1	 1	 0	 1	 1	 1	402.22	  0.06
54	39	18	v	 1	 2	 0	 1	 2	 1	 1	 0	 1	 1	 1	405.80	  0.06
55	39	18	v	 1	 2	 0	 2	 1	 2	 1	 0	 2	 1	 0	532.46	  0.06
56	39	18	v	 1	 2	 0	 2	 2	 1	 1	 1	 2	 1	 0	321.83	  0.09
57	39	18	v	 1	 2	 0	 1	 1	 2	 1	 1	 1	 2	 0	333.62	  0.06
58	39	18	v	 1	 2	 0	 1	 1	 2	 1	 1	 1	 2	 0	439.63	  0.06
59	39	18	v	 1	 2	 0	 1	 1	 2	 1	 1	 1	 2	 0	469.24	  0.06
60	39	18	v	 1	 2	 0	 2	 2	 1	 1	 1	 2	 1	 0	495.93	  0.06
61	39	18	v	 1	 2	 0	 2	 2	 1	 1	 1	 2	 1	 0	806.88	  0.06
62	39	18	v	 1	 2	 0	 2	 2	 1	 1	 1	 2	 1	 0	678.63	  0.14
63	39	18	v	 1	 2	 0	 1	 2	 1	 1	 0	 1	 1	 1	772.16	  0.06
64	39	18	v	 1	 2	 0	 1	 2	 1	 1	 0	 1	 1	 1	876.76	  0.06
65	39	18	v	 1	 2	 0	 1	 1	 2	 1	 1	 1	 1	 1	1923.90	  0.06
66	39	18	v	 1	 2	 0	 2	 1	 2	 1	 0	 2	 2	 1	892.18	  0.08
67	39	18	v	 1	 2	 0	 1	 2	 1	 1	 0	 1	 1	 1	1216.41	  0.06
68	39	18	v	 1	 2	 0	 1	 2	 1	 1	 0	 1	 1	 1	526.71	  0.07
69	39	18	v	 1	 2	 0	 2	 1	 2	 1	 0	 2	 2	 1	522.10	  0.06
70	39	18	v	 1	 2	 0	 2	 1	 2	 1	 0	 2	 2	 1	1351.59	  0.06
71	39	18	v	 1	 2	 0	 2	 2	 1	 1	 1	 2	 2	 1	1692.70	  0.06
72	39	18	v	 1	 2	 0	 1	 1	 2	 1	 1	 1	 1	 1	557.34	  0.06
73	39	18	v	 1	 2	 0	 1	 1	 2	 1	 1	 1	 1	 1	485.32	  0.07
74	39	18	v	 1	 2	 0	 1	 2	 1	 1	 0	 1	 2	 0	385.86	  0.07
75	39	18	v	 1	 2	 0	 2	 2	 1	 1	 1	 2	 2	 1	590.69	  0.06
76	39	18	v	 1	 2	 0	 1	 1	 2	 1	 1	 1	 1	 1	476.21	  0.08
77	39	18	v	 1	 2	 0	 1	 1	 2	 1	 1	 1	 1	 1	561.06	  0.14
78	39	18	v	 1	 2	 0	 2	 2	 1	 1	 1	 2	 2	 1	1127.89	  0.06
79	39	18	v	 1	 2	 0	 2	 1	 2	 1	 0	 2	 2	 1	1053.00	  0.06
80	39	18	v	 1	 2	 0	 2	 2	 1	 1	 1	 2	 2	 1	302.01	  0.06
81	39	18	v	 1	 2	 0	 2	 1	 2	 1	 0	 2	 2	 1	936.12	  0.06
82	39	18	v	 1	 2	 0	 1	 1	 2	 1	 1	 1	 1	 1	1165.81	  0.06
83	39	18	v	 1	 2	 0	 2	 1	 2	 1	 0	 2	 2	 1	960.24	  0.06
84	39	18	v	 1	 2	 0	 1	 2	 1	 1	 0	 1	 1	 1	994.03	  0.06
85	39	18	v	 1	 2	 0	 2	 2	 1	 1	 1	 2	 2	 1	678.70	  0.06
86	39	18	v	 1	 2	 0	 2	 1	 2	 1	 0	 2	 2	 1	888.71	  0.10
87	39	18	v	 1	 2	 0	 2	 2	 1	 1	 1	 2	 2	 1	642.85	  0.06
88	39	18	v	 1	 2	 0	 2	 2	 1	 1	 1	 2	 2	 1	724.43	  0.06
89	39	18	v	 1	 2	 0	 1	 2	 1	 1	 0	 1	 2	 0	963.14	  0.06
90	39	18	v	 1	 2	 0	 2	 1	 2	 1	 0	 2	 2	 1	975.53	  0.06
91	39	18	v	 1	 2	 0	 1	 1	 2	 1	 1	 1	 1	 1	1314.82	  0.06
92	39	18	v	 1	 2	 0	 1	 2	 1	 1	 0	 1	 1	 1	752.44	  0.06
93	39	18	v	 1	 2	 0	 1	 2	 1	 1	 0	 1	 1	 1	718.42	  0.06
94	39	18	v	 1	 2	 0	 2	 1	 2	 1	 0	 2	 2	 1	586.95	  0.06
95	39	18	v	 1	 2	 0	 1	 2	 1	 1	 0	 1	 1	 1	530.38	  0.06
96	39	18	v	 1	 2	 1	 2	 2	 2	 2	 1	 2	 2	 1	733.90	  0.07
97	39	18	v	 1	 2	 1	 2	 2	 2	 2	 1	 2	 1	 0	452.58	  0.06
98	39	18	v	 1	 2	 1	 2	 1	 1	 2	 0	 2	 2	 1	796.99	  0.06
99	39	18	v	 1	 2	 1	 2	 2	 2	 2	 1	 2	 2	 1	598.36	  0.06
100	39	18	v	 1	 2	 1	 1	 1	 1	 2	 1	 1	 1	 1	835.68	  0.07
101	39	18	v	 1	 2	 1	 2	 2	 2	 2	 1	 2	 2	 1	709.94	  0.06
102	39	18	v	 1	 2	 1	 2	 2	 2	 2	 1	 2	 2	 1	491.71	  0.06
103	39	18	v	 1	 2	 1	 1	 2	 2	 2	 0	 1	 1	 1	602.68	  0.06
104	39	18	v	 1	 2	 1	 2	 1	 1	 2	 0	 2	 2	 1	792.02	  0.20
105	39	18	v	 1	 2	 1	 1	 2	 2	 2	 0	 1	 1	 1	656.85	  0.23
106	39	18	v	 1	 2	 1	 1	 1	 1	 2	 1	 1	 1	 1	811.07	  0.06
107	39	18	v	 1	 2	 1	 1	 1	 1	 2	 1	 1	 1	 1	794.78	  0.06
108	39	18	v	 1	 2	 1	 2	 2	 2	 2	 1	 2	 2	 1	838.35	  0.06
109	39	18	v	 1	 2	 1	 2	 1	 1	 2	 0	 2	 2	 1	641.94	  0.06
110	39	18	v	 1	 2	 1	 2	 1	 1	 2	 0	 2	 2	 1	546.55	  0.06
111	39	18	v	 1	 2	 1	 2	 2	 2	 2	 1	 2	 2	 1	522.28	  0.06
112	39	18	v	 1	 2	 1	 1	 1	 1	 2	 1	 1	 1	 1	848.49	  0.08
113	39	18	v	 1	 2	 1	 2	 2	 2	 2	 1	 2	 2	 1	674.20	  0.21
114	39	18	v	 1	 2	 1	 1	 1	 1	 2	 1	 1	 1	 1	761.26	  0.06
115	39	18	v	 1	 2	 1	 1	 1	 1	 2	 1	 1	 1	 1	943.76	  0.06
116	39	18	v	 1	 2	 1	 1	 2	 2	 2	 0	 1	 1	 1	776.72	  0.06
117	39	18	v	 1	 2	 1	 2	 2	 2	 2	 1	 2	 2	 1	1258.15	  0.06
118	39	18	v	 1	 2	 1	 2	 2	 2	 2	 1	 2	 2	 1	777.81	  0.06
119	39	18	v	 1	 2	 1	 1	 1	 1	 2	 1	 1	 2	 0	904.72	  0.06
120	39	18	v	 1	 2	 1	 2	 1	 1	 2	 0	 2	 2	 1	1419.08	  0.06
121	39	18	v	 1	 2	 1	 2	 2	 2	 2	 1	 2	 2	 1	677.21	  0.06
122	39	18	v	 1	 2	 1	 1	 2	 2	 2	 0	 1	 1	 1	446.25	  0.06
123	39	18	v	 1	 2	 1	 2	 2	 2	 2	 1	 2	 2	 1	774.12	  0.08
124	39	18	v	 1	 2	 1	 1	 2	 2	 2	 0	 1	 1	 1	673.26	  0.06
125	39	18	v	 1	 2	 1	 1	 2	 2	 2	 0	 1	 1	 1	673.99	  0.06
126	39	18	v	 1	 2	 1	 1	 1	 1	 2	 1	 1	 1	 1	435.22	  0.06
127	39	18	v	 1	 2	 1	 2	 2	 2	 2	 1	 2	 2	 1	676.43	  0.23
128	39	18	v	 1	 2	 1	 2	 1	 1	 2	 0	 2	 2	 1	679.65	  0.10
129	39	18	v	 1	 2	 1	 2	 2	 2	 2	 1	 2	 2	 1	427.48	  0.08
130	39	18	v	 1	 2	 1	 2	 2	 2	 2	 1	 2	 2	 1	452.94	  0.06
131	39	18	v	 1	 2	 1	 1	 2	 2	 2	 0	 1	 1	 1	467.70	  0.12
132	39	18	v	 1	 2	 1	 1	 1	 1	 2	 1	 1	 1	 1	1078.98	  0.06
133	39	18	v	 1	 2	 1	 2	 1	 1	 2	 0	 2	 2	 1	668.42	  0.06
134	39	18	v	 1	 2	 1	 1	 1	 1	 2	 1	 1	 2	 0	602.23	  0.10
135	39	18	v	 1	 2	 1	 2	 1	 1	 2	 0	 2	 2	 1	377.81	  0.08
136	39	18	v	 1	 2	 1	 1	 1	 1	 2	 1	 1	 1	 1	1630.49	  0.06
137	39	18	v	 1	 2	 1	 1	 1	 1	 2	 1	 1	 1	 1	652.35	  0.06
138	39	18	v	 1	 2	 1	 1	 2	 2	 2	 0	 1	 1	 1	678.58	  0.08
139	39	18	v	 1	 2	 1	 1	 1	 1	 2	 1	 1	 1	 1	433.27	  0.06
140	39	18	v	 1	 2	 1	 2	 1	 1	 2	 0	 2	 2	 1	583.24	  0.06
141	39	18	v	 1	 2	 1	 1	 2	 2	 2	 0	 1	 1	 1	555.57	  0.07
142	39	18	v	 1	 2	 1	 2	 2	 2	 2	 1	 2	 1	 0	505.76	  0.06
143	39	18	v	 1	 2	 1	 1	 2	 2	 2	 0	 1	 1	 1	815.83	  0.06
144	39	18	v	 1	 2	 1	 1	 2	 2	 2	 0	 1	 1	 1	1175.25	  0.10
145	39	18	v	 1	 2	 1	 2	 1	 1	 2	 0	 2	 2	 1	442.70	  0.06
146	39	18	v	 1	 2	 1	 2	 1	 1	 2	 0	 2	 2	 1	1389.01	  0.07
147	39	18	v	 1	 2	 1	 2	 1	 1	 2	 0	 2	 2	 1	700.23	  0.09
148	39	18	v	 1	 2	 1	 1	 1	 1	 2	 1	 1	 0	 0	2000.19	  0.00
149	39	18	v	 1	 2	 1	 2	 2	 2	 2	 1	 2	 2	 1	643.38	  0.07
150	39	18	v	 1	 2	 1	 1	 2	 2	 2	 0	 1	 1	 1	560.87	  0.06
151	39	18	v	 1	 2	 1	 1	 1	 1	 2	 1	 1	 1	 1	561.18	  0.06
152	39	18	v	 1	 2	 1	 2	 1	 1	 2	 0	 2	 2	 1	526.67	  0.06
153	39	18	v	 1	 2	 1	 2	 1	 1	 2	 0	 2	 2	 1	613.28	  0.20
154	39	18	v	 1	 2	 1	 1	 2	 2	 2	 0	 1	 1	 1	778.99	  0.06
155	39	18	v	 1	 2	 1	 2	 1	 1	 2	 0	 2	 2	 1	660.86	  0.08
156	39	18	v	 1	 2	 1	 2	 1	 1	 2	 0	 2	 2	 1	1500.96	  0.06
157	39	18	v	 1	 2	 1	 2	 2	 2	 2	 1	 2	 2	 1	566.78	  0.06
158	39	18	v	 1	 2	 1	 2	 2	 2	 2	 1	 2	 2	 1	687.31	  0.06
159	39	18	v	 1	 2	 1	 1	 2	 2	 2	 0	 1	 1	 1	532.33	  0.06
160	39	18	v	 1	 2	 1	 2	 1	 1	 2	 0	 2	 2	 1	582.22	  0.06
161	39	18	v	 1	 2	 1	 1	 1	 1	 2	 1	 1	 1	 1	718.70	  0.06
162	39	18	v	 1	 2	 1	 1	 1	 1	 2	 1	 1	 1	 1	953.27	  0.06
163	39	18	v	 1	 2	 1	 2	 1	 1	 2	 0	 2	 2	 1	847.28	  0.08
164	39	18	v	 1	 2	 1	 1	 2	 2	 2	 0	 1	 1	 1	791.24	  0.08
165	39	18	v	 1	 2	 1	 2	 2	 2	 2	 1	 2	 2	 1	763.39	  0.10
166	39	18	v	 1	 2	 1	 1	 1	 1	 2	 1	 1	 1	 1	991.68	  0.06
167	39	18	v	 1	 2	 1	 2	 1	 1	 2	 0	 2	 2	 1	1135.12	  0.06
168	39	18	v	 1	 2	 1	 1	 2	 2	 2	 0	 1	 1	 1	1143.53	  0.06
169	39	18	v	 1	 2	 1	 1	 1	 1	 2	 1	 1	 1	 1	1841.29	  0.08
170	39	18	v	 1	 2	 1	 1	 2	 2	 2	 0	 1	 1	 1	780.98	  0.20
171	39	18	v	 1	 2	 1	 1	 1	 1	 2	 1	 1	 1	 1	538.35	  0.06
172	39	18	v	 1	 2	 1	 2	 1	 1	 2	 0	 2	 2	 1	758.86	  0.06
173	39	18	v	 1	 2	 1	 1	 2	 2	 2	 0	 1	 1	 1	578.03	  0.06
174	39	18	v	 1	 2	 1	 2	 1	 1	 2	 0	 2	 1	 0	539.82	  0.08
175	39	18	v	 1	 2	 1	 1	 2	 2	 2	 0	 1	 1	 1	666.17	  0.07
176	39	18	v	 1	 2	 1	 1	 2	 2	 2	 0	 1	 1	 1	648.76	  0.24
177	39	18	v	 1	 2	 1	 1	 2	 2	 2	 0	 1	 0	 0	2000.12	  0.00
178	39	18	v	 1	 2	 1	 1	 2	 2	 2	 0	 1	 1	 1	650.39	  0.06
179	39	18	v	 1	 2	 1	 2	 1	 1	 2	 0	 2	 2	 1	1091.92	  0.06
180	39	18	v	 1	 2	 1	 1	 1	 1	 2	 1	 1	 1	 1	1693.06	  0.06
181	39	18	v	 1	 2	 1	 2	 2	 2	 2	 1	 2	 2	 1	1491.82	  0.06
182	39	18	v	 1	 2	 1	 2	 2	 2	 2	 1	 2	 2	 1	737.76	  0.06
183	39	18	v	 1	 2	 1	 1	 1	 1	 2	 1	 1	 1	 1	512.03	  0.06
184	39	18	v	 1	 2	 1	 1	 2	 2	 2	 0	 1	 1	 1	746.78	  0.07
185	39	18	v	 1	 2	 1	 2	 1	 1	 2	 0	 2	 2	 1	624.17	  0.06
186	39	18	v	 1	 2	 1	 2	 2	 2	 2	 1	 2	 2	 1	816.03	  0.06
187	39	18	v	 1	 2	 1	 2	 1	 1	 2	 0	 2	 2	 1	746.89	  0.06
188	39	18	v	 1	 2	 1	 1	 2	 2	 2	 0	 1	 1	 1	942.97	  0.24
189	39	18	v	 1	 2	 1	 1	 1	 1	 2	 1	 1	 1	 1	1348.39	  0.09
190	39	18	v	 1	 2	 1	 1	 1	 1	 2	 1	 1	 1	 1	1316.73	  0.06
191	39	18	v	 1	 2	 1	 2	 2	 2	 2	 1	 2	 2	 1	750.74	  0.06
192	39	18	v	 1	 2	 2	 1	 1	 2	 1	 1	 1	 1	 1	510.03	  0.06
193	39	18	v	 1	 2	 2	 1	 1	 2	 1	 1	 1	 1	 1	450.38	  0.10
194	39	18	v	 1	 2	 2	 2	 1	 2	 1	 0	 2	 2	 1	387.36	  0.06
195	39	18	v	 1	 2	 2	 1	 2	 1	 1	 0	 1	 1	 1	841.79	  0.10
196	39	18	v	 1	 2	 2	 2	 1	 2	 1	 0	 2	 2	 1	612.18	  0.06
197	39	18	v	 1	 2	 2	 1	 2	 1	 1	 0	 1	 1	 1	418.12	  0.06
198	39	18	v	 1	 2	 2	 1	 2	 1	 1	 0	 1	 1	 1	697.84	  0.06
199	39	18	v	 1	 2	 2	 2	 2	 1	 1	 1	 2	 2	 1	1246.16	  0.09
200	39	18	v	 1	 2	 2	 1	 1	 2	 1	 1	 1	 2	 0	 14.02	  0.07
201	39	18	v	 1	 2	 2	 1	 1	 2	 1	 1	 1	 2	 0	1416.49	  0.09
202	39	18	v	 1	 2	 2	 2	 2	 1	 1	 1	 2	 2	 1	586.98	  0.06
203	39	18	v	 1	 2	 2	 1	 1	 2	 1	 1	 1	 1	 1	640.30	  0.08
204	39	18	v	 1	 2	 2	 1	 1	 2	 1	 1	 1	 1	 1	598.02	  0.06
205	39	18	v	 1	 2	 2	 2	 1	 2	 1	 0	 2	 2	 1	504.22	  0.20
206	39	18	v	 1	 2	 2	 1	 2	 1	 1	 0	 1	 1	 1	641.71	  0.06
207	39	18	v	 1	 2	 2	 2	 1	 2	 1	 0	 2	 0	 0	2000.18	  0.00
208	39	18	v	 1	 2	 2	 2	 1	 2	 1	 0	 2	 2	 1	620.93	  0.06
209	39	18	v	 1	 2	 2	 2	 1	 2	 1	 0	 2	 2	 1	634.36	  0.11
210	39	18	v	 1	 2	 2	 1	 1	 2	 1	 1	 1	 1	 1	1234.63	  0.06
211	39	18	v	 1	 2	 2	 2	 2	 1	 1	 1	 2	 2	 1	623.17	  0.06
212	39	18	v	 1	 2	 2	 1	 2	 1	 1	 0	 1	 1	 1	628.82	  0.06
213	39	18	v	 1	 2	 2	 2	 1	 2	 1	 0	 2	 2	 1	647.23	  0.06
214	39	18	v	 1	 2	 2	 2	 2	 1	 1	 1	 2	 2	 1	538.33	  0.08
215	39	18	v	 1	 2	 2	 2	 1	 2	 1	 0	 2	 2	 1	471.48	  0.06
216	39	18	v	 1	 2	 2	 1	 1	 2	 1	 1	 1	 1	 1	502.26	  0.06
217	39	18	v	 1	 2	 2	 2	 2	 1	 1	 1	 2	 2	 1	655.72	  0.07
218	39	18	v	 1	 2	 2	 2	 2	 1	 1	 1	 2	 2	 1	982.93	  0.06
219	39	18	v	 1	 2	 2	 1	 2	 1	 1	 0	 1	 1	 1	523.01	  0.09
220	39	18	v	 1	 2	 2	 1	 2	 1	 1	 0	 1	 2	 0	1832.15	  0.06
221	39	18	v	 1	 2	 2	 2	 1	 2	 1	 0	 2	 2	 1	492.73	  0.08
222	39	18	v	 1	 2	 2	 2	 2	 1	 1	 1	 2	 2	 1	429.55	  0.11
223	39	18	v	 1	 2	 2	 1	 2	 1	 1	 0	 1	 1	 1	531.94	  0.06
224	39	18	v	 1	 2	 2	 2	 1	 2	 1	 0	 2	 2	 1	520.89	  0.06
225	39	18	v	 1	 2	 2	 2	 2	 1	 1	 1	 2	 2	 1	982.91	  0.06
226	39	18	v	 1	 2	 2	 2	 2	 1	 1	 1	 2	 2	 1	440.52	  0.06
227	39	18	v	 1	 2	 2	 2	 1	 2	 1	 0	 2	 2	 1	504.20	  0.06
228	39	18	v	 1	 2	 2	 1	 1	 2	 1	 1	 1	 1	 1	862.47	  0.07
229	39	18	v	 1	 2	 2	 1	 1	 2	 1	 1	 1	 1	 1	578.77	  0.10
230	39	18	v	 1	 2	 2	 1	 1	 2	 1	 1	 1	 0	 0	2000.19	  0.00
231	39	18	v	 1	 2	 2	 2	 1	 2	 1	 0	 2	 2	 1	680.14	  0.06
232	39	18	v	 1	 2	 2	 2	 2	 1	 1	 1	 2	 2	 1	1260.40	  0.11
233	39	18	v	 1	 2	 2	 1	 2	 1	 1	 0	 1	 0	 0	2000.22	  0.00
234	39	18	v	 1	 2	 2	 2	 1	 2	 1	 0	 2	 0	 0	2000.20	  0.00
235	39	18	v	 1	 2	 2	 2	 2	 1	 1	 1	 2	 2	 1	806.06	  0.06
236	39	18	v	 1	 2	 2	 1	 2	 1	 1	 0	 1	 1	 1	665.53	  0.07
237	39	18	v	 1	 2	 2	 2	 1	 2	 1	 0	 2	 2	 1	 65.52	  0.10
238	39	18	v	 1	 2	 2	 1	 1	 2	 1	 1	 1	 1	 1	556.55	  0.06
239	39	18	v	 1	 2	 2	 1	 1	 2	 1	 1	 1	 1	 1	600.68	  0.06
240	39	18	v	 1	 2	 2	 2	 2	 1	 1	 1	 2	 2	 1	477.92	  0.06
241	39	18	v	 1	 2	 2	 2	 2	 1	 1	 1	 2	 2	 1	533.68	  0.06
242	39	18	v	 1	 2	 2	 1	 1	 2	 1	 1	 1	 2	 0	  6.67	  0.06
243	39	18	v	 1	 2	 2	 2	 1	 2	 1	 0	 2	 2	 1	275.38	  0.06
244	39	18	v	 1	 2	 2	 2	 2	 1	 1	 1	 2	 2	 1	540.48	  0.06
245	39	18	v	 1	 2	 2	 1	 1	 2	 1	 1	 1	 1	 1	544.00	  0.06
246	39	18	v	 1	 2	 2	 1	 2	 1	 1	 0	 1	 1	 1	492.90	  0.08
247	39	18	v	 1	 2	 2	 2	 2	 1	 1	 1	 2	 2	 1	565.64	  0.06
248	39	18	v	 1	 2	 2	 2	 1	 2	 1	 0	 2	 2	 1	624.52	  0.06
249	39	18	v	 1	 2	 2	 1	 2	 1	 1	 0	 1	 1	 1	636.09	  0.06
250	39	18	v	 1	 2	 2	 2	 1	 2	 1	 0	 2	 2	 1	554.27	  0.06
251	39	18	v	 1	 2	 2	 1	 1	 2	 1	 1	 1	 1	 1	721.93	  0.06
252	39	18	v	 1	 2	 2	 2	 1	 2	 1	 0	 2	 2	 1	612.48	  0.06
253	39	18	v	 1	 2	 2	 1	 1	 2	 1	 1	 1	 1	 1	776.62	  0.06
254	39	18	v	 1	 2	 2	 1	 1	 2	 1	 1	 1	 1	 1	543.78	  0.06
255	39	18	v	 1	 2	 2	 1	 2	 1	 1	 0	 1	 0	 0	2000.16	  0.00
256	39	18	v	 1	 2	 2	 1	 2	 1	 1	 0	 1	 1	 1	918.16	  0.07
257	39	18	v	 1	 2	 2	 2	 2	 1	 1	 1	 2	 2	 1	1383.83	  0.11
258	39	18	v	 1	 2	 2	 2	 2	 1	 1	 1	 2	 2	 1	836.59	  0.06
259	39	18	v	 1	 2	 2	 2	 1	 2	 1	 0	 2	 2	 1	1291.36	  0.06
260	39	18	v	 1	 2	 2	 1	 2	 1	 1	 0	 1	 1	 1	731.02	  0.06
261	39	18	v	 1	 2	 2	 1	 2	 1	 1	 0	 1	 0	 0	2000.28	  0.00
262	39	18	v	 1	 2	 2	 1	 1	 2	 1	 1	 1	 1	 1	946.20	  0.10
263	39	18	v	 1	 2	 2	 2	 2	 1	 1	 1	 2	 2	 1	839.65	  0.06
264	39	18	v	 1	 2	 2	 1	 2	 1	 1	 0	 1	 1	 1	696.50	  0.06
265	39	18	v	 1	 2	 2	 1	 1	 2	 1	 1	 1	 1	 1	1325.49	  0.06
266	39	18	v	 1	 2	 2	 1	 2	 1	 1	 0	 1	 1	 1	1035.85	  0.06
267	39	18	v	 1	 2	 2	 2	 2	 1	 1	 1	 2	 1	 0	980.40	  0.06
268	39	18	v	 1	 2	 2	 1	 1	 2	 1	 1	 1	 1	 1	755.01	  0.06
269	39	18	v	 1	 2	 2	 1	 2	 1	 1	 0	 1	 1	 1	1643.97	  0.06
270	39	18	v	 1	 2	 2	 2	 2	 1	 1	 1	 2	 2	 1	634.60	  0.06
271	39	18	v	 1	 2	 2	 1	 2	 1	 1	 0	 1	 1	 1	490.15	  0.06
272	39	18	v	 1	 2	 2	 1	 2	 1	 1	 0	 1	 1	 1	806.67	  0.06
273	39	18	v	 1	 2	 2	 2	 2	 1	 1	 1	 2	 0	 0	2000.20	  0.00
274	39	18	v	 1	 2	 2	 2	 1	 2	 1	 0	 2	 2	 1	965.34	  0.06
275	39	18	v	 1	 2	 2	 2	 1	 2	 1	 0	 2	 1	 0	897.59	  0.06
276	39	18	v	 1	 2	 2	 2	 1	 2	 1	 0	 2	 1	 0	439.62	  0.08
277	39	18	v	 1	 2	 2	 1	 1	 2	 1	 1	 1	 1	 1	1108.40	  0.06
278	39	18	v	 1	 2	 2	 1	 1	 2	 1	 1	 1	 1	 1	1014.61	  0.08
279	39	18	v	 1	 2	 2	 2	 2	 1	 1	 1	 2	 2	 1	570.69	  0.06
280	39	18	v	 1	 2	 2	 2	 1	 2	 1	 0	 2	 2	 1	554.14	  0.06
281	39	18	v	 1	 2	 2	 1	 1	 2	 1	 1	 1	 1	 1	551.96	  0.06
282	39	18	v	 1	 2	 2	 2	 2	 1	 1	 1	 2	 2	 1	524.51	  0.06
283	39	18	v	 1	 2	 2	 1	 2	 1	 1	 0	 1	 1	 1	586.52	  0.07
284	39	18	v	 1	 2	 2	 1	 2	 1	 1	 0	 1	 1	 1	442.54	  0.06
285	39	18	v	 1	 2	 2	 2	 2	 1	 1	 1	 2	 2	 1	1035.62	  0.06
286	39	18	v	 1	 2	 2	 1	 2	 1	 1	 0	 1	 1	 1	838.67	  0.06
287	39	18	v	 1	 2	 2	 2	 1	 2	 1	 0	 2	 2	 1	638.17	  0.09
288	39	18	v	 1	 2	 3	 1	 2	 2	 2	 0	 1	 1	 1	422.28	  0.06
289	39	18	v	 1	 2	 3	 2	 1	 1	 2	 0	 2	 2	 1	448.33	  0.07
290	39	18	v	 1	 2	 3	 2	 2	 2	 2	 1	 2	 2	 1	819.08	  0.06
291	39	18	v	 1	 2	 3	 1	 2	 2	 2	 0	 1	 1	 1	469.64	  0.07
292	39	18	v	 1	 2	 3	 1	 1	 1	 2	 1	 1	 2	 0	 43.51	  0.07
293	39	18	v	 1	 2	 3	 1	 1	 1	 2	 1	 1	 1	 1	670.35	  0.06
294	39	18	v	 1	 2	 3	 2	 2	 2	 2	 1	 2	 2	 1	384.60	  0.06
295	39	18	v	 1	 2	 3	 1	 2	 2	 2	 0	 1	 1	 1	743.85	  0.06
296	39	18	v	 1	 2	 3	 2	 2	 2	 2	 1	 2	 2	 1	635.67	  0.06
297	39	18	v	 1	 2	 3	 1	 1	 1	 2	 1	 1	 1	 1	714.52	  0.06
298	39	18	v	 1	 2	 3	 2	 1	 1	 2	 0	 2	 2	 1	614.82	  0.06
299	39	18	v	 1	 2	 3	 2	 2	 2	 2	 1	 2	 2	 1	721.95	  0.06
300	39	18	v	 1	 2	 3	 1	 1	 1	 2	 1	 1	 1	 1	821.68	  0.08
301	39	18	v	 1	 2	 3	 2	 1	 1	 2	 0	 2	 2	 1	613.59	  0.09
302	39	18	v	 1	 2	 3	 2	 2	 2	 2	 1	 2	 1	 0	437.25	  0.06
303	39	18	v	 1	 2	 3	 1	 2	 2	 2	 0	 1	 1	 1	858.58	  0.06
304	39	18	v	 1	 2	 3	 2	 2	 2	 2	 1	 2	 2	 1	749.15	  0.07
305	39	18	v	 1	 2	 3	 2	 2	 2	 2	 1	 2	 2	 1	656.56	  0.06
306	39	18	v	 1	 2	 3	 1	 2	 2	 2	 0	 1	 1	 1	952.67	  0.08
307	39	18	v	 1	 2	 3	 1	 2	 2	 2	 0	 1	 1	 1	949.68	  0.06
308	39	18	v	 1	 2	 3	 2	 2	 2	 2	 1	 2	 2	 1	1063.10	  0.06
309	39	18	v	 1	 2	 3	 2	 2	 2	 2	 1	 2	 2	 1	357.66	  0.07
310	39	18	v	 1	 2	 3	 2	 2	 2	 2	 1	 2	 2	 1	536.06	  0.06
311	39	18	v	 1	 2	 3	 1	 2	 2	 2	 0	 1	 1	 1	774.03	  0.07
312	39	18	v	 1	 2	 3	 2	 1	 1	 2	 0	 2	 2	 1	1051.45	  0.06
313	39	18	v	 1	 2	 3	 2	 2	 2	 2	 1	 2	 2	 1	637.69	  0.19
314	39	18	v	 1	 2	 3	 1	 1	 1	 2	 1	 1	 1	 1	892.77	  0.06
315	39	18	v	 1	 2	 3	 1	 1	 1	 2	 1	 1	 1	 1	1108.93	  0.06
316	39	18	v	 1	 2	 3	 1	 2	 2	 2	 0	 1	 1	 1	702.77	  0.07
317	39	18	v	 1	 2	 3	 2	 2	 2	 2	 1	 2	 2	 1	405.79	  0.10
318	39	18	v	 1	 2	 3	 1	 2	 2	 2	 0	 1	 1	 1	541.15	  0.21
319	39	18	v	 1	 2	 3	 1	 1	 1	 2	 1	 1	 1	 1	782.84	  0.06
320	39	18	v	 1	 2	 3	 2	 1	 1	 2	 0	 2	 2	 1	517.24	  0.22
321	39	18	v	 1	 2	 3	 1	 1	 1	 2	 1	 1	 1	 1	592.37	  0.06
322	39	18	v	 1	 2	 3	 2	 1	 1	 2	 0	 2	 2	 1	575.04	  0.09
323	39	18	v	 1	 2	 3	 1	 2	 2	 2	 0	 1	 0	 0	2000.16	  0.00
324	39	18	v	 1	 2	 3	 1	 2	 2	 2	 0	 1	 1	 1	990.35	  0.06
325	39	18	v	 1	 2	 3	 2	 2	 2	 2	 1	 2	 2	 1	457.38	  0.06
326	39	18	v	 1	 2	 3	 1	 2	 2	 2	 0	 1	 1	 1	572.74	  0.06
327	39	18	v	 1	 2	 3	 2	 1	 1	 2	 0	 2	 2	 1	1081.34	  0.06
328	39	18	v	 1	 2	 3	 2	 1	 1	 2	 0	 2	 0	 0	2000.13	  0.00
329	39	18	v	 1	 2	 3	 1	 2	 2	 2	 0	 1	 0	 0	2000.16	  0.00
330	39	18	v	 1	 2	 3	 1	 1	 1	 2	 1	 1	 1	 1	723.90	  0.08
331	39	18	v	 1	 2	 3	 2	 2	 2	 2	 1	 2	 2	 1	626.57	  0.06
332	39	18	v	 1	 2	 3	 2	 1	 1	 2	 0	 2	 2	 1	651.63	  0.06
333	39	18	v	 1	 2	 3	 1	 2	 2	 2	 0	 1	 1	 1	490.00	  0.06
334	39	18	v	 1	 2	 3	 1	 2	 2	 2	 0	 1	 1	 1	829.77	  0.07
335	39	18	v	 1	 2	 3	 1	 2	 2	 2	 0	 1	 1	 1	809.17	  0.07
336	39	18	v	 1	 2	 3	 2	 1	 1	 2	 0	 2	 2	 1	839.37	  0.06
337	39	18	v	 1	 2	 3	 2	 1	 1	 2	 0	 2	 1	 0	494.55	  0.06
338	39	18	v	 1	 2	 3	 2	 1	 1	 2	 0	 2	 2	 1	687.48	  0.06
339	39	18	v	 1	 2	 3	 1	 1	 1	 2	 1	 1	 1	 1	528.17	  0.06
340	39	18	v	 1	 2	 3	 1	 2	 2	 2	 0	 1	 1	 1	609.66	  0.22
341	39	18	v	 1	 2	 3	 1	 2	 2	 2	 0	 1	 1	 1	779.06	  0.10
342	39	18	v	 1	 2	 3	 1	 1	 1	 2	 1	 1	 1	 1	689.09	  0.06
343	39	18	v	 1	 2	 3	 2	 2	 2	 2	 1	 2	 2	 1	665.32	  0.06
344	39	18	v	 1	 2	 3	 1	 1	 1	 2	 1	 1	 1	 1	900.25	  0.06
345	39	18	v	 1	 2	 3	 2	 1	 1	 2	 0	 2	 2	 1	711.38	  0.06
346	39	18	v	 1	 2	 3	 2	 2	 2	 2	 1	 2	 2	 1	1072.98	  0.06
347	39	18	v	 1	 2	 3	 1	 1	 1	 2	 1	 1	 1	 1	575.73	  0.19
348	39	18	v	 1	 2	 3	 2	 2	 2	 2	 1	 2	 2	 1	703.00	  0.14
349	39	18	v	 1	 2	 3	 2	 1	 1	 2	 0	 2	 2	 1	1238.27	  0.06
350	39	18	v	 1	 2	 3	 2	 1	 1	 2	 0	 2	 2	 1	1191.62	  0.07
351	39	18	v	 1	 2	 3	 1	 1	 1	 2	 1	 1	 1	 1	1141.53	  0.06
352	39	18	v	 1	 2	 3	 1	 2	 2	 2	 0	 1	 1	 1	736.99	  0.06
353	39	18	v	 1	 2	 3	 2	 1	 1	 2	 0	 2	 2	 1	702.92	  0.07
354	39	18	v	 1	 2	 3	 1	 1	 1	 2	 1	 1	 1	 1	833.13	  0.06
355	39	18	v	 1	 2	 3	 1	 2	 2	 2	 0	 1	 1	 1	591.64	  0.08
356	39	18	v	 1	 2	 3	 2	 1	 1	 2	 0	 2	 2	 1	670.18	  0.06
357	39	18	v	 1	 2	 3	 2	 2	 2	 2	 1	 2	 2	 1	1372.22	  0.07
358	39	18	v	 1	 2	 3	 1	 1	 1	 2	 1	 1	 1	 1	625.73	  0.10
359	39	18	v	 1	 2	 3	 2	 1	 1	 2	 0	 2	 2	 1	708.08	  0.07
360	39	18	v	 1	 2	 3	 1	 1	 1	 2	 1	 1	 1	 1	657.07	  0.06
361	39	18	v	 1	 2	 3	 1	 1	 1	 2	 1	 1	 1	 1	568.20	  0.06
362	39	18	v	 1	 2	 3	 2	 2	 2	 2	 1	 2	 2	 1	383.43	  0.06
363	39	18	v	 1	 2	 3	 2	 1	 1	 2	 0	 2	 2	 1	622.62	  0.06
364	39	18	v	 1	 2	 3	 2	 1	 1	 2	 0	 2	 2	 1	611.89	  0.19
365	39	18	v	 1	 2	 3	 1	 2	 2	 2	 0	 1	 1	 1	625.02	  0.06
366	39	18	v	 1	 2	 3	 1	 1	 1	 2	 1	 1	 1	 1	700.78	  0.09
367	39	18	v	 1	 2	 3	 1	 2	 2	 2	 0	 1	 1	 1	567.86	  0.06
368	39	18	v	 1	 2	 3	 2	 1	 1	 2	 0	 2	 0	 0	2000.24	  0.00
369	39	18	v	 1	 2	 3	 2	 2	 2	 2	 1	 2	 2	 1	1193.30	  0.08
370	39	18	v	 1	 2	 3	 2	 1	 1	 2	 0	 2	 2	 1	697.20	  0.06
371	39	18	v	 1	 2	 3	 1	 2	 2	 2	 0	 1	 1	 1	742.79	  0.06
372	39	18	v	 1	 2	 3	 1	 1	 1	 2	 1	 1	 1	 1	843.62	  0.08
373	39	18	v	 1	 2	 3	 2	 1	 1	 2	 0	 2	 2	 1	725.05	  0.13
374	39	18	v	 1	 2	 3	 2	 2	 2	 2	 1	 2	 1	 0	896.09	  0.20
375	39	18	v	 1	 2	 3	 2	 2	 2	 2	 1	 2	 1	 0	984.88	  0.06
376	39	18	v	 1	 2	 3	 1	 1	 1	 2	 1	 1	 2	 0	1150.78	  0.06
377	39	18	v	 1	 2	 3	 1	 1	 1	 2	 1	 1	 1	 1	1214.59	  0.06
378	39	18	v	 1	 2	 3	 2	 2	 2	 2	 1	 2	 2	 1	701.29	  0.06
379	39	18	v	 1	 2	 3	 2	 1	 1	 2	 0	 2	 2	 1	1910.78	  0.06
380	39	18	v	 1	 2	 3	 1	 1	 1	 2	 1	 1	 1	 1	738.70	  0.08
381	39	18	v	 1	 2	 3	 1	 2	 2	 2	 0	 1	 1	 1	774.57	  0.06
382	39	18	v	 1	 2	 3	 1	 1	 1	 2	 1	 1	 1	 1	611.74	  0.07
383	39	18	v	 1	 2	 3	 2	 2	 2	 2	 1	 2	 2	 1	970.50	  0.06
