00	29	18	v	 1	 2	 0	 2	 2	 1	 1	 1	 2	 2	 1	541.64	  0.06
01	29	18	v	 1	 2	 0	 2	 1	 2	 1	 0	 2	 2	 1	1090.64	  0.06
02	29	18	v	 1	 2	 0	 1	 1	 2	 1	 1	 1	 1	 1	693.78	  0.06
03	29	18	v	 1	 2	 0	 2	 2	 1	 1	 1	 2	 2	 1	562.38	  0.06
04	29	18	v	 1	 2	 0	 1	 2	 1	 1	 0	 1	 1	 1	567.44	  0.06
05	29	18	v	 1	 2	 0	 1	 2	 1	 1	 0	 1	 1	 1	1060.73	  0.06
06	29	18	v	 1	 2	 0	 1	 1	 2	 1	 1	 1	 1	 1	465.72	  0.06
07	29	18	v	 1	 2	 0	 1	 1	 2	 1	 1	 1	 1	 1	447.64	  0.06
08	29	18	v	 1	 2	 0	 2	 2	 1	 1	 1	 2	 2	 1	430.19	  0.20
09	29	18	v	 1	 2	 0	 2	 2	 1	 1	 1	 2	 2	 1	429.63	  0.06
10	29	18	v	 1	 2	 0	 2	 2	 1	 1	 1	 2	 2	 1	526.91	  0.06
11	29	18	v	 1	 2	 0	 2	 2	 1	 1	 1	 2	 2	 1	493.86	  0.06
12	29	18	v	 1	 2	 0	 1	 2	 1	 1	 0	 1	 1	 1	512.44	  0.07
13	29	18	v	 1	 2	 0	 2	 2	 1	 1	 1	 2	 1	 0	472.96	  0.06
14	29	18	v	 1	 2	 0	 2	 1	 2	 1	 0	 2	 2	 1	498.52	  0.06
15	29	18	v	 1	 2	 0	 1	 1	 2	 1	 1	 1	 1	 1	693.38	  0.06
16	29	18	v	 1	 2	 0	 2	 1	 2	 1	 0	 2	 2	 1	476.18	  0.06
17	29	18	v	 1	 2	 0	 1	 2	 1	 1	 0	 1	 1	 1	605.18	  0.06
18	29	18	v	 1	 2	 0	 1	 1	 2	 1	 1	 1	 1	 1	597.79	  0.06
19	29	18	v	 1	 2	 0	 2	 1	 2	 1	 0	 2	 2	 1	505.93	  0.06
20	29	18	v	 1	 2	 0	 1	 2	 1	 1	 0	 1	 1	 1	537.77	  0.06
21	29	18	v	 1	 2	 0	 2	 1	 2	 1	 0	 2	 2	 1	443.59	  0.06
22	29	18	v	 1	 2	 0	 1	 2	 1	 1	 0	 1	 1	 1	519.80	  0.06
23	29	18	v	 1	 2	 0	 2	 1	 2	 1	 0	 2	 1	 0	561.33	  0.19
24	29	18	v	 1	 2	 0	 2	 2	 1	 1	 1	 2	 2	 1	526.09	  0.06
25	29	18	v	 1	 2	 0	 1	 2	 1	 1	 0	 1	 1	 1	563.53	  0.06
26	29	18	v	 1	 2	 0	 2	 2	 1	 1	 1	 2	 1	 0	315.57	  0.06
27	29	18	v	 1	 2	 0	 1	 1	 2	 1	 1	 1	 1	 1	598.12	  0.06
28	29	18	v	 1	 2	 0	 2	 1	 2	 1	 0	 2	 1	 0	490.17	  0.06
29	29	18	v	 1	 2	 0	 1	 1	 2	 1	 1	 1	 1	 1	550.15	  0.06
30	29	18	v	 1	 2	 0	 2	 1	 2	 1	 0	 2	 1	 0	493.06	  0.06
31	29	18	v	 1	 2	 0	 1	 1	 2	 1	 1	 1	 1	 1	511.89	  0.08
32	29	18	v	 1	 2	 0	 2	 2	 1	 1	 1	 2	 2	 1	558.13	  0.06
33	29	18	v	 1	 2	 0	 1	 1	 2	 1	 1	 1	 1	 1	990.65	  0.06
34	29	18	v	 1	 2	 0	 2	 2	 1	 1	 1	 2	 2	 1	474.46	  0.12
35	29	18	v	 1	 2	 0	 1	 1	 2	 1	 1	 1	 1	 1	523.61	  0.06
36	29	18	v	 1	 2	 0	 2	 2	 1	 1	 1	 2	 2	 1	506.40	  0.06
37	29	18	v	 1	 2	 0	 1	 2	 1	 1	 0	 1	 1	 1	507.72	  0.12
38	29	18	v	 1	 2	 0	 1	 1	 2	 1	 1	 1	 1	 1	509.20	  0.10
39	29	18	v	 1	 2	 0	 1	 2	 1	 1	 0	 1	 1	 1	486.97	  0.06
40	29	18	v	 1	 2	 0	 2	 2	 1	 1	 1	 2	 2	 1	513.99	  0.06
41	29	18	v	 1	 2	 0	 1	 2	 1	 1	 0	 1	 1	 1	1010.09	  0.07
42	29	18	v	 1	 2	 0	 1	 1	 2	 1	 1	 1	 1	 1	496.19	  0.06
43	29	18	v	 1	 2	 0	 2	 2	 1	 1	 1	 2	 2	 1	440.39	  0.06
44	29	18	v	 1	 2	 0	 2	 1	 2	 1	 0	 2	 2	 1	462.22	  0.06
45	29	18	v	 1	 2	 0	 1	 2	 1	 1	 0	 1	 1	 1	397.60	  0.06
46	29	18	v	 1	 2	 0	 1	 1	 2	 1	 1	 1	 1	 1	425.61	  0.06
47	29	18	v	 1	 2	 0	 1	 2	 1	 1	 0	 1	 1	 1	459.76	  0.06
48	29	18	v	 1	 2	 0	 1	 2	 1	 1	 0	 1	 1	 1	416.96	  0.06
49	29	18	v	 1	 2	 0	 2	 1	 2	 1	 0	 2	 2	 1	385.91	  0.09
50	29	18	v	 1	 2	 0	 2	 1	 2	 1	 0	 2	 2	 1	391.55	  0.06
51	29	18	v	 1	 2	 0	 2	 2	 1	 1	 1	 2	 2	 1	427.06	  0.07
52	29	18	v	 1	 2	 0	 2	 2	 1	 1	 1	 2	 1	 0	554.62	  0.07
53	29	18	v	 1	 2	 0	 1	 2	 1	 1	 0	 1	 1	 1	432.52	  0.06
54	29	18	v	 1	 2	 0	 2	 1	 2	 1	 0	 2	 2	 1	534.76	  0.06
55	29	18	v	 1	 2	 0	 1	 2	 1	 1	 0	 1	 1	 1	588.65	  0.06
56	29	18	v	 1	 2	 0	 2	 2	 1	 1	 1	 2	 1	 0	401.21	  0.07
57	29	18	v	 1	 2	 0	 2	 2	 1	 1	 1	 2	 2	 1	386.37	  0.07
58	29	18	v	 1	 2	 0	 2	 2	 1	 1	 1	 2	 2	 1	457.32	  0.06
59	29	18	v	 1	 2	 0	 2	 1	 2	 1	 0	 2	 2	 1	472.30	  0.06
60	29	18	v	 1	 2	 0	 1	 1	 2	 1	 1	 1	 1	 1	514.93	  0.06
61	29	18	v	 1	 2	 0	 1	 2	 1	 1	 0	 1	 1	 1	199.68	  0.20
62	29	18	v	 1	 2	 0	 2	 1	 2	 1	 0	 2	 2	 1	349.04	  0.06
63	29	18	v	 1	 2	 0	 1	 1	 2	 1	 1	 1	 1	 1	414.74	  0.06
64	29	18	v	 1	 2	 0	 1	 1	 2	 1	 1	 1	 1	 1	407.65	  0.06
65	29	18	v	 1	 2	 0	 2	 1	 2	 1	 0	 2	 1	 0	339.62	  0.06
66	29	18	v	 1	 2	 0	 2	 1	 2	 1	 0	 2	 2	 1	426.93	  0.21
67	29	18	v	 1	 2	 0	 1	 1	 2	 1	 1	 1	 1	 1	465.96	  0.06
68	29	18	v	 1	 2	 0	 2	 1	 2	 1	 0	 2	 2	 1	341.58	  0.11
69	29	18	v	 1	 2	 0	 1	 2	 1	 1	 0	 1	 1	 1	418.60	  0.09
70	29	18	v	 1	 2	 0	 1	 2	 1	 1	 0	 1	 1	 1	409.94	  0.06
71	29	18	v	 1	 2	 0	 2	 2	 1	 1	 1	 2	 2	 1	332.59	  0.07
72	29	18	v	 1	 2	 0	 1	 2	 1	 1	 0	 1	 1	 1	463.67	  0.06
73	29	18	v	 1	 2	 0	 1	 2	 1	 1	 0	 1	 1	 1	531.64	  0.10
74	29	18	v	 1	 2	 0	 2	 1	 2	 1	 0	 2	 2	 1	473.45	  0.06
75	29	18	v	 1	 2	 0	 1	 1	 2	 1	 1	 1	 1	 1	432.34	  0.06
76	29	18	v	 1	 2	 0	 1	 2	 1	 1	 0	 1	 1	 1	420.55	  0.06
77	29	18	v	 1	 2	 0	 2	 1	 2	 1	 0	 2	 2	 1	454.65	  0.07
78	29	18	v	 1	 2	 0	 2	 1	 2	 1	 0	 2	 2	 1	490.81	  0.06
79	29	18	v	 1	 2	 0	 1	 2	 1	 1	 0	 1	 1	 1	401.93	  0.06
80	29	18	v	 1	 2	 0	 2	 2	 1	 1	 1	 2	 2	 1	413.97	  0.06
81	29	18	v	 1	 2	 0	 1	 1	 2	 1	 1	 1	 1	 1	431.91	  0.06
82	29	18	v	 1	 2	 0	 1	 1	 2	 1	 1	 1	 1	 1	465.19	  0.06
83	29	18	v	 1	 2	 0	 2	 2	 1	 1	 1	 2	 2	 1	405.73	  0.06
84	29	18	v	 1	 2	 0	 2	 2	 1	 1	 1	 2	 2	 1	417.81	  0.06
85	29	18	v	 1	 2	 0	 2	 1	 2	 1	 0	 2	 2	 1	482.02	  0.06
86	29	18	v	 1	 2	 0	 1	 1	 2	 1	 1	 1	 1	 1	378.99	  0.06
87	29	18	v	 1	 2	 0	 2	 1	 2	 1	 0	 2	 2	 1	399.73	  0.06
88	29	18	v	 1	 2	 0	 1	 1	 2	 1	 1	 1	 2	 0	459.93	  0.06
89	29	18	v	 1	 2	 0	 2	 1	 2	 1	 0	 2	 2	 1	463.39	  0.10
90	29	18	v	 1	 2	 0	 2	 2	 1	 1	 1	 2	 2	 1	510.84	  0.06
91	29	18	v	 1	 2	 0	 1	 1	 2	 1	 1	 1	 1	 1	601.71	  0.06
92	29	18	v	 1	 2	 0	 2	 1	 2	 1	 0	 2	 1	 0	670.98	  0.18
93	29	18	v	 1	 2	 0	 1	 2	 1	 1	 0	 1	 1	 1	462.53	  0.06
94	29	18	v	 1	 2	 0	 1	 1	 2	 1	 1	 1	 1	 1	550.27	  0.06
95	29	18	v	 1	 2	 0	 1	 2	 1	 1	 0	 1	 1	 1	497.78	  0.06
96	29	18	v	 1	 2	 1	 1	 1	 1	 2	 1	 1	 1	 1	528.07	  0.06
97	29	18	v	 1	 2	 1	 2	 2	 2	 2	 1	 2	 1	 0	417.53	  0.06
98	29	18	v	 1	 2	 1	 1	 2	 2	 2	 0	 1	 1	 1	471.09	  0.06
99	29	18	v	 1	 2	 1	 2	 2	 2	 2	 1	 2	 1	 0	497.83	  0.07
100	29	18	v	 1	 2	 1	 2	 2	 2	 2	 1	 2	 2	 1	649.95	  0.07
101	29	18	v	 1	 2	 1	 2	 2	 2	 2	 1	 2	 2	 1	446.37	  0.06
102	29	18	v	 1	 2	 1	 1	 1	 1	 2	 1	 1	 1	 1	474.85	  0.06
103	29	18	v	 1	 2	 1	 1	 1	 1	 2	 1	 1	 1	 1	473.53	  0.20
104	29	18	v	 1	 2	 1	 1	 2	 2	 2	 0	 1	 1	 1	603.61	  0.06
105	29	18	v	 1	 2	 1	 2	 2	 2	 2	 1	 2	 1	 0	495.43	  0.06
106	29	18	v	 1	 2	 1	 2	 2	 2	 2	 1	 2	 2	 1	425.47	  0.06
107	29	18	v	 1	 2	 1	 2	 2	 2	 2	 1	 2	 2	 1	535.40	  0.07
108	29	18	v	 1	 2	 1	 1	 2	 2	 2	 0	 1	 1	 1	477.18	  0.06
109	29	18	v	 1	 2	 1	 2	 1	 1	 2	 0	 2	 2	 1	513.54	  0.06
110	29	18	v	 1	 2	 1	 1	 1	 1	 2	 1	 1	 1	 1	432.95	  0.22
111	29	18	v	 1	 2	 1	 1	 2	 2	 2	 0	 1	 1	 1	462.67	  0.06
112	29	18	v	 1	 2	 1	 2	 1	 1	 2	 0	 2	 2	 1	490.66	  0.06
113	29	18	v	 1	 2	 1	 1	 1	 1	 2	 1	 1	 1	 1	484.40	  0.07
114	29	18	v	 1	 2	 1	 2	 1	 1	 2	 0	 2	 1	 0	246.64	  0.06
115	29	18	v	 1	 2	 1	 2	 2	 2	 2	 1	 2	 2	 1	477.26	  0.06
116	29	18	v	 1	 2	 1	 1	 2	 2	 2	 0	 1	 1	 1	540.90	  0.08
117	29	18	v	 1	 2	 1	 1	 2	 2	 2	 0	 1	 1	 1	500.29	  0.06
118	29	18	v	 1	 2	 1	 1	 1	 1	 2	 1	 1	 1	 1	418.51	  0.22
119	29	18	v	 1	 2	 1	 2	 1	 1	 2	 0	 2	 2	 1	513.12	  0.07
120	29	18	v	 1	 2	 1	 2	 1	 1	 2	 0	 2	 2	 1	571.10	  0.06
121	29	18	v	 1	 2	 1	 2	 2	 2	 2	 1	 2	 2	 1	432.51	  0.06
122	29	18	v	 1	 2	 1	 1	 1	 1	 2	 1	 1	 1	 1	455.45	  0.06
123	29	18	v	 1	 2	 1	 2	 1	 1	 2	 0	 2	 2	 1	636.65	  0.06
124	29	18	v	 1	 2	 1	 2	 1	 1	 2	 0	 2	 2	 1	516.01	  0.21
125	29	18	v	 1	 2	 1	 1	 2	 2	 2	 0	 1	 1	 1	448.11	  0.07
126	29	18	v	 1	 2	 1	 2	 1	 1	 2	 0	 2	 1	 0	410.45	  0.06
127	29	18	v	 1	 2	 1	 2	 2	 2	 2	 1	 2	 2	 1	375.53	  0.06
128	29	18	v	 1	 2	 1	 2	 2	 2	 2	 1	 2	 2	 1	484.66	  0.06
129	29	18	v	 1	 2	 1	 1	 1	 1	 2	 1	 1	 1	 1	676.17	  0.06
130	29	18	v	 1	 2	 1	 2	 2	 2	 2	 1	 2	 2	 1	480.26	  0.06
131	29	18	v	 1	 2	 1	 2	 1	 1	 2	 0	 2	 2	 1	464.36	  0.07
132	29	18	v	 1	 2	 1	 2	 1	 1	 2	 0	 2	 2	 1	469.52	  0.06
133	29	18	v	 1	 2	 1	 2	 1	 1	 2	 0	 2	 2	 1	453.83	  0.06
134	29	18	v	 1	 2	 1	 1	 2	 2	 2	 0	 1	 2	 0	360.43	  0.20
135	29	18	v	 1	 2	 1	 1	 2	 2	 2	 0	 1	 1	 1	398.01	  0.06
136	29	18	v	 1	 2	 1	 1	 2	 2	 2	 0	 1	 1	 1	400.66	  0.06
137	29	18	v	 1	 2	 1	 2	 1	 1	 2	 0	 2	 2	 1	435.36	  0.06
138	29	18	v	 1	 2	 1	 1	 1	 1	 2	 1	 1	 1	 1	447.89	  0.06
139	29	18	v	 1	 2	 1	 1	 1	 1	 2	 1	 1	 1	 1	432.49	  0.22
140	29	18	v	 1	 2	 1	 1	 2	 2	 2	 0	 1	 1	 1	567.83	  0.06
141	29	18	v	 1	 2	 1	 1	 2	 2	 2	 0	 1	 1	 1	438.82	  0.06
142	29	18	v	 1	 2	 1	 2	 1	 1	 2	 0	 2	 2	 1	421.77	  0.06
143	29	18	v	 1	 2	 1	 1	 1	 1	 2	 1	 1	 1	 1	488.93	  0.06
144	29	18	v	 1	 2	 1	 2	 2	 2	 2	 1	 2	 2	 1	402.95	  0.06
145	29	18	v	 1	 2	 1	 2	 1	 1	 2	 0	 2	 2	 1	536.06	  0.06
146	29	18	v	 1	 2	 1	 2	 2	 2	 2	 1	 2	 2	 1	753.77	  0.06
147	29	18	v	 1	 2	 1	 1	 1	 1	 2	 1	 1	 1	 1	407.28	  0.06
148	29	18	v	 1	 2	 1	 2	 1	 1	 2	 0	 2	 2	 1	438.29	  0.08
149	29	18	v	 1	 2	 1	 2	 1	 1	 2	 0	 2	 2	 1	509.10	  0.07
150	29	18	v	 1	 2	 1	 1	 2	 2	 2	 0	 1	 1	 1	465.44	  0.20
151	29	18	v	 1	 2	 1	 1	 1	 1	 2	 1	 1	 1	 1	462.56	  0.06
152	29	18	v	 1	 2	 1	 2	 2	 2	 2	 1	 2	 1	 0	421.91	  0.11
153	29	18	v	 1	 2	 1	 1	 1	 1	 2	 1	 1	 1	 1	571.30	  0.06
154	29	18	v	 1	 2	 1	 2	 1	 1	 2	 0	 2	 2	 1	416.96	  0.10
155	29	18	v	 1	 2	 1	 2	 2	 2	 2	 1	 2	 2	 1	538.26	  0.07
156	29	18	v	 1	 2	 1	 2	 2	 2	 2	 1	 2	 2	 1	464.69	  0.06
157	29	18	v	 1	 2	 1	 1	 2	 2	 2	 0	 1	 1	 1	465.18	  0.06
158	29	18	v	 1	 2	 1	 1	 1	 1	 2	 1	 1	 1	 1	530.05	  0.06
159	29	18	v	 1	 2	 1	 2	 2	 2	 2	 1	 2	 2	 1	494.11	  0.06
160	29	18	v	 1	 2	 1	 1	 2	 2	 2	 0	 1	 1	 1	523.44	  0.16
161	29	18	v	 1	 2	 1	 1	 1	 1	 2	 1	 1	 2	 0	450.47	  0.20
162	29	18	v	 1	 2	 1	 1	 1	 1	 2	 1	 1	 1	 1	693.05	  0.06
163	29	18	v	 1	 2	 1	 1	 1	 1	 2	 1	 1	 1	 1	445.18	  0.06
164	29	18	v	 1	 2	 1	 2	 1	 1	 2	 0	 2	 2	 1	468.15	  0.06
165	29	18	v	 1	 2	 1	 1	 2	 2	 2	 0	 1	 1	 1	510.57	  0.06
166	29	18	v	 1	 2	 1	 1	 2	 2	 2	 0	 1	 1	 1	474.45	  0.06
167	29	18	v	 1	 2	 1	 2	 1	 1	 2	 0	 2	 2	 1	432.27	  0.09
168	29	18	v	 1	 2	 1	 2	 1	 1	 2	 0	 2	 2	 1	477.70	  0.06
169	29	18	v	 1	 2	 1	 1	 2	 2	 2	 0	 1	 1	 1	460.51	  0.06
170	29	18	v	 1	 2	 1	 1	 1	 1	 2	 1	 1	 1	 1	572.40	  0.06
171	29	18	v	 1	 2	 1	 2	 1	 1	 2	 0	 2	 2	 1	467.37	  0.06
172	29	18	v	 1	 2	 1	 2	 2	 2	 2	 1	 2	 2	 1	542.69	  0.06
173	29	18	v	 1	 2	 1	 2	 2	 2	 2	 1	 2	 2	 1	385.88	  0.06
174	29	18	v	 1	 2	 1	 2	 2	 2	 2	 1	 2	 2	 1	404.92	  0.06
175	29	18	v	 1	 2	 1	 1	 2	 2	 2	 0	 1	 1	 1	459.98	  0.06
176	29	18	v	 1	 2	 1	 2	 2	 2	 2	 1	 2	 2	 1	424.57	  0.06
177	29	18	v	 1	 2	 1	 2	 1	 1	 2	 0	 2	 1	 0	476.30	  0.06
178	29	18	v	 1	 2	 1	 1	 2	 2	 2	 0	 1	 1	 1	455.10	  0.08
179	29	18	v	 1	 2	 1	 1	 2	 2	 2	 0	 1	 1	 1	456.27	  0.06
180	29	18	v	 1	 2	 1	 2	 2	 2	 2	 1	 2	 2	 1	470.92	  0.06
181	29	18	v	 1	 2	 1	 1	 1	 1	 2	 1	 1	 1	 1	505.83	  0.06
182	29	18	v	 1	 2	 1	 1	 2	 2	 2	 0	 1	 1	 1	442.24	  0.22
183	29	18	v	 1	 2	 1	 1	 1	 1	 2	 1	 1	 1	 1	437.07	  0.06
184	29	18	v	 1	 2	 1	 1	 1	 1	 2	 1	 1	 1	 1	432.07	  0.06
185	29	18	v	 1	 2	 1	 2	 2	 2	 2	 1	 2	 2	 1	519.77	  0.06
186	29	18	v	 1	 2	 1	 1	 1	 1	 2	 1	 1	 1	 1	472.82	  0.06
187	29	18	v	 1	 2	 1	 2	 1	 1	 2	 0	 2	 1	 0	 20.58	  0.06
188	29	18	v	 1	 2	 1	 1	 1	 1	 2	 1	 1	 1	 1	736.33	  0.06
189	29	18	v	 1	 2	 1	 1	 2	 2	 2	 0	 1	 1	 1	487.18	  0.06
190	29	18	v	 1	 2	 1	 2	 1	 1	 2	 0	 2	 2	 1	394.37	  0.06
191	29	18	v	 1	 2	 1	 1	 2	 2	 2	 0	 1	 1	 1	548.94	  0.07
192	29	18	v	 1	 2	 2	 1	 1	 2	 1	 1	 1	 1	 1	425.06	  0.09
193	29	18	v	 1	 2	 2	 2	 2	 1	 1	 1	 2	 2	 1	559.24	  0.06
194	29	18	v	 1	 2	 2	 1	 1	 2	 1	 1	 1	 1	 1	496.91	  0.06
195	29	18	v	 1	 2	 2	 1	 1	 2	 1	 1	 1	 1	 1	594.99	  0.06
196	29	18	v	 1	 2	 2	 1	 2	 1	 1	 0	 1	 1	 1	522.55	  0.06
197	29	18	v	 1	 2	 2	 2	 1	 2	 1	 0	 2	 2	 1	519.33	  0.12
198	29	18	v	 1	 2	 2	 1	 1	 2	 1	 1	 1	 1	 1	631.84	  0.20
199	29	18	v	 1	 2	 2	 1	 1	 2	 1	 1	 1	 1	 1	545.75	  0.06
200	29	18	v	 1	 2	 2	 2	 1	 2	 1	 0	 2	 2	 1	536.15	  0.06
201	29	18	v	 1	 2	 2	 2	 1	 2	 1	 0	 2	 2	 1	492.84	  0.06
202	29	18	v	 1	 2	 2	 1	 2	 1	 1	 0	 1	 1	 1	504.58	  0.06
203	29	18	v	 1	 2	 2	 1	 1	 2	 1	 1	 1	 1	 1	508.36	  0.06
204	29	18	v	 1	 2	 2	 2	 1	 2	 1	 0	 2	 2	 1	474.18	  0.10
205	29	18	v	 1	 2	 2	 1	 1	 2	 1	 1	 1	 1	 1	551.97	  0.06
206	29	18	v	 1	 2	 2	 1	 2	 1	 1	 0	 1	 1	 1	547.64	  0.06
207	29	18	v	 1	 2	 2	 1	 1	 2	 1	 1	 1	 1	 1	487.07	  0.08
208	29	18	v	 1	 2	 2	 2	 1	 2	 1	 0	 2	 2	 1	474.20	  0.06
209	29	18	v	 1	 2	 2	 2	 1	 2	 1	 0	 2	 2	 1	477.22	  0.06
210	29	18	v	 1	 2	 2	 2	 2	 1	 1	 1	 2	 2	 1	625.77	  0.06
211	29	18	v	 1	 2	 2	 2	 1	 2	 1	 0	 2	 2	 1	469.10	  0.06
212	29	18	v	 1	 2	 2	 1	 2	 1	 1	 0	 1	 1	 1	452.05	  0.06
213	29	18	v	 1	 2	 2	 1	 1	 2	 1	 1	 1	 1	 1	417.56	  0.06
214	29	18	v	 1	 2	 2	 2	 2	 1	 1	 1	 2	 2	 1	461.77	  0.06
215	29	18	v	 1	 2	 2	 1	 1	 2	 1	 1	 1	 1	 1	457.05	  0.06
216	29	18	v	 1	 2	 2	 1	 2	 1	 1	 0	 1	 2	 0	442.94	  0.07
217	29	18	v	 1	 2	 2	 2	 1	 2	 1	 0	 2	 2	 1	571.14	  0.06
218	29	18	v	 1	 2	 2	 1	 2	 1	 1	 0	 1	 1	 1	485.73	  0.07
219	29	18	v	 1	 2	 2	 1	 2	 1	 1	 0	 1	 1	 1	469.92	  0.06
220	29	18	v	 1	 2	 2	 2	 1	 2	 1	 0	 2	 2	 1	504.61	  0.06
221	29	18	v	 1	 2	 2	 2	 2	 1	 1	 1	 2	 2	 1	438.27	  0.08
222	29	18	v	 1	 2	 2	 1	 1	 2	 1	 1	 1	 1	 1	523.10	  0.06
223	29	18	v	 1	 2	 2	 2	 2	 1	 1	 1	 2	 1	 0	451.40	  0.06
224	29	18	v	 1	 2	 2	 2	 2	 1	 1	 1	 2	 2	 1	446.34	  0.23
225	29	18	v	 1	 2	 2	 2	 2	 1	 1	 1	 2	 2	 1	442.40	  0.06
226	29	18	v	 1	 2	 2	 2	 2	 1	 1	 1	 2	 2	 1	478.40	  0.06
227	29	18	v	 1	 2	 2	 1	 2	 1	 1	 0	 1	 1	 1	458.97	  0.06
228	29	18	v	 1	 2	 2	 1	 2	 1	 1	 0	 1	 1	 1	488.08	  0.06
229	29	18	v	 1	 2	 2	 2	 2	 1	 1	 1	 2	 2	 1	482.49	  0.06
230	29	18	v	 1	 2	 2	 1	 1	 2	 1	 1	 1	 1	 1	468.13	  0.06
231	29	18	v	 1	 2	 2	 1	 2	 1	 1	 0	 1	 1	 1	501.56	  0.06
232	29	18	v	 1	 2	 2	 1	 2	 1	 1	 0	 1	 1	 1	464.36	  0.06
233	29	18	v	 1	 2	 2	 2	 1	 2	 1	 0	 2	 1	 0	358.11	  0.06
234	29	18	v	 1	 2	 2	 2	 2	 1	 1	 1	 2	 1	 0	406.73	  0.06
235	29	18	v	 1	 2	 2	 1	 2	 1	 1	 0	 1	 1	 1	457.85	  0.06
236	29	18	v	 1	 2	 2	 2	 2	 1	 1	 1	 2	 2	 1	412.91	  0.06
237	29	18	v	 1	 2	 2	 1	 1	 2	 1	 1	 1	 1	 1	628.13	  0.06
238	29	18	v	 1	 2	 2	 1	 1	 2	 1	 1	 1	 1	 1	474.79	  0.06
239	29	18	v	 1	 2	 2	 2	 1	 2	 1	 0	 2	 1	 0	507.06	  0.11
240	29	18	v	 1	 2	 2	 1	 1	 2	 1	 1	 1	 1	 1	493.50	  0.06
241	29	18	v	 1	 2	 2	 2	 1	 2	 1	 0	 2	 2	 1	429.83	  0.06
242	29	18	v	 1	 2	 2	 1	 2	 1	 1	 0	 1	 1	 1	590.62	  0.06
243	29	18	v	 1	 2	 2	 2	 2	 1	 1	 1	 2	 2	 1	462.42	  0.20
244	29	18	v	 1	 2	 2	 1	 1	 2	 1	 1	 1	 1	 1	 52.28	  0.08
245	29	18	v	 1	 2	 2	 1	 2	 1	 1	 0	 1	 1	 1	436.03	  0.06
246	29	18	v	 1	 2	 2	 2	 1	 2	 1	 0	 2	 2	 1	411.41	  0.06
247	29	18	v	 1	 2	 2	 1	 1	 2	 1	 1	 1	 1	 1	468.08	  0.06
248	29	18	v	 1	 2	 2	 2	 2	 1	 1	 1	 2	 2	 1	439.01	  0.07
249	29	18	v	 1	 2	 2	 1	 2	 1	 1	 0	 1	 1	 1	436.26	  0.06
250	29	18	v	 1	 2	 2	 2	 1	 2	 1	 0	 2	 2	 1	428.94	  0.06
251	29	18	v	 1	 2	 2	 1	 1	 2	 1	 1	 1	 1	 1	437.36	  0.06
252	29	18	v	 1	 2	 2	 1	 2	 1	 1	 0	 1	 1	 1	538.68	  0.06
253	29	18	v	 1	 2	 2	 2	 2	 1	 1	 1	 2	 1	 0	370.02	  0.06
254	29	18	v	 1	 2	 2	 2	 1	 2	 1	 0	 2	 2	 1	413.46	  0.06
255	29	18	v	 1	 2	 2	 2	 2	 1	 1	 1	 2	 1	 0	352.13	  0.06
256	29	18	v	 1	 2	 2	 1	 1	 2	 1	 1	 1	 1	 1	509.17	  0.06
257	29	18	v	 1	 2	 2	 1	 1	 2	 1	 1	 1	 1	 1	446.98	  0.06
258	29	18	v	 1	 2	 2	 2	 1	 2	 1	 0	 2	 2	 1	387.51	  0.08
259	29	18	v	 1	 2	 2	 2	 2	 1	 1	 1	 2	 2	 1	663.58	  0.06
260	29	18	v	 1	 2	 2	 1	 2	 1	 1	 0	 1	 1	 1	738.34	  0.06
261	29	18	v	 1	 2	 2	 1	 2	 1	 1	 0	 1	 1	 1	483.42	  0.08
262	29	18	v	 1	 2	 2	 2	 1	 2	 1	 0	 2	 2	 1	462.15	  0.06
263	29	18	v	 1	 2	 2	 1	 1	 2	 1	 1	 1	 1	 1	601.27	  0.10
264	29	18	v	 1	 2	 2	 2	 2	 1	 1	 1	 2	 2	 1	476.09	  0.08
265	29	18	v	 1	 2	 2	 2	 1	 2	 1	 0	 2	 2	 1	477.17	  0.07
266	29	18	v	 1	 2	 2	 2	 2	 1	 1	 1	 2	 2	 1	429.76	  0.06
267	29	18	v	 1	 2	 2	 2	 1	 2	 1	 0	 2	 1	 0	392.99	  0.06
268	29	18	v	 1	 2	 2	 1	 1	 2	 1	 1	 1	 1	 1	471.93	  0.06
269	29	18	v	 1	 2	 2	 2	 1	 2	 1	 0	 2	 2	 1	505.47	  0.06
270	29	18	v	 1	 2	 2	 2	 1	 2	 1	 0	 2	 2	 1	407.26	  0.06
271	29	18	v	 1	 2	 2	 2	 2	 1	 1	 1	 2	 1	 0	367.14	  0.06
272	29	18	v	 1	 2	 2	 2	 2	 1	 1	 1	 2	 1	 0	204.25	  0.07
273	29	18	v	 1	 2	 2	 1	 2	 1	 1	 0	 1	 1	 1	419.62	  0.06
274	29	18	v	 1	 2	 2	 1	 2	 1	 1	 0	 1	 2	 0	382.15	  0.06
275	29	18	v	 1	 2	 2	 2	 1	 2	 1	 0	 2	 2	 1	393.15	  0.09
276	29	18	v	 1	 2	 2	 2	 2	 1	 1	 1	 2	 2	 1	494.75	  0.06
277	29	18	v	 1	 2	 2	 2	 2	 1	 1	 1	 2	 2	 1	487.58	  0.06
278	29	18	v	 1	 2	 2	 1	 2	 1	 1	 0	 1	 1	 1	404.28	  0.06
279	29	18	v	 1	 2	 2	 1	 2	 1	 1	 0	 1	 1	 1	359.90	  0.06
280	29	18	v	 1	 2	 2	 1	 1	 2	 1	 1	 1	 2	 0	725.01	  0.20
281	29	18	v	 1	 2	 2	 2	 2	 1	 1	 1	 2	 2	 1	436.71	  0.08
282	29	18	v	 1	 2	 2	 2	 1	 2	 1	 0	 2	 2	 1	504.71	  0.06
283	29	18	v	 1	 2	 2	 1	 2	 1	 1	 0	 1	 1	 1	434.43	  0.06
284	29	18	v	 1	 2	 2	 1	 2	 1	 1	 0	 1	 1	 1	506.63	  0.07
285	29	18	v	 1	 2	 2	 2	 1	 2	 1	 0	 2	 2	 1	422.79	  0.06
286	29	18	v	 1	 2	 2	 2	 2	 1	 1	 1	 2	 2	 1	390.08	  0.06
287	29	18	v	 1	 2	 2	 1	 1	 2	 1	 1	 1	 1	 1	431.14	  0.09
288	29	18	v	 1	 2	 3	 2	 1	 1	 2	 0	 2	 1	 0	431.62	  0.06
289	29	18	v	 1	 2	 3	 1	 2	 2	 2	 0	 1	 1	 1	424.16	  0.06
290	29	18	v	 1	 2	 3	 2	 2	 2	 2	 1	 2	 2	 1	536.22	  0.06
291	29	18	v	 1	 2	 3	 2	 2	 2	 2	 1	 2	 2	 1	722.59	  0.06
292	29	18	v	 1	 2	 3	 1	 2	 2	 2	 0	 1	 1	 1	458.23	  0.07
293	29	18	v	 1	 2	 3	 1	 1	 1	 2	 1	 1	 1	 1	412.50	  0.06
294	29	18	v	 1	 2	 3	 1	 2	 2	 2	 0	 1	 1	 1	 95.49	  0.06
295	29	18	v	 1	 2	 3	 2	 2	 2	 2	 1	 2	 2	 1	401.74	  0.06
296	29	18	v	 1	 2	 3	 1	 1	 1	 2	 1	 1	 1	 1	380.59	  0.06
297	29	18	v	 1	 2	 3	 2	 1	 1	 2	 0	 2	 2	 1	376.43	  0.06
298	29	18	v	 1	 2	 3	 1	 1	 1	 2	 1	 1	 1	 1	604.19	  0.09
299	29	18	v	 1	 2	 3	 2	 1	 1	 2	 0	 2	 2	 1	452.90	  0.06
300	29	18	v	 1	 2	 3	 1	 2	 2	 2	 0	 1	 1	 1	452.45	  0.19
301	29	18	v	 1	 2	 3	 2	 1	 1	 2	 0	 2	 2	 1	422.31	  0.20
302	29	18	v	 1	 2	 3	 2	 2	 2	 2	 1	 2	 1	 0	404.54	  0.06
303	29	18	v	 1	 2	 3	 1	 2	 2	 2	 0	 1	 1	 1	357.60	  0.07
304	29	18	v	 1	 2	 3	 2	 1	 1	 2	 0	 2	 1	 0	773.16	  0.20
305	29	18	v	 1	 2	 3	 1	 2	 2	 2	 0	 1	 2	 0	489.88	  0.06
306	29	18	v	 1	 2	 3	 1	 2	 2	 2	 0	 1	 1	 1	486.05	  0.09
307	29	18	v	 1	 2	 3	 2	 2	 2	 2	 1	 2	 2	 1	456.87	  0.06
308	29	18	v	 1	 2	 3	 1	 1	 1	 2	 1	 1	 1	 1	464.04	  0.07
309	29	18	v	 1	 2	 3	 1	 2	 2	 2	 0	 1	 1	 1	420.69	  0.20
310	29	18	v	 1	 2	 3	 1	 1	 1	 2	 1	 1	 1	 1	448.67	  0.06
311	29	18	v	 1	 2	 3	 2	 1	 1	 2	 0	 2	 2	 1	390.70	  0.06
312	29	18	v	 1	 2	 3	 1	 1	 1	 2	 1	 1	 1	 1	443.19	  0.06
313	29	18	v	 1	 2	 3	 1	 2	 2	 2	 0	 1	 1	 1	410.60	  0.06
314	29	18	v	 1	 2	 3	 1	 2	 2	 2	 0	 1	 1	 1	413.20	  0.06
315	29	18	v	 1	 2	 3	 2	 1	 1	 2	 0	 2	 2	 1	445.46	  0.06
316	29	18	v	 1	 2	 3	 2	 1	 1	 2	 0	 2	 2	 1	522.76	  0.08
317	29	18	v	 1	 2	 3	 1	 1	 1	 2	 1	 1	 1	 1	413.98	  0.06
318	29	18	v	 1	 2	 3	 1	 2	 2	 2	 0	 1	 1	 1	448.06	  0.08
319	29	18	v	 1	 2	 3	 1	 2	 2	 2	 0	 1	 1	 1	535.65	  0.06
320	29	18	v	 1	 2	 3	 2	 1	 1	 2	 0	 2	 2	 1	564.64	  0.06
321	29	18	v	 1	 2	 3	 1	 2	 2	 2	 0	 1	 1	 1	482.05	  0.06
322	29	18	v	 1	 2	 3	 2	 2	 2	 2	 1	 2	 2	 1	777.46	  0.06
323	29	18	v	 1	 2	 3	 1	 2	 2	 2	 0	 1	 1	 1	422.36	  0.06
324	29	18	v	 1	 2	 3	 1	 2	 2	 2	 0	 1	 1	 1	552.44	  0.06
325	29	18	v	 1	 2	 3	 2	 2	 2	 2	 1	 2	 2	 1	427.46	  0.06
326	29	18	v	 1	 2	 3	 1	 1	 1	 2	 1	 1	 1	 1	649.74	  0.06
327	29	18	v	 1	 2	 3	 1	 2	 2	 2	 0	 1	 1	 1	440.46	  0.08
328	29	18	v	 1	 2	 3	 1	 1	 1	 2	 1	 1	 1	 1	410.30	  0.06
329	29	18	v	 1	 2	 3	 2	 1	 1	 2	 0	 2	 2	 1	438.50	  0.06
330	29	18	v	 1	 2	 3	 2	 1	 1	 2	 0	 2	 2	 1	470.53	  0.06
331	29	18	v	 1	 2	 3	 1	 1	 1	 2	 1	 1	 1	 1	389.07	  0.06
332	29	18	v	 1	 2	 3	 2	 2	 2	 2	 1	 2	 2	 1	390.24	  0.06
333	29	18	v	 1	 2	 3	 1	 1	 1	 2	 1	 1	 1	 1	447.70	  0.06
334	29	18	v	 1	 2	 3	 2	 2	 2	 2	 1	 2	 2	 1	536.34	  0.06
335	29	18	v	 1	 2	 3	 2	 1	 1	 2	 0	 2	 2	 1	415.57	  0.06
336	29	18	v	 1	 2	 3	 2	 1	 1	 2	 0	 2	 2	 1	490.21	  0.06
337	29	18	v	 1	 2	 3	 2	 2	 2	 2	 1	 2	 2	 1	450.20	  0.06
338	29	18	v	 1	 2	 3	 1	 1	 1	 2	 1	 1	 1	 1	455.52	  0.06
339	29	18	v	 1	 2	 3	 1	 1	 1	 2	 1	 1	 1	 1	430.72	  0.22
340	29	18	v	 1	 2	 3	 1	 1	 1	 2	 1	 1	 1	 1	507.49	  0.19
341	29	18	v	 1	 2	 3	 1	 1	 1	 2	 1	 1	 1	 1	512.34	  0.06
342	29	18	v	 1	 2	 3	 2	 1	 1	 2	 0	 2	 2	 1	414.30	  0.08
343	29	18	v	 1	 2	 3	 2	 1	 1	 2	 0	 2	 1	 0	499.09	  0.19
344	29	18	v	 1	 2	 3	 2	 2	 2	 2	 1	 2	 1	 0	576.94	  0.07
345	29	18	v	 1	 2	 3	 1	 2	 2	 2	 0	 1	 1	 1	525.88	  0.06
346	29	18	v	 1	 2	 3	 1	 2	 2	 2	 0	 1	 1	 1	464.80	  0.07
347	29	18	v	 1	 2	 3	 2	 2	 2	 2	 1	 2	 2	 1	565.35	  0.06
348	29	18	v	 1	 2	 3	 2	 1	 1	 2	 0	 2	 2	 1	523.18	  0.06
349	29	18	v	 1	 2	 3	 1	 1	 1	 2	 1	 1	 1	 1	478.86	  0.06
350	29	18	v	 1	 2	 3	 1	 2	 2	 2	 0	 1	 1	 1	591.22	  0.06
351	29	18	v	 1	 2	 3	 1	 2	 2	 2	 0	 1	 1	 1	466.88	  0.06
352	29	18	v	 1	 2	 3	 2	 2	 2	 2	 1	 2	 2	 1	542.77	  0.06
353	29	18	v	 1	 2	 3	 2	 2	 2	 2	 1	 2	 2	 1	542.41	  0.21
354	29	18	v	 1	 2	 3	 2	 1	 1	 2	 0	 2	 2	 1	444.95	  0.06
355	29	18	v	 1	 2	 3	 2	 2	 2	 2	 1	 2	 2	 1	456.31	  0.06
356	29	18	v	 1	 2	 3	 1	 2	 2	 2	 0	 1	 1	 1	517.38	  0.06
357	29	18	v	 1	 2	 3	 2	 2	 2	 2	 1	 2	 2	 1	445.87	  0.06
358	29	18	v	 1	 2	 3	 2	 2	 2	 2	 1	 2	 2	 1	451.82	  0.06
359	29	18	v	 1	 2	 3	 2	 2	 2	 2	 1	 2	 2	 1	474.71	  0.06
360	29	18	v	 1	 2	 3	 1	 1	 1	 2	 1	 1	 1	 1	568.45	  0.06
361	29	18	v	 1	 2	 3	 2	 1	 1	 2	 0	 2	 2	 1	555.75	  0.06
362	29	18	v	 1	 2	 3	 2	 1	 1	 2	 0	 2	 2	 1	516.60	  0.06
363	29	18	v	 1	 2	 3	 2	 1	 1	 2	 0	 2	 2	 1	431.60	  0.06
364	29	18	v	 1	 2	 3	 2	 2	 2	 2	 1	 2	 2	 1	463.85	  0.06
365	29	18	v	 1	 2	 3	 1	 1	 1	 2	 1	 1	 1	 1	470.85	  0.06
366	29	18	v	 1	 2	 3	 2	 1	 1	 2	 0	 2	 2	 1	449.74	  0.06
367	29	18	v	 1	 2	 3	 2	 1	 1	 2	 0	 2	 2	 1	621.89	  0.06
368	29	18	v	 1	 2	 3	 1	 1	 1	 2	 1	 1	 1	 1	640.81	  0.06
369	29	18	v	 1	 2	 3	 1	 1	 1	 2	 1	 1	 1	 1	462.30	  0.06
370	29	18	v	 1	 2	 3	 1	 1	 1	 2	 1	 1	 1	 1	441.33	  0.06
371	29	18	v	 1	 2	 3	 2	 2	 2	 2	 1	 2	 2	 1	416.35	  0.06
372	29	18	v	 1	 2	 3	 1	 1	 1	 2	 1	 1	 1	 1	494.58	  0.08
373	29	18	v	 1	 2	 3	 1	 1	 1	 2	 1	 1	 1	 1	536.58	  0.20
374	29	18	v	 1	 2	 3	 1	 2	 2	 2	 0	 1	 1	 1	456.82	  0.18
375	29	18	v	 1	 2	 3	 2	 2	 2	 2	 1	 2	 2	 1	594.53	  0.09
376	29	18	v	 1	 2	 3	 2	 2	 2	 2	 1	 2	 1	 0	431.02	  0.06
377	29	18	v	 1	 2	 3	 2	 1	 1	 2	 0	 2	 2	 1	427.83	  0.09
378	29	18	v	 1	 2	 3	 2	 2	 2	 2	 1	 2	 2	 1	666.51	  0.06
379	29	18	v	 1	 2	 3	 1	 2	 2	 2	 0	 1	 1	 1	722.98	  0.06
380	29	18	v	 1	 2	 3	 1	 2	 2	 2	 0	 1	 1	 1	427.28	  0.06
381	29	18	v	 1	 2	 3	 1	 1	 1	 2	 1	 1	 1	 1	401.44	  0.06
382	29	18	v	 1	 2	 3	 2	 1	 1	 2	 0	 2	 2	 1	474.85	  0.06
383	29	18	v	 1	 2	 3	 2	 2	 2	 2	 1	 2	 2	 1	594.92	  0.06
