00	13	20	v	 1	 2	 0	 2	 1	 2	 1	 0	 2	 2	 1	360.06	  0.06
01	13	20	v	 1	 2	 0	 1	 2	 1	 1	 0	 1	 1	 1	382.94	  0.07
02	13	20	v	 1	 2	 0	 2	 1	 2	 1	 0	 2	 2	 1	340.60	  0.06
03	13	20	v	 1	 2	 0	 2	 2	 1	 1	 1	 2	 2	 1	416.58	  0.20
04	13	20	v	 1	 2	 0	 1	 2	 1	 1	 0	 1	 1	 1	704.83	  0.07
05	13	20	v	 1	 2	 0	 2	 1	 2	 1	 0	 2	 2	 1	556.12	  0.06
06	13	20	v	 1	 2	 0	 2	 2	 1	 1	 1	 2	 2	 1	471.85	  0.09
07	13	20	v	 1	 2	 0	 2	 1	 2	 1	 0	 2	 2	 1	488.40	  0.08
08	13	20	v	 1	 2	 0	 1	 1	 2	 1	 1	 1	 1	 1	573.33	  0.08
09	13	20	v	 1	 2	 0	 1	 1	 2	 1	 1	 1	 1	 1	735.66	  0.06
10	13	20	v	 1	 2	 0	 1	 2	 1	 1	 0	 1	 1	 1	531.41	  0.06
11	13	20	v	 1	 2	 0	 1	 1	 2	 1	 1	 1	 1	 1	485.44	  0.18
12	13	20	v	 1	 2	 0	 2	 1	 2	 1	 0	 2	 2	 1	415.57	  0.08
13	13	20	v	 1	 2	 0	 2	 2	 1	 1	 1	 2	 2	 1	477.72	  0.06
14	13	20	v	 1	 2	 0	 2	 2	 1	 1	 1	 2	 2	 1	413.53	  0.07
15	13	20	v	 1	 2	 0	 2	 2	 1	 1	 1	 2	 2	 1	529.19	  0.06
16	13	20	v	 1	 2	 0	 1	 1	 2	 1	 1	 1	 1	 1	524.82	  0.21
17	13	20	v	 1	 2	 0	 2	 1	 2	 1	 0	 2	 2	 1	504.34	  0.06
18	13	20	v	 1	 2	 0	 1	 1	 2	 1	 1	 1	 1	 1	490.76	  0.06
19	13	20	v	 1	 2	 0	 1	 1	 2	 1	 1	 1	 1	 1	552.46	  0.06
20	13	20	v	 1	 2	 0	 2	 1	 2	 1	 0	 2	 2	 1	383.03	  0.09
21	13	20	v	 1	 2	 0	 2	 2	 1	 1	 1	 2	 2	 1	442.15	  0.06
22	13	20	v	 1	 2	 0	 1	 1	 2	 1	 1	 1	 1	 1	574.37	  0.08
23	13	20	v	 1	 2	 0	 1	 1	 2	 1	 1	 1	 2	 0	409.14	  0.12
24	13	20	v	 1	 2	 0	 1	 1	 2	 1	 1	 1	 1	 1	582.84	  0.09
25	13	20	v	 1	 2	 0	 2	 1	 2	 1	 0	 2	 2	 1	453.97	  0.06
26	13	20	v	 1	 2	 0	 1	 2	 1	 1	 0	 1	 1	 1	638.56	  0.06
27	13	20	v	 1	 2	 0	 1	 1	 2	 1	 1	 1	 1	 1	549.30	  0.06
28	13	20	v	 1	 2	 0	 2	 2	 1	 1	 1	 2	 2	 1	437.60	  0.06
29	13	20	v	 1	 2	 0	 1	 2	 1	 1	 0	 1	 1	 1	405.49	  0.06
30	13	20	v	 1	 2	 0	 2	 2	 1	 1	 1	 2	 2	 1	456.77	  0.09
31	13	20	v	 1	 2	 0	 1	 1	 2	 1	 1	 1	 2	 0	497.88	  0.06
32	13	20	v	 1	 2	 0	 2	 2	 1	 1	 1	 2	 2	 1	468.46	  0.07
33	13	20	v	 1	 2	 0	 1	 2	 1	 1	 0	 1	 1	 1	689.64	  0.09
34	13	20	v	 1	 2	 0	 1	 2	 1	 1	 0	 1	 1	 1	1750.36	  0.06
35	13	20	v	 1	 2	 0	 1	 2	 1	 1	 0	 1	 1	 1	589.23	  0.06
36	13	20	v	 1	 2	 0	 2	 2	 1	 1	 1	 2	 2	 1	485.00	  0.19
37	13	20	v	 1	 2	 0	 1	 2	 1	 1	 0	 1	 1	 1	583.49	  0.06
38	13	20	v	 1	 2	 0	 2	 1	 2	 1	 0	 2	 2	 1	659.97	  0.06
39	13	20	v	 1	 2	 0	 2	 2	 1	 1	 1	 2	 2	 1	504.44	  0.07
40	13	20	v	 1	 2	 0	 1	 1	 2	 1	 1	 1	 1	 1	655.25	  0.06
41	13	20	v	 1	 2	 0	 2	 1	 2	 1	 0	 2	 2	 1	364.57	  0.06
42	13	20	v	 1	 2	 0	 1	 1	 2	 1	 1	 1	 1	 1	564.50	  0.09
43	13	20	v	 1	 2	 0	 1	 2	 1	 1	 0	 1	 1	 1	644.23	  0.08
44	13	20	v	 1	 2	 0	 2	 2	 1	 1	 1	 2	 2	 1	482.64	  0.06
45	13	20	v	 1	 2	 0	 1	 2	 1	 1	 0	 1	 1	 1	367.84	  0.06
46	13	20	v	 1	 2	 0	 1	 1	 2	 1	 1	 1	 1	 1	504.95	  0.06
47	13	20	v	 1	 2	 0	 1	 2	 1	 1	 0	 1	 1	 1	479.60	  0.06
48	13	20	v	 1	 2	 0	 2	 1	 2	 1	 0	 2	 2	 1	475.78	  0.08
49	13	20	v	 1	 2	 0	 1	 2	 1	 1	 0	 1	 1	 1	459.68	  0.06
50	13	20	v	 1	 2	 0	 2	 1	 2	 1	 0	 2	 2	 1	467.10	  0.08
51	13	20	v	 1	 2	 0	 1	 2	 1	 1	 0	 1	 1	 1	450.25	  0.06
52	13	20	v	 1	 2	 0	 2	 1	 2	 1	 0	 2	 2	 1	590.84	  0.06
53	13	20	v	 1	 2	 0	 1	 2	 1	 1	 0	 1	 1	 1	425.16	  0.06
54	13	20	v	 1	 2	 0	 2	 2	 1	 1	 1	 2	 2	 1	401.73	  0.06
55	13	20	v	 1	 2	 0	 1	 2	 1	 1	 0	 1	 1	 1	471.80	  0.07
56	13	20	v	 1	 2	 0	 2	 2	 1	 1	 1	 2	 2	 1	394.21	  0.06
57	13	20	v	 1	 2	 0	 1	 2	 1	 1	 0	 1	 1	 1	400.47	  0.07
58	13	20	v	 1	 2	 0	 1	 1	 2	 1	 1	 1	 1	 1	463.58	  0.07
59	13	20	v	 1	 2	 0	 1	 2	 1	 1	 0	 1	 1	 1	426.59	  0.06
60	13	20	v	 1	 2	 0	 2	 2	 1	 1	 1	 2	 2	 1	490.12	  0.07
61	13	20	v	 1	 2	 0	 2	 2	 1	 1	 1	 2	 2	 1	538.82	  0.07
62	13	20	v	 1	 2	 0	 1	 1	 2	 1	 1	 1	 1	 1	743.16	  0.06
63	13	20	v	 1	 2	 0	 2	 2	 1	 1	 1	 2	 2	 1	483.57	  0.08
64	13	20	v	 1	 2	 0	 1	 1	 2	 1	 1	 1	 1	 1	435.68	  0.20
65	13	20	v	 1	 2	 0	 2	 2	 1	 1	 1	 2	 2	 1	510.46	  0.06
66	13	20	v	 1	 2	 0	 2	 2	 1	 1	 1	 2	 2	 1	534.30	  0.06
67	13	20	v	 1	 2	 0	 2	 1	 2	 1	 0	 2	 2	 1	738.61	  0.06
68	13	20	v	 1	 2	 0	 1	 1	 2	 1	 1	 1	 1	 1	434.76	  0.06
69	13	20	v	 1	 2	 0	 2	 1	 2	 1	 0	 2	 2	 1	882.87	  0.06
70	13	20	v	 1	 2	 0	 2	 1	 2	 1	 0	 2	 2	 1	489.89	  0.06
71	13	20	v	 1	 2	 0	 1	 2	 1	 1	 0	 1	 1	 1	366.87	  0.06
72	13	20	v	 1	 2	 0	 2	 1	 2	 1	 0	 2	 2	 1	406.41	  0.06
73	13	20	v	 1	 2	 0	 2	 1	 2	 1	 0	 2	 2	 1	506.42	  0.06
74	13	20	v	 1	 2	 0	 1	 1	 2	 1	 1	 1	 1	 1	411.48	  0.06
75	13	20	v	 1	 2	 0	 1	 2	 1	 1	 0	 1	 1	 1	523.86	  0.08
76	13	20	v	 1	 2	 0	 1	 1	 2	 1	 1	 1	 1	 1	473.12	  0.06
77	13	20	v	 1	 2	 0	 2	 1	 2	 1	 0	 2	 2	 1	567.64	  0.19
78	13	20	v	 1	 2	 0	 1	 2	 1	 1	 0	 1	 1	 1	440.22	  0.08
79	13	20	v	 1	 2	 0	 2	 2	 1	 1	 1	 2	 2	 1	444.36	  0.06
80	13	20	v	 1	 2	 0	 1	 1	 2	 1	 1	 1	 1	 1	350.37	  0.06
81	13	20	v	 1	 2	 0	 2	 1	 2	 1	 0	 2	 2	 1	390.39	  0.06
82	13	20	v	 1	 2	 0	 1	 1	 2	 1	 1	 1	 1	 1	962.17	  0.06
83	13	20	v	 1	 2	 0	 1	 2	 1	 1	 0	 1	 1	 1	530.15	  0.19
84	13	20	v	 1	 2	 0	 2	 1	 2	 1	 0	 2	 2	 1	643.71	  0.06
85	13	20	v	 1	 2	 0	 2	 2	 1	 1	 1	 2	 2	 1	546.37	  0.06
86	13	20	v	 1	 2	 0	 2	 2	 1	 1	 1	 2	 2	 1	500.29	  0.06
87	13	20	v	 1	 2	 0	 1	 1	 2	 1	 1	 1	 1	 1	396.85	  0.08
88	13	20	v	 1	 2	 0	 2	 2	 1	 1	 1	 2	 2	 1	678.01	  0.06
89	13	20	v	 1	 2	 0	 2	 1	 2	 1	 0	 2	 2	 1	473.49	  0.06
90	13	20	v	 1	 2	 0	 2	 1	 2	 1	 0	 2	 2	 1	354.83	  0.07
91	13	20	v	 1	 2	 0	 1	 2	 1	 1	 0	 1	 1	 1	448.02	  0.23
92	13	20	v	 1	 2	 0	 2	 1	 2	 1	 0	 2	 2	 1	465.82	  0.06
93	13	20	v	 1	 2	 0	 1	 2	 1	 1	 0	 1	 1	 1	330.70	  0.06
94	13	20	v	 1	 2	 0	 1	 1	 2	 1	 1	 1	 1	 1	395.66	  0.06
95	13	20	v	 1	 2	 0	 2	 2	 1	 1	 1	 2	 2	 1	593.72	  0.20
96	13	20	v	 1	 2	 1	 2	 1	 1	 2	 0	 2	 2	 1	464.62	  0.06
97	13	20	v	 1	 2	 1	 1	 1	 1	 2	 1	 1	 1	 1	526.89	  0.07
98	13	20	v	 1	 2	 1	 2	 1	 1	 2	 0	 2	 2	 1	423.43	  0.06
99	13	20	v	 1	 2	 1	 1	 2	 2	 2	 0	 1	 1	 1	445.05	  0.07
100	13	20	v	 1	 2	 1	 1	 2	 2	 2	 0	 1	 1	 1	494.92	  0.09
101	13	20	v	 1	 2	 1	 1	 1	 1	 2	 1	 1	 1	 1	524.13	  0.06
102	13	20	v	 1	 2	 1	 1	 1	 1	 2	 1	 1	 1	 1	471.86	  0.06
103	13	20	v	 1	 2	 1	 2	 2	 2	 2	 1	 2	 2	 1	920.76	  0.06
104	13	20	v	 1	 2	 1	 1	 2	 2	 2	 0	 1	 1	 1	534.94	  0.06
105	13	20	v	 1	 2	 1	 2	 2	 2	 2	 1	 2	 2	 1	382.60	  0.06
106	13	20	v	 1	 2	 1	 2	 2	 2	 2	 1	 2	 2	 1	446.74	  0.06
107	13	20	v	 1	 2	 1	 1	 2	 2	 2	 0	 1	 1	 1	410.75	  0.06
108	13	20	v	 1	 2	 1	 1	 2	 2	 2	 0	 1	 1	 1	517.98	  0.07
109	13	20	v	 1	 2	 1	 1	 2	 2	 2	 0	 1	 1	 1	443.66	  0.06
110	13	20	v	 1	 2	 1	 1	 1	 1	 2	 1	 1	 1	 1	592.79	  0.06
111	13	20	v	 1	 2	 1	 2	 2	 2	 2	 1	 2	 2	 1	737.98	  0.06
112	13	20	v	 1	 2	 1	 2	 2	 2	 2	 1	 2	 2	 1	1257.59	  0.08
113	13	20	v	 1	 2	 1	 1	 1	 1	 2	 1	 1	 1	 1	837.24	  0.06
114	13	20	v	 1	 2	 1	 1	 1	 1	 2	 1	 1	 1	 1	519.11	  0.06
115	13	20	v	 1	 2	 1	 1	 2	 2	 2	 0	 1	 1	 1	850.18	  0.06
116	13	20	v	 1	 2	 1	 2	 2	 2	 2	 1	 2	 2	 1	831.86	  0.06
117	13	20	v	 1	 2	 1	 2	 1	 1	 2	 0	 2	 2	 1	452.95	  0.06
118	13	20	v	 1	 2	 1	 2	 1	 1	 2	 0	 2	 2	 1	453.78	  0.06
119	13	20	v	 1	 2	 1	 1	 1	 1	 2	 1	 1	 1	 1	413.43	  0.10
120	13	20	v	 1	 2	 1	 2	 2	 2	 2	 1	 2	 2	 1	473.50	  0.06
121	13	20	v	 1	 2	 1	 1	 2	 2	 2	 0	 1	 1	 1	408.37	  0.06
122	13	20	v	 1	 2	 1	 2	 2	 2	 2	 1	 2	 2	 1	389.50	  0.07
123	13	20	v	 1	 2	 1	 1	 2	 2	 2	 0	 1	 1	 1	539.37	  0.10
124	13	20	v	 1	 2	 1	 1	 2	 2	 2	 0	 1	 1	 1	571.12	  0.06
125	13	20	v	 1	 2	 1	 2	 1	 1	 2	 0	 2	 2	 1	323.36	  0.06
126	13	20	v	 1	 2	 1	 1	 1	 1	 2	 1	 1	 1	 1	319.00	  0.06
127	13	20	v	 1	 2	 1	 2	 2	 2	 2	 1	 2	 2	 1	310.22	  0.07
128	13	20	v	 1	 2	 1	 1	 1	 1	 2	 1	 1	 1	 1	612.65	  0.08
129	13	20	v	 1	 2	 1	 1	 1	 1	 2	 1	 1	 1	 1	508.37	  0.06
130	13	20	v	 1	 2	 1	 1	 1	 1	 2	 1	 1	 2	 0	393.21	  0.07
131	13	20	v	 1	 2	 1	 2	 1	 1	 2	 0	 2	 2	 1	464.27	  0.07
132	13	20	v	 1	 2	 1	 1	 2	 2	 2	 0	 1	 1	 1	395.63	  0.11
133	13	20	v	 1	 2	 1	 1	 2	 2	 2	 0	 1	 1	 1	408.66	  0.07
134	13	20	v	 1	 2	 1	 1	 2	 2	 2	 0	 1	 1	 1	348.65	  0.07
135	13	20	v	 1	 2	 1	 2	 2	 2	 2	 1	 2	 2	 1	425.11	  0.20
136	13	20	v	 1	 2	 1	 2	 1	 1	 2	 0	 2	 2	 1	864.43	  0.11
137	13	20	v	 1	 2	 1	 2	 1	 1	 2	 0	 2	 2	 1	389.79	  0.21
138	13	20	v	 1	 2	 1	 2	 2	 2	 2	 1	 2	 2	 1	682.65	  0.07
139	13	20	v	 1	 2	 1	 1	 2	 2	 2	 0	 1	 1	 1	544.22	  0.06
140	13	20	v	 1	 2	 1	 2	 2	 2	 2	 1	 2	 2	 1	559.55	  0.06
141	13	20	v	 1	 2	 1	 2	 1	 1	 2	 0	 2	 2	 1	451.42	  0.06
142	13	20	v	 1	 2	 1	 2	 1	 1	 2	 0	 2	 2	 1	377.57	  0.06
143	13	20	v	 1	 2	 1	 1	 1	 1	 2	 1	 1	 1	 1	342.24	  0.06
144	13	20	v	 1	 2	 1	 2	 2	 2	 2	 1	 2	 2	 1	529.47	  0.07
145	13	20	v	 1	 2	 1	 1	 2	 2	 2	 0	 1	 1	 1	521.43	  0.08
146	13	20	v	 1	 2	 1	 2	 1	 1	 2	 0	 2	 2	 1	438.90	  0.06
147	13	20	v	 1	 2	 1	 1	 1	 1	 2	 1	 1	 1	 1	426.25	  0.06
148	13	20	v	 1	 2	 1	 2	 2	 2	 2	 1	 2	 2	 1	431.87	  0.06
149	13	20	v	 1	 2	 1	 1	 2	 2	 2	 0	 1	 1	 1	543.47	  0.09
150	13	20	v	 1	 2	 1	 2	 2	 2	 2	 1	 2	 2	 1	378.17	  0.19
151	13	20	v	 1	 2	 1	 2	 2	 2	 2	 1	 2	 2	 1	568.04	  0.06
152	13	20	v	 1	 2	 1	 1	 1	 1	 2	 1	 1	 1	 1	528.76	  0.06
153	13	20	v	 1	 2	 1	 2	 1	 1	 2	 0	 2	 2	 1	446.42	  0.20
154	13	20	v	 1	 2	 1	 1	 1	 1	 2	 1	 1	 1	 1	418.97	  0.06
155	13	20	v	 1	 2	 1	 2	 1	 1	 2	 0	 2	 2	 1	345.93	  0.06
156	13	20	v	 1	 2	 1	 1	 1	 1	 2	 1	 1	 1	 1	410.27	  0.19
157	13	20	v	 1	 2	 1	 2	 2	 2	 2	 1	 2	 2	 1	415.72	  0.06
158	13	20	v	 1	 2	 1	 2	 1	 1	 2	 0	 2	 2	 1	564.38	  0.06
159	13	20	v	 1	 2	 1	 2	 2	 2	 2	 1	 2	 2	 1	537.56	  0.06
160	13	20	v	 1	 2	 1	 2	 1	 1	 2	 0	 2	 2	 1	413.06	  0.06
161	13	20	v	 1	 2	 1	 1	 2	 2	 2	 0	 1	 1	 1	316.50	  0.06
162	13	20	v	 1	 2	 1	 2	 1	 1	 2	 0	 2	 2	 1	389.40	  0.08
163	13	20	v	 1	 2	 1	 2	 2	 2	 2	 1	 2	 2	 1	505.54	  0.08
164	13	20	v	 1	 2	 1	 1	 2	 2	 2	 0	 1	 1	 1	411.21	  0.06
165	13	20	v	 1	 2	 1	 2	 1	 1	 2	 0	 2	 2	 1	441.80	  0.06
166	13	20	v	 1	 2	 1	 2	 2	 2	 2	 1	 2	 2	 1	422.29	  0.06
167	13	20	v	 1	 2	 1	 2	 2	 2	 2	 1	 2	 2	 1	436.00	  0.06
168	13	20	v	 1	 2	 1	 1	 1	 1	 2	 1	 1	 1	 1	382.95	  0.08
169	13	20	v	 1	 2	 1	 2	 2	 2	 2	 1	 2	 2	 1	418.12	  0.06
170	13	20	v	 1	 2	 1	 2	 1	 1	 2	 0	 2	 2	 1	329.97	  0.06
171	13	20	v	 1	 2	 1	 1	 2	 2	 2	 0	 1	 1	 1	725.81	  0.06
172	13	20	v	 1	 2	 1	 1	 1	 1	 2	 1	 1	 1	 1	746.26	  0.07
173	13	20	v	 1	 2	 1	 1	 2	 2	 2	 0	 1	 1	 1	1002.78	  0.06
174	13	20	v	 1	 2	 1	 1	 1	 1	 2	 1	 1	 1	 1	841.42	  0.06
175	13	20	v	 1	 2	 1	 2	 1	 1	 2	 0	 2	 2	 1	371.04	  0.07
176	13	20	v	 1	 2	 1	 1	 1	 1	 2	 1	 1	 1	 1	602.25	  0.06
177	13	20	v	 1	 2	 1	 1	 1	 1	 2	 1	 1	 1	 1	509.48	  0.06
178	13	20	v	 1	 2	 1	 1	 2	 2	 2	 0	 1	 1	 1	529.28	  0.07
179	13	20	v	 1	 2	 1	 1	 2	 2	 2	 0	 1	 1	 1	487.57	  0.06
180	13	20	v	 1	 2	 1	 2	 1	 1	 2	 0	 2	 2	 1	560.95	  0.08
181	13	20	v	 1	 2	 1	 2	 2	 2	 2	 1	 2	 2	 1	538.07	  0.06
182	13	20	v	 1	 2	 1	 1	 1	 1	 2	 1	 1	 1	 1	431.11	  0.06
183	13	20	v	 1	 2	 1	 1	 1	 1	 2	 1	 1	 1	 1	699.34	  0.08
184	13	20	v	 1	 2	 1	 2	 1	 1	 2	 0	 2	 2	 1	478.24	  0.06
185	13	20	v	 1	 2	 1	 1	 2	 2	 2	 0	 1	 1	 1	486.47	  0.07
186	13	20	v	 1	 2	 1	 2	 1	 1	 2	 0	 2	 2	 1	458.91	  0.08
187	13	20	v	 1	 2	 1	 2	 1	 1	 2	 0	 2	 2	 1	508.89	  0.06
188	13	20	v	 1	 2	 1	 2	 2	 2	 2	 1	 2	 2	 1	528.64	  0.06
189	13	20	v	 1	 2	 1	 1	 1	 1	 2	 1	 1	 1	 1	519.53	  0.06
190	13	20	v	 1	 2	 1	 1	 2	 2	 2	 0	 1	 1	 1	432.83	  0.06
191	13	20	v	 1	 2	 1	 2	 1	 1	 2	 0	 2	 2	 1	586.14	  0.06
192	13	20	v	 1	 2	 2	 1	 1	 2	 1	 1	 1	 1	 1	1143.78	  0.06
193	13	20	v	 1	 2	 2	 2	 1	 2	 1	 0	 2	 2	 1	451.67	  0.06
194	13	20	v	 1	 2	 2	 2	 1	 2	 1	 0	 2	 2	 1	562.65	  0.06
195	13	20	v	 1	 2	 2	 1	 1	 2	 1	 1	 1	 1	 1	525.22	  0.06
196	13	20	v	 1	 2	 2	 1	 1	 2	 1	 1	 1	 1	 1	581.21	  0.07
197	13	20	v	 1	 2	 2	 2	 2	 1	 1	 1	 2	 2	 1	940.04	  0.06
198	13	20	v	 1	 2	 2	 1	 2	 1	 1	 0	 1	 1	 1	1009.81	  0.20
199	13	20	v	 1	 2	 2	 2	 1	 2	 1	 0	 2	 2	 1	434.12	  0.06
200	13	20	v	 1	 2	 2	 2	 2	 1	 1	 1	 2	 2	 1	1049.83	  0.06
201	13	20	v	 1	 2	 2	 1	 2	 1	 1	 0	 1	 1	 1	352.13	  0.07
202	13	20	v	 1	 2	 2	 2	 1	 2	 1	 0	 2	 2	 1	416.27	  0.06
203	13	20	v	 1	 2	 2	 2	 1	 2	 1	 0	 2	 2	 1	562.02	  0.08
204	13	20	v	 1	 2	 2	 1	 1	 2	 1	 1	 1	 1	 1	568.61	  0.06
205	13	20	v	 1	 2	 2	 1	 1	 2	 1	 1	 1	 1	 1	652.09	  0.06
206	13	20	v	 1	 2	 2	 2	 1	 2	 1	 0	 2	 2	 1	454.35	  0.06
207	13	20	v	 1	 2	 2	 2	 2	 1	 1	 1	 2	 2	 1	491.88	  0.06
208	13	20	v	 1	 2	 2	 1	 2	 1	 1	 0	 1	 1	 1	443.21	  0.06
209	13	20	v	 1	 2	 2	 2	 2	 1	 1	 1	 2	 1	 0	481.58	  0.06
210	13	20	v	 1	 2	 2	 2	 1	 2	 1	 0	 2	 2	 1	605.36	  0.06
211	13	20	v	 1	 2	 2	 2	 1	 2	 1	 0	 2	 2	 1	472.71	  0.06
212	13	20	v	 1	 2	 2	 1	 1	 2	 1	 1	 1	 1	 1	546.49	  0.10
213	13	20	v	 1	 2	 2	 1	 1	 2	 1	 1	 1	 1	 1	643.76	  0.06
214	13	20	v	 1	 2	 2	 1	 2	 1	 1	 0	 1	 1	 1	424.95	  0.06
215	13	20	v	 1	 2	 2	 2	 2	 1	 1	 1	 2	 2	 1	377.11	  0.06
216	13	20	v	 1	 2	 2	 1	 1	 2	 1	 1	 1	 1	 1	935.30	  0.06
217	13	20	v	 1	 2	 2	 1	 1	 2	 1	 1	 1	 1	 1	565.72	  0.06
218	13	20	v	 1	 2	 2	 2	 2	 1	 1	 1	 2	 2	 1	563.88	  0.06
219	13	20	v	 1	 2	 2	 1	 1	 2	 1	 1	 1	 1	 1	489.41	  0.06
220	13	20	v	 1	 2	 2	 2	 1	 2	 1	 0	 2	 2	 1	534.94	  0.06
221	13	20	v	 1	 2	 2	 1	 2	 1	 1	 0	 1	 1	 1	873.55	  0.07
222	13	20	v	 1	 2	 2	 2	 2	 1	 1	 1	 2	 2	 1	579.07	  0.07
223	13	20	v	 1	 2	 2	 2	 1	 2	 1	 0	 2	 2	 1	1080.43	  0.06
224	13	20	v	 1	 2	 2	 1	 2	 1	 1	 0	 1	 1	 1	383.79	  0.15
225	13	20	v	 1	 2	 2	 1	 2	 1	 1	 0	 1	 1	 1	762.45	  0.06
226	13	20	v	 1	 2	 2	 2	 2	 1	 1	 1	 2	 2	 1	409.00	  0.06
227	13	20	v	 1	 2	 2	 2	 2	 1	 1	 1	 2	 2	 1	913.54	  0.06
228	13	20	v	 1	 2	 2	 2	 2	 1	 1	 1	 2	 2	 1	610.10	  0.06
229	13	20	v	 1	 2	 2	 1	 1	 2	 1	 1	 1	 1	 1	935.14	  0.06
230	13	20	v	 1	 2	 2	 1	 1	 2	 1	 1	 1	 1	 1	521.96	  0.06
231	13	20	v	 1	 2	 2	 2	 1	 2	 1	 0	 2	 2	 1	995.37	  0.06
232	13	20	v	 1	 2	 2	 1	 2	 1	 1	 0	 1	 1	 1	592.08	  0.06
233	13	20	v	 1	 2	 2	 1	 2	 1	 1	 0	 1	 1	 1	724.57	  0.06
234	13	20	v	 1	 2	 2	 2	 2	 1	 1	 1	 2	 2	 1	556.17	  0.06
235	13	20	v	 1	 2	 2	 1	 1	 2	 1	 1	 1	 1	 1	517.34	  0.06
236	13	20	v	 1	 2	 2	 1	 1	 2	 1	 1	 1	 1	 1	528.69	  0.09
237	13	20	v	 1	 2	 2	 1	 1	 2	 1	 1	 1	 1	 1	715.92	  0.06
238	13	20	v	 1	 2	 2	 2	 2	 1	 1	 1	 2	 2	 1	687.38	  0.06
239	13	20	v	 1	 2	 2	 1	 1	 2	 1	 1	 1	 1	 1	474.18	  0.06
240	13	20	v	 1	 2	 2	 2	 1	 2	 1	 0	 2	 2	 1	428.22	  0.07
241	13	20	v	 1	 2	 2	 2	 2	 1	 1	 1	 2	 2	 1	608.30	  0.06
242	13	20	v	 1	 2	 2	 1	 2	 1	 1	 0	 1	 1	 1	568.55	  0.06
243	13	20	v	 1	 2	 2	 1	 1	 2	 1	 1	 1	 1	 1	902.27	  0.06
244	13	20	v	 1	 2	 2	 2	 2	 1	 1	 1	 2	 2	 1	381.50	  0.06
245	13	20	v	 1	 2	 2	 1	 2	 1	 1	 0	 1	 1	 1	637.88	  0.07
246	13	20	v	 1	 2	 2	 1	 1	 2	 1	 1	 1	 1	 1	536.26	  0.06
247	13	20	v	 1	 2	 2	 2	 2	 1	 1	 1	 2	 2	 1	518.68	  0.07
248	13	20	v	 1	 2	 2	 1	 1	 2	 1	 1	 1	 1	 1	611.32	  0.07
249	13	20	v	 1	 2	 2	 2	 1	 2	 1	 0	 2	 2	 1	462.14	  0.07
250	13	20	v	 1	 2	 2	 1	 2	 1	 1	 0	 1	 1	 1	428.91	  0.06
251	13	20	v	 1	 2	 2	 1	 1	 2	 1	 1	 1	 1	 1	602.40	  0.06
252	13	20	v	 1	 2	 2	 1	 1	 2	 1	 1	 1	 1	 1	579.80	  0.06
253	13	20	v	 1	 2	 2	 1	 2	 1	 1	 0	 1	 1	 1	573.75	  0.06
254	13	20	v	 1	 2	 2	 2	 2	 1	 1	 1	 2	 2	 1	497.94	  0.06
255	13	20	v	 1	 2	 2	 1	 1	 2	 1	 1	 1	 1	 1	429.27	  0.06
256	13	20	v	 1	 2	 2	 2	 2	 1	 1	 1	 2	 2	 1	450.62	  0.11
257	13	20	v	 1	 2	 2	 2	 1	 2	 1	 0	 2	 2	 1	561.96	  0.20
258	13	20	v	 1	 2	 2	 2	 1	 2	 1	 0	 2	 2	 1	482.77	  0.06
259	13	20	v	 1	 2	 2	 2	 1	 2	 1	 0	 2	 2	 1	531.58	  0.06
260	13	20	v	 1	 2	 2	 1	 2	 1	 1	 0	 1	 1	 1	391.92	  0.06
261	13	20	v	 1	 2	 2	 2	 1	 2	 1	 0	 2	 2	 1	896.84	  0.08
262	13	20	v	 1	 2	 2	 1	 1	 2	 1	 1	 1	 1	 1	553.14	  0.06
263	13	20	v	 1	 2	 2	 2	 1	 2	 1	 0	 2	 2	 1	457.56	  0.06
264	13	20	v	 1	 2	 2	 2	 1	 2	 1	 0	 2	 2	 1	499.23	  0.07
265	13	20	v	 1	 2	 2	 1	 2	 1	 1	 0	 1	 1	 1	491.71	  0.06
266	13	20	v	 1	 2	 2	 2	 1	 2	 1	 0	 2	 2	 1	425.65	  0.06
267	13	20	v	 1	 2	 2	 1	 2	 1	 1	 0	 1	 1	 1	655.96	  0.06
268	13	20	v	 1	 2	 2	 2	 2	 1	 1	 1	 2	 2	 1	434.93	  0.06
269	13	20	v	 1	 2	 2	 1	 2	 1	 1	 0	 1	 1	 1	600.45	  0.06
270	13	20	v	 1	 2	 2	 1	 2	 1	 1	 0	 1	 1	 1	675.89	  0.06
271	13	20	v	 1	 2	 2	 1	 2	 1	 1	 0	 1	 1	 1	546.11	  0.06
272	13	20	v	 1	 2	 2	 2	 1	 2	 1	 0	 2	 2	 1	565.47	  0.06
273	13	20	v	 1	 2	 2	 2	 1	 2	 1	 0	 2	 2	 1	846.96	  0.06
274	13	20	v	 1	 2	 2	 2	 2	 1	 1	 1	 2	 2	 1	906.23	  0.06
275	13	20	v	 1	 2	 2	 1	 2	 1	 1	 0	 1	 1	 1	324.63	  0.08
276	13	20	v	 1	 2	 2	 2	 2	 1	 1	 1	 2	 2	 1	471.13	  0.09
277	13	20	v	 1	 2	 2	 1	 2	 1	 1	 0	 1	 1	 1	333.04	  0.06
278	13	20	v	 1	 2	 2	 1	 2	 1	 1	 0	 1	 1	 1	512.21	  0.09
279	13	20	v	 1	 2	 2	 2	 2	 1	 1	 1	 2	 2	 1	347.53	  0.06
280	13	20	v	 1	 2	 2	 2	 2	 1	 1	 1	 2	 2	 1	473.34	  0.06
281	13	20	v	 1	 2	 2	 1	 2	 1	 1	 0	 1	 2	 0	432.52	  0.06
282	13	20	v	 1	 2	 2	 2	 2	 1	 1	 1	 2	 2	 1	556.50	  0.10
283	13	20	v	 1	 2	 2	 1	 1	 2	 1	 1	 1	 1	 1	546.74	  0.06
284	13	20	v	 1	 2	 2	 2	 2	 1	 1	 1	 2	 2	 1	1340.20	  0.06
285	13	20	v	 1	 2	 2	 2	 1	 2	 1	 0	 2	 2	 1	499.47	  0.06
286	13	20	v	 1	 2	 2	 2	 1	 2	 1	 0	 2	 2	 1	483.94	  0.06
287	13	20	v	 1	 2	 2	 1	 2	 1	 1	 0	 1	 1	 1	741.33	  0.06
288	13	20	v	 1	 2	 3	 1	 1	 1	 2	 1	 1	 1	 1	588.26	  0.06
289	13	20	v	 1	 2	 3	 1	 2	 2	 2	 0	 1	 1	 1	480.65	  0.06
290	13	20	v	 1	 2	 3	 2	 2	 2	 2	 1	 2	 2	 1	649.11	  0.09
291	13	20	v	 1	 2	 3	 1	 2	 2	 2	 0	 1	 1	 1	374.74	  0.07
292	13	20	v	 1	 2	 3	 1	 2	 2	 2	 0	 1	 1	 1	643.46	  0.06
293	13	20	v	 1	 2	 3	 1	 1	 1	 2	 1	 1	 1	 1	493.50	  0.20
294	13	20	v	 1	 2	 3	 2	 1	 1	 2	 0	 2	 2	 1	563.07	  0.21
295	13	20	v	 1	 2	 3	 2	 2	 2	 2	 1	 2	 2	 1	597.39	  0.06
296	13	20	v	 1	 2	 3	 1	 1	 1	 2	 1	 1	 1	 1	426.45	  0.06
297	13	20	v	 1	 2	 3	 2	 2	 2	 2	 1	 2	 2	 1	408.01	  0.06
298	13	20	v	 1	 2	 3	 2	 2	 2	 2	 1	 2	 2	 1	532.15	  0.20
299	13	20	v	 1	 2	 3	 1	 2	 2	 2	 0	 1	 1	 1	511.39	  0.06
300	13	20	v	 1	 2	 3	 1	 2	 2	 2	 0	 1	 1	 1	642.13	  0.06
301	13	20	v	 1	 2	 3	 2	 2	 2	 2	 1	 2	 2	 1	704.01	  0.06
302	13	20	v	 1	 2	 3	 1	 2	 2	 2	 0	 1	 1	 1	577.54	  0.07
303	13	20	v	 1	 2	 3	 2	 1	 1	 2	 0	 2	 2	 1	628.69	  0.07
304	13	20	v	 1	 2	 3	 2	 1	 1	 2	 0	 2	 2	 1	519.11	  0.08
305	13	20	v	 1	 2	 3	 1	 2	 2	 2	 0	 1	 1	 1	609.05	  0.08
306	13	20	v	 1	 2	 3	 2	 1	 1	 2	 0	 2	 2	 1	417.05	  0.09
307	13	20	v	 1	 2	 3	 2	 2	 2	 2	 1	 2	 2	 1	488.45	  0.22
308	13	20	v	 1	 2	 3	 2	 2	 2	 2	 1	 2	 2	 1	471.83	  0.08
309	13	20	v	 1	 2	 3	 2	 2	 2	 2	 1	 2	 2	 1	501.10	  0.06
310	13	20	v	 1	 2	 3	 1	 2	 2	 2	 0	 1	 1	 1	406.29	  0.09
311	13	20	v	 1	 2	 3	 2	 1	 1	 2	 0	 2	 2	 1	489.64	  0.06
312	13	20	v	 1	 2	 3	 2	 2	 2	 2	 1	 2	 2	 1	362.62	  0.06
313	13	20	v	 1	 2	 3	 1	 2	 2	 2	 0	 1	 1	 1	594.19	  0.06
314	13	20	v	 1	 2	 3	 2	 1	 1	 2	 0	 2	 2	 1	486.37	  0.13
315	13	20	v	 1	 2	 3	 1	 2	 2	 2	 0	 1	 1	 1	481.33	  0.07
316	13	20	v	 1	 2	 3	 1	 1	 1	 2	 1	 1	 1	 1	530.90	  0.07
317	13	20	v	 1	 2	 3	 1	 2	 2	 2	 0	 1	 1	 1	505.18	  0.06
318	13	20	v	 1	 2	 3	 2	 1	 1	 2	 0	 2	 2	 1	455.49	  0.06
319	13	20	v	 1	 2	 3	 2	 2	 2	 2	 1	 2	 2	 1	480.99	  0.06
320	13	20	v	 1	 2	 3	 2	 1	 1	 2	 0	 2	 2	 1	522.49	  0.06
321	13	20	v	 1	 2	 3	 1	 2	 2	 2	 0	 1	 2	 0	414.83	  0.06
322	13	20	v	 1	 2	 3	 1	 2	 2	 2	 0	 1	 1	 1	629.38	  0.06
323	13	20	v	 1	 2	 3	 2	 2	 2	 2	 1	 2	 2	 1	413.16	  0.06
324	13	20	v	 1	 2	 3	 2	 1	 1	 2	 0	 2	 2	 1	460.46	  0.06
325	13	20	v	 1	 2	 3	 1	 1	 1	 2	 1	 1	 1	 1	701.87	  0.06
326	13	20	v	 1	 2	 3	 2	 1	 1	 2	 0	 2	 2	 1	612.46	  0.06
327	13	20	v	 1	 2	 3	 1	 1	 1	 2	 1	 1	 1	 1	699.58	  0.06
328	13	20	v	 1	 2	 3	 1	 1	 1	 2	 1	 1	 1	 1	590.13	  0.06
329	13	20	v	 1	 2	 3	 2	 1	 1	 2	 0	 2	 2	 1	580.07	  0.06
330	13	20	v	 1	 2	 3	 1	 1	 1	 2	 1	 1	 1	 1	451.06	  0.06
331	13	20	v	 1	 2	 3	 1	 2	 2	 2	 0	 1	 1	 1	541.84	  0.09
332	13	20	v	 1	 2	 3	 1	 1	 1	 2	 1	 1	 1	 1	533.33	  0.06
333	13	20	v	 1	 2	 3	 2	 2	 2	 2	 1	 2	 2	 1	638.63	  0.06
334	13	20	v	 1	 2	 3	 1	 1	 1	 2	 1	 1	 1	 1	607.13	  0.06
335	13	20	v	 1	 2	 3	 2	 1	 1	 2	 0	 2	 2	 1	476.98	  0.06
336	13	20	v	 1	 2	 3	 1	 2	 2	 2	 0	 1	 1	 1	579.64	  0.07
337	13	20	v	 1	 2	 3	 2	 2	 2	 2	 1	 2	 2	 1	450.87	  0.06
338	13	20	v	 1	 2	 3	 2	 2	 2	 2	 1	 2	 2	 1	479.95	  0.07
339	13	20	v	 1	 2	 3	 2	 2	 2	 2	 1	 2	 2	 1	488.35	  0.06
340	13	20	v	 1	 2	 3	 2	 2	 2	 2	 1	 2	 2	 1	439.25	  0.08
341	13	20	v	 1	 2	 3	 1	 1	 1	 2	 1	 1	 1	 1	509.84	  0.06
342	13	20	v	 1	 2	 3	 1	 2	 2	 2	 0	 1	 1	 1	537.96	  0.10
343	13	20	v	 1	 2	 3	 2	 2	 2	 2	 1	 2	 2	 1	463.55	  0.08
344	13	20	v	 1	 2	 3	 2	 2	 2	 2	 1	 2	 2	 1	517.36	  0.07
345	13	20	v	 1	 2	 3	 1	 1	 1	 2	 1	 1	 1	 1	478.94	  0.06
346	13	20	v	 1	 2	 3	 2	 1	 1	 2	 0	 2	 2	 1	421.72	  0.06
347	13	20	v	 1	 2	 3	 2	 1	 1	 2	 0	 2	 2	 1	668.30	  0.07
348	13	20	v	 1	 2	 3	 2	 2	 2	 2	 1	 2	 2	 1	591.06	  0.06
349	13	20	v	 1	 2	 3	 1	 2	 2	 2	 0	 1	 1	 1	928.47	  0.06
350	13	20	v	 1	 2	 3	 2	 2	 2	 2	 1	 2	 2	 1	357.94	  0.06
351	13	20	v	 1	 2	 3	 1	 1	 1	 2	 1	 1	 1	 1	1184.19	  0.20
352	13	20	v	 1	 2	 3	 1	 2	 2	 2	 0	 1	 1	 1	625.94	  0.19
353	13	20	v	 1	 2	 3	 2	 2	 2	 2	 1	 2	 2	 1	388.33	  0.06
354	13	20	v	 1	 2	 3	 1	 1	 1	 2	 1	 1	 1	 1	423.40	  0.06
355	13	20	v	 1	 2	 3	 1	 1	 1	 2	 1	 1	 1	 1	558.65	  0.06
356	13	20	v	 1	 2	 3	 1	 1	 1	 2	 1	 1	 1	 1	446.52	  0.06
357	13	20	v	 1	 2	 3	 2	 1	 1	 2	 0	 2	 0	 0	2000.24	  0.00
358	13	20	v	 1	 2	 3	 1	 2	 2	 2	 0	 1	 1	 1	540.21	  0.06
359	13	20	v	 1	 2	 3	 2	 1	 1	 2	 0	 2	 2	 1	493.40	  0.07
360	13	20	v	 1	 2	 3	 1	 1	 1	 2	 1	 1	 1	 1	448.32	  0.06
361	13	20	v	 1	 2	 3	 2	 2	 2	 2	 1	 2	 2	 1	412.41	  0.06
362	13	20	v	 1	 2	 3	 1	 1	 1	 2	 1	 1	 1	 1	447.25	  0.06
363	13	20	v	 1	 2	 3	 1	 1	 1	 2	 1	 1	 1	 1	562.35	  0.06
364	13	20	v	 1	 2	 3	 1	 1	 1	 2	 1	 1	 1	 1	499.53	  0.06
365	13	20	v	 1	 2	 3	 1	 2	 2	 2	 0	 1	 1	 1	416.49	  0.06
366	13	20	v	 1	 2	 3	 2	 1	 1	 2	 0	 2	 2	 1	455.58	  0.06
367	13	20	v	 1	 2	 3	 2	 1	 1	 2	 0	 2	 2	 1	493.43	  0.07
368	13	20	v	 1	 2	 3	 1	 1	 1	 2	 1	 1	 1	 1	620.11	  0.06
369	13	20	v	 1	 2	 3	 2	 1	 1	 2	 0	 2	 2	 1	551.59	  0.06
370	13	20	v	 1	 2	 3	 1	 1	 1	 2	 1	 1	 1	 1	692.64	  0.08
371	13	20	v	 1	 2	 3	 1	 2	 2	 2	 0	 1	 1	 1	823.18	  0.21
372	13	20	v	 1	 2	 3	 1	 1	 1	 2	 1	 1	 1	 1	517.33	  0.06
373	13	20	v	 1	 2	 3	 2	 1	 1	 2	 0	 2	 2	 1	434.25	  0.06
374	13	20	v	 1	 2	 3	 1	 1	 1	 2	 1	 1	 1	 1	618.72	  0.06
375	13	20	v	 1	 2	 3	 2	 1	 1	 2	 0	 2	 2	 1	631.49	  0.26
376	13	20	v	 1	 2	 3	 1	 2	 2	 2	 0	 1	 1	 1	641.50	  0.19
377	13	20	v	 1	 2	 3	 2	 1	 1	 2	 0	 2	 2	 1	531.19	  0.07
378	13	20	v	 1	 2	 3	 2	 2	 2	 2	 1	 2	 2	 1	1299.58	  0.07
379	13	20	v	 1	 2	 3	 1	 2	 2	 2	 0	 1	 1	 1	583.22	  0.08
380	13	20	v	 1	 2	 3	 2	 1	 1	 2	 0	 2	 2	 1	347.69	  0.21
381	13	20	v	 1	 2	 3	 1	 2	 2	 2	 0	 1	 1	 1	362.48	  0.06
382	13	20	v	 1	 2	 3	 2	 1	 1	 2	 0	 2	 2	 1	388.36	  0.06
383	13	20	v	 1	 2	 3	 2	 2	 2	 2	 1	 2	 2	 1	566.01	  0.06
