00	24	18	m	 1	 1	 0	 2	 1	 1	 1	 0	 2	 2	 1	560.26	  0.09
01	24	18	m	 1	 1	 0	 1	 1	 1	 1	 1	 1	 1	 1	640.80	  0.06
02	24	18	m	 1	 1	 0	 1	 2	 2	 1	 0	 1	 1	 1	502.00	  0.06
03	24	18	m	 1	 1	 0	 2	 2	 2	 1	 1	 2	 2	 1	771.66	  0.08
04	24	18	m	 1	 1	 0	 2	 2	 2	 1	 1	 2	 2	 1	508.62	  0.06
05	24	18	m	 1	 1	 0	 2	 1	 1	 1	 0	 2	 2	 1	473.28	  0.06
06	24	18	m	 1	 1	 0	 2	 2	 2	 1	 1	 2	 2	 1	520.07	  0.07
07	24	18	m	 1	 1	 0	 1	 2	 2	 1	 0	 1	 1	 1	753.90	  0.06
08	24	18	m	 1	 1	 0	 1	 2	 2	 1	 0	 1	 1	 1	716.17	  0.07
09	24	18	m	 1	 1	 0	 2	 1	 1	 1	 0	 2	 2	 1	529.37	  0.06
10	24	18	m	 1	 1	 0	 2	 1	 1	 1	 0	 2	 2	 1	915.89	  0.07
11	24	18	m	 1	 1	 0	 1	 1	 1	 1	 1	 1	 1	 1	608.38	  0.06
12	24	18	m	 1	 1	 0	 1	 2	 2	 1	 0	 1	 1	 1	566.69	  0.20
13	24	18	m	 1	 1	 0	 1	 1	 1	 1	 1	 1	 1	 1	637.88	  0.06
14	24	18	m	 1	 1	 0	 1	 1	 1	 1	 1	 1	 1	 1	520.20	  0.06
15	24	18	m	 1	 1	 0	 2	 1	 1	 1	 0	 2	 2	 1	430.57	  0.06
16	24	18	m	 1	 1	 0	 1	 1	 1	 1	 1	 1	 1	 1	434.15	  0.11
17	24	18	m	 1	 1	 0	 1	 1	 1	 1	 1	 1	 1	 1	591.59	  0.06
18	24	18	m	 1	 1	 0	 2	 1	 1	 1	 0	 2	 2	 1	414.62	  0.06
19	24	18	m	 1	 1	 0	 2	 1	 1	 1	 0	 2	 2	 1	568.01	  0.09
20	24	18	m	 1	 1	 0	 2	 1	 1	 1	 0	 2	 2	 1	525.49	  0.08
21	24	18	m	 1	 1	 0	 1	 1	 1	 1	 1	 1	 1	 1	495.16	  0.06
22	24	18	m	 1	 1	 0	 1	 2	 2	 1	 0	 1	 1	 1	452.96	  0.06
23	24	18	m	 1	 1	 0	 1	 1	 1	 1	 1	 1	 1	 1	517.60	  0.06
24	24	18	m	 1	 1	 0	 2	 1	 1	 1	 0	 2	 2	 1	507.23	  0.07
25	24	18	m	 1	 1	 0	 2	 2	 2	 1	 1	 2	 2	 1	541.85	  0.06
26	24	18	m	 1	 1	 0	 1	 1	 1	 1	 1	 1	 1	 1	517.97	  0.06
27	24	18	m	 1	 1	 0	 2	 1	 1	 1	 0	 2	 2	 1	463.95	  0.07
28	24	18	m	 1	 1	 0	 1	 1	 1	 1	 1	 1	 1	 1	524.29	  0.06
29	24	18	m	 1	 1	 0	 1	 1	 1	 1	 1	 1	 1	 1	468.93	  0.06
30	24	18	m	 1	 1	 0	 2	 1	 1	 1	 0	 2	 2	 1	485.33	  0.06
31	24	18	m	 1	 1	 0	 1	 2	 2	 1	 0	 1	 1	 1	747.70	  0.22
32	24	18	m	 1	 1	 0	 2	 2	 2	 1	 1	 2	 2	 1	526.08	  0.06
33	24	18	m	 1	 1	 0	 2	 2	 2	 1	 1	 2	 2	 1	547.33	  0.09
34	24	18	m	 1	 1	 0	 2	 1	 1	 1	 0	 2	 2	 1	797.22	  0.20
35	24	18	m	 1	 1	 0	 2	 1	 1	 1	 0	 2	 2	 1	489.42	  0.06
36	24	18	m	 1	 1	 0	 1	 1	 1	 1	 1	 1	 1	 1	466.11	  0.17
37	24	18	m	 1	 1	 0	 2	 1	 1	 1	 0	 2	 2	 1	434.71	  0.06
38	24	18	m	 1	 1	 0	 1	 1	 1	 1	 1	 1	 1	 1	547.05	  0.06
39	24	18	m	 1	 1	 0	 2	 1	 1	 1	 0	 2	 2	 1	439.76	  0.06
40	24	18	m	 1	 1	 0	 1	 2	 2	 1	 0	 1	 1	 1	430.13	  0.06
41	24	18	m	 1	 1	 0	 1	 1	 1	 1	 1	 1	 1	 1	743.13	  0.06
42	24	18	m	 1	 1	 0	 1	 2	 2	 1	 0	 1	 1	 1	509.91	  0.07
43	24	18	m	 1	 1	 0	 2	 2	 2	 1	 1	 2	 2	 1	487.60	  0.06
44	24	18	m	 1	 1	 0	 2	 2	 2	 1	 1	 2	 2	 1	1017.13	  0.06
45	24	18	m	 1	 1	 0	 1	 1	 1	 1	 1	 1	 1	 1	576.39	  0.06
46	24	18	m	 1	 1	 0	 1	 2	 2	 1	 0	 1	 1	 1	581.30	  0.06
47	24	18	m	 1	 1	 0	 1	 1	 1	 1	 1	 1	 1	 1	909.66	  0.06
48	24	18	m	 1	 1	 0	 2	 2	 2	 1	 1	 2	 2	 1	512.08	  0.06
49	24	18	m	 1	 1	 0	 1	 2	 2	 1	 0	 1	 1	 1	523.17	  0.06
50	24	18	m	 1	 1	 0	 1	 1	 1	 1	 1	 1	 1	 1	486.46	  0.06
51	24	18	m	 1	 1	 0	 2	 2	 2	 1	 1	 2	 2	 1	663.76	  0.08
52	24	18	m	 1	 1	 0	 2	 1	 1	 1	 0	 2	 2	 1	786.81	  0.06
53	24	18	m	 1	 1	 0	 1	 2	 2	 1	 0	 1	 1	 1	451.55	  0.08
54	24	18	m	 1	 1	 0	 2	 1	 1	 1	 0	 2	 2	 1	515.04	  0.07
55	24	18	m	 1	 1	 0	 1	 2	 2	 1	 0	 1	 1	 1	533.66	  0.08
56	24	18	m	 1	 1	 0	 2	 2	 2	 1	 1	 2	 2	 1	485.46	  0.06
57	24	18	m	 1	 1	 0	 1	 1	 1	 1	 1	 1	 1	 1	1022.99	  0.06
58	24	18	m	 1	 1	 0	 2	 2	 2	 1	 1	 2	 2	 1	639.40	  0.22
59	24	18	m	 1	 1	 0	 2	 2	 2	 1	 1	 2	 2	 1	558.76	  0.06
60	24	18	m	 1	 1	 0	 2	 1	 1	 1	 0	 2	 2	 1	517.34	  0.06
61	24	18	m	 1	 1	 0	 1	 1	 1	 1	 1	 1	 1	 1	551.37	  0.19
62	24	18	m	 1	 1	 0	 2	 1	 1	 1	 0	 2	 2	 1	522.75	  0.06
63	24	18	m	 1	 1	 0	 1	 2	 2	 1	 0	 1	 1	 1	479.09	  0.06
64	24	18	m	 1	 1	 0	 2	 2	 2	 1	 1	 2	 2	 1	640.84	  0.06
65	24	18	m	 1	 1	 0	 2	 1	 1	 1	 0	 2	 2	 1	617.08	  0.07
66	24	18	m	 1	 1	 0	 1	 2	 2	 1	 0	 1	 1	 1	578.81	  0.06
67	24	18	m	 1	 1	 0	 2	 2	 2	 1	 1	 2	 2	 1	752.60	  0.06
68	24	18	m	 1	 1	 0	 2	 2	 2	 1	 1	 2	 2	 1	767.27	  0.06
69	24	18	m	 1	 1	 0	 1	 1	 1	 1	 1	 1	 1	 1	492.55	  0.06
70	24	18	m	 1	 1	 0	 2	 2	 2	 1	 1	 2	 2	 1	680.37	  0.06
71	24	18	m	 1	 1	 0	 2	 2	 2	 1	 1	 2	 2	 1	587.40	  0.06
72	24	18	m	 1	 1	 0	 1	 1	 1	 1	 1	 1	 1	 1	730.66	  0.06
73	24	18	m	 1	 1	 0	 1	 2	 2	 1	 0	 1	 1	 1	523.38	  0.09
74	24	18	m	 1	 1	 0	 2	 2	 2	 1	 1	 2	 2	 1	530.48	  0.06
75	24	18	m	 1	 1	 0	 1	 1	 1	 1	 1	 1	 1	 1	468.12	  0.06
76	24	18	m	 1	 1	 0	 2	 1	 1	 1	 0	 2	 2	 1	637.51	  0.07
77	24	18	m	 1	 1	 0	 1	 1	 1	 1	 1	 1	 1	 1	466.82	  0.07
78	24	18	m	 1	 1	 0	 1	 2	 2	 1	 0	 1	 1	 1	998.11	  0.06
79	24	18	m	 1	 1	 0	 1	 2	 2	 1	 0	 1	 1	 1	734.29	  0.06
80	24	18	m	 1	 1	 0	 2	 2	 2	 1	 1	 2	 2	 1	710.80	  0.06
81	24	18	m	 1	 1	 0	 1	 2	 2	 1	 0	 1	 1	 1	550.13	  0.06
82	24	18	m	 1	 1	 0	 2	 1	 1	 1	 0	 2	 2	 1	722.65	  0.06
83	24	18	m	 1	 1	 0	 2	 2	 2	 1	 1	 2	 2	 1	676.57	  0.20
84	24	18	m	 1	 1	 0	 1	 2	 2	 1	 0	 1	 1	 1	875.05	  0.20
85	24	18	m	 1	 1	 0	 1	 2	 2	 1	 0	 1	 1	 1	834.52	  0.06
86	24	18	m	 1	 1	 0	 1	 2	 2	 1	 0	 1	 1	 1	696.65	  0.19
87	24	18	m	 1	 1	 0	 1	 2	 2	 1	 0	 1	 1	 1	562.62	  0.06
88	24	18	m	 1	 1	 0	 2	 2	 2	 1	 1	 2	 2	 1	542.23	  0.07
89	24	18	m	 1	 1	 0	 1	 1	 1	 1	 1	 1	 1	 1	560.52	  0.06
90	24	18	m	 1	 1	 0	 2	 1	 1	 1	 0	 2	 2	 1	515.23	  0.06
91	24	18	m	 1	 1	 0	 2	 1	 1	 1	 0	 2	 2	 1	581.10	  0.06
92	24	18	m	 1	 1	 0	 2	 2	 2	 1	 1	 2	 2	 1	750.00	  0.06
93	24	18	m	 1	 1	 0	 1	 2	 2	 1	 0	 1	 1	 1	526.55	  0.06
94	24	18	m	 1	 1	 0	 1	 2	 2	 1	 0	 1	 1	 1	529.28	  0.06
95	24	18	m	 1	 1	 0	 2	 2	 2	 1	 1	 2	 2	 1	486.50	  0.06
96	24	18	m	 1	 1	 1	 1	 2	 1	 2	 0	 1	 1	 1	581.67	  0.22
97	24	18	m	 1	 1	 1	 2	 1	 2	 2	 0	 2	 2	 1	612.80	  0.06
98	24	18	m	 1	 1	 1	 2	 1	 2	 2	 0	 2	 2	 1	773.24	  0.06
99	24	18	m	 1	 1	 1	 2	 2	 1	 2	 1	 2	 2	 1	552.61	  0.11
100	24	18	m	 1	 1	 1	 1	 2	 1	 2	 0	 1	 1	 1	548.13	  0.06
101	24	18	m	 1	 1	 1	 1	 2	 1	 2	 0	 1	 1	 1	811.06	  0.06
102	24	18	m	 1	 1	 1	 2	 2	 1	 2	 1	 2	 2	 1	513.38	  0.20
103	24	18	m	 1	 1	 1	 2	 2	 1	 2	 1	 2	 2	 1	659.99	  0.07
104	24	18	m	 1	 1	 1	 2	 1	 2	 2	 0	 2	 2	 1	920.73	  0.08
105	24	18	m	 1	 1	 1	 2	 2	 1	 2	 1	 2	 2	 1	952.52	  0.06
106	24	18	m	 1	 1	 1	 1	 1	 2	 2	 1	 1	 1	 1	545.99	  0.10
107	24	18	m	 1	 1	 1	 2	 2	 1	 2	 1	 2	 2	 1	514.07	  0.06
108	24	18	m	 1	 1	 1	 1	 1	 2	 2	 1	 1	 1	 1	672.66	  0.07
109	24	18	m	 1	 1	 1	 1	 2	 1	 2	 0	 1	 1	 1	527.61	  0.06
110	24	18	m	 1	 1	 1	 1	 1	 2	 2	 1	 1	 1	 1	505.28	  0.07
111	24	18	m	 1	 1	 1	 2	 2	 1	 2	 1	 2	 2	 1	631.92	  0.09
112	24	18	m	 1	 1	 1	 2	 1	 2	 2	 0	 2	 2	 1	647.39	  0.06
113	24	18	m	 1	 1	 1	 1	 2	 1	 2	 0	 1	 1	 1	660.69	  0.06
114	24	18	m	 1	 1	 1	 1	 1	 2	 2	 1	 1	 1	 1	681.81	  0.06
115	24	18	m	 1	 1	 1	 1	 1	 2	 2	 1	 1	 1	 1	623.18	  0.06
116	24	18	m	 1	 1	 1	 1	 2	 1	 2	 0	 1	 1	 1	499.37	  0.06
117	24	18	m	 1	 1	 1	 2	 2	 1	 2	 1	 2	 2	 1	840.64	  0.06
118	24	18	m	 1	 1	 1	 1	 2	 1	 2	 0	 1	 1	 1	588.85	  0.06
119	24	18	m	 1	 1	 1	 2	 2	 1	 2	 1	 2	 2	 1	852.71	  0.06
120	24	18	m	 1	 1	 1	 2	 1	 2	 2	 0	 2	 2	 1	813.88	  0.09
121	24	18	m	 1	 1	 1	 1	 2	 1	 2	 0	 1	 1	 1	638.04	  0.06
122	24	18	m	 1	 1	 1	 1	 1	 2	 2	 1	 1	 1	 1	578.47	  0.06
123	24	18	m	 1	 1	 1	 2	 1	 2	 2	 0	 2	 2	 1	1166.32	  0.06
124	24	18	m	 1	 1	 1	 2	 2	 1	 2	 1	 2	 2	 1	615.43	  0.06
125	24	18	m	 1	 1	 1	 1	 1	 2	 2	 1	 1	 1	 1	565.18	  0.06
126	24	18	m	 1	 1	 1	 2	 1	 2	 2	 0	 2	 2	 1	579.07	  0.06
127	24	18	m	 1	 1	 1	 1	 2	 1	 2	 0	 1	 1	 1	753.17	  0.06
128	24	18	m	 1	 1	 1	 1	 2	 1	 2	 0	 1	 1	 1	532.22	  0.06
129	24	18	m	 1	 1	 1	 2	 1	 2	 2	 0	 2	 2	 1	711.63	  0.06
130	24	18	m	 1	 1	 1	 2	 1	 2	 2	 0	 2	 2	 1	520.37	  0.06
131	24	18	m	 1	 1	 1	 2	 1	 2	 2	 0	 2	 2	 1	687.53	  0.08
132	24	18	m	 1	 1	 1	 1	 1	 2	 2	 1	 1	 1	 1	556.58	  0.07
133	24	18	m	 1	 1	 1	 2	 1	 2	 2	 0	 2	 2	 1	566.20	  0.06
134	24	18	m	 1	 1	 1	 2	 1	 2	 2	 0	 2	 2	 1	541.28	  0.06
135	24	18	m	 1	 1	 1	 1	 1	 2	 2	 1	 1	 1	 1	554.30	  0.06
136	24	18	m	 1	 1	 1	 2	 2	 1	 2	 1	 2	 1	 0	565.79	  0.06
137	24	18	m	 1	 1	 1	 2	 2	 1	 2	 1	 2	 2	 1	676.43	  0.06
138	24	18	m	 1	 1	 1	 1	 2	 1	 2	 0	 1	 1	 1	553.20	  0.06
139	24	18	m	 1	 1	 1	 1	 1	 2	 2	 1	 1	 1	 1	615.08	  0.07
140	24	18	m	 1	 1	 1	 2	 2	 1	 2	 1	 2	 2	 1	521.39	  0.07
141	24	18	m	 1	 1	 1	 1	 1	 2	 2	 1	 1	 1	 1	561.14	  0.06
142	24	18	m	 1	 1	 1	 2	 2	 1	 2	 1	 2	 2	 1	580.16	  0.06
143	24	18	m	 1	 1	 1	 1	 1	 2	 2	 1	 1	 1	 1	807.49	  0.06
144	24	18	m	 1	 1	 1	 1	 2	 1	 2	 0	 1	 1	 1	550.52	  0.06
145	24	18	m	 1	 1	 1	 1	 2	 1	 2	 0	 1	 1	 1	473.62	  0.20
146	24	18	m	 1	 1	 1	 2	 1	 2	 2	 0	 2	 2	 1	590.27	  0.20
147	24	18	m	 1	 1	 1	 2	 1	 2	 2	 0	 2	 2	 1	615.83	  0.06
148	24	18	m	 1	 1	 1	 1	 2	 1	 2	 0	 1	 1	 1	712.60	  0.07
149	24	18	m	 1	 1	 1	 1	 2	 1	 2	 0	 1	 1	 1	504.24	  0.06
150	24	18	m	 1	 1	 1	 2	 2	 1	 2	 1	 2	 2	 1	635.26	  0.06
151	24	18	m	 1	 1	 1	 1	 1	 2	 2	 1	 1	 1	 1	513.67	  0.06
152	24	18	m	 1	 1	 1	 2	 1	 2	 2	 0	 2	 2	 1	623.75	  0.06
153	24	18	m	 1	 1	 1	 1	 2	 1	 2	 0	 1	 1	 1	450.50	  0.06
154	24	18	m	 1	 1	 1	 1	 1	 2	 2	 1	 1	 1	 1	499.93	  0.07
155	24	18	m	 1	 1	 1	 2	 2	 1	 2	 1	 2	 2	 1	800.21	  0.06
156	24	18	m	 1	 1	 1	 2	 2	 1	 2	 1	 2	 2	 1	817.77	  0.06
157	24	18	m	 1	 1	 1	 1	 1	 2	 2	 1	 1	 1	 1	657.41	  0.06
158	24	18	m	 1	 1	 1	 1	 2	 1	 2	 0	 1	 1	 1	514.48	  0.07
159	24	18	m	 1	 1	 1	 1	 1	 2	 2	 1	 1	 1	 1	473.35	  0.07
160	24	18	m	 1	 1	 1	 2	 1	 2	 2	 0	 2	 2	 1	869.44	  0.06
161	24	18	m	 1	 1	 1	 1	 1	 2	 2	 1	 1	 1	 1	541.90	  0.06
162	24	18	m	 1	 1	 1	 1	 2	 1	 2	 0	 1	 1	 1	1132.78	  0.06
163	24	18	m	 1	 1	 1	 2	 1	 2	 2	 0	 2	 2	 1	482.63	  0.09
164	24	18	m	 1	 1	 1	 2	 2	 1	 2	 1	 2	 2	 1	696.01	  0.06
165	24	18	m	 1	 1	 1	 2	 2	 1	 2	 1	 2	 2	 1	864.69	  0.06
166	24	18	m	 1	 1	 1	 2	 2	 1	 2	 1	 2	 2	 1	832.43	  0.06
167	24	18	m	 1	 1	 1	 1	 1	 2	 2	 1	 1	 1	 1	485.20	  0.06
168	24	18	m	 1	 1	 1	 1	 2	 1	 2	 0	 1	 1	 1	561.76	  0.06
169	24	18	m	 1	 1	 1	 1	 1	 2	 2	 1	 1	 1	 1	576.93	  0.07
170	24	18	m	 1	 1	 1	 1	 1	 2	 2	 1	 1	 1	 1	466.37	  0.08
171	24	18	m	 1	 1	 1	 2	 2	 1	 2	 1	 2	 2	 1	795.84	  0.07
172	24	18	m	 1	 1	 1	 2	 1	 2	 2	 0	 2	 2	 1	959.53	  0.06
173	24	18	m	 1	 1	 1	 2	 1	 2	 2	 0	 2	 2	 1	1806.40	  0.06
174	24	18	m	 1	 1	 1	 2	 2	 1	 2	 1	 2	 2	 1	673.56	  0.08
175	24	18	m	 1	 1	 1	 1	 2	 1	 2	 0	 1	 1	 1	597.71	  0.06
176	24	18	m	 1	 1	 1	 2	 1	 2	 2	 0	 2	 2	 1	655.14	  0.06
177	24	18	m	 1	 1	 1	 2	 1	 2	 2	 0	 2	 2	 1	534.33	  0.06
178	24	18	m	 1	 1	 1	 2	 2	 1	 2	 1	 2	 2	 1	664.85	  0.06
179	24	18	m	 1	 1	 1	 2	 1	 2	 2	 0	 2	 2	 1	565.54	  0.06
180	24	18	m	 1	 1	 1	 1	 2	 1	 2	 0	 1	 1	 1	686.63	  0.06
181	24	18	m	 1	 1	 1	 1	 1	 2	 2	 1	 1	 1	 1	703.29	  0.06
182	24	18	m	 1	 1	 1	 1	 2	 1	 2	 0	 1	 1	 1	531.76	  0.06
183	24	18	m	 1	 1	 1	 1	 1	 2	 2	 1	 1	 1	 1	513.31	  0.06
184	24	18	m	 1	 1	 1	 2	 2	 1	 2	 1	 2	 2	 1	622.70	  0.06
185	24	18	m	 1	 1	 1	 1	 1	 2	 2	 1	 1	 1	 1	599.39	  0.06
186	24	18	m	 1	 1	 1	 1	 2	 1	 2	 0	 1	 1	 1	516.03	  0.06
187	24	18	m	 1	 1	 1	 2	 1	 2	 2	 0	 2	 2	 1	1055.73	  0.06
188	24	18	m	 1	 1	 1	 2	 2	 1	 2	 1	 2	 2	 1	755.15	  0.06
189	24	18	m	 1	 1	 1	 1	 1	 2	 2	 1	 1	 1	 1	585.07	  0.06
190	24	18	m	 1	 1	 1	 1	 2	 1	 2	 0	 1	 1	 1	639.95	  0.06
191	24	18	m	 1	 1	 1	 2	 1	 2	 2	 0	 2	 2	 1	1253.65	  0.06
192	24	18	m	 1	 1	 2	 1	 1	 1	 1	 1	 1	 1	 1	608.42	  0.06
193	24	18	m	 1	 1	 2	 1	 1	 1	 1	 1	 1	 1	 1	447.08	  0.08
194	24	18	m	 1	 1	 2	 2	 2	 2	 1	 1	 2	 2	 1	452.52	  0.06
195	24	18	m	 1	 1	 2	 1	 1	 1	 1	 1	 1	 1	 1	491.23	  0.06
196	24	18	m	 1	 1	 2	 1	 2	 2	 1	 0	 1	 1	 1	508.55	  0.06
197	24	18	m	 1	 1	 2	 2	 1	 1	 1	 0	 2	 2	 1	530.97	  0.06
198	24	18	m	 1	 1	 2	 1	 2	 2	 1	 0	 1	 1	 1	418.26	  0.06
199	24	18	m	 1	 1	 2	 2	 2	 2	 1	 1	 2	 2	 1	703.18	  0.06
200	24	18	m	 1	 1	 2	 2	 2	 2	 1	 1	 2	 2	 1	633.96	  0.06
201	24	18	m	 1	 1	 2	 2	 1	 1	 1	 0	 2	 2	 1	557.34	  0.09
202	24	18	m	 1	 1	 2	 1	 2	 2	 1	 0	 1	 1	 1	549.08	  0.06
203	24	18	m	 1	 1	 2	 2	 1	 1	 1	 0	 2	 2	 1	598.96	  0.06
204	24	18	m	 1	 1	 2	 2	 2	 2	 1	 1	 2	 2	 1	714.43	  0.06
205	24	18	m	 1	 1	 2	 1	 2	 2	 1	 0	 1	 1	 1	524.93	  0.06
206	24	18	m	 1	 1	 2	 2	 1	 1	 1	 0	 2	 2	 1	663.34	  0.06
207	24	18	m	 1	 1	 2	 1	 1	 1	 1	 1	 1	 1	 1	486.12	  0.09
208	24	18	m	 1	 1	 2	 1	 1	 1	 1	 1	 1	 1	 1	569.35	  0.06
209	24	18	m	 1	 1	 2	 2	 2	 2	 1	 1	 2	 2	 1	801.66	  0.06
210	24	18	m	 1	 1	 2	 1	 2	 2	 1	 0	 1	 1	 1	518.64	  0.22
211	24	18	m	 1	 1	 2	 1	 2	 2	 1	 0	 1	 1	 1	465.55	  0.06
212	24	18	m	 1	 1	 2	 1	 2	 2	 1	 0	 1	 1	 1	486.57	  0.09
213	24	18	m	 1	 1	 2	 2	 1	 1	 1	 0	 2	 2	 1	558.51	  0.06
214	24	18	m	 1	 1	 2	 1	 2	 2	 1	 0	 1	 1	 1	567.55	  0.07
215	24	18	m	 1	 1	 2	 2	 1	 1	 1	 0	 2	 2	 1	555.08	  0.08
216	24	18	m	 1	 1	 2	 2	 1	 1	 1	 0	 2	 2	 1	560.06	  0.07
217	24	18	m	 1	 1	 2	 1	 2	 2	 1	 0	 1	 1	 1	535.64	  0.06
218	24	18	m	 1	 1	 2	 2	 1	 1	 1	 0	 2	 2	 1	581.91	  0.06
219	24	18	m	 1	 1	 2	 1	 1	 1	 1	 1	 1	 1	 1	489.84	  0.08
220	24	18	m	 1	 1	 2	 1	 1	 1	 1	 1	 1	 1	 1	536.47	  0.07
221	24	18	m	 1	 1	 2	 2	 2	 2	 1	 1	 2	 2	 1	545.36	  0.06
222	24	18	m	 1	 1	 2	 1	 1	 1	 1	 1	 1	 1	 1	448.33	  0.06
223	24	18	m	 1	 1	 2	 2	 2	 2	 1	 1	 2	 2	 1	485.83	  0.06
224	24	18	m	 1	 1	 2	 1	 2	 2	 1	 0	 1	 1	 1	524.27	  0.06
225	24	18	m	 1	 1	 2	 1	 2	 2	 1	 0	 1	 1	 1	456.79	  0.06
226	24	18	m	 1	 1	 2	 2	 2	 2	 1	 1	 2	 2	 1	648.79	  0.06
227	24	18	m	 1	 1	 2	 2	 2	 2	 1	 1	 2	 2	 1	692.19	  0.06
228	24	18	m	 1	 1	 2	 1	 1	 1	 1	 1	 1	 1	 1	761.83	  0.06
229	24	18	m	 1	 1	 2	 2	 1	 1	 1	 0	 2	 2	 1	762.94	  0.06
230	24	18	m	 1	 1	 2	 2	 1	 1	 1	 0	 2	 2	 1	606.84	  0.06
231	24	18	m	 1	 1	 2	 2	 2	 2	 1	 1	 2	 2	 1	658.74	  0.06
232	24	18	m	 1	 1	 2	 1	 1	 1	 1	 1	 1	 1	 1	1042.62	  0.06
233	24	18	m	 1	 1	 2	 1	 1	 1	 1	 1	 1	 1	 1	661.15	  0.06
234	24	18	m	 1	 1	 2	 2	 2	 2	 1	 1	 2	 2	 1	691.39	  0.06
235	24	18	m	 1	 1	 2	 2	 1	 1	 1	 0	 2	 2	 1	639.49	  0.06
236	24	18	m	 1	 1	 2	 1	 1	 1	 1	 1	 1	 1	 1	619.52	  0.06
237	24	18	m	 1	 1	 2	 2	 2	 2	 1	 1	 2	 2	 1	556.40	  0.06
238	24	18	m	 1	 1	 2	 1	 1	 1	 1	 1	 1	 1	 1	601.02	  0.06
239	24	18	m	 1	 1	 2	 1	 1	 1	 1	 1	 1	 1	 1	537.74	  0.06
240	24	18	m	 1	 1	 2	 1	 2	 2	 1	 0	 1	 1	 1	552.88	  0.06
241	24	18	m	 1	 1	 2	 2	 2	 2	 1	 1	 2	 2	 1	546.92	  0.06
242	24	18	m	 1	 1	 2	 1	 1	 1	 1	 1	 1	 1	 1	455.05	  0.06
243	24	18	m	 1	 1	 2	 2	 2	 2	 1	 1	 2	 2	 1	1382.74	  0.06
244	24	18	m	 1	 1	 2	 1	 1	 1	 1	 1	 1	 1	 1	498.24	  0.06
245	24	18	m	 1	 1	 2	 1	 2	 2	 1	 0	 1	 1	 1	549.95	  0.24
246	24	18	m	 1	 1	 2	 2	 1	 1	 1	 0	 2	 2	 1	1232.98	  0.06
247	24	18	m	 1	 1	 2	 1	 1	 1	 1	 1	 1	 2	 0	535.74	  0.20
248	24	18	m	 1	 1	 2	 2	 2	 2	 1	 1	 2	 2	 1	606.88	  0.06
249	24	18	m	 1	 1	 2	 2	 1	 1	 1	 0	 2	 2	 1	521.56	  0.06
250	24	18	m	 1	 1	 2	 1	 2	 2	 1	 0	 1	 1	 1	620.55	  0.06
251	24	18	m	 1	 1	 2	 1	 2	 2	 1	 0	 1	 1	 1	557.26	  0.06
252	24	18	m	 1	 1	 2	 2	 1	 1	 1	 0	 2	 2	 1	694.13	  0.06
253	24	18	m	 1	 1	 2	 2	 2	 2	 1	 1	 2	 2	 1	547.21	  0.06
254	24	18	m	 1	 1	 2	 2	 2	 2	 1	 1	 2	 2	 1	628.93	  0.07
255	24	18	m	 1	 1	 2	 2	 1	 1	 1	 0	 2	 2	 1	623.50	  0.06
256	24	18	m	 1	 1	 2	 1	 2	 2	 1	 0	 1	 1	 1	590.66	  0.09
257	24	18	m	 1	 1	 2	 2	 2	 2	 1	 1	 2	 2	 1	636.18	  0.06
258	24	18	m	 1	 1	 2	 2	 1	 1	 1	 0	 2	 2	 1	577.04	  0.06
259	24	18	m	 1	 1	 2	 1	 1	 1	 1	 1	 1	 1	 1	649.25	  0.06
260	24	18	m	 1	 1	 2	 2	 2	 2	 1	 1	 2	 2	 1	785.24	  0.06
261	24	18	m	 1	 1	 2	 1	 2	 2	 1	 0	 1	 1	 1	665.41	  0.06
262	24	18	m	 1	 1	 2	 2	 1	 1	 1	 0	 2	 2	 1	661.05	  0.07
263	24	18	m	 1	 1	 2	 1	 2	 2	 1	 0	 1	 1	 1	506.24	  0.22
264	24	18	m	 1	 1	 2	 1	 2	 2	 1	 0	 1	 1	 1	979.73	  0.06
265	24	18	m	 1	 1	 2	 2	 1	 1	 1	 0	 2	 2	 1	564.13	  0.21
266	24	18	m	 1	 1	 2	 1	 1	 1	 1	 1	 1	 1	 1	727.32	  0.06
267	24	18	m	 1	 1	 2	 2	 1	 1	 1	 0	 2	 2	 1	899.49	  0.08
268	24	18	m	 1	 1	 2	 2	 2	 2	 1	 1	 2	 2	 1	538.65	  0.06
269	24	18	m	 1	 1	 2	 1	 2	 2	 1	 0	 1	 1	 1	613.61	  0.06
270	24	18	m	 1	 1	 2	 1	 1	 1	 1	 1	 1	 1	 1	870.19	  0.06
271	24	18	m	 1	 1	 2	 2	 1	 1	 1	 0	 2	 2	 1	629.70	  0.10
272	24	18	m	 1	 1	 2	 2	 1	 1	 1	 0	 2	 2	 1	738.56	  0.06
273	24	18	m	 1	 1	 2	 2	 1	 1	 1	 0	 2	 2	 1	522.21	  0.06
274	24	18	m	 1	 1	 2	 1	 1	 1	 1	 1	 1	 1	 1	618.16	  0.06
275	24	18	m	 1	 1	 2	 1	 1	 1	 1	 1	 1	 1	 1	676.47	  0.06
276	24	18	m	 1	 1	 2	 1	 2	 2	 1	 0	 1	 1	 1	681.50	  0.06
277	24	18	m	 1	 1	 2	 2	 2	 2	 1	 1	 2	 2	 1	777.72	  0.23
278	24	18	m	 1	 1	 2	 1	 2	 2	 1	 0	 1	 2	 0	636.15	  0.06
279	24	18	m	 1	 1	 2	 1	 2	 2	 1	 0	 1	 1	 1	743.36	  0.06
280	24	18	m	 1	 1	 2	 2	 2	 2	 1	 1	 2	 2	 1	498.83	  0.06
281	24	18	m	 1	 1	 2	 2	 2	 2	 1	 1	 2	 2	 1	714.43	  0.06
282	24	18	m	 1	 1	 2	 1	 1	 1	 1	 1	 1	 1	 1	548.23	  0.06
283	24	18	m	 1	 1	 2	 2	 1	 1	 1	 0	 2	 2	 1	619.03	  0.06
284	24	18	m	 1	 1	 2	 2	 2	 2	 1	 1	 2	 2	 1	531.74	  0.06
285	24	18	m	 1	 1	 2	 1	 1	 1	 1	 1	 1	 1	 1	792.21	  0.07
286	24	18	m	 1	 1	 2	 2	 1	 1	 1	 0	 2	 2	 1	604.14	  0.06
287	24	18	m	 1	 1	 2	 1	 2	 2	 1	 0	 1	 1	 1	458.92	  0.10
288	24	18	m	 1	 1	 3	 1	 1	 2	 2	 1	 1	 1	 1	621.29	  0.06
289	24	18	m	 1	 1	 3	 2	 2	 1	 2	 1	 2	 2	 1	702.53	  0.06
290	24	18	m	 1	 1	 3	 2	 1	 2	 2	 0	 2	 2	 1	515.62	  0.09
291	24	18	m	 1	 1	 3	 1	 2	 1	 2	 0	 1	 1	 1	455.89	  0.06
292	24	18	m	 1	 1	 3	 1	 2	 1	 2	 0	 1	 1	 1	456.37	  0.06
293	24	18	m	 1	 1	 3	 1	 1	 2	 2	 1	 1	 1	 1	1811.77	  0.19
294	24	18	m	 1	 1	 3	 1	 1	 2	 2	 1	 1	 1	 1	471.45	  0.07
295	24	18	m	 1	 1	 3	 2	 2	 1	 2	 1	 2	 2	 1	552.42	  0.08
296	24	18	m	 1	 1	 3	 1	 1	 2	 2	 1	 1	 1	 1	500.40	  0.06
297	24	18	m	 1	 1	 3	 2	 2	 1	 2	 1	 2	 2	 1	528.58	  0.08
298	24	18	m	 1	 1	 3	 2	 2	 1	 2	 1	 2	 2	 1	703.99	  0.08
299	24	18	m	 1	 1	 3	 1	 2	 1	 2	 0	 1	 1	 1	627.02	  0.06
300	24	18	m	 1	 1	 3	 1	 2	 1	 2	 0	 1	 1	 1	509.60	  0.06
301	24	18	m	 1	 1	 3	 2	 1	 2	 2	 0	 2	 2	 1	531.90	  0.13
302	24	18	m	 1	 1	 3	 2	 1	 2	 2	 0	 2	 2	 1	723.41	  0.10
303	24	18	m	 1	 1	 3	 2	 2	 1	 2	 1	 2	 2	 1	599.94	  0.06
304	24	18	m	 1	 1	 3	 2	 1	 2	 2	 0	 2	 2	 1	519.67	  0.08
305	24	18	m	 1	 1	 3	 1	 1	 2	 2	 1	 1	 1	 1	838.31	  0.06
306	24	18	m	 1	 1	 3	 1	 2	 1	 2	 0	 1	 1	 1	652.82	  0.06
307	24	18	m	 1	 1	 3	 1	 1	 2	 2	 1	 1	 1	 1	550.95	  0.09
308	24	18	m	 1	 1	 3	 1	 1	 2	 2	 1	 1	 1	 1	509.40	  0.06
309	24	18	m	 1	 1	 3	 2	 1	 2	 2	 0	 2	 1	 0	412.39	  0.08
310	24	18	m	 1	 1	 3	 2	 1	 2	 2	 0	 2	 2	 1	447.43	  0.06
311	24	18	m	 1	 1	 3	 2	 1	 2	 2	 0	 2	 1	 0	540.13	  0.06
312	24	18	m	 1	 1	 3	 1	 2	 1	 2	 0	 1	 1	 1	655.98	  0.06
313	24	18	m	 1	 1	 3	 2	 2	 1	 2	 1	 2	 2	 1	516.34	  0.06
314	24	18	m	 1	 1	 3	 1	 2	 1	 2	 0	 1	 1	 1	529.12	  0.06
315	24	18	m	 1	 1	 3	 2	 2	 1	 2	 1	 2	 2	 1	631.92	  0.08
316	24	18	m	 1	 1	 3	 2	 1	 2	 2	 0	 2	 2	 1	826.68	  0.07
317	24	18	m	 1	 1	 3	 1	 1	 2	 2	 1	 1	 1	 1	535.26	  0.06
318	24	18	m	 1	 1	 3	 1	 1	 2	 2	 1	 1	 1	 1	528.45	  0.06
319	24	18	m	 1	 1	 3	 2	 1	 2	 2	 0	 2	 2	 1	626.17	  0.08
320	24	18	m	 1	 1	 3	 2	 1	 2	 2	 0	 2	 2	 1	637.10	  0.06
321	24	18	m	 1	 1	 3	 1	 2	 1	 2	 0	 1	 1	 1	703.21	  0.06
322	24	18	m	 1	 1	 3	 1	 2	 1	 2	 0	 1	 1	 1	525.51	  0.06
323	24	18	m	 1	 1	 3	 2	 2	 1	 2	 1	 2	 2	 1	739.47	  0.23
324	24	18	m	 1	 1	 3	 2	 1	 2	 2	 0	 2	 2	 1	728.90	  0.06
325	24	18	m	 1	 1	 3	 2	 2	 1	 2	 1	 2	 2	 1	664.44	  0.07
326	24	18	m	 1	 1	 3	 2	 2	 1	 2	 1	 2	 2	 1	847.96	  0.06
327	24	18	m	 1	 1	 3	 1	 1	 2	 2	 1	 1	 1	 1	543.02	  0.06
328	24	18	m	 1	 1	 3	 1	 2	 1	 2	 0	 1	 1	 1	579.46	  0.06
329	24	18	m	 1	 1	 3	 1	 1	 2	 2	 1	 1	 1	 1	573.56	  0.08
330	24	18	m	 1	 1	 3	 2	 2	 1	 2	 1	 2	 2	 1	984.10	  0.07
331	24	18	m	 1	 1	 3	 1	 1	 2	 2	 1	 1	 1	 1	797.24	  0.06
332	24	18	m	 1	 1	 3	 1	 2	 1	 2	 0	 1	 1	 1	576.23	  0.06
333	24	18	m	 1	 1	 3	 2	 1	 2	 2	 0	 2	 2	 1	749.54	  0.08
334	24	18	m	 1	 1	 3	 1	 2	 1	 2	 0	 1	 1	 1	470.99	  0.07
335	24	18	m	 1	 1	 3	 2	 2	 1	 2	 1	 2	 2	 1	631.26	  0.07
336	24	18	m	 1	 1	 3	 1	 1	 2	 2	 1	 1	 1	 1	525.29	  0.07
337	24	18	m	 1	 1	 3	 1	 2	 1	 2	 0	 1	 1	 1	614.96	  0.09
338	24	18	m	 1	 1	 3	 1	 1	 2	 2	 1	 1	 1	 1	486.88	  0.06
339	24	18	m	 1	 1	 3	 1	 2	 1	 2	 0	 1	 1	 1	461.81	  0.06
340	24	18	m	 1	 1	 3	 2	 1	 2	 2	 0	 2	 2	 1	436.43	  0.08
341	24	18	m	 1	 1	 3	 1	 2	 1	 2	 0	 1	 1	 1	443.56	  0.06
342	24	18	m	 1	 1	 3	 2	 1	 2	 2	 0	 2	 2	 1	738.71	  0.06
343	24	18	m	 1	 1	 3	 2	 1	 2	 2	 0	 2	 2	 1	704.78	  0.16
344	24	18	m	 1	 1	 3	 2	 1	 2	 2	 0	 2	 2	 1	856.40	  0.06
345	24	18	m	 1	 1	 3	 2	 2	 1	 2	 1	 2	 2	 1	563.12	  0.06
346	24	18	m	 1	 1	 3	 1	 1	 2	 2	 1	 1	 1	 1	849.42	  0.21
347	24	18	m	 1	 1	 3	 1	 1	 2	 2	 1	 1	 1	 1	616.11	  0.06
348	24	18	m	 1	 1	 3	 1	 2	 1	 2	 0	 1	 1	 1	505.31	  0.06
349	24	18	m	 1	 1	 3	 2	 1	 2	 2	 0	 2	 2	 1	542.16	  0.06
350	24	18	m	 1	 1	 3	 1	 1	 2	 2	 1	 1	 1	 1	616.90	  0.06
351	24	18	m	 1	 1	 3	 1	 1	 2	 2	 1	 1	 1	 1	518.65	  0.21
352	24	18	m	 1	 1	 3	 1	 2	 1	 2	 0	 1	 1	 1	547.61	  0.07
353	24	18	m	 1	 1	 3	 2	 2	 1	 2	 1	 2	 2	 1	570.82	  0.06
354	24	18	m	 1	 1	 3	 2	 2	 1	 2	 1	 2	 2	 1	566.36	  0.20
355	24	18	m	 1	 1	 3	 2	 2	 1	 2	 1	 2	 2	 1	581.90	  0.07
356	24	18	m	 1	 1	 3	 2	 2	 1	 2	 1	 2	 2	 1	517.51	  0.21
357	24	18	m	 1	 1	 3	 1	 2	 1	 2	 0	 1	 1	 1	727.32	  0.06
358	24	18	m	 1	 1	 3	 2	 1	 2	 2	 0	 2	 2	 1	528.38	  0.06
359	24	18	m	 1	 1	 3	 2	 2	 1	 2	 1	 2	 2	 1	593.89	  0.09
360	24	18	m	 1	 1	 3	 1	 2	 1	 2	 0	 1	 2	 0	643.34	  0.06
361	24	18	m	 1	 1	 3	 2	 1	 2	 2	 0	 2	 2	 1	885.56	  0.20
362	24	18	m	 1	 1	 3	 1	 1	 2	 2	 1	 1	 1	 1	580.31	  0.06
363	24	18	m	 1	 1	 3	 2	 2	 1	 2	 1	 2	 2	 1	674.78	  0.06
364	24	18	m	 1	 1	 3	 1	 2	 1	 2	 0	 1	 1	 1	763.21	  0.06
365	24	18	m	 1	 1	 3	 2	 2	 1	 2	 1	 2	 2	 1	557.85	  0.06
366	24	18	m	 1	 1	 3	 2	 1	 2	 2	 0	 2	 2	 1	745.42	  0.08
367	24	18	m	 1	 1	 3	 1	 1	 2	 2	 1	 1	 1	 1	1679.82	  0.06
368	24	18	m	 1	 1	 3	 1	 2	 1	 2	 0	 1	 1	 1	671.43	  0.06
369	24	18	m	 1	 1	 3	 1	 1	 2	 2	 1	 1	 1	 1	486.04	  0.17
370	24	18	m	 1	 1	 3	 2	 2	 1	 2	 1	 2	 2	 1	734.43	  0.08
371	24	18	m	 1	 1	 3	 1	 2	 1	 2	 0	 1	 1	 1	590.86	  0.06
372	24	18	m	 1	 1	 3	 2	 1	 2	 2	 0	 2	 2	 1	561.90	  0.06
373	24	18	m	 1	 1	 3	 1	 2	 1	 2	 0	 1	 1	 1	735.76	  0.06
374	24	18	m	 1	 1	 3	 2	 1	 2	 2	 0	 2	 2	 1	868.24	  0.06
375	24	18	m	 1	 1	 3	 1	 2	 1	 2	 0	 1	 1	 1	571.70	  0.08
376	24	18	m	 1	 1	 3	 2	 2	 1	 2	 1	 2	 2	 1	674.91	  0.06
377	24	18	m	 1	 1	 3	 2	 1	 2	 2	 0	 2	 2	 1	572.04	  0.06
378	24	18	m	 1	 1	 3	 2	 1	 2	 2	 0	 2	 2	 1	866.45	  0.07
379	24	18	m	 1	 1	 3	 1	 1	 2	 2	 1	 1	 1	 1	584.51	  0.06
380	24	18	m	 1	 1	 3	 2	 2	 1	 2	 1	 2	 2	 1	669.62	  0.19
381	24	18	m	 1	 1	 3	 2	 2	 1	 2	 1	 2	 2	 1	582.16	  0.06
382	24	18	m	 1	 1	 3	 1	 1	 2	 2	 1	 1	 1	 1	482.52	  0.06
383	24	18	m	 1	 1	 3	 1	 1	 2	 2	 1	 1	 1	 1	530.26	  0.10
