00	30	18	v	 1	 1	 0	 1	 2	 2	 1	 0	 1	 1	 1	426.50	  0.20
01	30	18	v	 1	 1	 0	 2	 2	 2	 1	 1	 2	 2	 1	438.87	  0.10
02	30	18	v	 1	 1	 0	 1	 1	 1	 1	 1	 1	 1	 1	425.56	  0.08
03	30	18	v	 1	 1	 0	 1	 2	 2	 1	 0	 1	 1	 1	757.69	  0.06
04	30	18	v	 1	 1	 0	 2	 2	 2	 1	 1	 2	 2	 1	308.63	  0.06
05	30	18	v	 1	 1	 0	 1	 2	 2	 1	 0	 1	 1	 1	526.97	  0.06
06	30	18	v	 1	 1	 0	 2	 1	 1	 1	 0	 2	 2	 1	376.64	  0.06
07	30	18	v	 1	 1	 0	 2	 1	 1	 1	 0	 2	 1	 0	275.00	  0.20
08	30	18	v	 1	 1	 0	 1	 1	 1	 1	 1	 1	 1	 1	624.40	  0.06
09	30	18	v	 1	 1	 0	 2	 1	 1	 1	 0	 2	 2	 1	329.01	  0.08
10	30	18	v	 1	 1	 0	 2	 1	 1	 1	 0	 2	 2	 1	678.20	  0.06
11	30	18	v	 1	 1	 0	 2	 1	 1	 1	 0	 2	 2	 1	850.21	  0.06
12	30	18	v	 1	 1	 0	 1	 1	 1	 1	 1	 1	 1	 1	439.66	  0.06
13	30	18	v	 1	 1	 0	 1	 2	 2	 1	 0	 1	 1	 1	500.27	  0.06
14	30	18	v	 1	 1	 0	 2	 1	 1	 1	 0	 2	 2	 1	761.58	  0.06
15	30	18	v	 1	 1	 0	 2	 2	 2	 1	 1	 2	 2	 1	796.98	  0.21
16	30	18	v	 1	 1	 0	 1	 2	 2	 1	 0	 1	 1	 1	390.27	  0.09
17	30	18	v	 1	 1	 0	 1	 1	 1	 1	 1	 1	 2	 0	367.97	  0.06
18	30	18	v	 1	 1	 0	 2	 2	 2	 1	 1	 2	 2	 1	656.25	  0.22
19	30	18	v	 1	 1	 0	 1	 1	 1	 1	 1	 1	 1	 1	318.31	  0.07
20	30	18	v	 1	 1	 0	 1	 2	 2	 1	 0	 1	 1	 1	509.93	  0.06
21	30	18	v	 1	 1	 0	 1	 2	 2	 1	 0	 1	 1	 1	410.63	  0.06
22	30	18	v	 1	 1	 0	 1	 2	 2	 1	 0	 1	 1	 1	644.68	  0.07
23	30	18	v	 1	 1	 0	 2	 2	 2	 1	 1	 2	 2	 1	351.39	  0.06
24	30	18	v	 1	 1	 0	 2	 1	 1	 1	 0	 2	 0	 0	2000.17	  0.00
25	30	18	v	 1	 1	 0	 2	 1	 1	 1	 0	 2	 2	 1	405.22	  0.06
26	30	18	v	 1	 1	 0	 1	 2	 2	 1	 0	 1	 1	 1	631.13	  0.06
27	30	18	v	 1	 1	 0	 2	 1	 1	 1	 0	 2	 0	 0	2000.13	  0.00
28	30	18	v	 1	 1	 0	 2	 1	 1	 1	 0	 2	 2	 1	534.83	  0.06
29	30	18	v	 1	 1	 0	 1	 2	 2	 1	 0	 1	 1	 1	415.20	  0.07
30	30	18	v	 1	 1	 0	 2	 2	 2	 1	 1	 2	 2	 1	439.97	  0.06
31	30	18	v	 1	 1	 0	 1	 2	 2	 1	 0	 1	 1	 1	376.30	  0.06
32	30	18	v	 1	 1	 0	 1	 1	 1	 1	 1	 1	 1	 1	621.85	  0.06
33	30	18	v	 1	 1	 0	 1	 1	 1	 1	 1	 1	 1	 1	539.36	  0.07
34	30	18	v	 1	 1	 0	 1	 2	 2	 1	 0	 1	 1	 1	355.00	  0.06
35	30	18	v	 1	 1	 0	 2	 2	 2	 1	 1	 2	 2	 1	705.32	  0.06
36	30	18	v	 1	 1	 0	 2	 2	 2	 1	 1	 2	 2	 1	435.41	  0.07
37	30	18	v	 1	 1	 0	 1	 1	 1	 1	 1	 1	 1	 1	628.97	  0.06
38	30	18	v	 1	 1	 0	 2	 1	 1	 1	 0	 2	 2	 1	435.09	  0.06
39	30	18	v	 1	 1	 0	 1	 1	 1	 1	 1	 1	 1	 1	546.14	  0.06
40	30	18	v	 1	 1	 0	 1	 2	 2	 1	 0	 1	 2	 0	329.51	  0.06
41	30	18	v	 1	 1	 0	 2	 2	 2	 1	 1	 2	 2	 1	465.30	  0.06
42	30	18	v	 1	 1	 0	 1	 1	 1	 1	 1	 1	 1	 1	451.79	  0.08
43	30	18	v	 1	 1	 0	 2	 1	 1	 1	 0	 2	 2	 1	570.72	  0.06
44	30	18	v	 1	 1	 0	 2	 2	 2	 1	 1	 2	 2	 1	770.74	  0.06
45	30	18	v	 1	 1	 0	 1	 1	 1	 1	 1	 1	 1	 1	429.08	  0.06
46	30	18	v	 1	 1	 0	 2	 1	 1	 1	 0	 2	 2	 1	667.37	  0.06
47	30	18	v	 1	 1	 0	 1	 1	 1	 1	 1	 1	 2	 0	401.33	  0.06
48	30	18	v	 1	 1	 0	 2	 2	 2	 1	 1	 2	 2	 1	614.86	  0.08
49	30	18	v	 1	 1	 0	 1	 2	 2	 1	 0	 1	 1	 1	966.74	  0.06
50	30	18	v	 1	 1	 0	 2	 1	 1	 1	 0	 2	 2	 1	671.20	  0.06
51	30	18	v	 1	 1	 0	 2	 1	 1	 1	 0	 2	 2	 1	616.52	  0.06
52	30	18	v	 1	 1	 0	 1	 1	 1	 1	 1	 1	 1	 1	541.98	  0.06
53	30	18	v	 1	 1	 0	 1	 2	 2	 1	 0	 1	 1	 1	584.70	  0.08
54	30	18	v	 1	 1	 0	 2	 2	 2	 1	 1	 2	 2	 1	441.78	  0.21
55	30	18	v	 1	 1	 0	 1	 2	 2	 1	 0	 1	 1	 1	638.56	  0.06
56	30	18	v	 1	 1	 0	 1	 1	 1	 1	 1	 1	 1	 1	893.03	  0.06
57	30	18	v	 1	 1	 0	 1	 1	 1	 1	 1	 1	 1	 1	597.41	  0.06
58	30	18	v	 1	 1	 0	 2	 1	 1	 1	 0	 2	 2	 1	493.44	  0.21
59	30	18	v	 1	 1	 0	 1	 2	 2	 1	 0	 1	 1	 1	406.69	  0.06
60	30	18	v	 1	 1	 0	 2	 2	 2	 1	 1	 2	 2	 1	747.24	  0.06
61	30	18	v	 1	 1	 0	 1	 1	 1	 1	 1	 1	 1	 1	398.82	  0.06
62	30	18	v	 1	 1	 0	 2	 1	 1	 1	 0	 2	 2	 1	509.71	  0.06
63	30	18	v	 1	 1	 0	 2	 2	 2	 1	 1	 2	 2	 1	706.06	  0.06
64	30	18	v	 1	 1	 0	 2	 1	 1	 1	 0	 2	 2	 1	531.26	  0.12
65	30	18	v	 1	 1	 0	 1	 2	 2	 1	 0	 1	 1	 1	364.25	  0.06
66	30	18	v	 1	 1	 0	 1	 2	 2	 1	 0	 1	 1	 1	612.98	  0.06
67	30	18	v	 1	 1	 0	 1	 1	 1	 1	 1	 1	 1	 1	996.19	  0.22
68	30	18	v	 1	 1	 0	 2	 2	 2	 1	 1	 2	 2	 1	592.98	  0.06
69	30	18	v	 1	 1	 0	 2	 1	 1	 1	 0	 2	 2	 1	576.61	  0.06
70	30	18	v	 1	 1	 0	 1	 2	 2	 1	 0	 1	 1	 1	413.50	  0.06
71	30	18	v	 1	 1	 0	 2	 2	 2	 1	 1	 2	 2	 1	452.84	  0.06
72	30	18	v	 1	 1	 0	 2	 1	 1	 1	 0	 2	 2	 1	855.61	  0.06
73	30	18	v	 1	 1	 0	 2	 1	 1	 1	 0	 2	 2	 1	735.93	  0.06
74	30	18	v	 1	 1	 0	 1	 2	 2	 1	 0	 1	 1	 1	1041.88	  0.06
75	30	18	v	 1	 1	 0	 2	 2	 2	 1	 1	 2	 2	 1	616.93	  0.06
76	30	18	v	 1	 1	 0	 2	 2	 2	 1	 1	 2	 1	 0	424.77	  0.06
77	30	18	v	 1	 1	 0	 1	 1	 1	 1	 1	 1	 1	 1	478.43	  0.06
78	30	18	v	 1	 1	 0	 2	 2	 2	 1	 1	 2	 2	 1	555.32	  0.06
79	30	18	v	 1	 1	 0	 2	 2	 2	 1	 1	 2	 2	 1	1198.10	  0.08
80	30	18	v	 1	 1	 0	 1	 1	 1	 1	 1	 1	 1	 1	449.98	  0.06
81	30	18	v	 1	 1	 0	 2	 2	 2	 1	 1	 2	 2	 1	586.30	  0.06
82	30	18	v	 1	 1	 0	 2	 2	 2	 1	 1	 2	 2	 1	794.93	  0.11
83	30	18	v	 1	 1	 0	 2	 1	 1	 1	 0	 2	 2	 1	720.13	  0.21
84	30	18	v	 1	 1	 0	 2	 1	 1	 1	 0	 2	 2	 1	975.64	  0.06
85	30	18	v	 1	 1	 0	 1	 2	 2	 1	 0	 1	 1	 1	569.97	  0.06
86	30	18	v	 1	 1	 0	 1	 1	 1	 1	 1	 1	 1	 1	410.89	  0.06
87	30	18	v	 1	 1	 0	 1	 1	 1	 1	 1	 1	 1	 1	551.60	  0.06
88	30	18	v	 1	 1	 0	 2	 2	 2	 1	 1	 2	 2	 1	563.85	  0.09
89	30	18	v	 1	 1	 0	 1	 1	 1	 1	 1	 1	 1	 1	486.00	  0.06
90	30	18	v	 1	 1	 0	 2	 1	 1	 1	 0	 2	 2	 1	430.10	  0.07
91	30	18	v	 1	 1	 0	 1	 1	 1	 1	 1	 1	 1	 1	417.56	  0.06
92	30	18	v	 1	 1	 0	 1	 2	 2	 1	 0	 1	 1	 1	536.49	  0.06
93	30	18	v	 1	 1	 0	 2	 2	 2	 1	 1	 2	 2	 1	595.95	  0.06
94	30	18	v	 1	 1	 0	 1	 1	 1	 1	 1	 1	 1	 1	384.48	  0.19
95	30	18	v	 1	 1	 0	 1	 2	 2	 1	 0	 1	 1	 1	401.16	  0.20
96	30	18	v	 1	 1	 1	 1	 1	 2	 2	 1	 1	 1	 1	592.45	  0.06
97	30	18	v	 1	 1	 1	 2	 1	 2	 2	 0	 2	 2	 1	448.93	  0.06
98	30	18	v	 1	 1	 1	 1	 1	 2	 2	 1	 1	 1	 1	300.39	  0.06
99	30	18	v	 1	 1	 1	 2	 2	 1	 2	 1	 2	 2	 1	705.06	  0.07
100	30	18	v	 1	 1	 1	 2	 1	 2	 2	 0	 2	 2	 1	720.12	  0.07
101	30	18	v	 1	 1	 1	 1	 1	 2	 2	 1	 1	 1	 1	343.83	  0.06
102	30	18	v	 1	 1	 1	 1	 1	 2	 2	 1	 1	 1	 1	405.55	  0.06
103	30	18	v	 1	 1	 1	 1	 1	 2	 2	 1	 1	 1	 1	439.54	  0.06
104	30	18	v	 1	 1	 1	 1	 2	 1	 2	 0	 1	 1	 1	505.53	  0.06
105	30	18	v	 1	 1	 1	 2	 1	 2	 2	 0	 2	 2	 1	355.16	  0.06
106	30	18	v	 1	 1	 1	 2	 1	 2	 2	 0	 2	 2	 1	1200.46	  0.06
107	30	18	v	 1	 1	 1	 1	 1	 2	 2	 1	 1	 2	 0	517.56	  0.06
108	30	18	v	 1	 1	 1	 2	 1	 2	 2	 0	 2	 1	 0	447.62	  0.09
109	30	18	v	 1	 1	 1	 2	 2	 1	 2	 1	 2	 2	 1	698.76	  0.06
110	30	18	v	 1	 1	 1	 2	 2	 1	 2	 1	 2	 2	 1	584.22	  0.06
111	30	18	v	 1	 1	 1	 1	 1	 2	 2	 1	 1	 1	 1	437.29	  0.06
112	30	18	v	 1	 1	 1	 1	 1	 2	 2	 1	 1	 1	 1	496.38	  0.06
113	30	18	v	 1	 1	 1	 2	 2	 1	 2	 1	 2	 2	 1	555.80	  0.06
114	30	18	v	 1	 1	 1	 2	 2	 1	 2	 1	 2	 2	 1	584.44	  0.06
115	30	18	v	 1	 1	 1	 2	 2	 1	 2	 1	 2	 2	 1	542.39	  0.06
116	30	18	v	 1	 1	 1	 2	 1	 2	 2	 0	 2	 2	 1	853.30	  0.06
117	30	18	v	 1	 1	 1	 1	 1	 2	 2	 1	 1	 1	 1	570.22	  0.06
118	30	18	v	 1	 1	 1	 2	 1	 2	 2	 0	 2	 2	 1	672.81	  0.06
119	30	18	v	 1	 1	 1	 1	 2	 1	 2	 0	 1	 1	 1	462.97	  0.08
120	30	18	v	 1	 1	 1	 2	 2	 1	 2	 1	 2	 2	 1	1045.85	  0.06
121	30	18	v	 1	 1	 1	 1	 2	 1	 2	 0	 1	 1	 1	438.29	  0.06
122	30	18	v	 1	 1	 1	 1	 2	 1	 2	 0	 1	 1	 1	521.29	  0.06
123	30	18	v	 1	 1	 1	 2	 1	 2	 2	 0	 2	 1	 0	1572.35	  0.07
124	30	18	v	 1	 1	 1	 1	 2	 1	 2	 0	 1	 1	 1	413.44	  0.07
125	30	18	v	 1	 1	 1	 1	 2	 1	 2	 0	 1	 1	 1	653.99	  0.06
126	30	18	v	 1	 1	 1	 2	 2	 1	 2	 1	 2	 2	 1	741.05	  0.06
127	30	18	v	 1	 1	 1	 2	 2	 1	 2	 1	 2	 2	 1	687.00	  0.06
128	30	18	v	 1	 1	 1	 1	 2	 1	 2	 0	 1	 1	 1	384.98	  0.06
129	30	18	v	 1	 1	 1	 2	 1	 2	 2	 0	 2	 2	 1	772.91	  0.07
130	30	18	v	 1	 1	 1	 2	 1	 2	 2	 0	 2	 2	 1	784.45	  0.06
131	30	18	v	 1	 1	 1	 2	 1	 2	 2	 0	 2	 2	 1	603.23	  0.06
132	30	18	v	 1	 1	 1	 1	 2	 1	 2	 0	 1	 1	 1	701.53	  0.06
133	30	18	v	 1	 1	 1	 2	 1	 2	 2	 0	 2	 2	 1	394.17	  0.06
134	30	18	v	 1	 1	 1	 2	 1	 2	 2	 0	 2	 2	 1	602.70	  0.06
135	30	18	v	 1	 1	 1	 1	 2	 1	 2	 0	 1	 1	 1	397.24	  0.06
136	30	18	v	 1	 1	 1	 2	 2	 1	 2	 1	 2	 2	 1	392.50	  0.06
137	30	18	v	 1	 1	 1	 2	 1	 2	 2	 0	 2	 2	 1	619.32	  0.06
138	30	18	v	 1	 1	 1	 1	 2	 1	 2	 0	 1	 1	 1	334.99	  0.06
139	30	18	v	 1	 1	 1	 2	 2	 1	 2	 1	 2	 2	 1	477.40	  0.07
140	30	18	v	 1	 1	 1	 2	 1	 2	 2	 0	 2	 2	 1	699.33	  0.06
141	30	18	v	 1	 1	 1	 1	 1	 2	 2	 1	 1	 1	 1	365.03	  0.06
142	30	18	v	 1	 1	 1	 1	 2	 1	 2	 0	 1	 2	 0	551.90	  0.06
143	30	18	v	 1	 1	 1	 1	 1	 2	 2	 1	 1	 1	 1	483.28	  0.06
144	30	18	v	 1	 1	 1	 2	 2	 1	 2	 1	 2	 2	 1	697.70	  0.07
145	30	18	v	 1	 1	 1	 1	 2	 1	 2	 0	 1	 1	 1	330.82	  0.06
146	30	18	v	 1	 1	 1	 2	 1	 2	 2	 0	 2	 2	 1	721.91	  0.06
147	30	18	v	 1	 1	 1	 2	 2	 1	 2	 1	 2	 2	 1	1030.56	  0.06
148	30	18	v	 1	 1	 1	 2	 2	 1	 2	 1	 2	 2	 1	712.38	  0.06
149	30	18	v	 1	 1	 1	 1	 1	 2	 2	 1	 1	 2	 0	594.00	  0.06
150	30	18	v	 1	 1	 1	 2	 1	 2	 2	 0	 2	 2	 1	993.31	  0.09
151	30	18	v	 1	 1	 1	 2	 2	 1	 2	 1	 2	 2	 1	771.08	  0.06
152	30	18	v	 1	 1	 1	 1	 2	 1	 2	 0	 1	 1	 1	449.61	  0.06
153	30	18	v	 1	 1	 1	 2	 2	 1	 2	 1	 2	 2	 1	683.07	  0.07
154	30	18	v	 1	 1	 1	 1	 2	 1	 2	 0	 1	 1	 1	466.16	  0.06
155	30	18	v	 1	 1	 1	 2	 1	 2	 2	 0	 2	 2	 1	738.31	  0.07
156	30	18	v	 1	 1	 1	 1	 1	 2	 2	 1	 1	 1	 1	1086.07	  0.07
157	30	18	v	 1	 1	 1	 2	 2	 1	 2	 1	 2	 2	 1	667.26	  0.09
158	30	18	v	 1	 1	 1	 1	 2	 1	 2	 0	 1	 1	 1	379.12	  0.09
159	30	18	v	 1	 1	 1	 1	 2	 1	 2	 0	 1	 1	 1	895.24	  0.07
160	30	18	v	 1	 1	 1	 2	 1	 2	 2	 0	 2	 2	 1	614.21	  0.06
161	30	18	v	 1	 1	 1	 1	 2	 1	 2	 0	 1	 1	 1	350.61	  0.06
162	30	18	v	 1	 1	 1	 1	 1	 2	 2	 1	 1	 1	 1	475.68	  0.06
163	30	18	v	 1	 1	 1	 1	 2	 1	 2	 0	 1	 1	 1	641.34	  0.06
164	30	18	v	 1	 1	 1	 1	 1	 2	 2	 1	 1	 1	 1	436.85	  0.06
165	30	18	v	 1	 1	 1	 2	 2	 1	 2	 1	 2	 2	 1	858.02	  0.06
166	30	18	v	 1	 1	 1	 2	 2	 1	 2	 1	 2	 2	 1	643.83	  0.06
167	30	18	v	 1	 1	 1	 2	 1	 2	 2	 0	 2	 2	 1	584.81	  0.06
168	30	18	v	 1	 1	 1	 1	 2	 1	 2	 0	 1	 1	 1	514.76	  0.07
169	30	18	v	 1	 1	 1	 1	 1	 2	 2	 1	 1	 1	 1	543.68	  0.07
170	30	18	v	 1	 1	 1	 2	 2	 1	 2	 1	 2	 2	 1	792.77	  0.09
171	30	18	v	 1	 1	 1	 1	 1	 2	 2	 1	 1	 1	 1	445.49	  0.10
172	30	18	v	 1	 1	 1	 2	 2	 1	 2	 1	 2	 2	 1	722.58	  0.06
173	30	18	v	 1	 1	 1	 1	 2	 1	 2	 0	 1	 1	 1	384.15	  0.06
174	30	18	v	 1	 1	 1	 1	 1	 2	 2	 1	 1	 1	 1	487.08	  0.06
175	30	18	v	 1	 1	 1	 1	 2	 1	 2	 0	 1	 1	 1	422.10	  0.06
176	30	18	v	 1	 1	 1	 2	 1	 2	 2	 0	 2	 2	 1	831.08	  0.06
177	30	18	v	 1	 1	 1	 1	 1	 2	 2	 1	 1	 1	 1	388.10	  0.06
178	30	18	v	 1	 1	 1	 1	 2	 1	 2	 0	 1	 1	 1	515.56	  0.06
179	30	18	v	 1	 1	 1	 1	 2	 1	 2	 0	 1	 1	 1	483.53	  0.08
180	30	18	v	 1	 1	 1	 1	 1	 2	 2	 1	 1	 1	 1	463.91	  0.08
181	30	18	v	 1	 1	 1	 2	 2	 1	 2	 1	 2	 2	 1	674.07	  0.06
182	30	18	v	 1	 1	 1	 1	 2	 1	 2	 0	 1	 1	 1	490.03	  0.06
183	30	18	v	 1	 1	 1	 1	 1	 2	 2	 1	 1	 1	 1	484.09	  0.06
184	30	18	v	 1	 1	 1	 1	 1	 2	 2	 1	 1	 1	 1	367.52	  0.06
185	30	18	v	 1	 1	 1	 1	 1	 2	 2	 1	 1	 1	 1	706.56	  0.06
186	30	18	v	 1	 1	 1	 2	 1	 2	 2	 0	 2	 2	 1	565.48	  0.06
187	30	18	v	 1	 1	 1	 2	 1	 2	 2	 0	 2	 1	 0	406.41	  0.08
188	30	18	v	 1	 1	 1	 1	 1	 2	 2	 1	 1	 1	 1	721.12	  0.08
189	30	18	v	 1	 1	 1	 2	 2	 1	 2	 1	 2	 2	 1	548.54	  0.06
190	30	18	v	 1	 1	 1	 2	 2	 1	 2	 1	 2	 2	 1	590.66	  0.06
191	30	18	v	 1	 1	 1	 2	 1	 2	 2	 0	 2	 1	 0	308.44	  0.06
192	30	18	v	 1	 1	 2	 1	 2	 2	 1	 0	 1	 1	 1	426.66	  0.06
193	30	18	v	 1	 1	 2	 2	 2	 2	 1	 1	 2	 2	 1	490.12	  0.06
194	30	18	v	 1	 1	 2	 2	 1	 1	 1	 0	 2	 2	 1	703.01	  0.06
195	30	18	v	 1	 1	 2	 2	 1	 1	 1	 0	 2	 2	 1	758.69	  0.06
196	30	18	v	 1	 1	 2	 1	 1	 1	 1	 1	 1	 1	 1	431.68	  0.21
197	30	18	v	 1	 1	 2	 1	 2	 2	 1	 0	 1	 1	 1	431.84	  0.22
198	30	18	v	 1	 1	 2	 2	 1	 1	 1	 0	 2	 2	 1	504.82	  0.09
199	30	18	v	 1	 1	 2	 2	 1	 1	 1	 0	 2	 2	 1	578.48	  0.06
200	30	18	v	 1	 1	 2	 1	 2	 2	 1	 0	 1	 1	 1	374.64	  0.06
201	30	18	v	 1	 1	 2	 1	 1	 1	 1	 1	 1	 1	 1	644.01	  0.19
202	30	18	v	 1	 1	 2	 2	 2	 2	 1	 1	 2	 2	 1	728.07	  0.06
203	30	18	v	 1	 1	 2	 2	 2	 2	 1	 1	 2	 2	 1	538.14	  0.06
204	30	18	v	 1	 1	 2	 1	 1	 1	 1	 1	 1	 1	 1	357.77	  0.20
205	30	18	v	 1	 1	 2	 2	 1	 1	 1	 0	 2	 2	 1	478.37	  0.06
206	30	18	v	 1	 1	 2	 2	 1	 1	 1	 0	 2	 2	 1	607.53	  0.06
207	30	18	v	 1	 1	 2	 1	 2	 2	 1	 0	 1	 1	 1	349.66	  0.06
208	30	18	v	 1	 1	 2	 1	 2	 2	 1	 0	 1	 1	 1	506.85	  0.09
209	30	18	v	 1	 1	 2	 2	 2	 2	 1	 1	 2	 2	 1	364.40	  0.06
210	30	18	v	 1	 1	 2	 1	 1	 1	 1	 1	 1	 1	 1	589.37	  0.06
211	30	18	v	 1	 1	 2	 1	 1	 1	 1	 1	 1	 1	 1	777.89	  0.06
212	30	18	v	 1	 1	 2	 2	 2	 2	 1	 1	 2	 2	 1	788.21	  0.06
213	30	18	v	 1	 1	 2	 2	 1	 1	 1	 0	 2	 2	 1	677.44	  0.22
214	30	18	v	 1	 1	 2	 1	 2	 2	 1	 0	 1	 1	 1	572.58	  0.06
215	30	18	v	 1	 1	 2	 2	 2	 2	 1	 1	 2	 2	 1	761.52	  0.06
216	30	18	v	 1	 1	 2	 2	 1	 1	 1	 0	 2	 2	 1	582.15	  0.08
217	30	18	v	 1	 1	 2	 1	 2	 2	 1	 0	 1	 1	 1	349.63	  0.06
218	30	18	v	 1	 1	 2	 2	 2	 2	 1	 1	 2	 2	 1	418.09	  0.07
219	30	18	v	 1	 1	 2	 1	 1	 1	 1	 1	 1	 1	 1	492.46	  0.06
220	30	18	v	 1	 1	 2	 1	 2	 2	 1	 0	 1	 1	 1	500.08	  0.06
221	30	18	v	 1	 1	 2	 2	 1	 1	 1	 0	 2	 2	 1	503.43	  0.06
222	30	18	v	 1	 1	 2	 1	 1	 1	 1	 1	 1	 2	 0	560.80	  0.06
223	30	18	v	 1	 1	 2	 1	 1	 1	 1	 1	 1	 1	 1	538.05	  0.06
224	30	18	v	 1	 1	 2	 2	 1	 1	 1	 0	 2	 2	 1	466.90	  0.06
225	30	18	v	 1	 1	 2	 1	 2	 2	 1	 0	 1	 1	 1	335.72	  0.06
226	30	18	v	 1	 1	 2	 1	 2	 2	 1	 0	 1	 1	 1	487.99	  0.07
227	30	18	v	 1	 1	 2	 2	 1	 1	 1	 0	 2	 2	 1	587.40	  0.09
228	30	18	v	 1	 1	 2	 1	 1	 1	 1	 1	 1	 1	 1	442.63	  0.06
229	30	18	v	 1	 1	 2	 1	 1	 1	 1	 1	 1	 1	 1	489.99	  0.06
230	30	18	v	 1	 1	 2	 1	 1	 1	 1	 1	 1	 1	 1	506.07	  0.06
231	30	18	v	 1	 1	 2	 2	 1	 1	 1	 0	 2	 2	 1	617.13	  0.06
232	30	18	v	 1	 1	 2	 1	 1	 1	 1	 1	 1	 1	 1	481.91	  0.06
233	30	18	v	 1	 1	 2	 2	 2	 2	 1	 1	 2	 2	 1	921.05	  0.06
234	30	18	v	 1	 1	 2	 2	 2	 2	 1	 1	 2	 0	 0	2000.15	  0.00
235	30	18	v	 1	 1	 2	 2	 2	 2	 1	 1	 2	 2	 1	1004.87	  0.06
236	30	18	v	 1	 1	 2	 1	 1	 1	 1	 1	 1	 1	 1	580.12	  0.06
237	30	18	v	 1	 1	 2	 1	 2	 2	 1	 0	 1	 1	 1	760.77	  0.06
238	30	18	v	 1	 1	 2	 1	 2	 2	 1	 0	 1	 1	 1	446.20	  0.07
239	30	18	v	 1	 1	 2	 2	 2	 2	 1	 1	 2	 2	 1	968.27	  0.08
240	30	18	v	 1	 1	 2	 1	 2	 2	 1	 0	 1	 1	 1	625.96	  0.06
241	30	18	v	 1	 1	 2	 1	 1	 1	 1	 1	 1	 1	 1	573.31	  0.06
242	30	18	v	 1	 1	 2	 2	 2	 2	 1	 1	 2	 2	 1	718.73	  0.06
243	30	18	v	 1	 1	 2	 2	 1	 1	 1	 0	 2	 2	 1	656.93	  0.06
244	30	18	v	 1	 1	 2	 2	 2	 2	 1	 1	 2	 1	 0	720.17	  0.06
245	30	18	v	 1	 1	 2	 1	 1	 1	 1	 1	 1	 1	 1	463.87	  0.08
246	30	18	v	 1	 1	 2	 1	 1	 1	 1	 1	 1	 1	 1	522.93	  0.20
247	30	18	v	 1	 1	 2	 1	 1	 1	 1	 1	 1	 1	 1	480.51	  0.06
248	30	18	v	 1	 1	 2	 1	 2	 2	 1	 0	 1	 1	 1	437.29	  0.08
249	30	18	v	 1	 1	 2	 2	 2	 2	 1	 1	 2	 2	 1	379.17	  0.06
250	30	18	v	 1	 1	 2	 1	 2	 2	 1	 0	 1	 1	 1	474.55	  0.06
251	30	18	v	 1	 1	 2	 1	 2	 2	 1	 0	 1	 1	 1	493.61	  0.24
252	30	18	v	 1	 1	 2	 2	 2	 2	 1	 1	 2	 2	 1	448.36	  0.24
253	30	18	v	 1	 1	 2	 1	 1	 1	 1	 1	 1	 1	 1	389.15	  0.06
254	30	18	v	 1	 1	 2	 1	 1	 1	 1	 1	 1	 1	 1	707.92	  0.06
255	30	18	v	 1	 1	 2	 2	 2	 2	 1	 1	 2	 2	 1	823.95	  0.06
256	30	18	v	 1	 1	 2	 1	 2	 2	 1	 0	 1	 1	 1	719.47	  0.07
257	30	18	v	 1	 1	 2	 2	 1	 1	 1	 0	 2	 2	 1	521.29	  0.06
258	30	18	v	 1	 1	 2	 2	 2	 2	 1	 1	 2	 2	 1	553.14	  0.06
259	30	18	v	 1	 1	 2	 2	 2	 2	 1	 1	 2	 1	 0	502.08	  0.08
260	30	18	v	 1	 1	 2	 2	 1	 1	 1	 0	 2	 2	 1	607.89	  0.06
261	30	18	v	 1	 1	 2	 1	 1	 1	 1	 1	 1	 1	 1	535.18	  0.22
262	30	18	v	 1	 1	 2	 2	 2	 2	 1	 1	 2	 2	 1	674.67	  0.22
263	30	18	v	 1	 1	 2	 1	 1	 1	 1	 1	 1	 1	 1	472.81	  0.06
264	30	18	v	 1	 1	 2	 1	 2	 2	 1	 0	 1	 1	 1	483.31	  0.06
265	30	18	v	 1	 1	 2	 2	 2	 2	 1	 1	 2	 2	 1	767.21	  0.06
266	30	18	v	 1	 1	 2	 1	 2	 2	 1	 0	 1	 1	 1	456.37	  0.07
267	30	18	v	 1	 1	 2	 1	 1	 1	 1	 1	 1	 1	 1	676.15	  0.06
268	30	18	v	 1	 1	 2	 2	 1	 1	 1	 0	 2	 2	 1	711.74	  0.06
269	30	18	v	 1	 1	 2	 2	 2	 2	 1	 1	 2	 2	 1	1038.60	  0.06
270	30	18	v	 1	 1	 2	 1	 1	 1	 1	 1	 1	 1	 1	442.18	  0.06
271	30	18	v	 1	 1	 2	 2	 1	 1	 1	 0	 2	 2	 1	836.35	  0.21
272	30	18	v	 1	 1	 2	 1	 2	 2	 1	 0	 1	 1	 1	411.68	  0.21
273	30	18	v	 1	 1	 2	 1	 2	 2	 1	 0	 1	 1	 1	497.91	  0.06
274	30	18	v	 1	 1	 2	 2	 2	 2	 1	 1	 2	 2	 1	768.73	  0.06
275	30	18	v	 1	 1	 2	 2	 1	 1	 1	 0	 2	 2	 1	738.44	  0.08
276	30	18	v	 1	 1	 2	 2	 1	 1	 1	 0	 2	 2	 1	465.92	  0.07
277	30	18	v	 1	 1	 2	 1	 2	 2	 1	 0	 1	 1	 1	536.77	  0.06
278	30	18	v	 1	 1	 2	 2	 1	 1	 1	 0	 2	 1	 0	524.90	  0.06
279	30	18	v	 1	 1	 2	 2	 2	 2	 1	 1	 2	 2	 1	910.08	  0.06
280	30	18	v	 1	 1	 2	 1	 1	 1	 1	 1	 1	 1	 1	391.35	  0.06
281	30	18	v	 1	 1	 2	 2	 1	 1	 1	 0	 2	 2	 1	704.84	  0.06
282	30	18	v	 1	 1	 2	 1	 2	 2	 1	 0	 1	 1	 1	1263.71	  0.06
283	30	18	v	 1	 1	 2	 2	 1	 1	 1	 0	 2	 2	 1	756.89	  0.06
284	30	18	v	 1	 1	 2	 1	 2	 2	 1	 0	 1	 1	 1	594.83	  0.06
285	30	18	v	 1	 1	 2	 2	 1	 1	 1	 0	 2	 2	 1	812.14	  0.07
286	30	18	v	 1	 1	 2	 2	 1	 1	 1	 0	 2	 2	 1	549.55	  0.06
287	30	18	v	 1	 1	 2	 2	 2	 2	 1	 1	 2	 2	 1	628.28	  0.06
288	30	18	v	 1	 1	 3	 1	 2	 1	 2	 0	 1	 1	 1	487.82	  0.07
289	30	18	v	 1	 1	 3	 2	 2	 1	 2	 1	 2	 2	 1	426.92	  0.07
290	30	18	v	 1	 1	 3	 1	 2	 1	 2	 0	 1	 1	 1	1036.47	  0.06
291	30	18	v	 1	 1	 3	 2	 1	 2	 2	 0	 2	 2	 1	557.54	  0.06
292	30	18	v	 1	 1	 3	 2	 2	 1	 2	 1	 2	 2	 1	565.99	  0.06
293	30	18	v	 1	 1	 3	 1	 2	 1	 2	 0	 1	 1	 1	536.49	  0.08
294	30	18	v	 1	 1	 3	 1	 1	 2	 2	 1	 1	 1	 1	532.66	  0.06
295	30	18	v	 1	 1	 3	 2	 2	 1	 2	 1	 2	 2	 1	587.19	  0.06
296	30	18	v	 1	 1	 3	 1	 2	 1	 2	 0	 1	 1	 1	437.51	  0.06
297	30	18	v	 1	 1	 3	 2	 1	 2	 2	 0	 2	 1	 0	464.34	  0.06
298	30	18	v	 1	 1	 3	 2	 1	 2	 2	 0	 2	 2	 1	527.82	  0.06
299	30	18	v	 1	 1	 3	 1	 2	 1	 2	 0	 1	 1	 1	625.07	  0.06
300	30	18	v	 1	 1	 3	 2	 1	 2	 2	 0	 2	 2	 1	573.68	  0.06
301	30	18	v	 1	 1	 3	 1	 2	 1	 2	 0	 1	 1	 1	682.93	  0.06
302	30	18	v	 1	 1	 3	 2	 2	 1	 2	 1	 2	 2	 1	505.30	  0.06
303	30	18	v	 1	 1	 3	 2	 1	 2	 2	 0	 2	 1	 0	453.35	  0.06
304	30	18	v	 1	 1	 3	 2	 2	 1	 2	 1	 2	 2	 1	624.14	  0.06
305	30	18	v	 1	 1	 3	 2	 1	 2	 2	 0	 2	 2	 1	705.23	  0.06
306	30	18	v	 1	 1	 3	 1	 2	 1	 2	 0	 1	 1	 1	669.91	  0.06
307	30	18	v	 1	 1	 3	 1	 1	 2	 2	 1	 1	 1	 1	538.60	  0.06
308	30	18	v	 1	 1	 3	 2	 1	 2	 2	 0	 2	 2	 1	548.08	  0.06
309	30	18	v	 1	 1	 3	 2	 2	 1	 2	 1	 2	 2	 1	872.31	  0.07
310	30	18	v	 1	 1	 3	 1	 1	 2	 2	 1	 1	 1	 1	611.80	  0.07
311	30	18	v	 1	 1	 3	 1	 1	 2	 2	 1	 1	 1	 1	506.39	  0.19
312	30	18	v	 1	 1	 3	 1	 2	 1	 2	 0	 1	 1	 1	767.41	  0.06
313	30	18	v	 1	 1	 3	 2	 2	 1	 2	 1	 2	 2	 1	522.71	  0.06
314	30	18	v	 1	 1	 3	 1	 1	 2	 2	 1	 1	 1	 1	513.53	  0.06
315	30	18	v	 1	 1	 3	 1	 2	 1	 2	 0	 1	 1	 1	461.63	  0.06
316	30	18	v	 1	 1	 3	 2	 2	 1	 2	 1	 2	 2	 1	997.45	  0.06
317	30	18	v	 1	 1	 3	 2	 1	 2	 2	 0	 2	 2	 1	672.12	  0.06
318	30	18	v	 1	 1	 3	 1	 2	 1	 2	 0	 1	 1	 1	463.36	  0.06
319	30	18	v	 1	 1	 3	 2	 1	 2	 2	 0	 2	 2	 1	747.21	  0.06
320	30	18	v	 1	 1	 3	 1	 1	 2	 2	 1	 1	 1	 1	512.33	  0.06
321	30	18	v	 1	 1	 3	 2	 2	 1	 2	 1	 2	 2	 1	473.87	  0.20
322	30	18	v	 1	 1	 3	 1	 2	 1	 2	 0	 1	 1	 1	453.11	  0.06
323	30	18	v	 1	 1	 3	 1	 2	 1	 2	 0	 1	 1	 1	563.48	  0.07
324	30	18	v	 1	 1	 3	 2	 1	 2	 2	 0	 2	 2	 1	825.13	  0.06
325	30	18	v	 1	 1	 3	 1	 1	 2	 2	 1	 1	 1	 1	919.11	  0.06
326	30	18	v	 1	 1	 3	 2	 2	 1	 2	 1	 2	 2	 1	567.66	  0.06
327	30	18	v	 1	 1	 3	 1	 1	 2	 2	 1	 1	 1	 1	458.49	  0.06
328	30	18	v	 1	 1	 3	 1	 2	 1	 2	 0	 1	 2	 0	683.87	  0.06
329	30	18	v	 1	 1	 3	 2	 2	 1	 2	 1	 2	 2	 1	704.28	  0.09
330	30	18	v	 1	 1	 3	 1	 2	 1	 2	 0	 1	 1	 1	951.57	  0.06
331	30	18	v	 1	 1	 3	 2	 1	 2	 2	 0	 2	 2	 1	777.02	  0.06
332	30	18	v	 1	 1	 3	 2	 1	 2	 2	 0	 2	 2	 1	729.28	  0.06
333	30	18	v	 1	 1	 3	 1	 2	 1	 2	 0	 1	 1	 1	535.08	  0.06
334	30	18	v	 1	 1	 3	 2	 2	 1	 2	 1	 2	 2	 1	564.88	  0.06
335	30	18	v	 1	 1	 3	 1	 1	 2	 2	 1	 1	 1	 1	523.01	  0.06
336	30	18	v	 1	 1	 3	 2	 1	 2	 2	 0	 2	 2	 1	751.56	  0.07
337	30	18	v	 1	 1	 3	 1	 2	 1	 2	 0	 1	 1	 1	881.27	  0.06
338	30	18	v	 1	 1	 3	 1	 1	 2	 2	 1	 1	 1	 1	508.85	  0.06
339	30	18	v	 1	 1	 3	 1	 1	 2	 2	 1	 1	 1	 1	617.55	  0.07
340	30	18	v	 1	 1	 3	 2	 2	 1	 2	 1	 2	 2	 1	679.07	  0.22
341	30	18	v	 1	 1	 3	 2	 2	 1	 2	 1	 2	 2	 1	876.65	  0.07
342	30	18	v	 1	 1	 3	 2	 2	 1	 2	 1	 2	 2	 1	729.47	  0.06
343	30	18	v	 1	 1	 3	 1	 2	 1	 2	 0	 1	 1	 1	1091.49	  0.06
344	30	18	v	 1	 1	 3	 1	 1	 2	 2	 1	 1	 1	 1	593.02	  0.06
345	30	18	v	 1	 1	 3	 2	 1	 2	 2	 0	 2	 2	 1	522.77	  0.06
346	30	18	v	 1	 1	 3	 2	 1	 2	 2	 0	 2	 2	 1	652.80	  0.06
347	30	18	v	 1	 1	 3	 2	 2	 1	 2	 1	 2	 2	 1	1200.11	  0.20
348	30	18	v	 1	 1	 3	 1	 1	 2	 2	 1	 1	 1	 1	347.17	  0.06
349	30	18	v	 1	 1	 3	 1	 2	 1	 2	 0	 1	 1	 1	467.82	  0.06
350	30	18	v	 1	 1	 3	 2	 1	 2	 2	 0	 2	 2	 1	807.46	  0.06
351	30	18	v	 1	 1	 3	 1	 2	 1	 2	 0	 1	 1	 1	514.23	  0.06
352	30	18	v	 1	 1	 3	 1	 2	 1	 2	 0	 1	 1	 1	541.90	  0.10
353	30	18	v	 1	 1	 3	 1	 2	 1	 2	 0	 1	 1	 1	533.98	  0.06
354	30	18	v	 1	 1	 3	 2	 2	 1	 2	 1	 2	 2	 1	464.17	  0.06
355	30	18	v	 1	 1	 3	 1	 1	 2	 2	 1	 1	 1	 1	470.58	  0.07
356	30	18	v	 1	 1	 3	 1	 1	 2	 2	 1	 1	 1	 1	447.54	  0.06
357	30	18	v	 1	 1	 3	 1	 1	 2	 2	 1	 1	 1	 1	513.69	  0.06
358	30	18	v	 1	 1	 3	 2	 1	 2	 2	 0	 2	 2	 1	414.66	  0.06
359	30	18	v	 1	 1	 3	 2	 1	 2	 2	 0	 2	 2	 1	388.00	  0.06
360	30	18	v	 1	 1	 3	 1	 1	 2	 2	 1	 1	 1	 1	494.85	  0.06
361	30	18	v	 1	 1	 3	 1	 1	 2	 2	 1	 1	 1	 1	515.73	  0.06
362	30	18	v	 1	 1	 3	 2	 1	 2	 2	 0	 2	 2	 1	752.93	  0.06
363	30	18	v	 1	 1	 3	 2	 1	 2	 2	 0	 2	 2	 1	598.44	  0.06
364	30	18	v	 1	 1	 3	 1	 1	 2	 2	 1	 1	 1	 1	590.50	  0.06
365	30	18	v	 1	 1	 3	 2	 1	 2	 2	 0	 2	 2	 1	869.81	  0.07
366	30	18	v	 1	 1	 3	 1	 1	 2	 2	 1	 1	 1	 1	567.53	  0.06
367	30	18	v	 1	 1	 3	 2	 1	 2	 2	 0	 2	 2	 1	848.24	  0.06
368	30	18	v	 1	 1	 3	 1	 2	 1	 2	 0	 1	 1	 1	854.03	  0.21
369	30	18	v	 1	 1	 3	 1	 1	 2	 2	 1	 1	 1	 1	663.86	  0.06
370	30	18	v	 1	 1	 3	 2	 1	 2	 2	 0	 2	 2	 1	758.86	  0.06
371	30	18	v	 1	 1	 3	 1	 2	 1	 2	 0	 1	 1	 1	630.21	  0.06
372	30	18	v	 1	 1	 3	 2	 2	 1	 2	 1	 2	 2	 1	705.85	  0.07
373	30	18	v	 1	 1	 3	 1	 2	 1	 2	 0	 1	 1	 1	711.46	  0.06
374	30	18	v	 1	 1	 3	 2	 2	 1	 2	 1	 2	 2	 1	705.97	  0.06
375	30	18	v	 1	 1	 3	 2	 1	 2	 2	 0	 2	 1	 0	472.80	  0.07
376	30	18	v	 1	 1	 3	 1	 1	 2	 2	 1	 1	 1	 1	672.27	  0.08
377	30	18	v	 1	 1	 3	 1	 1	 2	 2	 1	 1	 1	 1	475.64	  0.06
378	30	18	v	 1	 1	 3	 2	 2	 1	 2	 1	 2	 2	 1	378.24	  0.06
379	30	18	v	 1	 1	 3	 2	 2	 1	 2	 1	 2	 2	 1	569.25	  0.06
380	30	18	v	 1	 1	 3	 2	 2	 1	 2	 1	 2	 2	 1	635.56	  0.06
381	30	18	v	 1	 1	 3	 1	 1	 2	 2	 1	 1	 1	 1	561.90	  0.06
382	30	18	v	 1	 1	 3	 2	 2	 1	 2	 1	 2	 2	 1	535.50	  0.06
383	30	18	v	 1	 1	 3	 2	 2	 1	 2	 1	 2	 2	 1	570.87	  0.06
