00	01	18	v	 0	 2	 0	 1	 2	 1	 1	 0	 1	 1	 1	569.61	  0.09
01	01	18	v	 0	 2	 0	 1	 1	 2	 1	 1	 1	 1	 1	556.57	  0.06
02	01	18	v	 0	 2	 0	 1	 1	 2	 1	 1	 1	 1	 1	446.50	  0.07
03	01	18	v	 0	 2	 0	 1	 1	 2	 1	 1	 1	 1	 1	381.92	  0.07
04	01	18	v	 0	 2	 0	 2	 2	 1	 1	 1	 2	 2	 1	522.79	  0.21
05	01	18	v	 0	 2	 0	 1	 2	 1	 1	 0	 1	 1	 1	460.91	  0.06
06	01	18	v	 0	 2	 0	 2	 1	 2	 1	 0	 2	 2	 1	714.74	  0.22
07	01	18	v	 0	 2	 0	 2	 2	 1	 1	 1	 2	 2	 1	452.06	  0.08
08	01	18	v	 0	 2	 0	 1	 2	 1	 1	 0	 1	 1	 1	475.87	  0.06
09	01	18	v	 0	 2	 0	 1	 1	 2	 1	 1	 1	 1	 1	509.20	  0.06
10	01	18	v	 0	 2	 0	 1	 2	 1	 1	 0	 1	 2	 0	394.11	  0.06
11	01	18	v	 0	 2	 0	 2	 1	 2	 1	 0	 2	 2	 1	494.11	  0.06
12	01	18	v	 0	 2	 0	 2	 2	 1	 1	 1	 2	 2	 1	517.51	  0.08
13	01	18	v	 0	 2	 0	 2	 2	 1	 1	 1	 2	 2	 1	451.37	  0.06
14	01	18	v	 0	 2	 0	 1	 2	 1	 1	 0	 1	 1	 1	475.94	  0.06
15	01	18	v	 0	 2	 0	 2	 2	 1	 1	 1	 2	 2	 1	487.11	  0.06
16	01	18	v	 0	 2	 0	 2	 1	 2	 1	 0	 2	 2	 1	487.66	  0.12
17	01	18	v	 0	 2	 0	 1	 2	 1	 1	 0	 1	 1	 1	487.25	  0.06
18	01	18	v	 0	 2	 0	 1	 1	 2	 1	 1	 1	 1	 1	859.14	  0.06
19	01	18	v	 0	 2	 0	 2	 2	 1	 1	 1	 2	 2	 1	575.57	  0.07
20	01	18	v	 0	 2	 0	 1	 1	 2	 1	 1	 1	 1	 1	475.90	  0.06
21	01	18	v	 0	 2	 0	 2	 2	 1	 1	 1	 2	 2	 1	488.58	  0.08
22	01	18	v	 0	 2	 0	 1	 2	 1	 1	 0	 1	 1	 1	496.15	  0.06
23	01	18	v	 0	 2	 0	 1	 2	 1	 1	 0	 1	 1	 1	527.62	  0.06
24	01	18	v	 0	 2	 0	 1	 1	 2	 1	 1	 1	 1	 1	559.77	  0.06
25	01	18	v	 0	 2	 0	 2	 1	 2	 1	 0	 2	 1	 0	528.83	  0.08
26	01	18	v	 0	 2	 0	 2	 1	 2	 1	 0	 2	 1	 0	462.14	  0.06
27	01	18	v	 0	 2	 0	 2	 1	 2	 1	 0	 2	 2	 1	634.40	  0.06
28	01	18	v	 0	 2	 0	 1	 1	 2	 1	 1	 1	 1	 1	475.27	  0.06
29	01	18	v	 0	 2	 0	 2	 2	 1	 1	 1	 2	 2	 1	461.56	  0.07
30	01	18	v	 0	 2	 0	 1	 1	 2	 1	 1	 1	 1	 1	568.83	  0.07
31	01	18	v	 0	 2	 0	 2	 2	 1	 1	 1	 2	 2	 1	542.63	  0.08
32	01	18	v	 0	 2	 0	 1	 1	 2	 1	 1	 1	 1	 1	516.07	  0.09
33	01	18	v	 0	 2	 0	 1	 2	 1	 1	 0	 1	 1	 1	469.12	  0.06
34	01	18	v	 0	 2	 0	 2	 1	 2	 1	 0	 2	 2	 1	523.84	  0.06
35	01	18	v	 0	 2	 0	 1	 2	 1	 1	 0	 1	 1	 1	568.04	  0.08
36	01	18	v	 0	 2	 0	 2	 1	 2	 1	 0	 2	 2	 1	610.91	  0.08
37	01	18	v	 0	 2	 0	 2	 1	 2	 1	 0	 2	 2	 1	501.13	  0.06
38	01	18	v	 0	 2	 0	 1	 1	 2	 1	 1	 1	 1	 1	640.68	  0.06
39	01	18	v	 0	 2	 0	 2	 2	 1	 1	 1	 2	 2	 1	502.60	  0.06
40	01	18	v	 0	 2	 0	 1	 1	 2	 1	 1	 1	 1	 1	473.12	  0.06
41	01	18	v	 0	 2	 0	 2	 2	 1	 1	 1	 2	 2	 1	465.18	  0.06
42	01	18	v	 0	 2	 0	 2	 1	 2	 1	 0	 2	 2	 1	523.13	  0.06
43	01	18	v	 0	 2	 0	 1	 1	 2	 1	 1	 1	 1	 1	763.98	  0.06
44	01	18	v	 0	 2	 0	 1	 2	 1	 1	 0	 1	 1	 1	950.86	  0.06
45	01	18	v	 0	 2	 0	 1	 2	 1	 1	 0	 1	 1	 1	798.05	  0.06
46	01	18	v	 0	 2	 0	 1	 2	 1	 1	 0	 1	 1	 1	651.02	  0.07
47	01	18	v	 0	 2	 0	 2	 1	 2	 1	 0	 2	 2	 1	553.98	  0.06
48	01	18	v	 0	 2	 0	 1	 1	 2	 1	 1	 1	 1	 1	437.90	  0.06
49	01	18	v	 0	 2	 0	 1	 1	 2	 1	 1	 1	 1	 1	516.33	  0.06
50	01	18	v	 0	 2	 0	 2	 2	 1	 1	 1	 2	 2	 1	414.84	  0.06
51	01	18	v	 0	 2	 0	 1	 2	 1	 1	 0	 1	 1	 1	543.84	  0.06
52	01	18	v	 0	 2	 0	 1	 1	 2	 1	 1	 1	 1	 1	420.11	  0.08
53	01	18	v	 0	 2	 0	 2	 2	 1	 1	 1	 2	 2	 1	450.50	  0.07
54	01	18	v	 0	 2	 0	 2	 1	 2	 1	 0	 2	 2	 1	808.14	  0.09
55	01	18	v	 0	 2	 0	 1	 1	 2	 1	 1	 1	 1	 1	649.94	  0.06
56	01	18	v	 0	 2	 0	 1	 1	 2	 1	 1	 1	 1	 1	455.08	  0.06
57	01	18	v	 0	 2	 0	 2	 2	 1	 1	 1	 2	 2	 1	488.80	  0.06
58	01	18	v	 0	 2	 0	 2	 1	 2	 1	 0	 2	 2	 1	525.30	  0.06
59	01	18	v	 0	 2	 0	 1	 2	 1	 1	 0	 1	 1	 1	476.39	  0.23
60	01	18	v	 0	 2	 0	 2	 2	 1	 1	 1	 2	 2	 1	439.47	  0.06
61	01	18	v	 0	 2	 0	 2	 1	 2	 1	 0	 2	 2	 1	449.12	  0.09
62	01	18	v	 0	 2	 0	 2	 1	 2	 1	 0	 2	 2	 1	671.71	  0.06
63	01	18	v	 0	 2	 0	 2	 2	 1	 1	 1	 2	 2	 1	508.29	  0.06
64	01	18	v	 0	 2	 0	 1	 1	 2	 1	 1	 1	 1	 1	654.95	  0.07
65	01	18	v	 0	 2	 0	 1	 2	 1	 1	 0	 1	 1	 1	385.78	  0.06
66	01	18	v	 0	 2	 0	 2	 2	 1	 1	 1	 2	 2	 1	645.35	  0.06
67	01	18	v	 0	 2	 0	 1	 2	 1	 1	 0	 1	 1	 1	539.14	  0.06
68	01	18	v	 0	 2	 0	 1	 1	 2	 1	 1	 1	 1	 1	582.17	  0.06
69	01	18	v	 0	 2	 0	 2	 1	 2	 1	 0	 2	 2	 1	579.01	  0.06
70	01	18	v	 0	 2	 0	 1	 2	 1	 1	 0	 1	 1	 1	569.52	  0.09
71	01	18	v	 0	 2	 0	 2	 1	 2	 1	 0	 2	 2	 1	558.12	  0.06
72	01	18	v	 0	 2	 0	 2	 2	 1	 1	 1	 2	 2	 1	494.64	  0.06
73	01	18	v	 0	 2	 0	 1	 2	 1	 1	 0	 1	 1	 1	503.14	  0.20
74	01	18	v	 0	 2	 0	 2	 1	 2	 1	 0	 2	 2	 1	625.88	  0.09
75	01	18	v	 0	 2	 0	 1	 2	 1	 1	 0	 1	 2	 0	811.13	  0.06
76	01	18	v	 0	 2	 0	 1	 2	 1	 1	 0	 1	 1	 1	448.55	  0.06
77	01	18	v	 0	 2	 0	 1	 1	 2	 1	 1	 1	 1	 1	468.23	  0.08
78	01	18	v	 0	 2	 0	 2	 1	 2	 1	 0	 2	 2	 1	602.39	  0.06
79	01	18	v	 0	 2	 0	 2	 1	 2	 1	 0	 2	 2	 1	583.88	  0.06
80	01	18	v	 0	 2	 0	 2	 2	 1	 1	 1	 2	 2	 1	524.07	  0.06
81	01	18	v	 0	 2	 0	 1	 1	 2	 1	 1	 1	 1	 1	616.99	  0.19
82	01	18	v	 0	 2	 0	 1	 1	 2	 1	 1	 1	 1	 1	744.23	  0.11
83	01	18	v	 0	 2	 0	 2	 1	 2	 1	 0	 2	 2	 1	677.69	  0.06
84	01	18	v	 0	 2	 0	 2	 2	 1	 1	 1	 2	 2	 1	533.97	  0.08
85	01	18	v	 0	 2	 0	 2	 2	 1	 1	 1	 2	 2	 1	744.96	  0.06
86	01	18	v	 0	 2	 0	 1	 2	 1	 1	 0	 1	 1	 1	587.76	  0.07
87	01	18	v	 0	 2	 0	 2	 1	 2	 1	 0	 2	 2	 1	487.36	  0.06
88	01	18	v	 0	 2	 0	 1	 2	 1	 1	 0	 1	 1	 1	662.33	  0.08
89	01	18	v	 0	 2	 0	 2	 1	 2	 1	 0	 2	 2	 1	588.52	  0.07
90	01	18	v	 0	 2	 0	 2	 2	 1	 1	 1	 2	 2	 1	426.45	  0.06
91	01	18	v	 0	 2	 0	 1	 1	 2	 1	 1	 1	 1	 1	504.68	  0.06
92	01	18	v	 0	 2	 0	 2	 1	 2	 1	 0	 2	 2	 1	512.68	  0.06
93	01	18	v	 0	 2	 0	 1	 2	 1	 1	 0	 1	 1	 1	756.62	  0.06
94	01	18	v	 0	 2	 0	 2	 2	 1	 1	 1	 2	 2	 1	438.69	  0.06
95	01	18	v	 0	 2	 0	 2	 2	 1	 1	 1	 2	 2	 1	520.93	  0.06
96	01	18	v	 0	 2	 1	 2	 1	 1	 2	 0	 2	 2	 1	1254.08	  0.06
97	01	18	v	 0	 2	 1	 1	 1	 1	 2	 1	 1	 1	 1	407.87	  0.20
98	01	18	v	 0	 2	 1	 2	 1	 1	 2	 0	 2	 2	 1	397.12	  0.20
99	01	18	v	 0	 2	 1	 2	 2	 2	 2	 1	 2	 1	 0	561.89	  0.06
100	01	18	v	 0	 2	 1	 2	 1	 1	 2	 0	 2	 2	 1	395.74	  0.06
101	01	18	v	 0	 2	 1	 2	 2	 2	 2	 1	 2	 2	 1	602.06	  0.07
102	01	18	v	 0	 2	 1	 1	 2	 2	 2	 0	 1	 1	 1	463.17	  0.08
103	01	18	v	 0	 2	 1	 1	 2	 2	 2	 0	 1	 1	 1	563.18	  0.23
104	01	18	v	 0	 2	 1	 2	 1	 1	 2	 0	 2	 2	 1	487.69	  0.06
105	01	18	v	 0	 2	 1	 1	 2	 2	 2	 0	 1	 1	 1	607.11	  0.06
106	01	18	v	 0	 2	 1	 1	 1	 1	 2	 1	 1	 2	 0	379.64	  0.06
107	01	18	v	 0	 2	 1	 2	 1	 1	 2	 0	 2	 2	 1	451.10	  0.07
108	01	18	v	 0	 2	 1	 1	 2	 2	 2	 0	 1	 1	 1	419.59	  0.07
109	01	18	v	 0	 2	 1	 2	 2	 2	 2	 1	 2	 2	 1	556.05	  0.06
110	01	18	v	 0	 2	 1	 1	 1	 1	 2	 1	 1	 1	 1	678.60	  0.06
111	01	18	v	 0	 2	 1	 2	 1	 1	 2	 0	 2	 2	 1	490.26	  0.06
112	01	18	v	 0	 2	 1	 2	 2	 2	 2	 1	 2	 2	 1	564.55	  0.06
113	01	18	v	 0	 2	 1	 1	 1	 1	 2	 1	 1	 1	 1	669.21	  0.06
114	01	18	v	 0	 2	 1	 1	 1	 1	 2	 1	 1	 1	 1	506.72	  0.09
115	01	18	v	 0	 2	 1	 2	 2	 2	 2	 1	 2	 2	 1	452.61	  0.06
116	01	18	v	 0	 2	 1	 1	 2	 2	 2	 0	 1	 2	 0	576.51	  0.07
117	01	18	v	 0	 2	 1	 1	 2	 2	 2	 0	 1	 1	 1	751.30	  0.06
118	01	18	v	 0	 2	 1	 2	 2	 2	 2	 1	 2	 2	 1	591.05	  0.08
119	01	18	v	 0	 2	 1	 1	 2	 2	 2	 0	 1	 1	 1	638.94	  0.07
120	01	18	v	 0	 2	 1	 1	 2	 2	 2	 0	 1	 2	 0	770.90	  0.08
121	01	18	v	 0	 2	 1	 2	 1	 1	 2	 0	 2	 2	 1	462.12	  0.06
122	01	18	v	 0	 2	 1	 1	 2	 2	 2	 0	 1	 1	 1	544.98	  0.07
123	01	18	v	 0	 2	 1	 1	 2	 2	 2	 0	 1	 1	 1	704.44	  0.06
124	01	18	v	 0	 2	 1	 2	 2	 2	 2	 1	 2	 2	 1	494.48	  0.06
125	01	18	v	 0	 2	 1	 1	 2	 2	 2	 0	 1	 1	 1	467.04	  0.07
126	01	18	v	 0	 2	 1	 2	 2	 2	 2	 1	 2	 2	 1	536.96	  0.10
127	01	18	v	 0	 2	 1	 2	 2	 2	 2	 1	 2	 2	 1	556.20	  0.06
128	01	18	v	 0	 2	 1	 1	 1	 1	 2	 1	 1	 1	 1	387.80	  0.06
129	01	18	v	 0	 2	 1	 1	 1	 1	 2	 1	 1	 1	 1	684.55	  0.06
130	01	18	v	 0	 2	 1	 1	 2	 2	 2	 0	 1	 1	 1	640.09	  0.06
131	01	18	v	 0	 2	 1	 1	 2	 2	 2	 0	 1	 1	 1	514.10	  0.06
132	01	18	v	 0	 2	 1	 2	 2	 2	 2	 1	 2	 2	 1	452.85	  0.06
133	01	18	v	 0	 2	 1	 2	 1	 1	 2	 0	 2	 2	 1	486.77	  0.07
134	01	18	v	 0	 2	 1	 2	 2	 2	 2	 1	 2	 2	 1	527.25	  0.06
135	01	18	v	 0	 2	 1	 1	 1	 1	 2	 1	 1	 1	 1	629.55	  0.06
136	01	18	v	 0	 2	 1	 1	 2	 2	 2	 0	 1	 1	 1	635.30	  0.06
137	01	18	v	 0	 2	 1	 2	 2	 2	 2	 1	 2	 2	 1	628.19	  0.06
138	01	18	v	 0	 2	 1	 1	 2	 2	 2	 0	 1	 1	 1	748.29	  0.06
139	01	18	v	 0	 2	 1	 2	 2	 2	 2	 1	 2	 2	 1	623.94	  0.19
140	01	18	v	 0	 2	 1	 1	 1	 1	 2	 1	 1	 1	 1	587.52	  0.06
141	01	18	v	 0	 2	 1	 2	 1	 1	 2	 0	 2	 2	 1	462.20	  0.06
142	01	18	v	 0	 2	 1	 1	 1	 1	 2	 1	 1	 1	 1	518.91	  0.06
143	01	18	v	 0	 2	 1	 1	 1	 1	 2	 1	 1	 1	 1	645.19	  0.06
144	01	18	v	 0	 2	 1	 1	 1	 1	 2	 1	 1	 1	 1	543.85	  0.07
145	01	18	v	 0	 2	 1	 1	 2	 2	 2	 0	 1	 1	 1	447.68	  0.06
146	01	18	v	 0	 2	 1	 2	 1	 1	 2	 0	 2	 2	 1	496.36	  0.06
147	01	18	v	 0	 2	 1	 2	 2	 2	 2	 1	 2	 2	 1	557.38	  0.06
148	01	18	v	 0	 2	 1	 1	 1	 1	 2	 1	 1	 1	 1	567.82	  0.06
149	01	18	v	 0	 2	 1	 2	 2	 2	 2	 1	 2	 2	 1	675.69	  0.06
150	01	18	v	 0	 2	 1	 2	 1	 1	 2	 0	 2	 2	 1	478.32	  0.06
151	01	18	v	 0	 2	 1	 2	 1	 1	 2	 0	 2	 2	 1	497.96	  0.06
152	01	18	v	 0	 2	 1	 2	 2	 2	 2	 1	 2	 2	 1	571.26	  0.06
153	01	18	v	 0	 2	 1	 1	 2	 2	 2	 0	 1	 1	 1	535.21	  0.06
154	01	18	v	 0	 2	 1	 2	 1	 1	 2	 0	 2	 2	 1	414.41	  0.06
155	01	18	v	 0	 2	 1	 1	 2	 2	 2	 0	 1	 1	 1	468.29	  0.09
156	01	18	v	 0	 2	 1	 2	 1	 1	 2	 0	 2	 2	 1	521.21	  0.06
157	01	18	v	 0	 2	 1	 1	 1	 1	 2	 1	 1	 1	 1	527.83	  0.06
158	01	18	v	 0	 2	 1	 2	 1	 1	 2	 0	 2	 2	 1	514.21	  0.06
159	01	18	v	 0	 2	 1	 2	 2	 2	 2	 1	 2	 2	 1	586.62	  0.06
160	01	18	v	 0	 2	 1	 1	 1	 1	 2	 1	 1	 1	 1	571.76	  0.06
161	01	18	v	 0	 2	 1	 1	 1	 1	 2	 1	 1	 1	 1	516.05	  0.06
162	01	18	v	 0	 2	 1	 2	 2	 2	 2	 1	 2	 2	 1	601.01	  0.06
163	01	18	v	 0	 2	 1	 2	 2	 2	 2	 1	 2	 2	 1	491.64	  0.08
164	01	18	v	 0	 2	 1	 2	 1	 1	 2	 0	 2	 2	 1	512.05	  0.06
165	01	18	v	 0	 2	 1	 1	 1	 1	 2	 1	 1	 1	 1	452.61	  0.08
166	01	18	v	 0	 2	 1	 2	 1	 1	 2	 0	 2	 2	 1	657.69	  0.06
167	01	18	v	 0	 2	 1	 1	 1	 1	 2	 1	 1	 1	 1	628.15	  0.21
168	01	18	v	 0	 2	 1	 2	 1	 1	 2	 0	 2	 2	 1	444.01	  0.06
169	01	18	v	 0	 2	 1	 2	 2	 2	 2	 1	 2	 2	 1	563.77	  0.06
170	01	18	v	 0	 2	 1	 1	 1	 1	 2	 1	 1	 1	 1	835.62	  0.21
171	01	18	v	 0	 2	 1	 1	 1	 1	 2	 1	 1	 2	 0	774.03	  0.06
172	01	18	v	 0	 2	 1	 2	 2	 2	 2	 1	 2	 2	 1	1165.87	  0.09
173	01	18	v	 0	 2	 1	 2	 1	 1	 2	 0	 2	 2	 1	475.71	  0.07
174	01	18	v	 0	 2	 1	 2	 1	 1	 2	 0	 2	 2	 1	507.55	  0.06
175	01	18	v	 0	 2	 1	 2	 2	 2	 2	 1	 2	 2	 1	477.82	  0.06
176	01	18	v	 0	 2	 1	 1	 2	 2	 2	 0	 1	 1	 1	576.26	  0.06
177	01	18	v	 0	 2	 1	 2	 2	 2	 2	 1	 2	 2	 1	448.22	  0.06
178	01	18	v	 0	 2	 1	 1	 2	 2	 2	 0	 1	 1	 1	727.84	  0.08
179	01	18	v	 0	 2	 1	 2	 1	 1	 2	 0	 2	 2	 1	583.53	  0.06
180	01	18	v	 0	 2	 1	 1	 2	 2	 2	 0	 1	 1	 1	524.29	  0.06
181	01	18	v	 0	 2	 1	 1	 2	 2	 2	 0	 1	 1	 1	563.93	  0.08
182	01	18	v	 0	 2	 1	 2	 1	 1	 2	 0	 2	 2	 1	549.30	  0.06
183	01	18	v	 0	 2	 1	 2	 1	 1	 2	 0	 2	 2	 1	576.24	  0.07
184	01	18	v	 0	 2	 1	 1	 1	 1	 2	 1	 1	 1	 1	667.86	  0.06
185	01	18	v	 0	 2	 1	 1	 2	 2	 2	 0	 1	 1	 1	569.42	  0.07
186	01	18	v	 0	 2	 1	 1	 2	 2	 2	 0	 1	 1	 1	636.97	  0.06
187	01	18	v	 0	 2	 1	 2	 1	 1	 2	 0	 2	 2	 1	424.66	  0.07
188	01	18	v	 0	 2	 1	 1	 1	 1	 2	 1	 1	 1	 1	580.71	  0.06
189	01	18	v	 0	 2	 1	 2	 2	 2	 2	 1	 2	 2	 1	553.93	  0.06
190	01	18	v	 0	 2	 1	 1	 1	 1	 2	 1	 1	 1	 1	547.68	  0.06
191	01	18	v	 0	 2	 1	 1	 1	 1	 2	 1	 1	 1	 1	590.49	  0.06
192	01	18	v	 0	 2	 2	 1	 1	 2	 1	 1	 1	 1	 1	630.44	  0.06
193	01	18	v	 0	 2	 2	 2	 2	 1	 1	 1	 2	 2	 1	578.10	  0.06
194	01	18	v	 0	 2	 2	 1	 1	 2	 1	 1	 1	 1	 1	476.03	  0.06
195	01	18	v	 0	 2	 2	 2	 1	 2	 1	 0	 2	 2	 1	544.49	  0.07
196	01	18	v	 0	 2	 2	 1	 2	 1	 1	 0	 1	 1	 1	530.46	  0.10
197	01	18	v	 0	 2	 2	 2	 1	 2	 1	 0	 2	 2	 1	468.52	  0.06
198	01	18	v	 0	 2	 2	 1	 2	 1	 1	 0	 1	 1	 1	472.59	  0.07
199	01	18	v	 0	 2	 2	 2	 2	 1	 1	 1	 2	 2	 1	551.75	  0.20
200	01	18	v	 0	 2	 2	 1	 2	 1	 1	 0	 1	 1	 1	488.43	  0.06
201	01	18	v	 0	 2	 2	 2	 1	 2	 1	 0	 2	 2	 1	423.89	  0.07
202	01	18	v	 0	 2	 2	 2	 2	 1	 1	 1	 2	 2	 1	486.12	  0.06
203	01	18	v	 0	 2	 2	 2	 1	 2	 1	 0	 2	 2	 1	457.61	  0.06
204	01	18	v	 0	 2	 2	 1	 1	 2	 1	 1	 1	 1	 1	752.93	  0.06
205	01	18	v	 0	 2	 2	 2	 1	 2	 1	 0	 2	 2	 1	576.03	  0.06
206	01	18	v	 0	 2	 2	 2	 2	 1	 1	 1	 2	 2	 1	634.92	  0.20
207	01	18	v	 0	 2	 2	 2	 2	 1	 1	 1	 2	 2	 1	556.59	  0.07
208	01	18	v	 0	 2	 2	 1	 1	 2	 1	 1	 1	 1	 1	1005.36	  0.06
209	01	18	v	 0	 2	 2	 1	 2	 1	 1	 0	 1	 1	 1	580.45	  0.10
210	01	18	v	 0	 2	 2	 1	 2	 1	 1	 0	 1	 1	 1	511.52	  0.19
211	01	18	v	 0	 2	 2	 2	 2	 1	 1	 1	 2	 2	 1	568.06	  0.07
212	01	18	v	 0	 2	 2	 2	 1	 2	 1	 0	 2	 2	 1	545.51	  0.08
213	01	18	v	 0	 2	 2	 1	 2	 1	 1	 0	 1	 1	 1	548.36	  0.06
214	01	18	v	 0	 2	 2	 1	 1	 2	 1	 1	 1	 1	 1	649.28	  0.09
215	01	18	v	 0	 2	 2	 2	 1	 2	 1	 0	 2	 2	 1	505.07	  0.07
216	01	18	v	 0	 2	 2	 2	 1	 2	 1	 0	 2	 2	 1	484.26	  0.06
217	01	18	v	 0	 2	 2	 1	 1	 2	 1	 1	 1	 1	 1	798.67	  0.06
218	01	18	v	 0	 2	 2	 1	 2	 1	 1	 0	 1	 2	 0	482.22	  0.06
219	01	18	v	 0	 2	 2	 2	 2	 1	 1	 1	 2	 2	 1	576.41	  0.06
220	01	18	v	 0	 2	 2	 2	 1	 2	 1	 0	 2	 2	 1	800.28	  0.06
221	01	18	v	 0	 2	 2	 2	 1	 2	 1	 0	 2	 2	 1	594.29	  0.06
222	01	18	v	 0	 2	 2	 1	 1	 2	 1	 1	 1	 1	 1	551.17	  0.06
223	01	18	v	 0	 2	 2	 1	 2	 1	 1	 0	 1	 1	 1	480.02	  0.06
224	01	18	v	 0	 2	 2	 1	 1	 2	 1	 1	 1	 1	 1	500.97	  0.09
225	01	18	v	 0	 2	 2	 1	 1	 2	 1	 1	 1	 1	 1	426.85	  0.07
226	01	18	v	 0	 2	 2	 2	 1	 2	 1	 0	 2	 2	 1	682.05	  0.06
227	01	18	v	 0	 2	 2	 2	 1	 2	 1	 0	 2	 2	 1	654.59	  0.06
228	01	18	v	 0	 2	 2	 2	 2	 1	 1	 1	 2	 2	 1	549.05	  0.22
229	01	18	v	 0	 2	 2	 1	 2	 1	 1	 0	 1	 1	 1	514.63	  0.06
230	01	18	v	 0	 2	 2	 2	 2	 1	 1	 1	 2	 2	 1	523.36	  0.06
231	01	18	v	 0	 2	 2	 2	 1	 2	 1	 0	 2	 2	 1	416.42	  0.06
232	01	18	v	 0	 2	 2	 1	 2	 1	 1	 0	 1	 1	 1	606.33	  0.06
233	01	18	v	 0	 2	 2	 2	 2	 1	 1	 1	 2	 2	 1	583.94	  0.06
234	01	18	v	 0	 2	 2	 1	 2	 1	 1	 0	 1	 1	 1	565.95	  0.06
235	01	18	v	 0	 2	 2	 1	 2	 1	 1	 0	 1	 2	 0	478.52	  0.21
236	01	18	v	 0	 2	 2	 2	 2	 1	 1	 1	 2	 2	 1	581.53	  0.06
237	01	18	v	 0	 2	 2	 2	 2	 1	 1	 1	 2	 2	 1	625.58	  0.06
238	01	18	v	 0	 2	 2	 2	 1	 2	 1	 0	 2	 2	 1	720.23	  0.06
239	01	18	v	 0	 2	 2	 1	 1	 2	 1	 1	 1	 1	 1	711.05	  0.20
240	01	18	v	 0	 2	 2	 2	 1	 2	 1	 0	 2	 2	 1	565.98	  0.06
241	01	18	v	 0	 2	 2	 2	 1	 2	 1	 0	 2	 2	 1	457.48	  0.07
242	01	18	v	 0	 2	 2	 1	 2	 1	 1	 0	 1	 1	 1	756.80	  0.06
243	01	18	v	 0	 2	 2	 2	 1	 2	 1	 0	 2	 2	 1	513.11	  0.06
244	01	18	v	 0	 2	 2	 1	 2	 1	 1	 0	 1	 1	 1	577.29	  0.06
245	01	18	v	 0	 2	 2	 2	 2	 1	 1	 1	 2	 2	 1	648.29	  0.06
246	01	18	v	 0	 2	 2	 1	 1	 2	 1	 1	 1	 1	 1	567.17	  0.06
247	01	18	v	 0	 2	 2	 1	 1	 2	 1	 1	 1	 1	 1	618.04	  0.06
248	01	18	v	 0	 2	 2	 1	 1	 2	 1	 1	 1	 1	 1	922.58	  0.06
249	01	18	v	 0	 2	 2	 2	 2	 1	 1	 1	 2	 2	 1	463.56	  0.20
250	01	18	v	 0	 2	 2	 1	 2	 1	 1	 0	 1	 1	 1	778.44	  0.06
251	01	18	v	 0	 2	 2	 2	 2	 1	 1	 1	 2	 2	 1	463.88	  0.07
252	01	18	v	 0	 2	 2	 1	 1	 2	 1	 1	 1	 1	 1	529.54	  0.06
253	01	18	v	 0	 2	 2	 1	 1	 2	 1	 1	 1	 1	 1	556.52	  0.06
254	01	18	v	 0	 2	 2	 1	 1	 2	 1	 1	 1	 1	 1	607.40	  0.06
255	01	18	v	 0	 2	 2	 1	 1	 2	 1	 1	 1	 1	 1	431.81	  0.06
256	01	18	v	 0	 2	 2	 2	 2	 1	 1	 1	 2	 1	 0	407.24	  0.06
257	01	18	v	 0	 2	 2	 2	 1	 2	 1	 0	 2	 2	 1	605.09	  0.07
258	01	18	v	 0	 2	 2	 1	 1	 2	 1	 1	 1	 1	 1	504.37	  0.25
259	01	18	v	 0	 2	 2	 2	 2	 1	 1	 1	 2	 2	 1	522.70	  0.06
260	01	18	v	 0	 2	 2	 1	 1	 2	 1	 1	 1	 1	 1	599.64	  0.06
261	01	18	v	 0	 2	 2	 2	 1	 2	 1	 0	 2	 2	 1	564.00	  0.07
262	01	18	v	 0	 2	 2	 2	 2	 1	 1	 1	 2	 2	 1	615.89	  0.21
263	01	18	v	 0	 2	 2	 1	 2	 1	 1	 0	 1	 1	 1	491.34	  0.06
264	01	18	v	 0	 2	 2	 1	 1	 2	 1	 1	 1	 1	 1	572.71	  0.07
265	01	18	v	 0	 2	 2	 1	 2	 1	 1	 0	 1	 1	 1	509.93	  0.06
266	01	18	v	 0	 2	 2	 2	 2	 1	 1	 1	 2	 2	 1	583.70	  0.06
267	01	18	v	 0	 2	 2	 2	 1	 2	 1	 0	 2	 2	 1	548.86	  0.06
268	01	18	v	 0	 2	 2	 1	 2	 1	 1	 0	 1	 1	 1	649.82	  0.06
269	01	18	v	 0	 2	 2	 2	 1	 2	 1	 0	 2	 2	 1	600.94	  0.06
270	01	18	v	 0	 2	 2	 1	 2	 1	 1	 0	 1	 2	 0	708.48	  0.07
271	01	18	v	 0	 2	 2	 1	 2	 1	 1	 0	 1	 1	 1	502.59	  0.06
272	01	18	v	 0	 2	 2	 1	 1	 2	 1	 1	 1	 1	 1	611.79	  0.06
273	01	18	v	 0	 2	 2	 1	 2	 1	 1	 0	 1	 1	 1	678.05	  0.06
274	01	18	v	 0	 2	 2	 2	 1	 2	 1	 0	 2	 2	 1	453.19	  0.07
275	01	18	v	 0	 2	 2	 1	 2	 1	 1	 0	 1	 1	 1	521.95	  0.21
276	01	18	v	 0	 2	 2	 1	 1	 2	 1	 1	 1	 1	 1	552.94	  0.06
277	01	18	v	 0	 2	 2	 2	 2	 1	 1	 1	 2	 2	 1	595.79	  0.06
278	01	18	v	 0	 2	 2	 2	 2	 1	 1	 1	 2	 2	 1	560.57	  0.20
279	01	18	v	 0	 2	 2	 2	 1	 2	 1	 0	 2	 2	 1	713.31	  0.09
280	01	18	v	 0	 2	 2	 2	 2	 1	 1	 1	 2	 2	 1	568.53	  0.06
281	01	18	v	 0	 2	 2	 1	 1	 2	 1	 1	 1	 1	 1	590.60	  0.06
282	01	18	v	 0	 2	 2	 2	 1	 2	 1	 0	 2	 2	 1	653.64	  0.20
283	01	18	v	 0	 2	 2	 1	 2	 1	 1	 0	 1	 1	 1	591.95	  0.06
284	01	18	v	 0	 2	 2	 1	 2	 1	 1	 0	 1	 1	 1	494.76	  0.06
285	01	18	v	 0	 2	 2	 2	 2	 1	 1	 1	 2	 2	 1	510.35	  0.06
286	01	18	v	 0	 2	 2	 2	 2	 1	 1	 1	 2	 2	 1	497.40	  0.06
287	01	18	v	 0	 2	 2	 1	 1	 2	 1	 1	 1	 2	 0	553.94	  0.06
288	01	18	v	 0	 2	 3	 2	 2	 2	 2	 1	 2	 2	 1	517.37	  0.06
289	01	18	v	 0	 2	 3	 1	 2	 2	 2	 0	 1	 1	 1	406.69	  0.06
290	01	18	v	 0	 2	 3	 1	 2	 2	 2	 0	 1	 1	 1	480.51	  0.07
291	01	18	v	 0	 2	 3	 2	 1	 1	 2	 0	 2	 2	 1	455.62	  0.06
292	01	18	v	 0	 2	 3	 2	 2	 2	 2	 1	 2	 2	 1	476.43	  0.06
293	01	18	v	 0	 2	 3	 1	 2	 2	 2	 0	 1	 1	 1	520.64	  0.06
294	01	18	v	 0	 2	 3	 1	 2	 2	 2	 0	 1	 1	 1	503.79	  0.06
295	01	18	v	 0	 2	 3	 1	 2	 2	 2	 0	 1	 1	 1	564.31	  0.06
296	01	18	v	 0	 2	 3	 2	 1	 1	 2	 0	 2	 2	 1	431.23	  0.06
297	01	18	v	 0	 2	 3	 2	 2	 2	 2	 1	 2	 2	 1	558.35	  0.06
298	01	18	v	 0	 2	 3	 2	 1	 1	 2	 0	 2	 2	 1	498.40	  0.09
299	01	18	v	 0	 2	 3	 1	 1	 1	 2	 1	 1	 1	 1	1023.60	  0.06
300	01	18	v	 0	 2	 3	 2	 2	 2	 2	 1	 2	 2	 1	480.13	  0.06
301	01	18	v	 0	 2	 3	 2	 1	 1	 2	 0	 2	 2	 1	448.20	  0.08
302	01	18	v	 0	 2	 3	 1	 1	 1	 2	 1	 1	 1	 1	424.88	  0.07
303	01	18	v	 0	 2	 3	 1	 2	 2	 2	 0	 1	 1	 1	1966.08	  0.08
304	01	18	v	 0	 2	 3	 1	 1	 1	 2	 1	 1	 1	 1	588.39	  0.06
305	01	18	v	 0	 2	 3	 2	 2	 2	 2	 1	 2	 2	 1	458.42	  0.06
306	01	18	v	 0	 2	 3	 1	 1	 1	 2	 1	 1	 1	 1	425.89	  0.06
307	01	18	v	 0	 2	 3	 2	 1	 1	 2	 0	 2	 2	 1	488.04	  0.06
308	01	18	v	 0	 2	 3	 2	 1	 1	 2	 0	 2	 2	 1	565.38	  0.06
309	01	18	v	 0	 2	 3	 2	 1	 1	 2	 0	 2	 2	 1	640.38	  0.06
310	01	18	v	 0	 2	 3	 1	 2	 2	 2	 0	 1	 1	 1	533.43	  0.06
311	01	18	v	 0	 2	 3	 2	 1	 1	 2	 0	 2	 2	 1	466.44	  0.22
312	01	18	v	 0	 2	 3	 1	 1	 1	 2	 1	 1	 1	 1	969.38	  0.08
313	01	18	v	 0	 2	 3	 1	 2	 2	 2	 0	 1	 1	 1	923.28	  0.06
314	01	18	v	 0	 2	 3	 1	 1	 1	 2	 1	 1	 1	 1	569.79	  0.07
315	01	18	v	 0	 2	 3	 2	 2	 2	 2	 1	 2	 2	 1	591.66	  0.06
316	01	18	v	 0	 2	 3	 2	 2	 2	 2	 1	 2	 2	 1	548.01	  0.06
317	01	18	v	 0	 2	 3	 1	 1	 1	 2	 1	 1	 1	 1	782.01	  0.06
318	01	18	v	 0	 2	 3	 2	 1	 1	 2	 0	 2	 2	 1	526.02	  0.06
319	01	18	v	 0	 2	 3	 1	 1	 1	 2	 1	 1	 1	 1	512.79	  0.06
320	01	18	v	 0	 2	 3	 2	 2	 2	 2	 1	 2	 2	 1	519.53	  0.06
321	01	18	v	 0	 2	 3	 1	 2	 2	 2	 0	 1	 1	 1	633.06	  0.06
322	01	18	v	 0	 2	 3	 2	 1	 1	 2	 0	 2	 2	 1	555.33	  0.06
323	01	18	v	 0	 2	 3	 2	 1	 1	 2	 0	 2	 2	 1	594.21	  0.06
324	01	18	v	 0	 2	 3	 2	 2	 2	 2	 1	 2	 2	 1	513.27	  0.09
325	01	18	v	 0	 2	 3	 1	 1	 1	 2	 1	 1	 1	 1	389.14	  0.06
326	01	18	v	 0	 2	 3	 2	 2	 2	 2	 1	 2	 2	 1	615.77	  0.09
327	01	18	v	 0	 2	 3	 2	 1	 1	 2	 0	 2	 2	 1	629.02	  0.06
328	01	18	v	 0	 2	 3	 1	 2	 2	 2	 0	 1	 1	 1	534.38	  0.06
329	01	18	v	 0	 2	 3	 2	 1	 1	 2	 0	 2	 2	 1	710.38	  0.06
330	01	18	v	 0	 2	 3	 1	 1	 1	 2	 1	 1	 1	 1	607.57	  0.06
331	01	18	v	 0	 2	 3	 2	 1	 1	 2	 0	 2	 2	 1	445.96	  0.12
332	01	18	v	 0	 2	 3	 2	 2	 2	 2	 1	 2	 2	 1	498.80	  0.07
333	01	18	v	 0	 2	 3	 1	 1	 1	 2	 1	 1	 1	 1	1059.20	  0.22
334	01	18	v	 0	 2	 3	 1	 2	 2	 2	 0	 1	 1	 1	383.30	  0.06
335	01	18	v	 0	 2	 3	 2	 2	 2	 2	 1	 2	 2	 1	449.15	  0.06
336	01	18	v	 0	 2	 3	 2	 1	 1	 2	 0	 2	 2	 1	422.58	  0.06
337	01	18	v	 0	 2	 3	 2	 2	 2	 2	 1	 2	 2	 1	479.94	  0.06
338	01	18	v	 0	 2	 3	 2	 2	 2	 2	 1	 2	 2	 1	593.59	  0.06
339	01	18	v	 0	 2	 3	 1	 2	 2	 2	 0	 1	 1	 1	556.85	  0.06
340	01	18	v	 0	 2	 3	 1	 1	 1	 2	 1	 1	 2	 0	358.24	  0.06
341	01	18	v	 0	 2	 3	 2	 2	 2	 2	 1	 2	 2	 1	626.59	  0.08
342	01	18	v	 0	 2	 3	 1	 2	 2	 2	 0	 1	 1	 1	655.91	  0.06
343	01	18	v	 0	 2	 3	 1	 1	 1	 2	 1	 1	 1	 1	631.13	  0.06
344	01	18	v	 0	 2	 3	 1	 2	 2	 2	 0	 1	 1	 1	598.51	  0.06
345	01	18	v	 0	 2	 3	 2	 2	 2	 2	 1	 2	 2	 1	441.08	  0.06
346	01	18	v	 0	 2	 3	 1	 2	 2	 2	 0	 1	 1	 1	679.79	  0.06
347	01	18	v	 0	 2	 3	 2	 1	 1	 2	 0	 2	 2	 1	484.43	  0.06
348	01	18	v	 0	 2	 3	 1	 1	 1	 2	 1	 1	 1	 1	574.51	  0.06
349	01	18	v	 0	 2	 3	 2	 1	 1	 2	 0	 2	 2	 1	446.27	  0.06
350	01	18	v	 0	 2	 3	 1	 2	 2	 2	 0	 1	 1	 1	577.93	  0.08
351	01	18	v	 0	 2	 3	 2	 1	 1	 2	 0	 2	 2	 1	412.77	  0.06
352	01	18	v	 0	 2	 3	 2	 2	 2	 2	 1	 2	 2	 1	570.77	  0.07
353	01	18	v	 0	 2	 3	 2	 1	 1	 2	 0	 2	 2	 1	454.64	  0.07
354	01	18	v	 0	 2	 3	 1	 1	 1	 2	 1	 1	 1	 1	512.49	  0.06
355	01	18	v	 0	 2	 3	 2	 1	 1	 2	 0	 2	 2	 1	482.98	  0.06
356	01	18	v	 0	 2	 3	 2	 2	 2	 2	 1	 2	 2	 1	422.50	  0.06
357	01	18	v	 0	 2	 3	 1	 2	 2	 2	 0	 1	 2	 0	395.89	  0.06
358	01	18	v	 0	 2	 3	 1	 1	 1	 2	 1	 1	 1	 1	389.56	  0.08
359	01	18	v	 0	 2	 3	 2	 2	 2	 2	 1	 2	 2	 1	391.18	  0.06
360	01	18	v	 0	 2	 3	 2	 1	 1	 2	 0	 2	 2	 1	423.11	  0.07
361	01	18	v	 0	 2	 3	 2	 2	 2	 2	 1	 2	 2	 1	485.47	  0.07
362	01	18	v	 0	 2	 3	 1	 1	 1	 2	 1	 1	 1	 1	510.03	  0.06
363	01	18	v	 0	 2	 3	 1	 1	 1	 2	 1	 1	 1	 1	566.95	  0.06
364	01	18	v	 0	 2	 3	 1	 2	 2	 2	 0	 1	 1	 1	500.38	  0.26
365	01	18	v	 0	 2	 3	 2	 2	 2	 2	 1	 2	 2	 1	430.95	  0.06
366	01	18	v	 0	 2	 3	 1	 1	 1	 2	 1	 1	 1	 1	838.45	  0.10
367	01	18	v	 0	 2	 3	 1	 1	 1	 2	 1	 1	 1	 1	605.70	  0.07
368	01	18	v	 0	 2	 3	 1	 1	 1	 2	 1	 1	 1	 1	604.15	  0.08
369	01	18	v	 0	 2	 3	 2	 2	 2	 2	 1	 2	 2	 1	580.52	  0.06
370	01	18	v	 0	 2	 3	 2	 1	 1	 2	 0	 2	 2	 1	442.25	  0.19
371	01	18	v	 0	 2	 3	 1	 2	 2	 2	 0	 1	 1	 1	438.72	  0.06
372	01	18	v	 0	 2	 3	 1	 1	 1	 2	 1	 1	 1	 1	594.40	  0.07
373	01	18	v	 0	 2	 3	 1	 2	 2	 2	 0	 1	 1	 1	489.14	  0.06
374	01	18	v	 0	 2	 3	 1	 1	 1	 2	 1	 1	 2	 0	587.21	  0.06
375	01	18	v	 0	 2	 3	 2	 1	 1	 2	 0	 2	 2	 1	671.20	  0.06
376	01	18	v	 0	 2	 3	 1	 2	 2	 2	 0	 1	 1	 1	601.76	  0.06
377	01	18	v	 0	 2	 3	 1	 2	 2	 2	 0	 1	 1	 1	828.62	  0.08
378	01	18	v	 0	 2	 3	 2	 2	 2	 2	 1	 2	 2	 1	740.62	  0.07
379	01	18	v	 0	 2	 3	 1	 1	 1	 2	 1	 1	 1	 1	621.46	  0.06
380	01	18	v	 0	 2	 3	 2	 1	 1	 2	 0	 2	 2	 1	647.15	  0.19
381	01	18	v	 0	 2	 3	 2	 2	 2	 2	 1	 2	 2	 1	554.12	  0.06
382	01	18	v	 0	 2	 3	 1	 2	 2	 2	 0	 1	 1	 1	475.91	  0.25
383	01	18	v	 0	 2	 3	 1	 2	 2	 2	 0	 1	 1	 1	618.90	  0.06
