00	22	19	m	 1	 1	 0	 1	 2	 2	 1	 0	 1	 1	 1	587.54	  0.06
01	22	19	m	 1	 1	 0	 1	 2	 2	 1	 0	 1	 1	 1	594.56	  0.06
02	22	19	m	 1	 1	 0	 2	 2	 2	 1	 1	 2	 2	 1	396.78	  0.07
03	22	19	m	 1	 1	 0	 1	 2	 2	 1	 0	 1	 1	 1	478.66	  0.06
04	22	19	m	 1	 1	 0	 2	 2	 2	 1	 1	 2	 2	 1	479.14	  0.06
05	22	19	m	 1	 1	 0	 2	 2	 2	 1	 1	 2	 2	 1	599.12	  0.06
06	22	19	m	 1	 1	 0	 2	 2	 2	 1	 1	 2	 2	 1	549.52	  0.06
07	22	19	m	 1	 1	 0	 1	 1	 1	 1	 1	 1	 1	 1	495.10	  0.08
08	22	19	m	 1	 1	 0	 2	 2	 2	 1	 1	 2	 2	 1	449.34	  0.06
09	22	19	m	 1	 1	 0	 1	 1	 1	 1	 1	 1	 1	 1	526.14	  0.06
10	22	19	m	 1	 1	 0	 1	 1	 1	 1	 1	 1	 2	 0	390.57	  0.07
11	22	19	m	 1	 1	 0	 2	 1	 1	 1	 0	 2	 2	 1	549.05	  0.07
12	22	19	m	 1	 1	 0	 1	 1	 1	 1	 1	 1	 1	 1	436.10	  0.06
13	22	19	m	 1	 1	 0	 1	 1	 1	 1	 1	 1	 1	 1	577.39	  0.06
14	22	19	m	 1	 1	 0	 1	 1	 1	 1	 1	 1	 1	 1	541.13	  0.09
15	22	19	m	 1	 1	 0	 2	 2	 2	 1	 1	 2	 2	 1	470.90	  0.06
16	22	19	m	 1	 1	 0	 2	 1	 1	 1	 0	 2	 2	 1	594.27	  0.06
17	22	19	m	 1	 1	 0	 2	 1	 1	 1	 0	 2	 2	 1	478.58	  0.06
18	22	19	m	 1	 1	 0	 2	 1	 1	 1	 0	 2	 2	 1	588.91	  0.06
19	22	19	m	 1	 1	 0	 1	 2	 2	 1	 0	 1	 1	 1	465.47	  0.07
20	22	19	m	 1	 1	 0	 1	 1	 1	 1	 1	 1	 1	 1	413.08	  0.06
21	22	19	m	 1	 1	 0	 1	 2	 2	 1	 0	 1	 1	 1	1334.66	  0.06
22	22	19	m	 1	 1	 0	 2	 1	 1	 1	 0	 2	 2	 1	630.96	  0.06
23	22	19	m	 1	 1	 0	 2	 1	 1	 1	 0	 2	 2	 1	1011.08	  0.06
24	22	19	m	 1	 1	 0	 2	 2	 2	 1	 1	 2	 2	 1	644.01	  0.06
25	22	19	m	 1	 1	 0	 2	 2	 2	 1	 1	 2	 2	 1	552.76	  0.08
26	22	19	m	 1	 1	 0	 1	 2	 2	 1	 0	 1	 1	 1	607.86	  0.06
27	22	19	m	 1	 1	 0	 1	 1	 1	 1	 1	 1	 1	 1	512.40	  0.06
28	22	19	m	 1	 1	 0	 1	 1	 1	 1	 1	 1	 1	 1	644.50	  0.06
29	22	19	m	 1	 1	 0	 1	 1	 1	 1	 1	 1	 1	 1	581.20	  0.07
30	22	19	m	 1	 1	 0	 2	 1	 1	 1	 0	 2	 2	 1	601.69	  0.10
31	22	19	m	 1	 1	 0	 2	 2	 2	 1	 1	 2	 2	 1	705.50	  0.07
32	22	19	m	 1	 1	 0	 2	 2	 2	 1	 1	 2	 2	 1	698.64	  0.21
33	22	19	m	 1	 1	 0	 2	 1	 1	 1	 0	 2	 2	 1	1255.09	  0.11
34	22	19	m	 1	 1	 0	 1	 2	 2	 1	 0	 1	 1	 1	692.93	  0.06
35	22	19	m	 1	 1	 0	 2	 1	 1	 1	 0	 2	 2	 1	885.86	  0.06
36	22	19	m	 1	 1	 0	 2	 2	 2	 1	 1	 2	 2	 1	612.11	  0.06
37	22	19	m	 1	 1	 0	 2	 2	 2	 1	 1	 2	 2	 1	495.60	  0.24
38	22	19	m	 1	 1	 0	 2	 1	 1	 1	 0	 2	 2	 1	588.49	  0.06
39	22	19	m	 1	 1	 0	 1	 2	 2	 1	 0	 1	 1	 1	755.89	  0.06
40	22	19	m	 1	 1	 0	 1	 1	 1	 1	 1	 1	 1	 1	604.50	  0.06
41	22	19	m	 1	 1	 0	 2	 1	 1	 1	 0	 2	 2	 1	577.37	  0.09
42	22	19	m	 1	 1	 0	 1	 2	 2	 1	 0	 1	 1	 1	672.15	  0.06
43	22	19	m	 1	 1	 0	 2	 2	 2	 1	 1	 2	 2	 1	796.07	  0.06
44	22	19	m	 1	 1	 0	 2	 1	 1	 1	 0	 2	 2	 1	669.68	  0.06
45	22	19	m	 1	 1	 0	 2	 2	 2	 1	 1	 2	 2	 1	670.85	  0.19
46	22	19	m	 1	 1	 0	 2	 1	 1	 1	 0	 2	 2	 1	561.14	  0.19
47	22	19	m	 1	 1	 0	 1	 2	 2	 1	 0	 1	 1	 1	616.11	  0.06
48	22	19	m	 1	 1	 0	 1	 2	 2	 1	 0	 1	 1	 1	592.94	  0.06
49	22	19	m	 1	 1	 0	 1	 2	 2	 1	 0	 1	 1	 1	534.41	  0.06
50	22	19	m	 1	 1	 0	 1	 1	 1	 1	 1	 1	 1	 1	573.95	  0.06
51	22	19	m	 1	 1	 0	 2	 2	 2	 1	 1	 2	 2	 1	648.59	  0.07
52	22	19	m	 1	 1	 0	 1	 1	 1	 1	 1	 1	 1	 1	537.18	  0.06
53	22	19	m	 1	 1	 0	 2	 2	 2	 1	 1	 2	 2	 1	595.20	  0.07
54	22	19	m	 1	 1	 0	 1	 2	 2	 1	 0	 1	 1	 1	494.07	  0.06
55	22	19	m	 1	 1	 0	 2	 1	 1	 1	 0	 2	 2	 1	580.09	  0.07
56	22	19	m	 1	 1	 0	 2	 2	 2	 1	 1	 2	 2	 1	1134.90	  0.06
57	22	19	m	 1	 1	 0	 1	 1	 1	 1	 1	 1	 1	 1	507.29	  0.06
58	22	19	m	 1	 1	 0	 2	 2	 2	 1	 1	 2	 2	 1	595.96	  0.06
59	22	19	m	 1	 1	 0	 2	 1	 1	 1	 0	 2	 2	 1	1260.47	  0.22
60	22	19	m	 1	 1	 0	 2	 1	 1	 1	 0	 2	 2	 1	478.07	  0.06
61	22	19	m	 1	 1	 0	 1	 2	 2	 1	 0	 1	 1	 1	550.08	  0.09
62	22	19	m	 1	 1	 0	 1	 2	 2	 1	 0	 1	 1	 1	607.51	  0.06
63	22	19	m	 1	 1	 0	 2	 2	 2	 1	 1	 2	 2	 1	524.67	  0.10
64	22	19	m	 1	 1	 0	 1	 1	 1	 1	 1	 1	 1	 1	709.28	  0.10
65	22	19	m	 1	 1	 0	 1	 2	 2	 1	 0	 1	 1	 1	474.62	  0.11
66	22	19	m	 1	 1	 0	 1	 1	 1	 1	 1	 1	 1	 1	498.76	  0.19
67	22	19	m	 1	 1	 0	 2	 1	 1	 1	 0	 2	 2	 1	536.22	  0.06
68	22	19	m	 1	 1	 0	 2	 1	 1	 1	 0	 2	 2	 1	544.90	  0.06
69	22	19	m	 1	 1	 0	 1	 1	 1	 1	 1	 1	 1	 1	406.84	  0.07
70	22	19	m	 1	 1	 0	 1	 2	 2	 1	 0	 1	 1	 1	455.42	  0.06
71	22	19	m	 1	 1	 0	 1	 2	 2	 1	 0	 1	 1	 1	491.67	  0.06
72	22	19	m	 1	 1	 0	 1	 1	 1	 1	 1	 1	 1	 1	422.43	  0.06
73	22	19	m	 1	 1	 0	 2	 2	 2	 1	 1	 2	 2	 1	430.18	  0.06
74	22	19	m	 1	 1	 0	 2	 1	 1	 1	 0	 2	 2	 1	1013.01	  0.06
75	22	19	m	 1	 1	 0	 1	 1	 1	 1	 1	 1	 1	 1	517.53	  0.06
76	22	19	m	 1	 1	 0	 2	 2	 2	 1	 1	 2	 2	 1	696.26	  0.19
77	22	19	m	 1	 1	 0	 1	 2	 2	 1	 0	 1	 1	 1	548.83	  0.06
78	22	19	m	 1	 1	 0	 1	 1	 1	 1	 1	 1	 1	 1	516.99	  0.20
79	22	19	m	 1	 1	 0	 1	 2	 2	 1	 0	 1	 1	 1	504.82	  0.07
80	22	19	m	 1	 1	 0	 1	 2	 2	 1	 0	 1	 1	 1	434.77	  0.06
81	22	19	m	 1	 1	 0	 2	 1	 1	 1	 0	 2	 2	 1	632.55	  0.07
82	22	19	m	 1	 1	 0	 1	 1	 1	 1	 1	 1	 1	 1	439.30	  0.10
83	22	19	m	 1	 1	 0	 2	 1	 1	 1	 0	 2	 2	 1	491.88	  0.06
84	22	19	m	 1	 1	 0	 2	 1	 1	 1	 0	 2	 2	 1	653.07	  0.06
85	22	19	m	 1	 1	 0	 2	 2	 2	 1	 1	 2	 2	 1	650.56	  0.06
86	22	19	m	 1	 1	 0	 1	 2	 2	 1	 0	 1	 1	 1	428.28	  0.06
87	22	19	m	 1	 1	 0	 2	 1	 1	 1	 0	 2	 2	 1	502.79	  0.06
88	22	19	m	 1	 1	 0	 1	 2	 2	 1	 0	 1	 1	 1	530.63	  0.06
89	22	19	m	 1	 1	 0	 1	 1	 1	 1	 1	 1	 1	 1	626.98	  0.06
90	22	19	m	 1	 1	 0	 2	 2	 2	 1	 1	 2	 2	 1	757.95	  0.06
91	22	19	m	 1	 1	 0	 1	 1	 1	 1	 1	 1	 1	 1	590.41	  0.06
92	22	19	m	 1	 1	 0	 1	 2	 2	 1	 0	 1	 1	 1	632.93	  0.06
93	22	19	m	 1	 1	 0	 1	 1	 1	 1	 1	 1	 1	 1	512.65	  0.06
94	22	19	m	 1	 1	 0	 2	 2	 2	 1	 1	 2	 2	 1	590.62	  0.06
95	22	19	m	 1	 1	 0	 2	 1	 1	 1	 0	 2	 2	 1	551.52	  0.06
96	22	19	m	 1	 1	 1	 2	 1	 2	 2	 0	 2	 2	 1	635.04	  0.06
97	22	19	m	 1	 1	 1	 2	 2	 1	 2	 1	 2	 2	 1	509.32	  0.06
98	22	19	m	 1	 1	 1	 2	 2	 1	 2	 1	 2	 2	 1	472.38	  0.07
99	22	19	m	 1	 1	 1	 2	 2	 1	 2	 1	 2	 2	 1	547.95	  0.08
100	22	19	m	 1	 1	 1	 1	 1	 2	 2	 1	 1	 1	 1	538.18	  0.06
101	22	19	m	 1	 1	 1	 2	 1	 2	 2	 0	 2	 2	 1	421.56	  0.06
102	22	19	m	 1	 1	 1	 1	 2	 1	 2	 0	 1	 1	 1	441.10	  0.06
103	22	19	m	 1	 1	 1	 2	 2	 1	 2	 1	 2	 2	 1	642.78	  0.22
104	22	19	m	 1	 1	 1	 2	 2	 1	 2	 1	 2	 2	 1	540.81	  0.07
105	22	19	m	 1	 1	 1	 1	 1	 2	 2	 1	 1	 1	 1	522.19	  0.07
106	22	19	m	 1	 1	 1	 2	 1	 2	 2	 0	 2	 2	 1	539.27	  0.06
107	22	19	m	 1	 1	 1	 2	 2	 1	 2	 1	 2	 2	 1	603.34	  0.06
108	22	19	m	 1	 1	 1	 1	 1	 2	 2	 1	 1	 1	 1	693.81	  0.06
109	22	19	m	 1	 1	 1	 2	 1	 2	 2	 0	 2	 2	 1	661.93	  0.07
110	22	19	m	 1	 1	 1	 2	 1	 2	 2	 0	 2	 2	 1	593.13	  0.06
111	22	19	m	 1	 1	 1	 1	 2	 1	 2	 0	 1	 1	 1	647.83	  0.06
112	22	19	m	 1	 1	 1	 1	 1	 2	 2	 1	 1	 1	 1	612.30	  0.06
113	22	19	m	 1	 1	 1	 1	 1	 2	 2	 1	 1	 1	 1	612.96	  0.06
114	22	19	m	 1	 1	 1	 2	 2	 1	 2	 1	 2	 2	 1	632.95	  0.08
115	22	19	m	 1	 1	 1	 2	 2	 1	 2	 1	 2	 2	 1	684.34	  0.08
116	22	19	m	 1	 1	 1	 2	 1	 2	 2	 0	 2	 2	 1	718.48	  0.06
117	22	19	m	 1	 1	 1	 2	 1	 2	 2	 0	 2	 2	 1	524.79	  0.06
118	22	19	m	 1	 1	 1	 1	 2	 1	 2	 0	 1	 1	 1	564.28	  0.06
119	22	19	m	 1	 1	 1	 1	 1	 2	 2	 1	 1	 1	 1	533.40	  0.20
120	22	19	m	 1	 1	 1	 2	 2	 1	 2	 1	 2	 2	 1	502.63	  0.06
121	22	19	m	 1	 1	 1	 2	 2	 1	 2	 1	 2	 2	 1	1043.91	  0.07
122	22	19	m	 1	 1	 1	 2	 2	 1	 2	 1	 2	 2	 1	705.07	  0.07
123	22	19	m	 1	 1	 1	 1	 2	 1	 2	 0	 1	 1	 1	507.45	  0.06
124	22	19	m	 1	 1	 1	 2	 1	 2	 2	 0	 2	 2	 1	653.15	  0.06
125	22	19	m	 1	 1	 1	 1	 2	 1	 2	 0	 1	 1	 1	461.15	  0.12
126	22	19	m	 1	 1	 1	 2	 1	 2	 2	 0	 2	 2	 1	1251.24	  0.11
127	22	19	m	 1	 1	 1	 2	 1	 2	 2	 0	 2	 2	 1	622.79	  0.22
128	22	19	m	 1	 1	 1	 1	 2	 1	 2	 0	 1	 1	 1	465.46	  0.06
129	22	19	m	 1	 1	 1	 2	 1	 2	 2	 0	 2	 2	 1	1768.03	  0.06
130	22	19	m	 1	 1	 1	 1	 1	 2	 2	 1	 1	 1	 1	799.70	  0.06
131	22	19	m	 1	 1	 1	 2	 1	 2	 2	 0	 2	 2	 1	575.99	  0.06
132	22	19	m	 1	 1	 1	 1	 1	 2	 2	 1	 1	 1	 1	683.92	  0.06
133	22	19	m	 1	 1	 1	 2	 2	 1	 2	 1	 2	 2	 1	604.36	  0.08
134	22	19	m	 1	 1	 1	 1	 1	 2	 2	 1	 1	 1	 1	468.49	  0.06
135	22	19	m	 1	 1	 1	 2	 1	 2	 2	 0	 2	 2	 1	526.73	  0.06
136	22	19	m	 1	 1	 1	 2	 2	 1	 2	 1	 2	 2	 1	659.97	  0.06
137	22	19	m	 1	 1	 1	 2	 1	 2	 2	 0	 2	 2	 1	526.20	  0.06
138	22	19	m	 1	 1	 1	 1	 1	 2	 2	 1	 1	 1	 1	508.73	  0.06
139	22	19	m	 1	 1	 1	 2	 1	 2	 2	 0	 2	 2	 1	683.28	  0.06
140	22	19	m	 1	 1	 1	 2	 2	 1	 2	 1	 2	 2	 1	545.35	  0.06
141	22	19	m	 1	 1	 1	 2	 1	 2	 2	 0	 2	 2	 1	546.37	  0.20
142	22	19	m	 1	 1	 1	 1	 2	 1	 2	 0	 1	 1	 1	400.63	  0.06
143	22	19	m	 1	 1	 1	 1	 1	 2	 2	 1	 1	 1	 1	1329.94	  0.06
144	22	19	m	 1	 1	 1	 2	 2	 1	 2	 1	 2	 2	 1	553.62	  0.06
145	22	19	m	 1	 1	 1	 1	 1	 2	 2	 1	 1	 1	 1	454.00	  0.06
146	22	19	m	 1	 1	 1	 1	 1	 2	 2	 1	 1	 1	 1	458.48	  0.08
147	22	19	m	 1	 1	 1	 2	 1	 2	 2	 0	 2	 2	 1	581.81	  0.06
148	22	19	m	 1	 1	 1	 1	 2	 1	 2	 0	 1	 1	 1	508.34	  0.12
149	22	19	m	 1	 1	 1	 1	 1	 2	 2	 1	 1	 1	 1	588.87	  0.06
150	22	19	m	 1	 1	 1	 2	 2	 1	 2	 1	 2	 2	 1	615.73	  0.06
151	22	19	m	 1	 1	 1	 1	 2	 1	 2	 0	 1	 1	 1	479.98	  0.10
152	22	19	m	 1	 1	 1	 1	 2	 1	 2	 0	 1	 1	 1	571.50	  0.06
153	22	19	m	 1	 1	 1	 1	 2	 1	 2	 0	 1	 1	 1	405.56	  0.06
154	22	19	m	 1	 1	 1	 1	 1	 2	 2	 1	 1	 1	 1	811.43	  0.07
155	22	19	m	 1	 1	 1	 2	 1	 2	 2	 0	 2	 2	 1	394.88	  0.10
156	22	19	m	 1	 1	 1	 1	 1	 2	 2	 1	 1	 1	 1	375.95	  0.06
157	22	19	m	 1	 1	 1	 1	 2	 1	 2	 0	 1	 1	 1	488.88	  0.10
158	22	19	m	 1	 1	 1	 2	 2	 1	 2	 1	 2	 2	 1	483.57	  0.06
159	22	19	m	 1	 1	 1	 2	 1	 2	 2	 0	 2	 2	 1	649.02	  0.06
160	22	19	m	 1	 1	 1	 2	 2	 1	 2	 1	 2	 2	 1	511.71	  0.06
161	22	19	m	 1	 1	 1	 1	 1	 2	 2	 1	 1	 1	 1	485.42	  0.09
162	22	19	m	 1	 1	 1	 1	 2	 1	 2	 0	 1	 1	 1	404.72	  0.06
163	22	19	m	 1	 1	 1	 1	 2	 1	 2	 0	 1	 1	 1	550.98	  0.06
164	22	19	m	 1	 1	 1	 2	 2	 1	 2	 1	 2	 1	 0	480.43	  0.06
165	22	19	m	 1	 1	 1	 1	 2	 1	 2	 0	 1	 1	 1	455.28	  0.06
166	22	19	m	 1	 1	 1	 1	 1	 2	 2	 1	 1	 1	 1	516.33	  0.06
167	22	19	m	 1	 1	 1	 1	 1	 2	 2	 1	 1	 1	 1	544.37	  0.06
168	22	19	m	 1	 1	 1	 1	 2	 1	 2	 0	 1	 1	 1	512.01	  0.06
169	22	19	m	 1	 1	 1	 2	 2	 1	 2	 1	 2	 2	 1	1097.02	  0.06
170	22	19	m	 1	 1	 1	 2	 2	 1	 2	 1	 2	 2	 1	504.10	  0.20
171	22	19	m	 1	 1	 1	 1	 2	 1	 2	 0	 1	 1	 1	492.03	  0.06
172	22	19	m	 1	 1	 1	 1	 2	 1	 2	 0	 1	 1	 1	526.74	  0.06
173	22	19	m	 1	 1	 1	 2	 1	 2	 2	 0	 2	 2	 1	525.41	  0.08
174	22	19	m	 1	 1	 1	 1	 2	 1	 2	 0	 1	 1	 1	511.98	  0.06
175	22	19	m	 1	 1	 1	 1	 2	 1	 2	 0	 1	 1	 1	492.09	  0.19
176	22	19	m	 1	 1	 1	 1	 1	 2	 2	 1	 1	 1	 1	451.40	  0.07
177	22	19	m	 1	 1	 1	 2	 1	 2	 2	 0	 2	 2	 1	1526.08	  0.06
178	22	19	m	 1	 1	 1	 1	 2	 1	 2	 0	 1	 1	 1	493.88	  0.06
179	22	19	m	 1	 1	 1	 2	 2	 1	 2	 1	 2	 2	 1	430.46	  0.06
180	22	19	m	 1	 1	 1	 2	 2	 1	 2	 1	 2	 2	 1	691.60	  0.06
181	22	19	m	 1	 1	 1	 1	 1	 2	 2	 1	 1	 1	 1	665.02	  0.08
182	22	19	m	 1	 1	 1	 2	 2	 1	 2	 1	 2	 2	 1	604.11	  0.06
183	22	19	m	 1	 1	 1	 1	 1	 2	 2	 1	 1	 1	 1	616.72	  0.19
184	22	19	m	 1	 1	 1	 2	 1	 2	 2	 0	 2	 2	 1	633.00	  0.06
185	22	19	m	 1	 1	 1	 1	 2	 1	 2	 0	 1	 1	 1	679.17	  0.06
186	22	19	m	 1	 1	 1	 1	 2	 1	 2	 0	 1	 1	 1	432.96	  0.06
187	22	19	m	 1	 1	 1	 2	 1	 2	 2	 0	 2	 2	 1	513.25	  0.06
188	22	19	m	 1	 1	 1	 1	 1	 2	 2	 1	 1	 1	 1	634.76	  0.06
189	22	19	m	 1	 1	 1	 2	 1	 2	 2	 0	 2	 2	 1	539.57	  0.06
190	22	19	m	 1	 1	 1	 1	 1	 2	 2	 1	 1	 1	 1	778.50	  0.06
191	22	19	m	 1	 1	 1	 1	 2	 1	 2	 0	 1	 1	 1	571.24	  0.06
192	22	19	m	 1	 1	 2	 2	 2	 2	 1	 1	 2	 2	 1	491.96	  0.06
193	22	19	m	 1	 1	 2	 1	 2	 2	 1	 0	 1	 1	 1	448.44	  0.07
194	22	19	m	 1	 1	 2	 1	 2	 2	 1	 0	 1	 1	 1	517.87	  0.06
195	22	19	m	 1	 1	 2	 1	 2	 2	 1	 0	 1	 1	 1	550.80	  0.06
196	22	19	m	 1	 1	 2	 2	 1	 1	 1	 0	 2	 2	 1	608.68	  0.06
197	22	19	m	 1	 1	 2	 2	 2	 2	 1	 1	 2	 2	 1	570.37	  0.06
198	22	19	m	 1	 1	 2	 2	 2	 2	 1	 1	 2	 2	 1	560.88	  0.06
199	22	19	m	 1	 1	 2	 2	 1	 1	 1	 0	 2	 2	 1	505.95	  0.08
200	22	19	m	 1	 1	 2	 1	 2	 2	 1	 0	 1	 1	 1	518.93	  0.06
201	22	19	m	 1	 1	 2	 1	 2	 2	 1	 0	 1	 1	 1	444.47	  0.06
202	22	19	m	 1	 1	 2	 2	 1	 1	 1	 0	 2	 2	 1	579.89	  0.06
203	22	19	m	 1	 1	 2	 1	 2	 2	 1	 0	 1	 1	 1	527.78	  0.06
204	22	19	m	 1	 1	 2	 1	 2	 2	 1	 0	 1	 1	 1	569.59	  0.19
205	22	19	m	 1	 1	 2	 1	 2	 2	 1	 0	 1	 1	 1	510.62	  0.09
206	22	19	m	 1	 1	 2	 2	 2	 2	 1	 1	 2	 2	 1	497.31	  0.06
207	22	19	m	 1	 1	 2	 2	 1	 1	 1	 0	 2	 2	 1	1152.17	  0.06
208	22	19	m	 1	 1	 2	 1	 1	 1	 1	 1	 1	 1	 1	1537.86	  0.08
209	22	19	m	 1	 1	 2	 1	 2	 2	 1	 0	 1	 1	 1	505.79	  0.06
210	22	19	m	 1	 1	 2	 1	 2	 2	 1	 0	 1	 1	 1	562.27	  0.06
211	22	19	m	 1	 1	 2	 2	 2	 2	 1	 1	 2	 2	 1	445.76	  0.06
212	22	19	m	 1	 1	 2	 1	 1	 1	 1	 1	 1	 1	 1	632.35	  0.07
213	22	19	m	 1	 1	 2	 1	 2	 2	 1	 0	 1	 1	 1	522.60	  0.06
214	22	19	m	 1	 1	 2	 2	 1	 1	 1	 0	 2	 2	 1	685.02	  0.22
215	22	19	m	 1	 1	 2	 1	 1	 1	 1	 1	 1	 1	 1	514.09	  0.19
216	22	19	m	 1	 1	 2	 1	 1	 1	 1	 1	 1	 1	 1	479.36	  0.06
217	22	19	m	 1	 1	 2	 1	 2	 2	 1	 0	 1	 1	 1	529.69	  0.20
218	22	19	m	 1	 1	 2	 2	 1	 1	 1	 0	 2	 2	 1	851.13	  0.06
219	22	19	m	 1	 1	 2	 2	 2	 2	 1	 1	 2	 2	 1	517.17	  0.20
220	22	19	m	 1	 1	 2	 1	 1	 1	 1	 1	 1	 1	 1	346.40	  0.06
221	22	19	m	 1	 1	 2	 2	 2	 2	 1	 1	 2	 2	 1	344.02	  0.22
222	22	19	m	 1	 1	 2	 2	 2	 2	 1	 1	 2	 2	 1	748.66	  0.06
223	22	19	m	 1	 1	 2	 2	 2	 2	 1	 1	 2	 2	 1	505.99	  0.11
224	22	19	m	 1	 1	 2	 1	 1	 1	 1	 1	 1	 1	 1	706.65	  0.06
225	22	19	m	 1	 1	 2	 1	 1	 1	 1	 1	 1	 1	 1	690.42	  0.06
226	22	19	m	 1	 1	 2	 1	 1	 1	 1	 1	 1	 1	 1	524.61	  0.06
227	22	19	m	 1	 1	 2	 2	 1	 1	 1	 0	 2	 2	 1	505.96	  0.22
228	22	19	m	 1	 1	 2	 1	 2	 2	 1	 0	 1	 1	 1	505.67	  0.06
229	22	19	m	 1	 1	 2	 1	 2	 2	 1	 0	 1	 1	 1	517.70	  0.06
230	22	19	m	 1	 1	 2	 1	 1	 1	 1	 1	 1	 1	 1	533.67	  0.06
231	22	19	m	 1	 1	 2	 1	 1	 1	 1	 1	 1	 1	 1	445.98	  0.06
232	22	19	m	 1	 1	 2	 2	 1	 1	 1	 0	 2	 2	 1	519.43	  0.06
233	22	19	m	 1	 1	 2	 1	 1	 1	 1	 1	 1	 1	 1	584.11	  0.06
234	22	19	m	 1	 1	 2	 2	 2	 2	 1	 1	 2	 2	 1	555.60	  0.06
235	22	19	m	 1	 1	 2	 2	 2	 2	 1	 1	 2	 2	 1	544.45	  0.06
236	22	19	m	 1	 1	 2	 1	 1	 1	 1	 1	 1	 1	 1	484.70	  0.08
237	22	19	m	 1	 1	 2	 2	 1	 1	 1	 0	 2	 2	 1	926.88	  0.06
238	22	19	m	 1	 1	 2	 2	 2	 2	 1	 1	 2	 2	 1	970.40	  0.06
239	22	19	m	 1	 1	 2	 1	 2	 2	 1	 0	 1	 1	 1	571.64	  0.08
240	22	19	m	 1	 1	 2	 1	 1	 1	 1	 1	 1	 1	 1	579.22	  0.06
241	22	19	m	 1	 1	 2	 2	 2	 2	 1	 1	 2	 2	 1	624.57	  0.07
242	22	19	m	 1	 1	 2	 2	 2	 2	 1	 1	 2	 2	 1	578.64	  0.07
243	22	19	m	 1	 1	 2	 1	 1	 1	 1	 1	 1	 1	 1	465.10	  0.06
244	22	19	m	 1	 1	 2	 2	 1	 1	 1	 0	 2	 2	 1	903.60	  0.06
245	22	19	m	 1	 1	 2	 2	 2	 2	 1	 1	 2	 2	 1	555.49	  0.08
246	22	19	m	 1	 1	 2	 1	 2	 2	 1	 0	 1	 2	 0	1947.90	  0.06
247	22	19	m	 1	 1	 2	 2	 1	 1	 1	 0	 2	 2	 1	1336.79	  0.06
248	22	19	m	 1	 1	 2	 2	 2	 2	 1	 1	 2	 2	 1	627.99	  0.07
249	22	19	m	 1	 1	 2	 1	 1	 1	 1	 1	 1	 1	 1	702.24	  0.06
250	22	19	m	 1	 1	 2	 1	 2	 2	 1	 0	 1	 1	 1	575.71	  0.08
251	22	19	m	 1	 1	 2	 2	 2	 2	 1	 1	 2	 2	 1	494.51	  0.06
252	22	19	m	 1	 1	 2	 1	 2	 2	 1	 0	 1	 1	 1	520.96	  0.06
253	22	19	m	 1	 1	 2	 1	 1	 1	 1	 1	 1	 1	 1	973.51	  0.06
254	22	19	m	 1	 1	 2	 2	 2	 2	 1	 1	 2	 2	 1	461.38	  0.09
255	22	19	m	 1	 1	 2	 1	 2	 2	 1	 0	 1	 1	 1	380.50	  0.06
256	22	19	m	 1	 1	 2	 2	 1	 1	 1	 0	 2	 2	 1	1180.67	  0.08
257	22	19	m	 1	 1	 2	 1	 1	 1	 1	 1	 1	 1	 1	560.64	  0.06
258	22	19	m	 1	 1	 2	 2	 1	 1	 1	 0	 2	 2	 1	491.31	  0.08
259	22	19	m	 1	 1	 2	 2	 1	 1	 1	 0	 2	 2	 1	684.56	  0.06
260	22	19	m	 1	 1	 2	 2	 1	 1	 1	 0	 2	 2	 1	504.20	  0.06
261	22	19	m	 1	 1	 2	 2	 1	 1	 1	 0	 2	 2	 1	478.74	  0.06
262	22	19	m	 1	 1	 2	 1	 2	 2	 1	 0	 1	 1	 1	705.24	  0.18
263	22	19	m	 1	 1	 2	 2	 1	 1	 1	 0	 2	 2	 1	553.95	  0.06
264	22	19	m	 1	 1	 2	 1	 1	 1	 1	 1	 1	 1	 1	550.89	  0.06
265	22	19	m	 1	 1	 2	 2	 2	 2	 1	 1	 2	 2	 1	750.03	  0.08
266	22	19	m	 1	 1	 2	 2	 2	 2	 1	 1	 2	 2	 1	533.00	  0.06
267	22	19	m	 1	 1	 2	 2	 1	 1	 1	 0	 2	 2	 1	585.99	  0.06
268	22	19	m	 1	 1	 2	 1	 2	 2	 1	 0	 1	 1	 1	537.51	  0.06
269	22	19	m	 1	 1	 2	 2	 1	 1	 1	 0	 2	 2	 1	595.63	  0.07
270	22	19	m	 1	 1	 2	 1	 1	 1	 1	 1	 1	 1	 1	753.49	  0.08
271	22	19	m	 1	 1	 2	 2	 1	 1	 1	 0	 2	 2	 1	735.16	  0.06
272	22	19	m	 1	 1	 2	 2	 1	 1	 1	 0	 2	 2	 1	658.49	  0.06
273	22	19	m	 1	 1	 2	 2	 2	 2	 1	 1	 2	 2	 1	713.81	  0.06
274	22	19	m	 1	 1	 2	 2	 1	 1	 1	 0	 2	 2	 1	742.62	  0.06
275	22	19	m	 1	 1	 2	 1	 2	 2	 1	 0	 1	 1	 1	547.35	  0.07
276	22	19	m	 1	 1	 2	 2	 2	 2	 1	 1	 2	 2	 1	665.32	  0.06
277	22	19	m	 1	 1	 2	 1	 2	 2	 1	 0	 1	 1	 1	557.97	  0.08
278	22	19	m	 1	 1	 2	 1	 1	 1	 1	 1	 1	 1	 1	615.91	  0.06
279	22	19	m	 1	 1	 2	 1	 1	 1	 1	 1	 1	 1	 1	564.45	  0.06
280	22	19	m	 1	 1	 2	 1	 1	 1	 1	 1	 1	 1	 1	528.92	  0.09
281	22	19	m	 1	 1	 2	 2	 1	 1	 1	 0	 2	 2	 1	678.60	  0.06
282	22	19	m	 1	 1	 2	 2	 2	 2	 1	 1	 2	 2	 1	672.75	  0.06
283	22	19	m	 1	 1	 2	 2	 2	 2	 1	 1	 2	 2	 1	556.07	  0.06
284	22	19	m	 1	 1	 2	 1	 2	 2	 1	 0	 1	 1	 1	683.97	  0.06
285	22	19	m	 1	 1	 2	 1	 1	 1	 1	 1	 1	 1	 1	743.51	  0.06
286	22	19	m	 1	 1	 2	 2	 1	 1	 1	 0	 2	 2	 1	565.47	  0.19
287	22	19	m	 1	 1	 2	 1	 1	 1	 1	 1	 1	 1	 1	600.79	  0.06
288	22	19	m	 1	 1	 3	 1	 2	 1	 2	 0	 1	 1	 1	509.39	  0.06
289	22	19	m	 1	 1	 3	 2	 2	 1	 2	 1	 2	 2	 1	418.00	  0.06
290	22	19	m	 1	 1	 3	 1	 1	 2	 2	 1	 1	 1	 1	507.64	  0.06
291	22	19	m	 1	 1	 3	 1	 1	 2	 2	 1	 1	 1	 1	601.50	  0.07
292	22	19	m	 1	 1	 3	 1	 2	 1	 2	 0	 1	 1	 1	655.05	  0.06
293	22	19	m	 1	 1	 3	 2	 1	 2	 2	 0	 2	 2	 1	531.74	  0.07
294	22	19	m	 1	 1	 3	 1	 1	 2	 2	 1	 1	 1	 1	579.56	  0.06
295	22	19	m	 1	 1	 3	 1	 2	 1	 2	 0	 1	 1	 1	731.98	  0.06
296	22	19	m	 1	 1	 3	 1	 2	 1	 2	 0	 1	 1	 1	569.98	  0.08
297	22	19	m	 1	 1	 3	 2	 1	 2	 2	 0	 2	 2	 1	547.99	  0.07
298	22	19	m	 1	 1	 3	 2	 1	 2	 2	 0	 2	 2	 1	752.42	  0.19
299	22	19	m	 1	 1	 3	 2	 1	 2	 2	 0	 2	 2	 1	520.00	  0.06
300	22	19	m	 1	 1	 3	 1	 2	 1	 2	 0	 1	 1	 1	514.62	  0.06
301	22	19	m	 1	 1	 3	 2	 2	 1	 2	 1	 2	 2	 1	518.58	  0.06
302	22	19	m	 1	 1	 3	 2	 1	 2	 2	 0	 2	 2	 1	607.18	  0.06
303	22	19	m	 1	 1	 3	 2	 1	 2	 2	 0	 2	 2	 1	558.82	  0.06
304	22	19	m	 1	 1	 3	 2	 2	 1	 2	 1	 2	 2	 1	581.84	  0.06
305	22	19	m	 1	 1	 3	 1	 1	 2	 2	 1	 1	 1	 1	755.74	  0.06
306	22	19	m	 1	 1	 3	 1	 1	 2	 2	 1	 1	 1	 1	621.47	  0.08
307	22	19	m	 1	 1	 3	 1	 2	 1	 2	 0	 1	 1	 1	620.33	  0.06
308	22	19	m	 1	 1	 3	 2	 2	 1	 2	 1	 2	 2	 1	531.77	  0.06
309	22	19	m	 1	 1	 3	 2	 2	 1	 2	 1	 2	 2	 1	913.88	  0.06
310	22	19	m	 1	 1	 3	 1	 2	 1	 2	 0	 1	 1	 1	716.79	  0.06
311	22	19	m	 1	 1	 3	 2	 1	 2	 2	 0	 2	 2	 1	596.99	  0.06
312	22	19	m	 1	 1	 3	 1	 1	 2	 2	 1	 1	 1	 1	548.71	  0.06
313	22	19	m	 1	 1	 3	 2	 2	 1	 2	 1	 2	 2	 1	511.19	  0.18
314	22	19	m	 1	 1	 3	 2	 2	 1	 2	 1	 2	 2	 1	587.68	  0.06
315	22	19	m	 1	 1	 3	 1	 2	 1	 2	 0	 1	 1	 1	545.63	  0.06
316	22	19	m	 1	 1	 3	 1	 2	 1	 2	 0	 1	 1	 1	494.06	  0.06
317	22	19	m	 1	 1	 3	 1	 1	 2	 2	 1	 1	 1	 1	495.22	  0.07
318	22	19	m	 1	 1	 3	 1	 1	 2	 2	 1	 1	 1	 1	464.85	  0.07
319	22	19	m	 1	 1	 3	 2	 1	 2	 2	 0	 2	 2	 1	524.48	  0.06
320	22	19	m	 1	 1	 3	 1	 1	 2	 2	 1	 1	 1	 1	472.95	  0.07
321	22	19	m	 1	 1	 3	 2	 1	 2	 2	 0	 2	 2	 1	548.35	  0.06
322	22	19	m	 1	 1	 3	 1	 2	 1	 2	 0	 1	 1	 1	541.17	  0.08
323	22	19	m	 1	 1	 3	 2	 1	 2	 2	 0	 2	 2	 1	468.53	  0.06
324	22	19	m	 1	 1	 3	 2	 2	 1	 2	 1	 2	 2	 1	595.23	  0.06
325	22	19	m	 1	 1	 3	 2	 2	 1	 2	 1	 2	 2	 1	1099.85	  0.09
326	22	19	m	 1	 1	 3	 2	 1	 2	 2	 0	 2	 2	 1	447.34	  0.06
327	22	19	m	 1	 1	 3	 1	 2	 1	 2	 0	 1	 1	 1	548.67	  0.07
328	22	19	m	 1	 1	 3	 2	 1	 2	 2	 0	 2	 2	 1	782.32	  0.06
329	22	19	m	 1	 1	 3	 1	 1	 2	 2	 1	 1	 1	 1	526.87	  0.06
330	22	19	m	 1	 1	 3	 2	 2	 1	 2	 1	 2	 2	 1	887.72	  0.06
331	22	19	m	 1	 1	 3	 1	 2	 1	 2	 0	 1	 1	 1	595.92	  0.07
332	22	19	m	 1	 1	 3	 1	 2	 1	 2	 0	 1	 1	 1	508.94	  0.06
333	22	19	m	 1	 1	 3	 1	 2	 1	 2	 0	 1	 1	 1	452.16	  0.20
334	22	19	m	 1	 1	 3	 2	 1	 2	 2	 0	 2	 2	 1	501.87	  0.06
335	22	19	m	 1	 1	 3	 2	 1	 2	 2	 0	 2	 1	 0	358.88	  0.06
336	22	19	m	 1	 1	 3	 1	 2	 1	 2	 0	 1	 1	 1	443.80	  0.06
337	22	19	m	 1	 1	 3	 2	 2	 1	 2	 1	 2	 2	 1	453.35	  0.06
338	22	19	m	 1	 1	 3	 1	 1	 2	 2	 1	 1	 1	 1	534.77	  0.06
339	22	19	m	 1	 1	 3	 2	 1	 2	 2	 0	 2	 2	 1	678.48	  0.10
340	22	19	m	 1	 1	 3	 1	 1	 2	 2	 1	 1	 1	 1	534.22	  0.06
341	22	19	m	 1	 1	 3	 2	 1	 2	 2	 0	 2	 2	 1	556.53	  0.06
342	22	19	m	 1	 1	 3	 1	 2	 1	 2	 0	 1	 1	 1	442.08	  0.06
343	22	19	m	 1	 1	 3	 1	 1	 2	 2	 1	 1	 1	 1	569.97	  0.06
344	22	19	m	 1	 1	 3	 2	 2	 1	 2	 1	 2	 2	 1	627.59	  0.06
345	22	19	m	 1	 1	 3	 2	 1	 2	 2	 0	 2	 2	 1	960.75	  0.06
346	22	19	m	 1	 1	 3	 1	 1	 2	 2	 1	 1	 1	 1	452.90	  0.06
347	22	19	m	 1	 1	 3	 2	 2	 1	 2	 1	 2	 2	 1	1229.45	  0.06
348	22	19	m	 1	 1	 3	 1	 2	 1	 2	 0	 1	 1	 1	602.35	  0.06
349	22	19	m	 1	 1	 3	 2	 2	 1	 2	 1	 2	 2	 1	618.76	  0.20
350	22	19	m	 1	 1	 3	 2	 2	 1	 2	 1	 2	 2	 1	707.47	  0.07
351	22	19	m	 1	 1	 3	 2	 2	 1	 2	 1	 2	 2	 1	492.88	  0.06
352	22	19	m	 1	 1	 3	 1	 1	 2	 2	 1	 1	 1	 1	401.44	  0.06
353	22	19	m	 1	 1	 3	 1	 2	 1	 2	 0	 1	 1	 1	544.28	  0.07
354	22	19	m	 1	 1	 3	 2	 2	 1	 2	 1	 2	 2	 1	570.12	  0.06
355	22	19	m	 1	 1	 3	 1	 1	 2	 2	 1	 1	 1	 1	536.79	  0.06
356	22	19	m	 1	 1	 3	 2	 2	 1	 2	 1	 2	 2	 1	607.71	  0.06
357	22	19	m	 1	 1	 3	 2	 1	 2	 2	 0	 2	 2	 1	585.76	  0.16
358	22	19	m	 1	 1	 3	 1	 1	 2	 2	 1	 1	 1	 1	493.33	  0.06
359	22	19	m	 1	 1	 3	 1	 2	 1	 2	 0	 1	 1	 1	493.81	  0.07
360	22	19	m	 1	 1	 3	 1	 1	 2	 2	 1	 1	 1	 1	575.64	  0.07
361	22	19	m	 1	 1	 3	 2	 1	 2	 2	 0	 2	 2	 1	453.47	  0.08
362	22	19	m	 1	 1	 3	 1	 1	 2	 2	 1	 1	 1	 1	452.30	  0.06
363	22	19	m	 1	 1	 3	 1	 1	 2	 2	 1	 1	 1	 1	476.67	  0.06
364	22	19	m	 1	 1	 3	 2	 2	 1	 2	 1	 2	 2	 1	447.74	  0.10
365	22	19	m	 1	 1	 3	 1	 2	 1	 2	 0	 1	 1	 1	804.41	  0.06
366	22	19	m	 1	 1	 3	 2	 2	 1	 2	 1	 2	 2	 1	546.07	  0.06
367	22	19	m	 1	 1	 3	 2	 2	 1	 2	 1	 2	 2	 1	846.43	  0.06
368	22	19	m	 1	 1	 3	 1	 1	 2	 2	 1	 1	 1	 1	394.46	  0.06
369	22	19	m	 1	 1	 3	 2	 1	 2	 2	 0	 2	 2	 1	527.95	  0.06
370	22	19	m	 1	 1	 3	 2	 1	 2	 2	 0	 2	 2	 1	662.49	  0.07
371	22	19	m	 1	 1	 3	 1	 1	 2	 2	 1	 1	 1	 1	768.29	  0.06
372	22	19	m	 1	 1	 3	 2	 2	 1	 2	 1	 2	 2	 1	452.17	  0.06
373	22	19	m	 1	 1	 3	 1	 1	 2	 2	 1	 1	 1	 1	357.63	  0.06
374	22	19	m	 1	 1	 3	 1	 1	 2	 2	 1	 1	 1	 1	468.74	  0.06
375	22	19	m	 1	 1	 3	 1	 2	 1	 2	 0	 1	 1	 1	409.57	  0.06
376	22	19	m	 1	 1	 3	 2	 1	 2	 2	 0	 2	 2	 1	531.12	  0.09
377	22	19	m	 1	 1	 3	 2	 1	 2	 2	 0	 2	 2	 1	611.30	  0.08
378	22	19	m	 1	 1	 3	 2	 2	 1	 2	 1	 2	 2	 1	491.23	  0.06
379	22	19	m	 1	 1	 3	 2	 2	 1	 2	 1	 2	 2	 1	861.74	  0.06
380	22	19	m	 1	 1	 3	 1	 2	 1	 2	 0	 1	 1	 1	587.24	  0.06
381	22	19	m	 1	 1	 3	 1	 2	 1	 2	 0	 1	 1	 1	588.34	  0.07
382	22	19	m	 1	 1	 3	 2	 1	 2	 2	 0	 2	 2	 1	596.39	  0.06
383	22	19	m	 1	 1	 3	 1	 2	 1	 2	 0	 1	 1	 1	1168.09	  0.07
