00	21	18	v	 1	 2	 0	 0	 1	 2	 2	 1	 0	 1	 1	 1	 2	 0	671.28	  0.00
01	21	18	v	 1	 2	 0	 2	 2	 2	 2	 0	 0	 1	 1	 2	 2	 1	761.48	  0.00
02	21	18	v	 1	 2	 0	 0	 1	 1	 1	 1	 0	 1	 1	 1	 1	 1	560.34	  0.00
03	21	18	v	 1	 2	 0	 1	 1	 3	 2	 1	 0	 1	 1	 1	 1	 1	509.61	  0.00
04	21	18	v	 1	 2	 0	 0	 1	 2	 2	 0	 0	 1	 1	 1	 1	 1	458.61	  0.00
05	21	18	v	 1	 2	 0	 2	 2	 3	 2	 0	 0	 1	 1	 2	 2	 1	417.15	  0.00
06	21	18	v	 1	 2	 0	 3	 2	 3	 2	 0	 0	 1	 1	 2	 2	 1	578.71	  0.00
07	21	18	v	 1	 2	 0	 3	 2	 2	 2	 1	 0	 1	 1	 2	 2	 1	429.60	  0.00
08	21	18	v	 1	 2	 0	 2	 2	 1	 1	 1	 0	 1	 1	 2	 2	 1	400.35	  0.00
09	21	18	v	 1	 2	 0	 3	 2	 0	 1	 1	 0	 1	 1	 2	 2	 1	430.98	  0.00
10	21	18	v	 1	 2	 0	 0	 1	 3	 2	 1	 0	 1	 1	 1	 1	 1	564.98	  0.00
11	21	18	v	 1	 2	 0	 1	 1	 3	 2	 0	 0	 1	 1	 1	 1	 1	385.90	  0.00
12	21	18	v	 1	 2	 0	 3	 2	 2	 2	 0	 0	 1	 1	 2	 2	 1	529.88	  0.00
13	21	18	v	 1	 2	 0	 3	 2	 1	 1	 0	 0	 1	 1	 2	 2	 1	519.39	  0.00
14	21	18	v	 1	 2	 0	 3	 2	 2	 2	 1	 0	 1	 1	 2	 2	 1	451.86	  0.00
15	21	18	v	 1	 2	 0	 1	 1	 0	 1	 0	 0	 1	 1	 1	 1	 1	319.14	  0.00
16	21	18	v	 1	 2	 0	 3	 2	 3	 2	 0	 0	 1	 1	 2	 2	 1	545.76	  0.00
17	21	18	v	 1	 2	 0	 1	 1	 0	 1	 1	 0	 1	 1	 1	 1	 1	339.59	  0.00
18	21	18	v	 1	 2	 0	 0	 1	 1	 1	 0	 0	 1	 1	 1	 1	 1	345.77	  0.00
19	21	18	v	 1	 2	 0	 2	 2	 0	 1	 1	 0	 1	 1	 2	 2	 1	694.67	  0.00
20	21	18	v	 1	 2	 0	 1	 1	 3	 2	 1	 0	 1	 1	 1	 1	 1	528.04	  0.00
21	21	18	v	 1	 2	 0	 2	 2	 2	 2	 0	 0	 1	 1	 2	 2	 1	721.15	  0.00
22	21	18	v	 1	 2	 0	 3	 2	 0	 1	 1	 0	 1	 1	 2	 2	 1	588.16	  0.00
23	21	18	v	 1	 2	 0	 1	 1	 2	 2	 0	 0	 1	 1	 1	 2	 0	953.29	  0.00
24	21	18	v	 1	 2	 0	 2	 2	 1	 1	 1	 0	 1	 1	 2	 2	 1	542.64	  0.00
25	21	18	v	 1	 2	 0	 0	 1	 1	 1	 0	 0	 1	 1	 1	 1	 1	426.23	  0.00
26	21	18	v	 1	 2	 0	 0	 1	 0	 1	 1	 0	 1	 1	 1	 1	 1	912.77	  0.00
27	21	18	v	 1	 2	 0	 3	 2	 3	 2	 1	 0	 1	 1	 2	 2	 1	502.00	  0.00
28	21	18	v	 1	 2	 0	 1	 1	 3	 2	 0	 0	 1	 1	 1	 1	 1	564.97	  0.00
29	21	18	v	 1	 2	 0	 2	 2	 0	 1	 1	 0	 1	 1	 2	 2	 1	489.43	  0.00
30	21	18	v	 1	 2	 0	 2	 2	 0	 1	 0	 0	 1	 1	 2	 2	 1	405.65	  0.00
31	21	18	v	 1	 2	 0	 2	 2	 0	 1	 0	 0	 1	 1	 2	 2	 1	468.87	  0.00
32	21	18	v	 1	 2	 0	 2	 2	 2	 2	 1	 0	 1	 1	 2	 2	 1	360.63	  0.00
33	21	18	v	 1	 2	 0	 0	 1	 3	 2	 0	 0	 1	 1	 1	 1	 1	480.06	  0.00
34	21	18	v	 1	 2	 0	 3	 2	 0	 1	 0	 0	 1	 1	 2	 1	 0	1138.42	  0.00
35	21	18	v	 1	 2	 0	 1	 1	 1	 1	 1	 0	 1	 1	 1	 1	 1	1315.12	  0.00
36	21	18	v	 1	 2	 0	 1	 1	 2	 2	 1	 0	 1	 1	 1	 1	 1	495.98	  0.00
37	21	18	v	 1	 2	 0	 0	 1	 0	 1	 0	 0	 1	 1	 1	 1	 1	501.97	  0.00
38	21	18	v	 1	 2	 0	 3	 2	 3	 2	 1	 0	 1	 1	 2	 2	 1	401.69	  0.00
39	21	18	v	 1	 2	 0	 2	 2	 2	 2	 1	 0	 1	 1	 2	 2	 1	538.55	  0.00
40	21	18	v	 1	 2	 0	 1	 1	 0	 1	 1	 0	 1	 1	 1	 1	 1	608.75	  0.00
41	21	18	v	 1	 2	 0	 2	 2	 3	 2	 1	 0	 1	 1	 2	 1	 0	345.31	  0.00
42	21	18	v	 1	 2	 0	 1	 1	 2	 2	 1	 0	 1	 1	 1	 0	 0	2000.19	  0.00
43	21	18	v	 1	 2	 0	 3	 2	 1	 1	 1	 0	 1	 1	 2	 2	 1	836.82	  0.00
44	21	18	v	 1	 2	 0	 3	 2	 1	 1	 0	 0	 1	 1	 2	 2	 1	833.95	  0.00
45	21	18	v	 1	 2	 0	 0	 1	 2	 2	 1	 0	 1	 1	 1	 1	 1	448.02	  0.00
46	21	18	v	 1	 2	 0	 2	 2	 1	 1	 0	 0	 1	 1	 2	 2	 1	542.79	  0.00
47	21	18	v	 1	 2	 0	 2	 2	 3	 2	 0	 0	 1	 1	 2	 2	 1	769.03	  0.00
48	21	18	v	 1	 2	 0	 0	 1	 0	 1	 1	 0	 1	 1	 1	 1	 1	554.28	  0.00
49	21	18	v	 1	 2	 0	 1	 1	 0	 1	 0	 0	 1	 1	 1	 1	 1	511.25	  0.00
50	21	18	v	 1	 2	 0	 3	 2	 1	 1	 1	 0	 1	 1	 2	 2	 1	549.92	  0.00
51	21	18	v	 1	 2	 0	 0	 1	 3	 2	 0	 0	 1	 1	 1	 1	 1	506.93	  0.00
52	21	18	v	 1	 2	 0	 1	 1	 1	 1	 1	 0	 1	 1	 1	 1	 1	365.07	  0.00
53	21	18	v	 1	 2	 0	 0	 1	 1	 1	 1	 0	 1	 1	 1	 1	 1	436.31	  0.00
54	21	18	v	 1	 2	 0	 1	 1	 1	 1	 0	 0	 1	 1	 1	 1	 1	377.18	  0.00
55	21	18	v	 1	 2	 0	 2	 2	 1	 1	 0	 0	 1	 1	 2	 2	 1	530.10	  0.00
56	21	18	v	 1	 2	 0	 1	 1	 2	 2	 0	 0	 1	 1	 1	 1	 1	544.37	  0.00
57	21	18	v	 1	 2	 0	 3	 2	 0	 1	 0	 0	 1	 1	 2	 2	 1	713.48	  0.00
58	21	18	v	 1	 2	 0	 1	 1	 1	 1	 0	 0	 1	 1	 1	 1	 1	939.33	  0.00
59	21	18	v	 1	 2	 0	 0	 1	 0	 1	 0	 0	 1	 1	 1	 1	 1	543.98	  0.00
60	21	18	v	 1	 2	 0	 3	 2	 2	 2	 0	 0	 1	 1	 2	 2	 1	492.83	  0.00
61	21	18	v	 1	 2	 0	 0	 1	 2	 2	 0	 0	 1	 1	 1	 1	 1	482.48	  0.00
62	21	18	v	 1	 2	 0	 2	 2	 3	 2	 1	 0	 1	 1	 2	 2	 1	463.17	  0.00
63	21	18	v	 1	 2	 0	 0	 1	 3	 2	 1	 0	 1	 1	 1	 1	 1	445.33	  0.00
64	21	18	v	 1	 2	 1	 1	 1	 1	 1	 1	 0	 1	 1	 1	 1	 1	575.29	  0.00
65	21	18	v	 1	 2	 1	 0	 1	 1	 1	 0	 0	 1	 1	 1	 1	 1	434.81	  0.00
66	21	18	v	 1	 2	 1	 3	 2	 0	 1	 1	 0	 1	 1	 2	 2	 1	473.99	  0.00
67	21	18	v	 1	 2	 1	 2	 2	 2	 2	 1	 0	 1	 1	 2	 2	 1	488.24	  0.00
68	21	18	v	 1	 2	 1	 2	 2	 3	 2	 0	 0	 1	 1	 2	 2	 1	379.95	  0.00
69	21	18	v	 1	 2	 1	 2	 2	 0	 1	 0	 0	 1	 1	 2	 2	 1	468.12	  0.00
70	21	18	v	 1	 2	 1	 1	 1	 2	 2	 1	 0	 1	 1	 1	 1	 1	376.55	  0.00
71	21	18	v	 1	 2	 1	 1	 1	 0	 1	 0	 0	 1	 1	 1	 1	 1	366.85	  0.00
72	21	18	v	 1	 2	 1	 1	 1	 1	 1	 1	 0	 1	 1	 1	 1	 1	405.56	  0.00
73	21	18	v	 1	 2	 1	 2	 2	 1	 1	 0	 0	 1	 1	 2	 2	 1	412.74	  0.00
74	21	18	v	 1	 2	 1	 1	 1	 3	 2	 1	 0	 1	 1	 1	 1	 1	468.45	  0.00
75	21	18	v	 1	 2	 1	 2	 2	 0	 1	 1	 0	 1	 1	 2	 2	 1	442.31	  0.00
76	21	18	v	 1	 2	 1	 0	 1	 0	 1	 0	 0	 1	 1	 1	 1	 1	432.46	  0.00
77	21	18	v	 1	 2	 1	 0	 1	 3	 2	 1	 0	 1	 1	 1	 1	 1	357.54	  0.00
78	21	18	v	 1	 2	 1	 1	 1	 3	 2	 0	 0	 1	 1	 1	 1	 1	518.29	  0.00
79	21	18	v	 1	 2	 1	 3	 2	 1	 1	 1	 0	 1	 1	 2	 2	 1	476.64	  0.00
80	21	18	v	 1	 2	 1	 3	 2	 3	 2	 1	 0	 1	 1	 2	 2	 1	710.59	  0.00
81	21	18	v	 1	 2	 1	 1	 1	 2	 2	 1	 0	 1	 1	 1	 1	 1	480.08	  0.00
82	21	18	v	 1	 2	 1	 3	 2	 2	 2	 0	 0	 1	 1	 2	 1	 0	437.52	  0.00
83	21	18	v	 1	 2	 1	 0	 1	 3	 2	 1	 0	 1	 1	 1	 1	 1	509.19	  0.00
84	21	18	v	 1	 2	 1	 3	 2	 3	 2	 1	 0	 1	 1	 2	 2	 1	442.43	  0.00
85	21	18	v	 1	 2	 1	 2	 2	 3	 2	 1	 0	 1	 1	 2	 2	 1	342.87	  0.00
86	21	18	v	 1	 2	 1	 0	 1	 2	 2	 0	 0	 1	 1	 1	 1	 1	455.61	  0.00
87	21	18	v	 1	 2	 1	 3	 2	 2	 2	 1	 0	 1	 1	 2	 2	 1	494.75	  0.00
88	21	18	v	 1	 2	 1	 2	 2	 2	 2	 0	 0	 1	 1	 2	 2	 1	419.41	  0.00
89	21	18	v	 1	 2	 1	 1	 1	 1	 1	 0	 0	 1	 1	 1	 1	 1	523.13	  0.00
90	21	18	v	 1	 2	 1	 3	 2	 3	 2	 0	 0	 1	 1	 2	 2	 1	529.50	  0.00
91	21	18	v	 1	 2	 1	 3	 2	 1	 1	 0	 0	 1	 1	 2	 2	 1	552.28	  0.00
92	21	18	v	 1	 2	 1	 2	 2	 0	 1	 1	 0	 1	 1	 2	 2	 1	501.56	  0.00
93	21	18	v	 1	 2	 1	 0	 1	 1	 1	 0	 0	 1	 1	 1	 1	 1	499.85	  0.00
94	21	18	v	 1	 2	 1	 2	 2	 0	 1	 0	 0	 1	 1	 2	 2	 1	465.51	  0.00
95	21	18	v	 1	 2	 1	 2	 2	 3	 2	 1	 0	 1	 1	 2	 2	 1	455.70	  0.00
96	21	18	v	 1	 2	 1	 2	 2	 3	 2	 0	 0	 1	 1	 2	 2	 1	405.14	  0.00
97	21	18	v	 1	 2	 1	 3	 2	 2	 2	 1	 0	 1	 1	 2	 2	 1	410.71	  0.00
98	21	18	v	 1	 2	 1	 1	 1	 3	 2	 1	 0	 1	 1	 1	 1	 1	466.17	  0.00
99	21	18	v	 1	 2	 1	 3	 2	 2	 2	 0	 0	 1	 1	 2	 2	 1	603.30	  0.00
100	21	18	v	 1	 2	 1	 1	 1	 0	 1	 1	 0	 1	 1	 1	 1	 1	454.36	  0.00
101	21	18	v	 1	 2	 1	 3	 2	 0	 1	 0	 0	 1	 1	 2	 2	 1	477.37	  0.00
102	21	18	v	 1	 2	 1	 0	 1	 3	 2	 0	 0	 1	 1	 1	 1	 1	353.33	  0.00
103	21	18	v	 1	 2	 1	 3	 2	 1	 1	 0	 0	 1	 1	 2	 2	 1	456.79	  0.00
104	21	18	v	 1	 2	 1	 1	 1	 1	 1	 0	 0	 1	 1	 1	 1	 1	497.09	  0.00
105	21	18	v	 1	 2	 1	 3	 2	 0	 1	 1	 0	 1	 1	 2	 2	 1	397.45	  0.00
106	21	18	v	 1	 2	 1	 0	 1	 0	 1	 1	 0	 1	 1	 1	 1	 1	379.57	  0.00
107	21	18	v	 1	 2	 1	 0	 1	 1	 1	 1	 0	 1	 1	 1	 1	 1	515.72	  0.00
108	21	18	v	 1	 2	 1	 0	 1	 1	 1	 1	 0	 1	 1	 1	 1	 1	367.00	  0.00
109	21	18	v	 1	 2	 1	 0	 1	 0	 1	 1	 0	 1	 1	 1	 1	 1	308.29	  0.00
110	21	18	v	 1	 2	 1	 3	 2	 0	 1	 0	 0	 1	 1	 2	 1	 0	290.79	  0.00
111	21	18	v	 1	 2	 1	 2	 2	 2	 2	 0	 0	 1	 1	 2	 2	 1	705.53	  0.00
112	21	18	v	 1	 2	 1	 0	 1	 0	 1	 0	 0	 1	 1	 1	 1	 1	466.93	  0.00
113	21	18	v	 1	 2	 1	 1	 1	 3	 2	 0	 0	 1	 1	 1	 1	 1	457.04	  0.00
114	21	18	v	 1	 2	 1	 3	 2	 1	 1	 1	 0	 1	 1	 2	 2	 1	455.52	  0.00
115	21	18	v	 1	 2	 1	 2	 2	 1	 1	 0	 0	 1	 1	 2	 2	 1	486.48	  0.00
116	21	18	v	 1	 2	 1	 2	 2	 1	 1	 1	 0	 1	 1	 2	 1	 0	304.14	  0.00
117	21	18	v	 1	 2	 1	 1	 1	 2	 2	 0	 0	 1	 1	 1	 1	 1	515.03	  0.00
118	21	18	v	 1	 2	 1	 1	 1	 0	 1	 1	 0	 1	 1	 1	 1	 1	325.69	  0.00
119	21	18	v	 1	 2	 1	 0	 1	 2	 2	 1	 0	 1	 1	 1	 1	 1	364.88	  0.00
120	21	18	v	 1	 2	 1	 3	 2	 3	 2	 0	 0	 1	 1	 2	 2	 1	371.61	  0.00
121	21	18	v	 1	 2	 1	 0	 1	 3	 2	 0	 0	 1	 1	 1	 1	 1	451.73	  0.00
122	21	18	v	 1	 2	 1	 2	 2	 1	 1	 1	 0	 1	 1	 2	 2	 1	515.11	  0.00
123	21	18	v	 1	 2	 1	 1	 1	 0	 1	 0	 0	 1	 1	 1	 1	 1	471.90	  0.00
124	21	18	v	 1	 2	 1	 2	 2	 2	 2	 1	 0	 1	 1	 2	 2	 1	797.60	  0.00
125	21	18	v	 1	 2	 1	 0	 1	 2	 2	 0	 0	 1	 1	 1	 1	 1	542.51	  0.00
126	21	18	v	 1	 2	 1	 0	 1	 2	 2	 1	 0	 1	 1	 1	 1	 1	409.34	  0.00
127	21	18	v	 1	 2	 1	 1	 1	 2	 2	 0	 0	 1	 1	 1	 1	 1	415.74	  0.00
128	21	18	v	 1	 2	 2	 2	 2	 0	 1	 0	 0	 1	 1	 2	 2	 1	1077.19	  0.00
129	21	18	v	 1	 2	 2	 3	 2	 2	 2	 0	 0	 1	 1	 1	 1	 1	657.94	  0.00
130	21	18	v	 1	 2	 2	 1	 1	 2	 2	 0	 0	 1	 1	 1	 1	 1	508.72	  0.00
131	21	18	v	 1	 2	 2	 3	 2	 0	 1	 0	 0	 1	 1	 2	 2	 1	521.86	  0.00
132	21	18	v	 1	 2	 2	 0	 1	 3	 2	 1	 0	 1	 1	 1	 1	 1	837.89	  0.00
133	21	18	v	 1	 2	 2	 2	 2	 1	 1	 0	 0	 1	 1	 2	 2	 1	721.04	  0.00
134	21	18	v	 1	 2	 2	 3	 2	 3	 2	 0	 0	 1	 1	 1	 1	 1	669.59	  0.00
135	21	18	v	 1	 2	 2	 1	 1	 3	 2	 0	 0	 1	 1	 1	 1	 1	577.43	  0.00
136	21	18	v	 1	 2	 2	 3	 2	 3	 2	 1	 0	 1	 1	 1	 1	 1	428.25	  0.00
137	21	18	v	 1	 2	 2	 0	 1	 3	 2	 0	 0	 1	 1	 1	 1	 1	385.42	  0.00
138	21	18	v	 1	 2	 2	 1	 1	 2	 2	 0	 0	 1	 1	 1	 2	 0	553.77	  0.00
139	21	18	v	 1	 2	 2	 2	 2	 0	 1	 0	 0	 1	 1	 2	 2	 1	673.98	  0.00
140	21	18	v	 1	 2	 2	 2	 2	 3	 2	 0	 0	 1	 1	 1	 1	 1	606.29	  0.00
141	21	18	v	 1	 2	 2	 3	 2	 3	 2	 1	 0	 1	 1	 1	 1	 1	367.30	  0.00
142	21	18	v	 1	 2	 2	 0	 1	 1	 1	 1	 0	 1	 1	 2	 2	 1	593.74	  0.00
143	21	18	v	 1	 2	 2	 2	 2	 3	 2	 1	 0	 1	 1	 1	 1	 1	616.00	  0.00
144	21	18	v	 1	 2	 2	 3	 2	 1	 1	 0	 0	 1	 1	 2	 2	 1	645.44	  0.00
145	21	18	v	 1	 2	 2	 2	 2	 2	 2	 0	 0	 1	 1	 1	 1	 1	512.32	  0.00
146	21	18	v	 1	 2	 2	 1	 1	 0	 1	 1	 0	 1	 1	 2	 2	 1	681.51	  0.00
147	21	18	v	 1	 2	 2	 2	 2	 1	 1	 1	 0	 1	 1	 2	 1	 0	515.80	  0.00
148	21	18	v	 1	 2	 2	 3	 2	 1	 1	 1	 0	 1	 1	 2	 2	 1	693.20	  0.00
149	21	18	v	 1	 2	 2	 2	 2	 3	 2	 0	 0	 1	 1	 1	 1	 1	511.19	  0.00
150	21	18	v	 1	 2	 2	 3	 2	 2	 2	 1	 0	 1	 1	 1	 2	 0	509.06	  0.00
151	21	18	v	 1	 2	 2	 2	 2	 2	 2	 0	 0	 1	 1	 1	 1	 1	709.90	  0.00
152	21	18	v	 1	 2	 2	 1	 1	 2	 2	 1	 0	 1	 1	 1	 1	 1	372.89	  0.00
153	21	18	v	 1	 2	 2	 1	 1	 1	 1	 1	 0	 1	 1	 2	 2	 1	583.05	  0.00
154	21	18	v	 1	 2	 2	 1	 1	 2	 2	 1	 0	 1	 1	 1	 1	 1	613.38	  0.00
155	21	18	v	 1	 2	 2	 1	 1	 3	 2	 1	 0	 1	 1	 1	 1	 1	643.76	  0.00
156	21	18	v	 1	 2	 2	 2	 2	 3	 2	 1	 0	 1	 1	 1	 1	 1	429.10	  0.00
157	21	18	v	 1	 2	 2	 2	 2	 0	 1	 1	 0	 1	 1	 2	 2	 1	492.35	  0.00
158	21	18	v	 1	 2	 2	 0	 1	 2	 2	 0	 0	 1	 1	 1	 1	 1	603.57	  0.00
159	21	18	v	 1	 2	 2	 0	 1	 0	 1	 1	 0	 1	 1	 2	 2	 1	519.50	  0.00
160	21	18	v	 1	 2	 2	 0	 1	 2	 2	 1	 0	 1	 1	 1	 1	 1	533.55	  0.00
161	21	18	v	 1	 2	 2	 0	 1	 1	 1	 1	 0	 1	 1	 2	 2	 1	563.99	  0.00
162	21	18	v	 1	 2	 2	 0	 1	 0	 1	 0	 0	 1	 1	 2	 2	 1	773.91	  0.00
163	21	18	v	 1	 2	 2	 0	 1	 1	 1	 0	 0	 1	 1	 2	 1	 0	542.82	  0.00
164	21	18	v	 1	 2	 2	 0	 1	 2	 2	 0	 0	 1	 1	 1	 1	 1	556.85	  0.00
165	21	18	v	 1	 2	 2	 3	 2	 0	 1	 1	 0	 1	 1	 2	 2	 1	684.28	  0.00
166	21	18	v	 1	 2	 2	 3	 2	 1	 1	 1	 0	 1	 1	 2	 2	 1	1114.27	  0.00
167	21	18	v	 1	 2	 2	 1	 1	 3	 2	 0	 0	 1	 1	 1	 2	 0	605.28	  0.00
168	21	18	v	 1	 2	 2	 0	 1	 0	 1	 0	 0	 1	 1	 2	 2	 1	619.26	  0.00
169	21	18	v	 1	 2	 2	 0	 1	 1	 1	 0	 0	 1	 1	 2	 2	 1	437.43	  0.00
170	21	18	v	 1	 2	 2	 1	 1	 0	 1	 1	 0	 1	 1	 2	 2	 1	533.24	  0.00
171	21	18	v	 1	 2	 2	 1	 1	 1	 1	 0	 0	 1	 1	 2	 2	 1	1264.47	  0.00
172	21	18	v	 1	 2	 2	 3	 2	 3	 2	 0	 0	 1	 1	 1	 1	 1	526.70	  0.00
173	21	18	v	 1	 2	 2	 3	 2	 2	 2	 0	 0	 1	 1	 1	 1	 1	589.78	  0.00
174	21	18	v	 1	 2	 2	 1	 1	 1	 1	 0	 0	 1	 1	 2	 2	 1	734.37	  0.00
175	21	18	v	 1	 2	 2	 0	 1	 2	 2	 1	 0	 1	 1	 1	 1	 1	829.74	  0.00
176	21	18	v	 1	 2	 2	 2	 2	 2	 2	 1	 0	 1	 1	 1	 1	 1	394.66	  0.00
177	21	18	v	 1	 2	 2	 0	 1	 0	 1	 1	 0	 1	 1	 2	 2	 1	531.33	  0.00
178	21	18	v	 1	 2	 2	 3	 2	 1	 1	 0	 0	 1	 1	 2	 2	 1	545.43	  0.00
179	21	18	v	 1	 2	 2	 2	 2	 1	 1	 0	 0	 1	 1	 2	 2	 1	436.06	  0.00
180	21	18	v	 1	 2	 2	 2	 2	 0	 1	 1	 0	 1	 1	 2	 2	 1	580.85	  0.00
181	21	18	v	 1	 2	 2	 2	 2	 1	 1	 1	 0	 1	 1	 2	 2	 1	512.54	  0.00
182	21	18	v	 1	 2	 2	 1	 1	 1	 1	 1	 0	 1	 1	 2	 2	 1	633.57	  0.00
183	21	18	v	 1	 2	 2	 3	 2	 0	 1	 1	 0	 1	 1	 2	 2	 1	525.14	  0.00
184	21	18	v	 1	 2	 2	 3	 2	 2	 2	 1	 0	 1	 1	 1	 1	 1	408.78	  0.00
185	21	18	v	 1	 2	 2	 1	 1	 3	 2	 1	 0	 1	 1	 1	 1	 1	593.27	  0.00
186	21	18	v	 1	 2	 2	 2	 2	 2	 2	 1	 0	 1	 1	 1	 1	 1	550.20	  0.00
187	21	18	v	 1	 2	 2	 0	 1	 3	 2	 1	 0	 1	 1	 1	 1	 1	425.59	  0.00
188	21	18	v	 1	 2	 2	 1	 1	 0	 1	 0	 0	 1	 1	 2	 2	 1	439.85	  0.00
189	21	18	v	 1	 2	 2	 0	 1	 3	 2	 0	 0	 1	 1	 1	 1	 1	568.32	  0.00
190	21	18	v	 1	 2	 2	 1	 1	 0	 1	 0	 0	 1	 1	 2	 2	 1	566.01	  0.00
191	21	18	v	 1	 2	 2	 3	 2	 0	 1	 0	 0	 1	 1	 2	 2	 1	433.18	  0.00
192	21	18	v	 1	 2	 3	 1	 1	 2	 2	 1	 0	 1	 1	 1	 1	 1	749.68	  0.00
193	21	18	v	 1	 2	 3	 0	 1	 3	 2	 1	 0	 1	 1	 1	 1	 1	413.06	  0.00
194	21	18	v	 1	 2	 3	 3	 2	 0	 1	 1	 0	 1	 1	 2	 1	 0	330.04	  0.00
195	21	18	v	 1	 2	 3	 2	 2	 1	 1	 0	 0	 1	 1	 2	 2	 1	605.88	  0.00
196	21	18	v	 1	 2	 3	 1	 1	 3	 2	 0	 0	 1	 1	 1	 2	 0	400.05	  0.00
197	21	18	v	 1	 2	 3	 0	 1	 2	 2	 0	 0	 1	 1	 1	 1	 1	773.81	  0.00
198	21	18	v	 1	 2	 3	 1	 1	 1	 1	 0	 0	 1	 1	 2	 2	 1	721.79	  0.00
199	21	18	v	 1	 2	 3	 2	 2	 3	 2	 0	 0	 1	 1	 1	 1	 1	670.74	  0.00
200	21	18	v	 1	 2	 3	 3	 2	 2	 2	 1	 0	 1	 1	 1	 1	 1	685.13	  0.00
201	21	18	v	 1	 2	 3	 3	 2	 3	 2	 0	 0	 1	 1	 1	 1	 1	495.44	  0.00
202	21	18	v	 1	 2	 3	 2	 2	 2	 2	 1	 0	 1	 1	 1	 2	 0	566.69	  0.00
203	21	18	v	 1	 2	 3	 1	 1	 0	 1	 0	 0	 1	 1	 2	 2	 1	1756.70	  0.00
204	21	18	v	 1	 2	 3	 0	 1	 2	 2	 1	 0	 1	 1	 1	 1	 1	676.10	  0.00
205	21	18	v	 1	 2	 3	 0	 1	 1	 1	 0	 0	 1	 1	 2	 2	 1	526.39	  0.00
206	21	18	v	 1	 2	 3	 2	 2	 0	 1	 1	 0	 1	 1	 2	 2	 1	679.60	  0.00
207	21	18	v	 1	 2	 3	 3	 2	 2	 2	 0	 0	 1	 1	 1	 1	 1	538.93	  0.00
208	21	18	v	 1	 2	 3	 3	 2	 0	 1	 0	 0	 1	 1	 2	 1	 0	553.47	  0.00
209	21	18	v	 1	 2	 3	 0	 1	 0	 1	 1	 0	 1	 1	 2	 2	 1	910.73	  0.00
210	21	18	v	 1	 2	 3	 1	 1	 3	 2	 1	 0	 1	 1	 1	 1	 1	573.90	  0.00
211	21	18	v	 1	 2	 3	 3	 2	 1	 1	 0	 0	 1	 1	 2	 2	 1	596.56	  0.00
212	21	18	v	 1	 2	 3	 3	 2	 2	 2	 0	 0	 1	 1	 1	 1	 1	774.25	  0.00
213	21	18	v	 1	 2	 3	 0	 1	 3	 2	 0	 0	 1	 1	 1	 1	 1	453.86	  0.00
214	21	18	v	 1	 2	 3	 0	 1	 3	 2	 0	 0	 1	 1	 1	 1	 1	411.53	  0.00
215	21	18	v	 1	 2	 3	 0	 1	 2	 2	 0	 0	 1	 1	 1	 1	 1	604.70	  0.00
216	21	18	v	 1	 2	 3	 3	 2	 3	 2	 0	 0	 1	 1	 1	 1	 1	439.69	  0.00
217	21	18	v	 1	 2	 3	 1	 1	 0	 1	 1	 0	 1	 1	 2	 2	 1	527.74	  0.00
218	21	18	v	 1	 2	 3	 3	 2	 1	 1	 1	 0	 1	 1	 2	 2	 1	648.45	  0.00
219	21	18	v	 1	 2	 3	 2	 2	 1	 1	 0	 0	 1	 1	 2	 2	 1	442.47	  0.00
220	21	18	v	 1	 2	 3	 3	 2	 3	 2	 1	 0	 1	 1	 1	 1	 1	538.77	  0.00
221	21	18	v	 1	 2	 3	 2	 2	 3	 2	 1	 0	 1	 1	 1	 1	 1	602.28	  0.00
222	21	18	v	 1	 2	 3	 1	 1	 0	 1	 1	 0	 1	 1	 2	 2	 1	633.07	  0.00
223	21	18	v	 1	 2	 3	 2	 2	 1	 1	 1	 0	 1	 1	 2	 2	 1	409.71	  0.00
224	21	18	v	 1	 2	 3	 1	 1	 3	 2	 0	 0	 1	 1	 1	 1	 1	522.55	  0.00
225	21	18	v	 1	 2	 3	 2	 2	 0	 1	 0	 0	 1	 1	 2	 2	 1	692.16	  0.00
226	21	18	v	 1	 2	 3	 3	 2	 3	 2	 1	 0	 1	 1	 1	 1	 1	698.32	  0.00
227	21	18	v	 1	 2	 3	 3	 2	 0	 1	 1	 0	 1	 1	 2	 1	 0	476.01	  0.00
228	21	18	v	 1	 2	 3	 1	 1	 1	 1	 1	 0	 1	 1	 2	 2	 1	768.04	  0.00
229	21	18	v	 1	 2	 3	 2	 2	 3	 2	 0	 0	 1	 1	 1	 1	 1	619.07	  0.00
230	21	18	v	 1	 2	 3	 0	 1	 0	 1	 0	 0	 1	 1	 2	 2	 1	592.66	  0.00
231	21	18	v	 1	 2	 3	 0	 1	 3	 2	 1	 0	 1	 1	 1	 1	 1	630.71	  0.00
232	21	18	v	 1	 2	 3	 1	 1	 0	 1	 0	 0	 1	 1	 2	 2	 1	824.64	  0.00
233	21	18	v	 1	 2	 3	 1	 1	 1	 1	 0	 0	 1	 1	 2	 2	 1	553.18	  0.00
234	21	18	v	 1	 2	 3	 0	 1	 2	 2	 1	 0	 1	 1	 1	 1	 1	567.77	  0.00
235	21	18	v	 1	 2	 3	 3	 2	 2	 2	 1	 0	 1	 1	 1	 1	 1	402.75	  0.00
236	21	18	v	 1	 2	 3	 2	 2	 0	 1	 1	 0	 1	 1	 2	 2	 1	523.56	  0.00
237	21	18	v	 1	 2	 3	 2	 2	 3	 2	 1	 0	 1	 1	 1	 1	 1	497.39	  0.00
238	21	18	v	 1	 2	 3	 0	 1	 1	 1	 1	 0	 1	 1	 2	 2	 1	609.91	  0.00
239	21	18	v	 1	 2	 3	 0	 1	 0	 1	 0	 0	 1	 1	 2	 2	 1	444.80	  0.00
240	21	18	v	 1	 2	 3	 3	 2	 1	 1	 1	 0	 1	 1	 2	 2	 1	557.39	  0.00
241	21	18	v	 1	 2	 3	 3	 2	 0	 1	 0	 0	 1	 1	 2	 2	 1	481.21	  0.00
242	21	18	v	 1	 2	 3	 3	 2	 1	 1	 0	 0	 1	 1	 2	 2	 1	414.23	  0.00
243	21	18	v	 1	 2	 3	 0	 1	 0	 1	 1	 0	 1	 1	 2	 2	 1	445.30	  0.00
244	21	18	v	 1	 2	 3	 1	 1	 2	 2	 0	 0	 1	 1	 1	 1	 1	484.46	  0.00
245	21	18	v	 1	 2	 3	 1	 1	 3	 2	 1	 0	 1	 1	 1	 1	 1	646.00	  0.00
246	21	18	v	 1	 2	 3	 1	 1	 1	 1	 1	 0	 1	 1	 2	 2	 1	684.77	  0.00
247	21	18	v	 1	 2	 3	 2	 2	 0	 1	 0	 0	 1	 1	 2	 2	 1	731.79	  0.00
248	21	18	v	 1	 2	 3	 2	 2	 1	 1	 1	 0	 1	 1	 2	 2	 1	411.52	  0.00
249	21	18	v	 1	 2	 3	 1	 1	 2	 2	 1	 0	 1	 1	 1	 1	 1	523.19	  0.00
250	21	18	v	 1	 2	 3	 2	 2	 2	 2	 0	 0	 1	 1	 1	 1	 1	399.00	  0.00
251	21	18	v	 1	 2	 3	 0	 1	 1	 1	 0	 0	 1	 1	 2	 1	 0	364.79	  0.00
252	21	18	v	 1	 2	 3	 2	 2	 2	 2	 1	 0	 1	 1	 1	 1	 1	575.34	  0.00
253	21	18	v	 1	 2	 3	 2	 2	 2	 2	 0	 0	 1	 1	 1	 1	 1	418.58	  0.00
254	21	18	v	 1	 2	 3	 1	 1	 2	 2	 0	 0	 1	 1	 1	 1	 1	376.22	  0.00
255	21	18	v	 1	 2	 3	 0	 1	 1	 1	 1	 0	 1	 1	 2	 2	 1	546.06	  0.00
256	21	18	v	 1	 2	 4	 3	 2	 1	 1	 0	 0	 1	 1	 2	 2	 1	788.93	  0.00
257	21	18	v	 1	 2	 4	 1	 1	 2	 2	 1	 0	 1	 1	 1	 1	 1	1315.85	  0.00
258	21	18	v	 1	 2	 4	 0	 1	 3	 2	 0	 0	 1	 1	 1	 1	 1	766.66	  0.00
259	21	18	v	 1	 2	 4	 2	 2	 3	 2	 1	 0	 1	 1	 2	 2	 1	502.43	  0.00
260	21	18	v	 1	 2	 4	 1	 1	 2	 2	 0	 0	 1	 1	 1	 1	 1	827.23	  0.00
261	21	18	v	 1	 2	 4	 2	 2	 1	 1	 0	 0	 1	 1	 2	 2	 1	677.66	  0.00
262	21	18	v	 1	 2	 4	 2	 2	 3	 2	 1	 0	 1	 1	 2	 2	 1	698.65	  0.00
263	21	18	v	 1	 2	 4	 3	 2	 0	 1	 0	 0	 1	 1	 2	 2	 1	1014.54	  0.00
264	21	18	v	 1	 2	 4	 1	 1	 1	 1	 1	 0	 1	 1	 1	 1	 1	521.56	  0.00
265	21	18	v	 1	 2	 4	 2	 2	 2	 2	 1	 0	 1	 1	 2	 2	 1	625.83	  0.00
266	21	18	v	 1	 2	 4	 1	 1	 1	 1	 0	 0	 1	 1	 2	 2	 1	729.56	  0.00
267	21	18	v	 1	 2	 4	 2	 2	 0	 1	 0	 0	 1	 1	 2	 2	 1	580.14	  0.00
268	21	18	v	 1	 2	 4	 0	 1	 3	 2	 1	 0	 1	 1	 1	 1	 1	674.48	  0.00
269	21	18	v	 1	 2	 4	 2	 2	 2	 2	 0	 0	 1	 1	 1	 1	 1	566.40	  0.00
270	21	18	v	 1	 2	 4	 3	 2	 3	 2	 0	 0	 1	 1	 1	 1	 1	653.83	  0.00
271	21	18	v	 1	 2	 4	 3	 2	 1	 1	 0	 0	 1	 1	 2	 2	 1	463.72	  0.00
272	21	18	v	 1	 2	 4	 3	 2	 3	 2	 0	 0	 1	 1	 1	 1	 1	486.13	  0.00
273	21	18	v	 1	 2	 4	 3	 2	 0	 1	 1	 0	 1	 1	 2	 2	 1	467.63	  0.00
274	21	18	v	 1	 2	 4	 2	 2	 0	 1	 1	 0	 1	 1	 2	 2	 1	481.81	  0.00
275	21	18	v	 1	 2	 4	 0	 1	 1	 1	 0	 0	 1	 1	 2	 1	 0	552.07	  0.00
276	21	18	v	 1	 2	 4	 2	 2	 3	 2	 0	 0	 1	 1	 1	 1	 1	574.31	  0.00
277	21	18	v	 1	 2	 4	 0	 1	 0	 1	 1	 0	 1	 1	 1	 1	 1	669.99	  0.00
278	21	18	v	 1	 2	 4	 2	 2	 1	 1	 0	 0	 1	 1	 2	 2	 1	536.95	  0.00
279	21	18	v	 1	 2	 4	 2	 2	 2	 2	 0	 0	 1	 1	 1	 1	 1	600.11	  0.00
280	21	18	v	 1	 2	 4	 1	 1	 3	 2	 0	 0	 1	 1	 1	 1	 1	426.34	  0.00
281	21	18	v	 1	 2	 4	 3	 2	 0	 1	 0	 0	 1	 1	 2	 2	 1	424.34	  0.00
282	21	18	v	 1	 2	 4	 1	 1	 0	 1	 1	 0	 1	 1	 1	 1	 1	764.00	  0.00
283	21	18	v	 1	 2	 4	 1	 1	 3	 2	 1	 0	 1	 1	 1	 1	 1	491.92	  0.00
284	21	18	v	 1	 2	 4	 0	 1	 0	 1	 0	 0	 1	 1	 2	 2	 1	702.18	  0.00
285	21	18	v	 1	 2	 4	 2	 2	 1	 1	 1	 0	 1	 1	 2	 2	 1	675.22	  0.00
286	21	18	v	 1	 2	 4	 3	 2	 1	 1	 1	 0	 1	 1	 2	 2	 1	452.44	  0.00
287	21	18	v	 1	 2	 4	 0	 1	 3	 2	 0	 0	 1	 1	 1	 1	 1	515.65	  0.00
288	21	18	v	 1	 2	 4	 1	 1	 2	 2	 0	 0	 1	 1	 1	 1	 1	513.49	  0.00
289	21	18	v	 1	 2	 4	 0	 1	 2	 2	 0	 0	 1	 1	 1	 1	 1	477.68	  0.00
290	21	18	v	 1	 2	 4	 0	 1	 3	 2	 1	 0	 1	 1	 1	 2	 0	614.01	  0.00
291	21	18	v	 1	 2	 4	 0	 1	 2	 2	 1	 0	 1	 1	 1	 1	 1	872.82	  0.00
292	21	18	v	 1	 2	 4	 0	 1	 2	 2	 1	 0	 1	 1	 1	 1	 1	372.55	  0.00
293	21	18	v	 1	 2	 4	 1	 1	 0	 1	 0	 0	 1	 1	 2	 2	 1	729.65	  0.00
294	21	18	v	 1	 2	 4	 3	 2	 3	 2	 1	 0	 1	 1	 2	 2	 1	547.49	  0.00
295	21	18	v	 1	 2	 4	 3	 2	 2	 2	 1	 0	 1	 1	 2	 2	 1	413.86	  0.00
296	21	18	v	 1	 2	 4	 0	 1	 1	 1	 1	 0	 1	 1	 1	 1	 1	599.00	  0.00
297	21	18	v	 1	 2	 4	 3	 2	 2	 2	 1	 0	 1	 1	 2	 2	 1	613.34	  0.00
298	21	18	v	 1	 2	 4	 0	 1	 2	 2	 0	 0	 1	 1	 1	 1	 1	1116.93	  0.00
299	21	18	v	 1	 2	 4	 1	 1	 3	 2	 0	 0	 1	 1	 1	 1	 1	493.76	  0.00
300	21	18	v	 1	 2	 4	 3	 2	 2	 2	 0	 0	 1	 1	 1	 1	 1	540.49	  0.00
301	21	18	v	 1	 2	 4	 2	 2	 0	 1	 0	 0	 1	 1	 2	 2	 1	456.71	  0.00
302	21	18	v	 1	 2	 4	 1	 1	 0	 1	 1	 0	 1	 1	 1	 1	 1	805.51	  0.00
303	21	18	v	 1	 2	 4	 1	 1	 0	 1	 0	 0	 1	 1	 2	 2	 1	679.52	  0.00
304	21	18	v	 1	 2	 4	 0	 1	 0	 1	 1	 0	 1	 1	 1	 1	 1	717.67	  0.00
305	21	18	v	 1	 2	 4	 3	 2	 2	 2	 0	 0	 1	 1	 1	 1	 1	943.85	  0.00
306	21	18	v	 1	 2	 4	 2	 2	 3	 2	 0	 0	 1	 1	 1	 1	 1	541.20	  0.00
307	21	18	v	 1	 2	 4	 1	 1	 2	 2	 1	 0	 1	 1	 1	 2	 0	587.92	  0.00
308	21	18	v	 1	 2	 4	 0	 1	 1	 1	 1	 0	 1	 1	 1	 1	 1	414.30	  0.00
309	21	18	v	 1	 2	 4	 3	 2	 1	 1	 1	 0	 1	 1	 2	 2	 1	596.22	  0.00
310	21	18	v	 1	 2	 4	 2	 2	 1	 1	 1	 0	 1	 1	 2	 2	 1	596.40	  0.00
311	21	18	v	 1	 2	 4	 0	 1	 1	 1	 0	 0	 1	 1	 2	 1	 0	529.00	  0.00
312	21	18	v	 1	 2	 4	 1	 1	 3	 2	 1	 0	 1	 1	 1	 1	 1	730.79	  0.00
313	21	18	v	 1	 2	 4	 2	 2	 0	 1	 1	 0	 1	 1	 2	 2	 1	671.15	  0.00
314	21	18	v	 1	 2	 4	 1	 1	 1	 1	 1	 0	 1	 1	 1	 1	 1	554.49	  0.00
315	21	18	v	 1	 2	 4	 2	 2	 2	 2	 1	 0	 1	 1	 2	 2	 1	1204.89	  0.00
316	21	18	v	 1	 2	 4	 0	 1	 0	 1	 0	 0	 1	 1	 2	 2	 1	825.54	  0.00
317	21	18	v	 1	 2	 4	 1	 1	 1	 1	 0	 0	 1	 1	 2	 1	 0	578.01	  0.00
318	21	18	v	 1	 2	 4	 3	 2	 0	 1	 1	 0	 1	 1	 2	 2	 1	624.81	  0.00
319	21	18	v	 1	 2	 4	 3	 2	 3	 2	 1	 0	 1	 1	 2	 2	 1	516.38	  0.00
320	21	18	v	 1	 2	 5	 0	 1	 2	 2	 1	 0	 1	 1	 1	 1	 1	848.63	  0.00
321	21	18	v	 1	 2	 5	 2	 2	 0	 1	 0	 0	 1	 1	 2	 2	 1	675.03	  0.00
322	21	18	v	 1	 2	 5	 1	 1	 1	 1	 0	 0	 1	 1	 2	 2	 1	420.15	  0.00
323	21	18	v	 1	 2	 5	 0	 1	 0	 1	 0	 0	 1	 1	 2	 2	 1	500.21	  0.00
324	21	18	v	 1	 2	 5	 1	 1	 0	 1	 1	 0	 1	 1	 1	 1	 1	686.12	  0.00
325	21	18	v	 1	 2	 5	 1	 1	 2	 2	 0	 0	 1	 1	 1	 1	 1	602.47	  0.00
326	21	18	v	 1	 2	 5	 1	 1	 3	 2	 1	 0	 1	 1	 1	 1	 1	486.40	  0.00
327	21	18	v	 1	 2	 5	 3	 2	 0	 1	 0	 0	 1	 1	 2	 2	 1	679.59	  0.00
328	21	18	v	 1	 2	 5	 3	 2	 1	 1	 1	 0	 1	 1	 2	 2	 1	489.96	  0.00
329	21	18	v	 1	 2	 5	 2	 2	 0	 1	 0	 0	 1	 1	 2	 2	 1	455.59	  0.00
330	21	18	v	 1	 2	 5	 1	 1	 1	 1	 1	 0	 1	 1	 1	 1	 1	804.61	  0.00
331	21	18	v	 1	 2	 5	 0	 1	 0	 1	 0	 0	 1	 1	 2	 1	 0	468.11	  0.00
332	21	18	v	 1	 2	 5	 0	 1	 3	 2	 1	 0	 1	 1	 1	 1	 1	432.90	  0.00
333	21	18	v	 1	 2	 5	 1	 1	 2	 2	 1	 0	 1	 1	 1	 1	 1	366.85	  0.00
334	21	18	v	 1	 2	 5	 2	 2	 1	 1	 0	 0	 1	 1	 2	 2	 1	512.32	  0.00
335	21	18	v	 1	 2	 5	 0	 1	 1	 1	 1	 0	 1	 1	 1	 1	 1	485.18	  0.00
336	21	18	v	 1	 2	 5	 0	 1	 1	 1	 0	 0	 1	 1	 2	 1	 0	418.22	  0.00
337	21	18	v	 1	 2	 5	 3	 2	 3	 2	 1	 0	 1	 1	 2	 2	 1	1134.48	  0.00
338	21	18	v	 1	 2	 5	 1	 1	 3	 2	 1	 0	 1	 1	 1	 1	 1	585.29	  0.00
339	21	18	v	 1	 2	 5	 0	 1	 0	 1	 1	 0	 1	 1	 1	 1	 1	550.84	  0.00
340	21	18	v	 1	 2	 5	 1	 1	 0	 1	 0	 0	 1	 1	 2	 2	 1	467.50	  0.00
341	21	18	v	 1	 2	 5	 2	 2	 3	 2	 0	 0	 1	 1	 1	 1	 1	678.01	  0.00
342	21	18	v	 1	 2	 5	 2	 2	 0	 1	 1	 0	 1	 1	 2	 2	 1	667.78	  0.00
343	21	18	v	 1	 2	 5	 1	 1	 3	 2	 0	 0	 1	 1	 1	 1	 1	698.75	  0.00
344	21	18	v	 1	 2	 5	 3	 2	 2	 2	 1	 0	 1	 1	 2	 2	 1	850.76	  0.00
345	21	18	v	 1	 2	 5	 2	 2	 1	 1	 1	 0	 1	 1	 2	 2	 1	489.44	  0.00
346	21	18	v	 1	 2	 5	 3	 2	 2	 2	 0	 0	 1	 1	 1	 1	 1	455.07	  0.00
347	21	18	v	 1	 2	 5	 1	 1	 3	 2	 0	 0	 1	 1	 1	 1	 1	469.73	  0.00
348	21	18	v	 1	 2	 5	 3	 2	 1	 1	 0	 0	 1	 1	 2	 1	 0	402.87	  0.00
349	21	18	v	 1	 2	 5	 2	 2	 3	 2	 1	 0	 1	 1	 2	 2	 1	1592.63	  0.00
350	21	18	v	 1	 2	 5	 3	 2	 0	 1	 1	 0	 1	 1	 2	 2	 1	438.81	  0.00
351	21	18	v	 1	 2	 5	 2	 2	 0	 1	 1	 0	 1	 1	 2	 2	 1	616.67	  0.00
352	21	18	v	 1	 2	 5	 2	 2	 1	 1	 1	 0	 1	 1	 2	 2	 1	402.45	  0.00
353	21	18	v	 1	 2	 5	 0	 1	 1	 1	 0	 0	 1	 1	 2	 1	 0	465.33	  0.00
354	21	18	v	 1	 2	 5	 0	 1	 3	 2	 0	 0	 1	 1	 1	 1	 1	863.57	  0.00
355	21	18	v	 1	 2	 5	 2	 2	 2	 2	 0	 0	 1	 1	 1	 1	 1	510.39	  0.00
356	21	18	v	 1	 2	 5	 2	 2	 1	 1	 0	 0	 1	 1	 2	 2	 1	549.56	  0.00
357	21	18	v	 1	 2	 5	 2	 2	 2	 2	 0	 0	 1	 1	 1	 2	 0	425.38	  0.00
358	21	18	v	 1	 2	 5	 0	 1	 3	 2	 1	 0	 1	 1	 1	 2	 0	578.63	  0.00
359	21	18	v	 1	 2	 5	 2	 2	 3	 2	 0	 0	 1	 1	 1	 1	 1	976.88	  0.00
360	21	18	v	 1	 2	 5	 0	 1	 0	 1	 1	 0	 1	 1	 1	 1	 1	403.09	  0.00
361	21	18	v	 1	 2	 5	 0	 1	 2	 2	 1	 0	 1	 1	 1	 1	 1	392.44	  0.00
362	21	18	v	 1	 2	 5	 1	 1	 1	 1	 1	 0	 1	 1	 1	 1	 1	415.32	  0.00
363	21	18	v	 1	 2	 5	 0	 1	 1	 1	 1	 0	 1	 1	 1	 1	 1	373.09	  0.00
364	21	18	v	 1	 2	 5	 3	 2	 2	 2	 0	 0	 1	 1	 1	 1	 1	600.02	  0.00
365	21	18	v	 1	 2	 5	 3	 2	 1	 1	 1	 0	 1	 1	 2	 2	 1	532.71	  0.00
366	21	18	v	 1	 2	 5	 0	 1	 3	 2	 0	 0	 1	 1	 1	 1	 1	539.30	  0.00
367	21	18	v	 1	 2	 5	 1	 1	 2	 2	 1	 0	 1	 1	 1	 1	 1	545.67	  0.00
368	21	18	v	 1	 2	 5	 1	 1	 0	 1	 0	 0	 1	 1	 2	 2	 1	600.85	  0.00
369	21	18	v	 1	 2	 5	 2	 2	 3	 2	 1	 0	 1	 1	 2	 2	 1	484.96	  0.00
370	21	18	v	 1	 2	 5	 0	 1	 2	 2	 0	 0	 1	 1	 1	 1	 1	612.46	  0.00
371	21	18	v	 1	 2	 5	 3	 2	 0	 1	 0	 0	 1	 1	 2	 2	 1	537.50	  0.00
372	21	18	v	 1	 2	 5	 3	 2	 1	 1	 0	 0	 1	 1	 2	 2	 1	543.91	  0.00
373	21	18	v	 1	 2	 5	 1	 1	 1	 1	 0	 0	 1	 1	 2	 2	 1	582.93	  0.00
374	21	18	v	 1	 2	 5	 3	 2	 3	 2	 1	 0	 1	 1	 2	 2	 1	670.62	  0.00
375	21	18	v	 1	 2	 5	 3	 2	 3	 2	 0	 0	 1	 1	 1	 1	 1	473.03	  0.00
376	21	18	v	 1	 2	 5	 2	 2	 2	 2	 1	 0	 1	 1	 2	 2	 1	716.32	  0.00
377	21	18	v	 1	 2	 5	 3	 2	 2	 2	 1	 0	 1	 1	 2	 2	 1	428.51	  0.00
378	21	18	v	 1	 2	 5	 2	 2	 2	 2	 1	 0	 1	 1	 2	 2	 1	353.63	  0.00
379	21	18	v	 1	 2	 5	 3	 2	 3	 2	 0	 0	 1	 1	 1	 1	 1	734.66	  0.00
380	21	18	v	 1	 2	 5	 1	 1	 0	 1	 1	 0	 1	 1	 1	 1	 1	675.27	  0.00
381	21	18	v	 1	 2	 5	 3	 2	 0	 1	 1	 0	 1	 1	 2	 1	 0	420.40	  0.00
382	21	18	v	 1	 2	 5	 1	 1	 2	 2	 0	 0	 1	 1	 1	 1	 1	614.90	  0.00
383	21	18	v	 1	 2	 5	 0	 1	 2	 2	 0	 0	 1	 1	 1	 1	 1	425.27	  0.00
384	21	18	v	 1	 2	 6	 2	 2	 1	 1	 0	 0	 1	 1	 2	 2	 1	554.23	  0.00
385	21	18	v	 1	 2	 6	 1	 1	 3	 2	 0	 0	 1	 1	 1	 2	 0	422.01	  0.00
386	21	18	v	 1	 2	 6	 1	 1	 1	 1	 0	 0	 1	 1	 2	 2	 1	526.44	  0.00
387	21	18	v	 1	 2	 6	 0	 1	 1	 1	 0	 0	 1	 1	 2	 2	 1	451.29	  0.00
388	21	18	v	 1	 2	 6	 1	 1	 2	 2	 0	 0	 1	 1	 1	 1	 1	473.15	  0.00
389	21	18	v	 1	 2	 6	 3	 2	 2	 2	 1	 0	 1	 1	 2	 2	 1	634.65	  0.00
390	21	18	v	 1	 2	 6	 0	 1	 2	 2	 0	 0	 1	 1	 1	 2	 0	551.14	  0.00
391	21	18	v	 1	 2	 6	 3	 2	 1	 1	 1	 0	 1	 1	 2	 2	 1	1650.95	  0.00
392	21	18	v	 1	 2	 6	 0	 1	 1	 1	 0	 0	 1	 1	 2	 1	 0	505.26	  0.00
393	21	18	v	 1	 2	 6	 1	 1	 3	 2	 0	 0	 1	 1	 1	 1	 1	707.55	  0.00
394	21	18	v	 1	 2	 6	 0	 1	 0	 1	 0	 0	 1	 1	 2	 2	 1	632.14	  0.00
395	21	18	v	 1	 2	 6	 2	 2	 3	 2	 0	 0	 1	 1	 1	 1	 1	850.60	  0.00
396	21	18	v	 1	 2	 6	 1	 1	 1	 1	 0	 0	 1	 1	 2	 2	 1	628.08	  0.00
397	21	18	v	 1	 2	 6	 0	 1	 3	 2	 0	 0	 1	 1	 1	 1	 1	967.91	  0.00
398	21	18	v	 1	 2	 6	 3	 2	 0	 1	 0	 0	 1	 1	 2	 2	 1	655.46	  0.00
399	21	18	v	 1	 2	 6	 0	 1	 2	 2	 1	 0	 1	 1	 1	 1	 1	832.99	  0.00
400	21	18	v	 1	 2	 6	 3	 2	 2	 2	 1	 0	 1	 1	 2	 2	 1	757.42	  0.00
401	21	18	v	 1	 2	 6	 1	 1	 2	 2	 1	 0	 1	 1	 1	 1	 1	543.17	  0.00
402	21	18	v	 1	 2	 6	 0	 1	 0	 1	 1	 0	 1	 1	 1	 1	 1	443.48	  0.00
403	21	18	v	 1	 2	 6	 3	 2	 0	 1	 0	 0	 1	 1	 2	 1	 0	678.54	  0.00
404	21	18	v	 1	 2	 6	 1	 1	 1	 1	 1	 0	 1	 1	 1	 1	 1	740.86	  0.00
405	21	18	v	 1	 2	 6	 1	 1	 2	 2	 1	 0	 1	 1	 1	 1	 1	436.61	  0.00
406	21	18	v	 1	 2	 6	 1	 1	 0	 1	 0	 0	 1	 1	 2	 2	 1	557.62	  0.00
407	21	18	v	 1	 2	 6	 3	 2	 3	 2	 1	 0	 1	 1	 2	 2	 1	621.53	  0.00
408	21	18	v	 1	 2	 6	 3	 2	 3	 2	 1	 0	 1	 1	 2	 2	 1	398.89	  0.00
409	21	18	v	 1	 2	 6	 1	 1	 2	 2	 0	 0	 1	 1	 1	 1	 1	495.32	  0.00
410	21	18	v	 1	 2	 6	 3	 2	 3	 2	 0	 0	 1	 1	 1	 1	 1	575.17	  0.00
411	21	18	v	 1	 2	 6	 2	 2	 3	 2	 1	 0	 1	 1	 2	 2	 1	597.77	  0.00
412	21	18	v	 1	 2	 6	 3	 2	 3	 2	 0	 0	 1	 1	 1	 1	 1	725.63	  0.00
413	21	18	v	 1	 2	 6	 0	 1	 0	 1	 1	 0	 1	 1	 1	 1	 1	437.88	  0.00
414	21	18	v	 1	 2	 6	 1	 1	 3	 2	 1	 0	 1	 1	 1	 1	 1	362.68	  0.00
415	21	18	v	 1	 2	 6	 2	 2	 2	 2	 1	 0	 1	 1	 2	 1	 0	361.12	  0.00
416	21	18	v	 1	 2	 6	 1	 1	 3	 2	 1	 0	 1	 1	 1	 2	 0	857.12	  0.00
417	21	18	v	 1	 2	 6	 0	 1	 1	 1	 1	 0	 1	 1	 1	 1	 1	626.81	  0.00
418	21	18	v	 1	 2	 6	 3	 2	 2	 2	 0	 0	 1	 1	 1	 1	 1	510.74	  0.00
419	21	18	v	 1	 2	 6	 2	 2	 2	 2	 0	 0	 1	 1	 1	 1	 1	386.60	  0.00
420	21	18	v	 1	 2	 6	 0	 1	 3	 2	 0	 0	 1	 1	 1	 1	 1	971.84	  0.00
421	21	18	v	 1	 2	 6	 2	 2	 0	 1	 1	 0	 1	 1	 2	 2	 1	464.28	  0.00
422	21	18	v	 1	 2	 6	 3	 2	 1	 1	 1	 0	 1	 1	 2	 2	 1	388.21	  0.00
423	21	18	v	 1	 2	 6	 0	 1	 3	 2	 1	 0	 1	 1	 1	 1	 1	460.11	  0.00
424	21	18	v	 1	 2	 6	 2	 2	 2	 2	 0	 0	 1	 1	 1	 1	 1	638.00	  0.00
425	21	18	v	 1	 2	 6	 1	 1	 0	 1	 0	 0	 1	 1	 2	 2	 1	489.29	  0.00
426	21	18	v	 1	 2	 6	 3	 2	 0	 1	 1	 0	 1	 1	 2	 2	 1	609.85	  0.00
427	21	18	v	 1	 2	 6	 2	 2	 3	 2	 1	 0	 1	 1	 2	 2	 1	387.71	  0.00
428	21	18	v	 1	 2	 6	 2	 2	 0	 1	 0	 0	 1	 1	 2	 1	 0	484.20	  0.00
429	21	18	v	 1	 2	 6	 2	 2	 2	 2	 1	 0	 1	 1	 2	 2	 1	759.67	  0.00
430	21	18	v	 1	 2	 6	 3	 2	 0	 1	 1	 0	 1	 1	 2	 2	 1	430.51	  0.00
431	21	18	v	 1	 2	 6	 1	 1	 1	 1	 1	 0	 1	 1	 1	 1	 1	640.82	  0.00
432	21	18	v	 1	 2	 6	 2	 2	 1	 1	 0	 0	 1	 1	 2	 2	 1	565.65	  0.00
433	21	18	v	 1	 2	 6	 2	 2	 1	 1	 1	 0	 1	 1	 2	 2	 1	506.71	  0.00
434	21	18	v	 1	 2	 6	 1	 1	 0	 1	 1	 0	 1	 1	 1	 2	 0	504.93	  0.00
435	21	18	v	 1	 2	 6	 3	 2	 1	 1	 0	 0	 1	 1	 2	 2	 1	748.17	  0.00
436	21	18	v	 1	 2	 6	 2	 2	 0	 1	 1	 0	 1	 1	 2	 2	 1	525.55	  0.00
437	21	18	v	 1	 2	 6	 2	 2	 1	 1	 1	 0	 1	 1	 2	 2	 1	417.75	  0.00
438	21	18	v	 1	 2	 6	 0	 1	 1	 1	 1	 0	 1	 1	 1	 1	 1	522.43	  0.00
439	21	18	v	 1	 2	 6	 3	 2	 2	 2	 0	 0	 1	 1	 1	 1	 1	642.19	  0.00
440	21	18	v	 1	 2	 6	 2	 2	 3	 2	 0	 0	 1	 1	 1	 1	 1	493.22	  0.00
441	21	18	v	 1	 2	 6	 3	 2	 1	 1	 0	 0	 1	 1	 2	 2	 1	532.36	  0.00
442	21	18	v	 1	 2	 6	 1	 1	 0	 1	 1	 0	 1	 1	 1	 1	 1	669.32	  0.00
443	21	18	v	 1	 2	 6	 2	 2	 0	 1	 0	 0	 1	 1	 2	 1	 0	626.60	  0.00
444	21	18	v	 1	 2	 6	 0	 1	 0	 1	 0	 0	 1	 1	 2	 2	 1	820.49	  0.00
445	21	18	v	 1	 2	 6	 0	 1	 3	 2	 1	 0	 1	 1	 1	 1	 1	589.77	  0.00
446	21	18	v	 1	 2	 6	 0	 1	 2	 2	 1	 0	 1	 1	 1	 1	 1	612.58	  0.00
447	21	18	v	 1	 2	 6	 0	 1	 2	 2	 0	 0	 1	 1	 1	 1	 1	635.13	  0.00
448	21	18	v	 1	 2	 7	 2	 2	 0	 1	 0	 0	 1	 1	 2	 2	 1	591.49	  0.00
449	21	18	v	 1	 2	 7	 2	 2	 1	 1	 1	 0	 1	 1	 2	 2	 1	548.85	  0.00
450	21	18	v	 1	 2	 7	 2	 2	 2	 2	 1	 0	 1	 1	 2	 2	 1	481.79	  0.00
451	21	18	v	 1	 2	 7	 3	 2	 1	 1	 1	 0	 1	 1	 2	 2	 1	471.96	  0.00
452	21	18	v	 1	 2	 7	 1	 1	 2	 2	 1	 0	 1	 1	 1	 2	 0	437.52	  0.00
453	21	18	v	 1	 2	 7	 3	 2	 2	 2	 0	 0	 1	 1	 1	 1	 1	582.99	  0.00
454	21	18	v	 1	 2	 7	 1	 1	 3	 2	 1	 0	 1	 1	 1	 1	 1	499.33	  0.00
455	21	18	v	 1	 2	 7	 3	 2	 3	 2	 1	 0	 1	 1	 2	 2	 1	619.97	  0.00
456	21	18	v	 1	 2	 7	 0	 1	 1	 1	 0	 0	 1	 1	 2	 1	 0	544.97	  0.00
457	21	18	v	 1	 2	 7	 2	 2	 3	 2	 0	 0	 1	 1	 1	 1	 1	762.43	  0.00
458	21	18	v	 1	 2	 7	 1	 1	 0	 1	 1	 0	 1	 1	 1	 1	 1	678.53	  0.00
459	21	18	v	 1	 2	 7	 0	 1	 0	 1	 0	 0	 1	 1	 2	 2	 1	570.77	  0.00
460	21	18	v	 1	 2	 7	 3	 2	 0	 1	 1	 0	 1	 1	 2	 2	 1	617.86	  0.00
461	21	18	v	 1	 2	 7	 0	 1	 0	 1	 1	 0	 1	 1	 1	 1	 1	713.96	  0.00
462	21	18	v	 1	 2	 7	 2	 2	 1	 1	 1	 0	 1	 1	 2	 2	 1	638.51	  0.00
463	21	18	v	 1	 2	 7	 2	 2	 3	 2	 1	 0	 1	 1	 2	 2	 1	432.65	  0.00
464	21	18	v	 1	 2	 7	 0	 1	 0	 1	 0	 0	 1	 1	 2	 1	 0	512.67	  0.00
465	21	18	v	 1	 2	 7	 1	 1	 1	 1	 0	 0	 1	 1	 2	 2	 1	796.56	  0.00
466	21	18	v	 1	 2	 7	 2	 2	 0	 1	 0	 0	 1	 1	 2	 2	 1	564.97	  0.00
467	21	18	v	 1	 2	 7	 1	 1	 1	 1	 1	 0	 1	 1	 1	 1	 1	546.80	  0.00
468	21	18	v	 1	 2	 7	 1	 1	 0	 1	 0	 0	 1	 1	 2	 2	 1	536.91	  0.00
469	21	18	v	 1	 2	 7	 1	 1	 3	 2	 1	 0	 1	 1	 1	 1	 1	608.58	  0.00
470	21	18	v	 1	 2	 7	 0	 1	 1	 1	 0	 0	 1	 1	 2	 2	 1	1047.38	  0.00
471	21	18	v	 1	 2	 7	 0	 1	 3	 2	 1	 0	 1	 1	 1	 1	 1	718.53	  0.00
472	21	18	v	 1	 2	 7	 2	 2	 0	 1	 1	 0	 1	 1	 2	 2	 1	634.92	  0.00
473	21	18	v	 1	 2	 7	 0	 1	 3	 2	 0	 0	 1	 1	 1	 1	 1	542.36	  0.00
474	21	18	v	 1	 2	 7	 1	 1	 3	 2	 0	 0	 1	 1	 1	 1	 1	434.45	  0.00
475	21	18	v	 1	 2	 7	 2	 2	 3	 2	 0	 0	 1	 1	 1	 1	 1	400.27	  0.00
476	21	18	v	 1	 2	 7	 3	 2	 2	 2	 1	 0	 1	 1	 2	 2	 1	618.94	  0.00
477	21	18	v	 1	 2	 7	 3	 2	 0	 1	 1	 0	 1	 1	 2	 2	 1	461.80	  0.00
478	21	18	v	 1	 2	 7	 1	 1	 2	 2	 0	 0	 1	 1	 1	 1	 1	444.10	  0.00
479	21	18	v	 1	 2	 7	 3	 2	 1	 1	 0	 0	 1	 1	 2	 2	 1	548.51	  0.00
480	21	18	v	 1	 2	 7	 2	 2	 2	 2	 1	 0	 1	 1	 2	 2	 1	448.79	  0.00
481	21	18	v	 1	 2	 7	 3	 2	 1	 1	 0	 0	 1	 1	 2	 2	 1	634.88	  0.00
482	21	18	v	 1	 2	 7	 3	 2	 1	 1	 1	 0	 1	 1	 2	 2	 1	445.19	  0.00
483	21	18	v	 1	 2	 7	 1	 1	 2	 2	 1	 0	 1	 1	 1	 1	 1	492.68	  0.00
484	21	18	v	 1	 2	 7	 0	 1	 3	 2	 1	 0	 1	 1	 1	 1	 1	489.74	  0.00
485	21	18	v	 1	 2	 7	 0	 1	 1	 1	 1	 0	 1	 1	 1	 1	 1	537.19	  0.00
486	21	18	v	 1	 2	 7	 0	 1	 2	 2	 0	 0	 1	 1	 1	 1	 1	608.94	  0.00
487	21	18	v	 1	 2	 7	 0	 1	 2	 2	 1	 0	 1	 1	 1	 1	 1	509.07	  0.00
488	21	18	v	 1	 2	 7	 2	 2	 1	 1	 0	 0	 1	 1	 2	 2	 1	597.19	  0.00
489	21	18	v	 1	 2	 7	 2	 2	 2	 2	 0	 0	 1	 1	 1	 1	 1	562.65	  0.00
490	21	18	v	 1	 2	 7	 2	 2	 0	 1	 1	 0	 1	 1	 2	 2	 1	634.34	  0.00
491	21	18	v	 1	 2	 7	 3	 2	 3	 2	 1	 0	 1	 1	 2	 2	 1	492.78	  0.00
492	21	18	v	 1	 2	 7	 2	 2	 1	 1	 0	 0	 1	 1	 2	 1	 0	491.07	  0.00
493	21	18	v	 1	 2	 7	 0	 1	 2	 2	 0	 0	 1	 1	 1	 1	 1	783.09	  0.00
494	21	18	v	 1	 2	 7	 1	 1	 3	 2	 0	 0	 1	 1	 1	 1	 1	487.23	  0.00
495	21	18	v	 1	 2	 7	 2	 2	 2	 2	 0	 0	 1	 1	 1	 1	 1	648.72	  0.00
496	21	18	v	 1	 2	 7	 1	 1	 0	 1	 1	 0	 1	 1	 1	 2	 0	638.62	  0.00
497	21	18	v	 1	 2	 7	 0	 1	 1	 1	 1	 0	 1	 1	 1	 1	 1	677.38	  0.00
498	21	18	v	 1	 2	 7	 1	 1	 1	 1	 0	 0	 1	 1	 2	 2	 1	585.86	  0.00
499	21	18	v	 1	 2	 7	 0	 1	 0	 1	 1	 0	 1	 1	 1	 1	 1	649.34	  0.00
500	21	18	v	 1	 2	 7	 2	 2	 3	 2	 1	 0	 1	 1	 2	 2	 1	491.39	  0.00
501	21	18	v	 1	 2	 7	 0	 1	 2	 2	 1	 0	 1	 1	 1	 1	 1	563.12	  0.00
502	21	18	v	 1	 2	 7	 3	 2	 3	 2	 0	 0	 1	 1	 1	 1	 1	569.41	  0.00
503	21	18	v	 1	 2	 7	 3	 2	 2	 2	 0	 0	 1	 1	 1	 1	 1	600.25	  0.00
504	21	18	v	 1	 2	 7	 3	 2	 3	 2	 0	 0	 1	 1	 1	 1	 1	394.28	  0.00
505	21	18	v	 1	 2	 7	 1	 1	 2	 2	 0	 0	 1	 1	 1	 1	 1	409.12	  0.00
506	21	18	v	 1	 2	 7	 3	 2	 0	 1	 0	 0	 1	 1	 2	 1	 0	391.15	  0.00
507	21	18	v	 1	 2	 7	 0	 1	 3	 2	 0	 0	 1	 1	 1	 1	 1	667.16	  0.00
508	21	18	v	 1	 2	 7	 1	 1	 1	 1	 1	 0	 1	 1	 1	 1	 1	697.87	  0.00
509	21	18	v	 1	 2	 7	 3	 2	 0	 1	 0	 0	 1	 1	 2	 2	 1	614.29	  0.00
510	21	18	v	 1	 2	 7	 1	 1	 0	 1	 0	 0	 1	 1	 2	 2	 1	399.22	  0.00
511	21	18	v	 1	 2	 7	 3	 2	 2	 2	 1	 0	 1	 1	 2	 2	 1	536.35	  0.00
512	21	18	v	 1	 2	 8	 2	 2	 3	 2	 1	 1	 1	 0	 1	 1	 1	1862.05	  0.00
513	21	18	v	 1	 2	 8	 3	 2	 3	 2	 1	 1	 1	 0	 1	 1	 1	455.19	  0.00
514	21	18	v	 1	 2	 8	 2	 2	 0	 1	 1	 1	 1	 0	 1	 1	 1	469.43	  0.00
515	21	18	v	 1	 2	 8	 1	 1	 3	 2	 1	 1	 1	 0	 2	 1	 0	548.08	  0.00
516	21	18	v	 1	 2	 8	 0	 1	 2	 2	 0	 1	 1	 0	 2	 2	 1	993.67	  0.00
517	21	18	v	 1	 2	 8	 2	 2	 1	 1	 0	 1	 1	 0	 1	 1	 1	510.16	  0.00
518	21	18	v	 1	 2	 8	 3	 2	 0	 1	 0	 1	 1	 0	 1	 1	 1	409.92	  0.00
519	21	18	v	 1	 2	 8	 2	 2	 2	 2	 1	 1	 1	 0	 1	 1	 1	399.88	  0.00
520	21	18	v	 1	 2	 8	 1	 1	 0	 1	 1	 1	 1	 0	 2	 2	 1	463.07	  0.00
521	21	18	v	 1	 2	 8	 0	 1	 3	 2	 0	 1	 1	 0	 2	 2	 1	1562.56	  0.00
522	21	18	v	 1	 2	 8	 2	 2	 2	 2	 1	 1	 1	 0	 1	 1	 1	596.01	  0.00
523	21	18	v	 1	 2	 8	 0	 1	 3	 2	 1	 1	 1	 0	 2	 2	 1	527.42	  0.00
524	21	18	v	 1	 2	 8	 2	 2	 0	 1	 1	 1	 1	 0	 1	 1	 1	623.12	  0.00
525	21	18	v	 1	 2	 8	 1	 1	 0	 1	 0	 1	 1	 0	 2	 2	 1	522.88	  0.00
526	21	18	v	 1	 2	 8	 1	 1	 1	 1	 0	 1	 1	 0	 2	 2	 1	683.64	  0.00
527	21	18	v	 1	 2	 8	 0	 1	 2	 2	 1	 1	 1	 0	 2	 2	 1	583.43	  0.00
528	21	18	v	 1	 2	 8	 3	 2	 0	 1	 1	 1	 1	 0	 1	 1	 1	613.83	  0.00
529	21	18	v	 1	 2	 8	 1	 1	 2	 2	 1	 1	 1	 0	 2	 1	 0	292.22	  0.00
530	21	18	v	 1	 2	 8	 0	 1	 0	 1	 1	 1	 1	 0	 2	 2	 1	983.94	  0.00
531	21	18	v	 1	 2	 8	 3	 2	 1	 1	 1	 1	 1	 0	 1	 1	 1	564.91	  0.00
532	21	18	v	 1	 2	 8	 0	 1	 1	 1	 1	 1	 1	 0	 2	 1	 0	1093.07	  0.00
533	21	18	v	 1	 2	 8	 2	 2	 1	 1	 1	 1	 1	 0	 1	 1	 1	559.61	  0.00
534	21	18	v	 1	 2	 8	 1	 1	 1	 1	 1	 1	 1	 0	 2	 2	 1	540.99	  0.00
535	21	18	v	 1	 2	 8	 1	 1	 3	 2	 0	 1	 1	 0	 2	 2	 1	472.64	  0.00
536	21	18	v	 1	 2	 8	 0	 1	 3	 2	 1	 1	 1	 0	 2	 2	 1	462.25	  0.00
537	21	18	v	 1	 2	 8	 2	 2	 0	 1	 0	 1	 1	 0	 1	 1	 1	492.75	  0.00
538	21	18	v	 1	 2	 8	 2	 2	 1	 1	 1	 1	 1	 0	 1	 1	 1	392.49	  0.00
539	21	18	v	 1	 2	 8	 3	 2	 3	 2	 0	 1	 1	 0	 1	 1	 1	341.76	  0.00
540	21	18	v	 1	 2	 8	 3	 2	 0	 1	 0	 1	 1	 0	 1	 1	 1	437.73	  0.00
541	21	18	v	 1	 2	 8	 3	 2	 0	 1	 1	 1	 1	 0	 1	 1	 1	411.11	  0.00
542	21	18	v	 1	 2	 8	 3	 2	 3	 2	 0	 1	 1	 0	 1	 1	 1	417.05	  0.00
543	21	18	v	 1	 2	 8	 3	 2	 3	 2	 1	 1	 1	 0	 1	 1	 1	431.51	  0.00
544	21	18	v	 1	 2	 8	 0	 1	 0	 1	 0	 1	 1	 0	 2	 2	 1	355.03	  0.00
545	21	18	v	 1	 2	 8	 3	 2	 2	 2	 1	 1	 1	 0	 1	 1	 1	450.95	  0.00
546	21	18	v	 1	 2	 8	 2	 2	 3	 2	 0	 1	 1	 0	 1	 1	 1	424.34	  0.00
547	21	18	v	 1	 2	 8	 0	 1	 3	 2	 0	 1	 1	 0	 2	 2	 1	332.54	  0.00
548	21	18	v	 1	 2	 8	 1	 1	 2	 2	 0	 1	 1	 0	 2	 2	 1	599.91	  0.00
549	21	18	v	 1	 2	 8	 0	 1	 1	 1	 0	 1	 1	 0	 2	 2	 1	393.54	  0.00
550	21	18	v	 1	 2	 8	 3	 2	 1	 1	 1	 1	 1	 0	 1	 1	 1	472.95	  0.00
551	21	18	v	 1	 2	 8	 2	 2	 3	 2	 0	 1	 1	 0	 1	 1	 1	322.98	  0.00
552	21	18	v	 1	 2	 8	 2	 2	 2	 2	 0	 1	 1	 0	 1	 1	 1	459.75	  0.00
553	21	18	v	 1	 2	 8	 0	 1	 2	 2	 0	 1	 1	 0	 2	 2	 1	531.04	  0.00
554	21	18	v	 1	 2	 8	 0	 1	 0	 1	 1	 1	 1	 0	 2	 2	 1	365.85	  0.00
555	21	18	v	 1	 2	 8	 1	 1	 3	 2	 0	 1	 1	 0	 2	 2	 1	355.30	  0.00
556	21	18	v	 1	 2	 8	 2	 2	 2	 2	 0	 1	 1	 0	 1	 1	 1	508.79	  0.00
557	21	18	v	 1	 2	 8	 0	 1	 2	 2	 1	 1	 1	 0	 2	 1	 0	367.84	  0.00
558	21	18	v	 1	 2	 8	 2	 2	 1	 1	 0	 1	 1	 0	 1	 1	 1	519.59	  0.00
559	21	18	v	 1	 2	 8	 0	 1	 1	 1	 0	 1	 1	 0	 2	 2	 1	574.75	  0.00
560	21	18	v	 1	 2	 8	 1	 1	 2	 2	 0	 1	 1	 0	 2	 2	 1	531.72	  0.00
561	21	18	v	 1	 2	 8	 1	 1	 0	 1	 0	 1	 1	 0	 2	 2	 1	333.45	  0.00
562	21	18	v	 1	 2	 8	 3	 2	 1	 1	 0	 1	 1	 0	 1	 1	 1	470.27	  0.00
563	21	18	v	 1	 2	 8	 1	 1	 1	 1	 0	 1	 1	 0	 2	 2	 1	500.75	  0.00
564	21	18	v	 1	 2	 8	 2	 2	 0	 1	 0	 1	 1	 0	 1	 1	 1	335.62	  0.00
565	21	18	v	 1	 2	 8	 0	 1	 1	 1	 1	 1	 1	 0	 2	 2	 1	488.73	  0.00
566	21	18	v	 1	 2	 8	 1	 1	 1	 1	 1	 1	 1	 0	 2	 2	 1	518.25	  0.00
567	21	18	v	 1	 2	 8	 1	 1	 2	 2	 1	 1	 1	 0	 2	 2	 1	417.85	  0.00
568	21	18	v	 1	 2	 8	 3	 2	 2	 2	 0	 1	 1	 0	 1	 1	 1	554.71	  0.00
569	21	18	v	 1	 2	 8	 3	 2	 2	 2	 1	 1	 1	 0	 1	 1	 1	315.87	  0.00
570	21	18	v	 1	 2	 8	 2	 2	 3	 2	 1	 1	 1	 0	 1	 1	 1	338.43	  0.00
571	21	18	v	 1	 2	 8	 0	 1	 0	 1	 0	 1	 1	 0	 2	 2	 1	483.35	  0.00
572	21	18	v	 1	 2	 8	 3	 2	 2	 2	 0	 1	 1	 0	 1	 1	 1	693.35	  0.00
573	21	18	v	 1	 2	 8	 3	 2	 1	 1	 0	 1	 1	 0	 1	 1	 1	355.39	  0.00
574	21	18	v	 1	 2	 8	 1	 1	 3	 2	 1	 1	 1	 0	 2	 2	 1	500.00	  0.00
575	21	18	v	 1	 2	 8	 1	 1	 0	 1	 1	 1	 1	 0	 2	 2	 1	832.62	  0.00
576	21	18	v	 1	 2	 9	 2	 2	 3	 2	 0	 1	 1	 0	 1	 1	 1	1046.95	  0.00
577	21	18	v	 1	 2	 9	 2	 2	 2	 2	 1	 1	 1	 0	 1	 1	 1	375.60	  0.00
578	21	18	v	 1	 2	 9	 2	 2	 0	 1	 0	 1	 1	 0	 1	 1	 1	325.13	  0.00
579	21	18	v	 1	 2	 9	 2	 2	 3	 2	 1	 1	 1	 0	 1	 1	 1	307.16	  0.00
580	21	18	v	 1	 2	 9	 1	 1	 3	 2	 0	 1	 1	 0	 2	 2	 1	354.92	  0.00
581	21	18	v	 1	 2	 9	 0	 1	 0	 1	 1	 1	 1	 0	 2	 2	 1	345.25	  0.00
582	21	18	v	 1	 2	 9	 3	 2	 3	 2	 0	 1	 1	 0	 1	 1	 1	433.48	  0.00
583	21	18	v	 1	 2	 9	 1	 1	 1	 1	 1	 1	 1	 0	 2	 2	 1	431.72	  0.00
584	21	18	v	 1	 2	 9	 1	 1	 1	 1	 0	 1	 1	 0	 2	 2	 1	462.98	  0.00
585	21	18	v	 1	 2	 9	 0	 1	 3	 2	 0	 1	 1	 0	 2	 2	 1	525.65	  0.00
586	21	18	v	 1	 2	 9	 1	 1	 1	 1	 0	 1	 1	 0	 2	 2	 1	401.44	  0.00
587	21	18	v	 1	 2	 9	 1	 1	 2	 2	 0	 1	 1	 0	 2	 2	 1	358.88	  0.00
588	21	18	v	 1	 2	 9	 1	 1	 3	 2	 1	 1	 1	 0	 2	 2	 1	365.54	  0.00
589	21	18	v	 1	 2	 9	 0	 1	 3	 2	 1	 1	 1	 0	 2	 2	 1	413.12	  0.00
590	21	18	v	 1	 2	 9	 3	 2	 0	 1	 0	 1	 1	 0	 1	 1	 1	395.06	  0.00
591	21	18	v	 1	 2	 9	 3	 2	 1	 1	 0	 1	 1	 0	 1	 1	 1	328.42	  0.00
592	21	18	v	 1	 2	 9	 3	 2	 0	 1	 1	 1	 1	 0	 1	 1	 1	286.14	  0.00
593	21	18	v	 1	 2	 9	 3	 2	 0	 1	 0	 1	 1	 0	 1	 1	 1	284.58	  0.00
594	21	18	v	 1	 2	 9	 0	 1	 0	 1	 0	 1	 1	 0	 2	 1	 0	267.02	  0.00
595	21	18	v	 1	 2	 9	 1	 1	 2	 2	 0	 1	 1	 0	 2	 2	 1	468.83	  0.00
596	21	18	v	 1	 2	 9	 1	 1	 0	 1	 0	 1	 1	 0	 2	 2	 1	516.00	  0.00
597	21	18	v	 1	 2	 9	 0	 1	 2	 2	 0	 1	 1	 0	 2	 2	 1	416.34	  0.00
598	21	18	v	 1	 2	 9	 0	 1	 2	 2	 1	 1	 1	 0	 2	 2	 1	325.00	  0.00
599	21	18	v	 1	 2	 9	 0	 1	 3	 2	 0	 1	 1	 0	 2	 2	 1	339.87	  0.00
600	21	18	v	 1	 2	 9	 2	 2	 2	 2	 0	 1	 1	 0	 1	 1	 1	501.42	  0.00
601	21	18	v	 1	 2	 9	 0	 1	 0	 1	 0	 1	 1	 0	 2	 1	 0	344.87	  0.00
602	21	18	v	 1	 2	 9	 0	 1	 1	 1	 1	 1	 1	 0	 2	 2	 1	514.74	  0.00
603	21	18	v	 1	 2	 9	 0	 1	 2	 2	 0	 1	 1	 0	 2	 2	 1	406.88	  0.00
604	21	18	v	 1	 2	 9	 0	 1	 1	 1	 0	 1	 1	 0	 2	 2	 1	348.30	  0.00
605	21	18	v	 1	 2	 9	 3	 2	 2	 2	 0	 1	 1	 0	 1	 1	 1	428.21	  0.00
606	21	18	v	 1	 2	 9	 3	 2	 1	 1	 1	 1	 1	 0	 1	 1	 1	376.71	  0.00
607	21	18	v	 1	 2	 9	 2	 2	 2	 2	 1	 1	 1	 0	 1	 1	 1	358.84	  0.00
608	21	18	v	 1	 2	 9	 0	 1	 0	 1	 1	 1	 1	 0	 2	 2	 1	462.63	  0.00
609	21	18	v	 1	 2	 9	 1	 1	 1	 1	 1	 1	 1	 0	 2	 2	 1	437.46	  0.00
610	21	18	v	 1	 2	 9	 0	 1	 1	 1	 1	 1	 1	 0	 2	 2	 1	459.25	  0.00
611	21	18	v	 1	 2	 9	 2	 2	 1	 1	 1	 1	 1	 0	 1	 1	 1	442.34	  0.00
612	21	18	v	 1	 2	 9	 3	 2	 1	 1	 0	 1	 1	 0	 1	 1	 1	383.03	  0.00
613	21	18	v	 1	 2	 9	 3	 2	 2	 2	 1	 1	 1	 0	 1	 1	 1	373.93	  0.00
614	21	18	v	 1	 2	 9	 2	 2	 1	 1	 0	 1	 1	 0	 1	 1	 1	323.40	  0.00
615	21	18	v	 1	 2	 9	 0	 1	 3	 2	 1	 1	 1	 0	 2	 2	 1	541.33	  0.00
616	21	18	v	 1	 2	 9	 3	 2	 3	 2	 1	 1	 1	 0	 1	 1	 1	874.04	  0.00
617	21	18	v	 1	 2	 9	 3	 2	 2	 2	 1	 1	 1	 0	 1	 1	 1	357.56	  0.00
618	21	18	v	 1	 2	 9	 1	 1	 2	 2	 1	 1	 1	 0	 2	 2	 1	462.36	  0.00
619	21	18	v	 1	 2	 9	 3	 2	 3	 2	 1	 1	 1	 0	 1	 1	 1	436.15	  0.00
620	21	18	v	 1	 2	 9	 3	 2	 1	 1	 1	 1	 1	 0	 1	 1	 1	312.26	  0.00
621	21	18	v	 1	 2	 9	 2	 2	 3	 2	 0	 1	 1	 0	 1	 1	 1	359.59	  0.00
622	21	18	v	 1	 2	 9	 0	 1	 1	 1	 0	 1	 1	 0	 2	 2	 1	496.63	  0.00
623	21	18	v	 1	 2	 9	 2	 2	 0	 1	 0	 1	 1	 0	 1	 1	 1	527.87	  0.00
624	21	18	v	 1	 2	 9	 2	 2	 0	 1	 1	 1	 1	 0	 1	 1	 1	338.21	  0.00
625	21	18	v	 1	 2	 9	 3	 2	 0	 1	 1	 1	 1	 0	 1	 1	 1	311.52	  0.00
626	21	18	v	 1	 2	 9	 1	 1	 2	 2	 1	 1	 1	 0	 2	 2	 1	530.36	  0.00
627	21	18	v	 1	 2	 9	 2	 2	 1	 1	 0	 1	 1	 0	 1	 1	 1	323.88	  0.00
628	21	18	v	 1	 2	 9	 2	 2	 0	 1	 1	 1	 1	 0	 1	 1	 1	274.19	  0.00
629	21	18	v	 1	 2	 9	 2	 2	 1	 1	 1	 1	 1	 0	 1	 1	 1	297.32	  0.00
630	21	18	v	 1	 2	 9	 3	 2	 2	 2	 0	 1	 1	 0	 1	 1	 1	303.85	  0.00
631	21	18	v	 1	 2	 9	 2	 2	 3	 2	 1	 1	 1	 0	 1	 1	 1	310.83	  0.00
632	21	18	v	 1	 2	 9	 1	 1	 3	 2	 1	 1	 1	 0	 2	 1	 0	276.73	  0.00
633	21	18	v	 1	 2	 9	 3	 2	 3	 2	 0	 1	 1	 0	 1	 1	 1	308.00	  0.00
634	21	18	v	 1	 2	 9	 1	 1	 0	 1	 1	 1	 1	 0	 2	 2	 1	355.39	  0.00
635	21	18	v	 1	 2	 9	 1	 1	 0	 1	 0	 1	 1	 0	 2	 2	 1	402.79	  0.00
636	21	18	v	 1	 2	 9	 2	 2	 2	 2	 0	 1	 1	 0	 1	 1	 1	490.16	  0.00
637	21	18	v	 1	 2	 9	 0	 1	 2	 2	 1	 1	 1	 0	 2	 2	 1	594.34	  0.00
638	21	18	v	 1	 2	 9	 1	 1	 0	 1	 1	 1	 1	 0	 2	 2	 1	494.79	  0.00
639	21	18	v	 1	 2	 9	 1	 1	 3	 2	 0	 1	 1	 0	 2	 2	 1	411.49	  0.00
640	21	18	v	 1	 2	10	 3	 2	 1	 1	 0	 1	 1	 0	 2	 0	 0	2000.21	  0.00
641	21	18	v	 1	 2	10	 1	 1	 0	 1	 1	 1	 1	 0	 2	 2	 1	837.11	  0.00
642	21	18	v	 1	 2	10	 1	 1	 3	 2	 0	 1	 1	 0	 1	 2	 0	728.35	  0.00
643	21	18	v	 1	 2	10	 1	 1	 3	 2	 1	 1	 1	 0	 2	 2	 1	603.43	  0.00
644	21	18	v	 1	 2	10	 0	 1	 1	 1	 0	 1	 1	 0	 2	 1	 0	813.32	  0.00
645	21	18	v	 1	 2	10	 2	 2	 0	 1	 0	 1	 1	 0	 2	 0	 0	2000.22	  0.00
646	21	18	v	 1	 2	10	 2	 2	 0	 1	 1	 1	 1	 0	 1	 1	 1	927.52	  0.00
647	21	18	v	 1	 2	10	 2	 2	 3	 2	 0	 1	 1	 0	 1	 2	 0	777.99	  0.00
648	21	18	v	 1	 2	10	 0	 1	 3	 2	 1	 1	 1	 0	 2	 2	 1	938.75	  0.00
649	21	18	v	 1	 2	10	 1	 1	 3	 2	 1	 1	 1	 0	 2	 2	 1	609.20	  0.00
650	21	18	v	 1	 2	10	 1	 1	 2	 2	 1	 1	 1	 0	 2	 2	 1	680.53	  0.00
651	21	18	v	 1	 2	10	 3	 2	 1	 1	 1	 1	 1	 0	 1	 1	 1	668.75	  0.00
652	21	18	v	 1	 2	10	 1	 1	 2	 2	 1	 1	 1	 0	 2	 1	 0	576.70	  0.00
653	21	18	v	 1	 2	10	 0	 1	 3	 2	 1	 1	 1	 0	 2	 2	 1	607.13	  0.00
654	21	18	v	 1	 2	10	 3	 2	 2	 2	 1	 1	 1	 0	 1	 1	 1	474.18	  0.00
655	21	18	v	 1	 2	10	 0	 1	 2	 2	 1	 1	 1	 0	 2	 2	 1	545.49	  0.00
656	21	18	v	 1	 2	10	 2	 2	 1	 1	 0	 1	 1	 0	 2	 2	 1	1865.21	  0.00
657	21	18	v	 1	 2	10	 3	 2	 0	 1	 1	 1	 1	 0	 1	 1	 1	856.28	  0.00
658	21	18	v	 1	 2	10	 1	 1	 0	 1	 0	 1	 1	 0	 2	 1	 0	641.50	  0.00
659	21	18	v	 1	 2	10	 2	 2	 0	 1	 0	 1	 1	 0	 2	 2	 1	1104.22	  0.00
660	21	18	v	 1	 2	10	 2	 2	 1	 1	 0	 1	 1	 0	 2	 2	 1	1378.62	  0.00
661	21	18	v	 1	 2	10	 2	 2	 2	 2	 1	 1	 1	 0	 1	 1	 1	599.73	  0.00
662	21	18	v	 1	 2	10	 0	 1	 1	 1	 1	 1	 1	 0	 2	 2	 1	572.88	  0.00
663	21	18	v	 1	 2	10	 0	 1	 3	 2	 0	 1	 1	 0	 1	 2	 0	945.25	  0.00
664	21	18	v	 1	 2	10	 1	 1	 1	 1	 0	 1	 1	 0	 2	 0	 0	2000.22	  0.00
665	21	18	v	 1	 2	10	 2	 2	 2	 2	 0	 1	 1	 0	 1	 1	 1	1076.80	  0.00
666	21	18	v	 1	 2	10	 3	 2	 3	 2	 1	 1	 1	 0	 1	 1	 1	722.85	  0.00
667	21	18	v	 1	 2	10	 0	 1	 2	 2	 0	 1	 1	 0	 1	 1	 1	589.88	  0.00
668	21	18	v	 1	 2	10	 2	 2	 1	 1	 1	 1	 1	 0	 1	 1	 1	660.99	  0.00
669	21	18	v	 1	 2	10	 3	 2	 0	 1	 1	 1	 1	 0	 1	 1	 1	461.54	  0.00
670	21	18	v	 1	 2	10	 0	 1	 3	 2	 0	 1	 1	 0	 1	 1	 1	647.35	  0.00
671	21	18	v	 1	 2	10	 0	 1	 0	 1	 1	 1	 1	 0	 2	 2	 1	759.15	  0.00
672	21	18	v	 1	 2	10	 2	 2	 3	 2	 1	 1	 1	 0	 1	 1	 1	658.74	  0.00
673	21	18	v	 1	 2	10	 2	 2	 1	 1	 1	 1	 1	 0	 1	 1	 1	484.91	  0.00
674	21	18	v	 1	 2	10	 0	 1	 0	 1	 1	 1	 1	 0	 2	 2	 1	711.28	  0.00
675	21	18	v	 1	 2	10	 3	 2	 0	 1	 0	 1	 1	 0	 2	 2	 1	1083.29	  0.00
676	21	18	v	 1	 2	10	 0	 1	 2	 2	 0	 1	 1	 0	 1	 1	 1	623.23	  0.00
677	21	18	v	 1	 2	10	 3	 2	 2	 2	 0	 1	 1	 0	 1	 1	 1	653.52	  0.00
678	21	18	v	 1	 2	10	 1	 1	 2	 2	 0	 1	 1	 0	 1	 1	 1	414.47	  0.00
679	21	18	v	 1	 2	10	 3	 2	 3	 2	 0	 1	 1	 0	 1	 2	 0	485.92	  0.00
680	21	18	v	 1	 2	10	 0	 1	 1	 1	 1	 1	 1	 0	 2	 2	 1	858.90	  0.00
681	21	18	v	 1	 2	10	 2	 2	 3	 2	 1	 1	 1	 0	 1	 1	 1	529.97	  0.00
682	21	18	v	 1	 2	10	 1	 1	 1	 1	 1	 1	 1	 0	 2	 2	 1	601.20	  0.00
683	21	18	v	 1	 2	10	 2	 2	 0	 1	 1	 1	 1	 0	 1	 1	 1	703.63	  0.00
684	21	18	v	 1	 2	10	 1	 1	 0	 1	 1	 1	 1	 0	 2	 2	 1	546.40	  0.00
685	21	18	v	 1	 2	10	 0	 1	 0	 1	 0	 1	 1	 0	 2	 1	 0	854.30	  0.00
686	21	18	v	 1	 2	10	 2	 2	 2	 2	 1	 1	 1	 0	 1	 1	 1	574.14	  0.00
687	21	18	v	 1	 2	10	 3	 2	 2	 2	 1	 1	 1	 0	 1	 1	 1	424.85	  0.00
688	21	18	v	 1	 2	10	 3	 2	 1	 1	 1	 1	 1	 0	 1	 1	 1	390.21	  0.00
689	21	18	v	 1	 2	10	 3	 2	 3	 2	 1	 1	 1	 0	 1	 1	 1	419.94	  0.00
690	21	18	v	 1	 2	10	 3	 2	 3	 2	 0	 1	 1	 0	 1	 1	 1	801.42	  0.00
691	21	18	v	 1	 2	10	 0	 1	 2	 2	 1	 1	 1	 0	 2	 1	 0	513.18	  0.00
692	21	18	v	 1	 2	10	 2	 2	 3	 2	 0	 1	 1	 0	 1	 1	 1	1155.68	  0.00
693	21	18	v	 1	 2	10	 1	 1	 0	 1	 0	 1	 1	 0	 2	 1	 0	630.34	  0.00
694	21	18	v	 1	 2	10	 1	 1	 2	 2	 0	 1	 1	 0	 1	 1	 1	840.18	  0.00
695	21	18	v	 1	 2	10	 3	 2	 0	 1	 0	 1	 1	 0	 2	 2	 1	862.04	  0.00
696	21	18	v	 1	 2	10	 3	 2	 2	 2	 0	 1	 1	 0	 1	 1	 1	556.37	  0.00
697	21	18	v	 1	 2	10	 0	 1	 1	 1	 0	 1	 1	 0	 2	 2	 1	635.81	  0.00
698	21	18	v	 1	 2	10	 0	 1	 0	 1	 0	 1	 1	 0	 2	 2	 1	804.79	  0.00
699	21	18	v	 1	 2	10	 1	 1	 3	 2	 0	 1	 1	 0	 1	 1	 1	638.94	  0.00
700	21	18	v	 1	 2	10	 1	 1	 1	 1	 0	 1	 1	 0	 2	 2	 1	1020.11	  0.00
701	21	18	v	 1	 2	10	 2	 2	 2	 2	 0	 1	 1	 0	 1	 1	 1	495.02	  0.00
702	21	18	v	 1	 2	10	 3	 2	 1	 1	 0	 1	 1	 0	 2	 2	 1	1079.34	  0.00
703	21	18	v	 1	 2	10	 1	 1	 1	 1	 1	 1	 1	 0	 2	 2	 1	945.77	  0.00
704	21	18	v	 1	 2	11	 1	 1	 3	 2	 1	 1	 1	 0	 2	 2	 1	870.43	  0.00
705	21	18	v	 1	 2	11	 0	 1	 1	 1	 0	 1	 1	 0	 2	 2	 1	1243.41	  0.00
706	21	18	v	 1	 2	11	 0	 1	 0	 1	 1	 1	 1	 0	 2	 2	 1	596.04	  0.00
707	21	18	v	 1	 2	11	 3	 2	 0	 1	 1	 1	 1	 0	 1	 1	 1	618.64	  0.00
708	21	18	v	 1	 2	11	 0	 1	 1	 1	 0	 1	 1	 0	 2	 2	 1	518.91	  0.00
709	21	18	v	 1	 2	11	 2	 2	 0	 1	 1	 1	 1	 0	 1	 1	 1	745.37	  0.00
710	21	18	v	 1	 2	11	 0	 1	 2	 2	 1	 1	 1	 0	 2	 2	 1	702.66	  0.00
711	21	18	v	 1	 2	11	 1	 1	 3	 2	 0	 1	 1	 0	 1	 2	 0	692.63	  0.00
712	21	18	v	 1	 2	11	 2	 2	 1	 1	 1	 1	 1	 0	 1	 1	 1	723.28	  0.00
713	21	18	v	 1	 2	11	 2	 2	 0	 1	 0	 1	 1	 0	 2	 2	 1	826.24	  0.00
714	21	18	v	 1	 2	11	 1	 1	 3	 2	 0	 1	 1	 0	 1	 1	 1	767.00	  0.00
715	21	18	v	 1	 2	11	 0	 1	 3	 2	 0	 1	 1	 0	 1	 1	 1	487.47	  0.00
716	21	18	v	 1	 2	11	 3	 2	 3	 2	 1	 1	 1	 0	 1	 1	 1	583.73	  0.00
717	21	18	v	 1	 2	11	 3	 2	 2	 2	 1	 1	 1	 0	 1	 1	 1	426.71	  0.00
718	21	18	v	 1	 2	11	 2	 2	 3	 2	 1	 1	 1	 0	 1	 1	 1	343.66	  0.00
719	21	18	v	 1	 2	11	 1	 1	 2	 2	 0	 1	 1	 0	 1	 1	 1	758.41	  0.00
720	21	18	v	 1	 2	11	 0	 1	 2	 2	 0	 1	 1	 0	 1	 1	 1	389.01	  0.00
721	21	18	v	 1	 2	11	 0	 1	 0	 1	 0	 1	 1	 0	 2	 2	 1	518.12	  0.00
722	21	18	v	 1	 2	11	 1	 1	 1	 1	 1	 1	 1	 0	 2	 2	 1	711.02	  0.00
723	21	18	v	 1	 2	11	 2	 2	 3	 2	 1	 1	 1	 0	 1	 1	 1	603.12	  0.00
724	21	18	v	 1	 2	11	 3	 2	 1	 1	 0	 1	 1	 0	 2	 2	 1	1017.43	  0.00
725	21	18	v	 1	 2	11	 2	 2	 1	 1	 1	 1	 1	 0	 1	 1	 1	672.04	  0.00
726	21	18	v	 1	 2	11	 2	 2	 2	 2	 1	 1	 1	 0	 1	 1	 1	408.77	  0.00
727	21	18	v	 1	 2	11	 3	 2	 0	 1	 0	 1	 1	 0	 2	 2	 1	717.67	  0.00
728	21	18	v	 1	 2	11	 1	 1	 1	 1	 1	 1	 1	 0	 2	 1	 0	528.03	  0.00
729	21	18	v	 1	 2	11	 3	 2	 2	 2	 0	 1	 1	 0	 1	 1	 1	673.19	  0.00
730	21	18	v	 1	 2	11	 3	 2	 0	 1	 1	 1	 1	 0	 1	 1	 1	678.19	  0.00
731	21	18	v	 1	 2	11	 3	 2	 1	 1	 1	 1	 1	 0	 1	 1	 1	415.13	  0.00
732	21	18	v	 1	 2	11	 1	 1	 2	 2	 1	 1	 1	 0	 2	 2	 1	511.65	  0.00
733	21	18	v	 1	 2	11	 3	 2	 2	 2	 0	 1	 1	 0	 1	 1	 1	754.73	  0.00
734	21	18	v	 1	 2	11	 2	 2	 3	 2	 0	 1	 1	 0	 1	 1	 1	516.07	  0.00
735	21	18	v	 1	 2	11	 3	 2	 0	 1	 0	 1	 1	 0	 2	 2	 1	506.18	  0.00
736	21	18	v	 1	 2	11	 2	 2	 0	 1	 0	 1	 1	 0	 2	 2	 1	577.96	  0.00
737	21	18	v	 1	 2	11	 1	 1	 3	 2	 1	 1	 1	 0	 2	 1	 0	502.66	  0.00
738	21	18	v	 1	 2	11	 1	 1	 2	 2	 0	 1	 1	 0	 1	 1	 1	623.43	  0.00
739	21	18	v	 1	 2	11	 1	 1	 2	 2	 1	 1	 1	 0	 2	 2	 1	734.17	  0.00
740	21	18	v	 1	 2	11	 1	 1	 0	 1	 0	 1	 1	 0	 2	 2	 1	618.52	  0.00
741	21	18	v	 1	 2	11	 0	 1	 2	 2	 1	 1	 1	 0	 2	 2	 1	624.75	  0.00
742	21	18	v	 1	 2	11	 1	 1	 0	 1	 1	 1	 1	 0	 2	 2	 1	443.36	  0.00
743	21	18	v	 1	 2	11	 1	 1	 1	 1	 0	 1	 1	 0	 2	 2	 1	931.16	  0.00
744	21	18	v	 1	 2	11	 3	 2	 3	 2	 0	 1	 1	 0	 1	 2	 0	553.59	  0.00
745	21	18	v	 1	 2	11	 1	 1	 0	 1	 0	 1	 1	 0	 2	 2	 1	829.31	  0.00
746	21	18	v	 1	 2	11	 3	 2	 1	 1	 0	 1	 1	 0	 2	 2	 1	566.07	  0.00
747	21	18	v	 1	 2	11	 2	 2	 2	 2	 0	 1	 1	 0	 1	 1	 1	531.53	  0.00
748	21	18	v	 1	 2	11	 0	 1	 3	 2	 0	 1	 1	 0	 1	 1	 1	626.70	  0.00
749	21	18	v	 1	 2	11	 0	 1	 0	 1	 1	 1	 1	 0	 2	 2	 1	706.45	  0.00
750	21	18	v	 1	 2	11	 2	 2	 1	 1	 0	 1	 1	 0	 2	 1	 0	590.22	  0.00
751	21	18	v	 1	 2	11	 1	 1	 1	 1	 0	 1	 1	 0	 2	 2	 1	816.84	  0.00
752	21	18	v	 1	 2	11	 2	 2	 2	 2	 0	 1	 1	 0	 1	 1	 1	586.11	  0.00
753	21	18	v	 1	 2	11	 3	 2	 1	 1	 1	 1	 1	 0	 1	 1	 1	641.38	  0.00
754	21	18	v	 1	 2	11	 3	 2	 3	 2	 0	 1	 1	 0	 1	 1	 1	688.54	  0.00
755	21	18	v	 1	 2	11	 2	 2	 1	 1	 0	 1	 1	 0	 2	 2	 1	678.38	  0.00
756	21	18	v	 1	 2	11	 0	 1	 1	 1	 1	 1	 1	 0	 2	 2	 1	724.44	  0.00
757	21	18	v	 1	 2	11	 1	 1	 0	 1	 1	 1	 1	 0	 2	 2	 1	542.87	  0.00
758	21	18	v	 1	 2	11	 0	 1	 3	 2	 1	 1	 1	 0	 2	 2	 1	492.12	  0.00
759	21	18	v	 1	 2	11	 0	 1	 3	 2	 1	 1	 1	 0	 2	 2	 1	490.47	  0.00
760	21	18	v	 1	 2	11	 0	 1	 1	 1	 1	 1	 1	 0	 2	 2	 1	456.11	  0.00
761	21	18	v	 1	 2	11	 0	 1	 2	 2	 0	 1	 1	 0	 1	 1	 1	617.65	  0.00
762	21	18	v	 1	 2	11	 2	 2	 2	 2	 1	 1	 1	 0	 1	 1	 1	648.42	  0.00
763	21	18	v	 1	 2	11	 2	 2	 3	 2	 0	 1	 1	 0	 1	 1	 1	417.01	  0.00
764	21	18	v	 1	 2	11	 0	 1	 0	 1	 0	 1	 1	 0	 2	 2	 1	521.46	  0.00
765	21	18	v	 1	 2	11	 3	 2	 3	 2	 1	 1	 1	 0	 1	 1	 1	699.27	  0.00
766	21	18	v	 1	 2	11	 2	 2	 0	 1	 1	 1	 1	 0	 1	 1	 1	379.11	  0.00
767	21	18	v	 1	 2	11	 3	 2	 2	 2	 1	 1	 1	 0	 1	 1	 1	410.11	  0.00
768	21	18	v	 1	 2	12	 0	 1	 2	 2	 0	 1	 1	 0	 1	 2	 0	457.18	  0.00
769	21	18	v	 1	 2	12	 3	 2	 3	 2	 1	 1	 1	 0	 1	 1	 1	431.43	  0.00
770	21	18	v	 1	 2	12	 2	 2	 1	 1	 1	 1	 1	 0	 1	 1	 1	364.59	  0.00
771	21	18	v	 1	 2	12	 2	 2	 2	 2	 0	 1	 1	 0	 1	 1	 1	363.06	  0.00
772	21	18	v	 1	 2	12	 2	 2	 3	 2	 1	 1	 1	 0	 1	 1	 1	532.90	  0.00
773	21	18	v	 1	 2	12	 0	 1	 0	 1	 1	 1	 1	 0	 2	 1	 0	456.73	  0.00
774	21	18	v	 1	 2	12	 1	 1	 3	 2	 0	 1	 1	 0	 1	 1	 1	593.74	  0.00
775	21	18	v	 1	 2	12	 1	 1	 3	 2	 0	 1	 1	 0	 1	 1	 1	428.72	  0.00
776	21	18	v	 1	 2	12	 1	 1	 1	 1	 0	 1	 1	 0	 2	 2	 1	557.73	  0.00
777	21	18	v	 1	 2	12	 2	 2	 2	 2	 1	 1	 1	 0	 1	 1	 1	637.48	  0.00
778	21	18	v	 1	 2	12	 2	 2	 2	 2	 1	 1	 1	 0	 1	 1	 1	406.97	  0.00
779	21	18	v	 1	 2	12	 1	 1	 2	 2	 0	 1	 1	 0	 1	 1	 1	642.22	  0.00
780	21	18	v	 1	 2	12	 1	 1	 0	 1	 0	 1	 1	 0	 2	 1	 0	672.94	  0.00
781	21	18	v	 1	 2	12	 0	 1	 2	 2	 0	 1	 1	 0	 1	 1	 1	972.91	  0.00
782	21	18	v	 1	 2	12	 2	 2	 1	 1	 1	 1	 1	 0	 1	 1	 1	610.47	  0.00
783	21	18	v	 1	 2	12	 2	 2	 2	 2	 0	 1	 1	 0	 1	 1	 1	339.32	  0.00
784	21	18	v	 1	 2	12	 3	 2	 2	 2	 1	 1	 1	 0	 1	 1	 1	517.39	  0.00
785	21	18	v	 1	 2	12	 3	 2	 1	 1	 1	 1	 1	 0	 1	 1	 1	401.20	  0.00
786	21	18	v	 1	 2	12	 2	 2	 1	 1	 0	 1	 1	 0	 2	 1	 0	669.09	  0.00
787	21	18	v	 1	 2	12	 2	 2	 3	 2	 1	 1	 1	 0	 1	 1	 1	422.32	  0.00
788	21	18	v	 1	 2	12	 2	 2	 0	 1	 0	 1	 1	 0	 2	 2	 1	543.24	  0.00
789	21	18	v	 1	 2	12	 0	 1	 3	 2	 0	 1	 1	 0	 1	 1	 1	614.81	  0.00
790	21	18	v	 1	 2	12	 3	 2	 0	 1	 1	 1	 1	 0	 1	 1	 1	482.43	  0.00
791	21	18	v	 1	 2	12	 3	 2	 0	 1	 1	 1	 1	 0	 1	 1	 1	422.39	  0.00
792	21	18	v	 1	 2	12	 3	 2	 2	 2	 0	 1	 1	 0	 1	 1	 1	649.49	  0.00
793	21	18	v	 1	 2	12	 1	 1	 1	 1	 1	 1	 1	 0	 2	 2	 1	968.52	  0.00
794	21	18	v	 1	 2	12	 2	 2	 0	 1	 1	 1	 1	 0	 1	 1	 1	664.02	  0.00
795	21	18	v	 1	 2	12	 3	 2	 0	 1	 0	 1	 1	 0	 2	 2	 1	1192.71	  0.00
796	21	18	v	 1	 2	12	 1	 1	 2	 2	 1	 1	 1	 0	 2	 1	 0	463.73	  0.00
797	21	18	v	 1	 2	12	 0	 1	 1	 1	 0	 1	 1	 0	 2	 2	 1	698.77	  0.00
798	21	18	v	 1	 2	12	 3	 2	 2	 2	 0	 1	 1	 0	 1	 1	 1	549.91	  0.00
799	21	18	v	 1	 2	12	 0	 1	 3	 2	 1	 1	 1	 0	 2	 1	 0	490.99	  0.00
800	21	18	v	 1	 2	12	 2	 2	 0	 1	 1	 1	 1	 0	 1	 1	 1	382.18	  0.00
801	21	18	v	 1	 2	12	 3	 2	 3	 2	 0	 1	 1	 0	 1	 1	 1	617.35	  0.00
802	21	18	v	 1	 2	12	 1	 1	 1	 1	 0	 1	 1	 0	 2	 2	 1	615.45	  0.00
803	21	18	v	 1	 2	12	 0	 1	 0	 1	 0	 1	 1	 0	 2	 2	 1	474.87	  0.00
804	21	18	v	 1	 2	12	 0	 1	 0	 1	 0	 1	 1	 0	 2	 2	 1	416.10	  0.00
805	21	18	v	 1	 2	12	 0	 1	 3	 2	 1	 1	 1	 0	 2	 2	 1	675.61	  0.00
806	21	18	v	 1	 2	12	 0	 1	 1	 1	 1	 1	 1	 0	 2	 2	 1	461.47	  0.00
807	21	18	v	 1	 2	12	 1	 1	 2	 2	 0	 1	 1	 0	 1	 1	 1	892.28	  0.00
808	21	18	v	 1	 2	12	 0	 1	 2	 2	 1	 1	 1	 0	 2	 2	 1	669.84	  0.00
809	21	18	v	 1	 2	12	 2	 2	 1	 1	 0	 1	 1	 0	 2	 2	 1	723.98	  0.00
810	21	18	v	 1	 2	12	 2	 2	 3	 2	 0	 1	 1	 0	 1	 2	 0	575.05	  0.00
811	21	18	v	 1	 2	12	 3	 2	 1	 1	 0	 1	 1	 0	 2	 2	 1	752.77	  0.00
812	21	18	v	 1	 2	12	 1	 1	 0	 1	 1	 1	 1	 0	 2	 2	 1	726.25	  0.00
813	21	18	v	 1	 2	12	 3	 2	 1	 1	 1	 1	 1	 0	 1	 1	 1	569.17	  0.00
814	21	18	v	 1	 2	12	 0	 1	 1	 1	 1	 1	 1	 0	 2	 2	 1	836.57	  0.00
815	21	18	v	 1	 2	12	 1	 1	 2	 2	 1	 1	 1	 0	 2	 2	 1	442.51	  0.00
816	21	18	v	 1	 2	12	 0	 1	 0	 1	 1	 1	 1	 0	 2	 2	 1	399.44	  0.00
817	21	18	v	 1	 2	12	 1	 1	 0	 1	 1	 1	 1	 0	 2	 2	 1	332.45	  0.00
818	21	18	v	 1	 2	12	 3	 2	 1	 1	 0	 1	 1	 0	 2	 2	 1	722.66	  0.00
819	21	18	v	 1	 2	12	 1	 1	 0	 1	 0	 1	 1	 0	 2	 2	 1	565.60	  0.00
820	21	18	v	 1	 2	12	 0	 1	 3	 2	 0	 1	 1	 0	 1	 1	 1	759.60	  0.00
821	21	18	v	 1	 2	12	 0	 1	 2	 2	 1	 1	 1	 0	 2	 2	 1	1402.17	  0.00
822	21	18	v	 1	 2	12	 0	 1	 1	 1	 0	 1	 1	 0	 2	 2	 1	648.49	  0.00
823	21	18	v	 1	 2	12	 3	 2	 2	 2	 1	 1	 1	 0	 1	 1	 1	556.60	  0.00
824	21	18	v	 1	 2	12	 3	 2	 3	 2	 0	 1	 1	 0	 1	 1	 1	408.15	  0.00
825	21	18	v	 1	 2	12	 1	 1	 3	 2	 1	 1	 1	 0	 2	 2	 1	650.37	  0.00
826	21	18	v	 1	 2	12	 1	 1	 3	 2	 1	 1	 1	 0	 2	 2	 1	664.77	  0.00
827	21	18	v	 1	 2	12	 2	 2	 0	 1	 0	 1	 1	 0	 2	 2	 1	817.81	  0.00
828	21	18	v	 1	 2	12	 1	 1	 1	 1	 1	 1	 1	 0	 2	 2	 1	595.16	  0.00
829	21	18	v	 1	 2	12	 3	 2	 3	 2	 1	 1	 1	 0	 1	 1	 1	520.10	  0.00
830	21	18	v	 1	 2	12	 3	 2	 0	 1	 0	 1	 1	 0	 2	 2	 1	681.58	  0.00
831	21	18	v	 1	 2	12	 2	 2	 3	 2	 0	 1	 1	 0	 1	 1	 1	850.94	  0.00
832	21	18	v	 1	 2	13	 3	 2	 2	 2	 1	 1	 1	 0	 1	 1	 1	644.72	  0.00
833	21	18	v	 1	 2	13	 0	 1	 0	 1	 0	 1	 1	 0	 2	 1	 0	641.74	  0.00
834	21	18	v	 1	 2	13	 1	 1	 3	 2	 1	 1	 1	 0	 2	 2	 1	664.12	  0.00
835	21	18	v	 1	 2	13	 1	 1	 0	 1	 0	 1	 1	 0	 2	 2	 1	425.74	  0.00
836	21	18	v	 1	 2	13	 3	 2	 1	 1	 0	 1	 1	 0	 2	 2	 1	415.99	  0.00
837	21	18	v	 1	 2	13	 2	 2	 3	 2	 0	 1	 1	 0	 1	 1	 1	602.10	  0.00
838	21	18	v	 1	 2	13	 2	 2	 1	 1	 0	 1	 1	 0	 2	 2	 1	551.31	  0.00
839	21	18	v	 1	 2	13	 2	 2	 1	 1	 1	 1	 1	 0	 1	 1	 1	737.21	  0.00
840	21	18	v	 1	 2	13	 3	 2	 3	 2	 0	 1	 1	 0	 1	 2	 0	677.87	  0.00
841	21	18	v	 1	 2	13	 0	 1	 0	 1	 0	 1	 1	 0	 2	 2	 1	691.36	  0.00
842	21	18	v	 1	 2	13	 1	 1	 1	 1	 1	 1	 1	 0	 2	 1	 0	485.23	  0.00
843	21	18	v	 1	 2	13	 3	 2	 2	 2	 0	 1	 1	 0	 1	 1	 1	679.62	  0.00
844	21	18	v	 1	 2	13	 0	 1	 2	 2	 0	 1	 1	 0	 1	 1	 1	391.96	  0.00
845	21	18	v	 1	 2	13	 2	 2	 3	 2	 1	 1	 1	 0	 1	 1	 1	512.76	  0.00
846	21	18	v	 1	 2	13	 0	 1	 2	 2	 1	 1	 1	 0	 2	 2	 1	543.84	  0.00
847	21	18	v	 1	 2	13	 2	 2	 1	 1	 1	 1	 1	 0	 1	 1	 1	574.51	  0.00
848	21	18	v	 1	 2	13	 2	 2	 1	 1	 0	 1	 1	 0	 2	 2	 1	499.47	  0.00
849	21	18	v	 1	 2	13	 2	 2	 2	 2	 0	 1	 1	 0	 1	 1	 1	563.08	  0.00
850	21	18	v	 1	 2	13	 3	 2	 0	 1	 1	 1	 1	 0	 1	 1	 1	478.19	  0.00
851	21	18	v	 1	 2	13	 3	 2	 3	 2	 1	 1	 1	 0	 1	 1	 1	419.92	  0.00
852	21	18	v	 1	 2	13	 1	 1	 3	 2	 0	 1	 1	 0	 1	 1	 1	638.52	  0.00
853	21	18	v	 1	 2	13	 2	 2	 0	 1	 0	 1	 1	 0	 2	 2	 1	579.55	  0.00
854	21	18	v	 1	 2	13	 0	 1	 1	 1	 0	 1	 1	 0	 2	 1	 0	569.56	  0.00
855	21	18	v	 1	 2	13	 0	 1	 3	 2	 1	 1	 1	 0	 2	 2	 1	624.86	  0.00
856	21	18	v	 1	 2	13	 0	 1	 3	 2	 0	 1	 1	 0	 1	 2	 0	484.36	  0.00
857	21	18	v	 1	 2	13	 1	 1	 0	 1	 1	 1	 1	 0	 2	 2	 1	441.70	  0.00
858	21	18	v	 1	 2	13	 3	 2	 3	 2	 0	 1	 1	 0	 1	 2	 0	595.23	  0.00
859	21	18	v	 1	 2	13	 0	 1	 1	 1	 1	 1	 1	 0	 2	 2	 1	551.62	  0.00
860	21	18	v	 1	 2	13	 3	 2	 2	 2	 1	 1	 1	 0	 1	 1	 1	745.64	  0.00
861	21	18	v	 1	 2	13	 0	 1	 1	 1	 1	 1	 1	 0	 2	 2	 1	588.54	  0.00
862	21	18	v	 1	 2	13	 2	 2	 0	 1	 1	 1	 1	 0	 1	 2	 0	472.51	  0.00
863	21	18	v	 1	 2	13	 1	 1	 1	 1	 0	 1	 1	 0	 2	 2	 1	740.18	  0.00
864	21	18	v	 1	 2	13	 3	 2	 1	 1	 0	 1	 1	 0	 2	 2	 1	411.72	  0.00
865	21	18	v	 1	 2	13	 0	 1	 0	 1	 1	 1	 1	 0	 2	 1	 0	524.37	  0.00
866	21	18	v	 1	 2	13	 3	 2	 0	 1	 0	 1	 1	 0	 2	 2	 1	922.44	  0.00
867	21	18	v	 1	 2	13	 0	 1	 2	 2	 0	 1	 1	 0	 1	 1	 1	634.55	  0.00
868	21	18	v	 1	 2	13	 1	 1	 2	 2	 1	 1	 1	 0	 2	 2	 1	884.48	  0.00
869	21	18	v	 1	 2	13	 1	 1	 1	 1	 0	 1	 1	 0	 2	 2	 1	808.93	  0.00
870	21	18	v	 1	 2	13	 1	 1	 0	 1	 1	 1	 1	 0	 2	 2	 1	529.33	  0.00
871	21	18	v	 1	 2	13	 1	 1	 2	 2	 1	 1	 1	 0	 2	 2	 1	494.91	  0.00
872	21	18	v	 1	 2	13	 1	 1	 3	 2	 0	 1	 1	 0	 1	 1	 1	827.83	  0.00
873	21	18	v	 1	 2	13	 3	 2	 1	 1	 1	 1	 1	 0	 1	 1	 1	605.07	  0.00
874	21	18	v	 1	 2	13	 3	 2	 2	 2	 0	 1	 1	 0	 1	 1	 1	538.21	  0.00
875	21	18	v	 1	 2	13	 1	 1	 3	 2	 1	 1	 1	 0	 2	 2	 1	682.13	  0.00
876	21	18	v	 1	 2	13	 1	 1	 0	 1	 0	 1	 1	 0	 2	 2	 1	541.60	  0.00
877	21	18	v	 1	 2	13	 0	 1	 3	 2	 0	 1	 1	 0	 1	 1	 1	637.73	  0.00
878	21	18	v	 1	 2	13	 2	 2	 0	 1	 0	 1	 1	 0	 2	 2	 1	896.98	  0.00
879	21	18	v	 1	 2	13	 0	 1	 1	 1	 0	 1	 1	 0	 2	 2	 1	535.60	  0.00
880	21	18	v	 1	 2	13	 0	 1	 3	 2	 1	 1	 1	 0	 2	 2	 1	623.66	  0.00
881	21	18	v	 1	 2	13	 1	 1	 2	 2	 0	 1	 1	 0	 1	 1	 1	801.33	  0.00
882	21	18	v	 1	 2	13	 3	 2	 0	 1	 1	 1	 1	 0	 1	 1	 1	383.02	  0.00
883	21	18	v	 1	 2	13	 2	 2	 0	 1	 1	 1	 1	 0	 1	 1	 1	397.82	  0.00
884	21	18	v	 1	 2	13	 0	 1	 0	 1	 1	 1	 1	 0	 2	 2	 1	664.57	  0.00
885	21	18	v	 1	 2	13	 3	 2	 0	 1	 0	 1	 1	 0	 2	 2	 1	540.20	  0.00
886	21	18	v	 1	 2	13	 3	 2	 1	 1	 1	 1	 1	 0	 1	 1	 1	570.07	  0.00
887	21	18	v	 1	 2	13	 2	 2	 2	 2	 0	 1	 1	 0	 1	 1	 1	544.82	  0.00
888	21	18	v	 1	 2	13	 1	 1	 1	 1	 1	 1	 1	 0	 2	 2	 1	600.09	  0.00
889	21	18	v	 1	 2	13	 3	 2	 3	 2	 1	 1	 1	 0	 1	 2	 0	892.01	  0.00
890	21	18	v	 1	 2	13	 2	 2	 2	 2	 1	 1	 1	 0	 1	 1	 1	530.69	  0.00
891	21	18	v	 1	 2	13	 0	 1	 2	 2	 1	 1	 1	 0	 2	 2	 1	528.92	  0.00
892	21	18	v	 1	 2	13	 2	 2	 2	 2	 1	 1	 1	 0	 1	 1	 1	559.80	  0.00
893	21	18	v	 1	 2	13	 2	 2	 3	 2	 1	 1	 1	 0	 1	 1	 1	336.52	  0.00
894	21	18	v	 1	 2	13	 1	 1	 2	 2	 0	 1	 1	 0	 1	 1	 1	571.86	  0.00
895	21	18	v	 1	 2	13	 2	 2	 3	 2	 0	 1	 1	 0	 1	 1	 1	512.83	  0.00
