00	36	18	v	 1	 1	 0	 0	 1	 3	 2	 0	 0	 0	 1	 1	 1	 1	965.51	  0.00
01	36	18	v	 1	 1	 0	 1	 1	 1	 1	 1	 0	 0	 1	 1	 1	 1	562.87	  0.00
02	36	18	v	 1	 1	 0	 0	 1	 2	 2	 0	 0	 0	 1	 1	 1	 1	565.63	  0.00
03	36	18	v	 1	 1	 0	 0	 1	 0	 1	 0	 0	 0	 1	 1	 1	 1	504.01	  0.00
04	36	18	v	 1	 1	 0	 3	 2	 2	 2	 0	 0	 0	 1	 2	 2	 1	525.91	  0.00
05	36	18	v	 1	 1	 0	 2	 2	 0	 1	 1	 0	 0	 1	 2	 2	 1	342.87	  0.00
06	36	18	v	 1	 1	 0	 3	 2	 0	 1	 0	 0	 0	 1	 2	 2	 1	348.70	  0.00
07	36	18	v	 1	 1	 0	 2	 2	 1	 1	 0	 0	 0	 1	 2	 2	 1	355.00	  0.00
08	36	18	v	 1	 1	 0	 3	 2	 0	 1	 1	 0	 0	 1	 2	 2	 1	393.01	  0.00
09	36	18	v	 1	 1	 0	 0	 1	 3	 2	 1	 0	 0	 1	 1	 1	 1	577.68	  0.00
10	36	18	v	 1	 1	 0	 1	 1	 2	 2	 0	 0	 0	 1	 1	 1	 1	450.08	  0.00
11	36	18	v	 1	 1	 0	 1	 1	 1	 1	 0	 0	 0	 1	 1	 1	 1	422.75	  0.00
12	36	18	v	 1	 1	 0	 2	 2	 3	 2	 0	 0	 0	 1	 2	 2	 1	508.67	  0.00
13	36	18	v	 1	 1	 0	 2	 2	 3	 2	 0	 0	 0	 1	 2	 2	 1	442.20	  0.00
14	36	18	v	 1	 1	 0	 2	 2	 0	 1	 0	 0	 0	 1	 2	 2	 1	360.48	  0.00
15	36	18	v	 1	 1	 0	 1	 1	 2	 2	 1	 0	 0	 1	 1	 1	 1	542.51	  0.00
16	36	18	v	 1	 1	 0	 1	 1	 0	 1	 1	 0	 0	 1	 1	 1	 1	396.23	  0.00
17	36	18	v	 1	 1	 0	 3	 2	 3	 2	 0	 0	 0	 1	 2	 1	 0	354.12	  0.00
18	36	18	v	 1	 1	 0	 3	 2	 1	 1	 0	 0	 0	 1	 2	 2	 1	503.16	  0.00
19	36	18	v	 1	 1	 0	 0	 1	 0	 1	 1	 0	 0	 1	 1	 1	 1	468.40	  0.00
20	36	18	v	 1	 1	 0	 2	 2	 3	 2	 1	 0	 0	 1	 2	 2	 1	626.81	  0.00
21	36	18	v	 1	 1	 0	 1	 1	 3	 2	 1	 0	 0	 1	 1	 1	 1	552.40	  0.00
22	36	18	v	 1	 1	 0	 1	 1	 0	 1	 1	 0	 0	 1	 1	 1	 1	1486.16	  0.00
23	36	18	v	 1	 1	 0	 3	 2	 1	 1	 0	 0	 0	 1	 2	 2	 1	505.73	  0.00
24	36	18	v	 1	 1	 0	 3	 2	 0	 1	 0	 0	 0	 1	 2	 2	 1	535.26	  0.00
25	36	18	v	 1	 1	 0	 2	 2	 1	 1	 0	 0	 0	 1	 2	 2	 1	589.04	  0.00
26	36	18	v	 1	 1	 0	 0	 1	 1	 1	 0	 0	 0	 1	 1	 1	 1	538.68	  0.00
27	36	18	v	 1	 1	 0	 0	 1	 2	 2	 1	 0	 0	 1	 1	 1	 1	448.52	  0.00
28	36	18	v	 1	 1	 0	 2	 2	 1	 1	 1	 0	 0	 1	 2	 2	 1	638.07	  0.00
29	36	18	v	 1	 1	 0	 2	 2	 2	 2	 0	 0	 0	 1	 2	 2	 1	1075.96	  0.00
30	36	18	v	 1	 1	 0	 0	 1	 2	 2	 1	 0	 0	 1	 1	 1	 1	439.85	  0.00
31	36	18	v	 1	 1	 0	 0	 1	 3	 2	 0	 0	 0	 1	 1	 1	 1	573.67	  0.00
32	36	18	v	 1	 1	 0	 1	 1	 1	 1	 1	 0	 0	 1	 1	 1	 1	427.56	  0.00
33	36	18	v	 1	 1	 0	 1	 1	 0	 1	 0	 0	 0	 1	 1	 1	 1	529.37	  0.00
34	36	18	v	 1	 1	 0	 0	 1	 1	 1	 0	 0	 0	 1	 1	 1	 1	655.15	  0.00
35	36	18	v	 1	 1	 0	 3	 2	 2	 2	 0	 0	 0	 1	 2	 2	 1	596.69	  0.00
36	36	18	v	 1	 1	 0	 2	 2	 1	 1	 1	 0	 0	 1	 2	 2	 1	537.67	  0.00
37	36	18	v	 1	 1	 0	 1	 1	 2	 2	 1	 0	 0	 1	 1	 1	 1	1191.20	  0.00
38	36	18	v	 1	 1	 0	 1	 1	 3	 2	 1	 0	 0	 1	 1	 1	 1	563.43	  0.00
39	36	18	v	 1	 1	 0	 3	 2	 1	 1	 1	 0	 0	 1	 2	 2	 1	545.64	  0.00
40	36	18	v	 1	 1	 0	 2	 2	 2	 2	 0	 0	 0	 1	 2	 2	 1	583.20	  0.00
41	36	18	v	 1	 1	 0	 0	 1	 0	 1	 0	 0	 0	 1	 1	 1	 1	1341.14	  0.00
42	36	18	v	 1	 1	 0	 3	 2	 2	 2	 1	 0	 0	 1	 2	 2	 1	633.52	  0.00
43	36	18	v	 1	 1	 0	 2	 2	 3	 2	 1	 0	 0	 1	 2	 2	 1	590.31	  0.00
44	36	18	v	 1	 1	 0	 2	 2	 2	 2	 1	 0	 0	 1	 2	 2	 1	395.95	  0.00
45	36	18	v	 1	 1	 0	 1	 1	 3	 2	 0	 0	 0	 1	 1	 1	 1	457.88	  0.00
46	36	18	v	 1	 1	 0	 3	 2	 3	 2	 1	 0	 0	 1	 2	 2	 1	543.79	  0.00
47	36	18	v	 1	 1	 0	 1	 1	 1	 1	 0	 0	 0	 1	 1	 1	 1	677.58	  0.00
48	36	18	v	 1	 1	 0	 3	 2	 3	 2	 1	 0	 0	 1	 2	 2	 1	659.09	  0.00
49	36	18	v	 1	 1	 0	 2	 2	 0	 1	 0	 0	 0	 1	 2	 2	 1	640.63	  0.00
50	36	18	v	 1	 1	 0	 3	 2	 2	 2	 1	 0	 0	 1	 2	 2	 1	981.28	  0.00
51	36	18	v	 1	 1	 0	 0	 1	 2	 2	 0	 0	 0	 1	 1	 1	 1	498.40	  0.00
52	36	18	v	 1	 1	 0	 0	 1	 1	 1	 1	 0	 0	 1	 1	 1	 1	576.20	  0.00
53	36	18	v	 1	 1	 0	 3	 2	 0	 1	 1	 0	 0	 1	 2	 2	 1	573.91	  0.00
54	36	18	v	 1	 1	 0	 0	 1	 0	 1	 1	 0	 0	 1	 1	 1	 1	619.49	  0.00
55	36	18	v	 1	 1	 0	 1	 1	 3	 2	 0	 0	 0	 1	 1	 1	 1	513.24	  0.00
56	36	18	v	 1	 1	 0	 1	 1	 2	 2	 0	 0	 0	 1	 1	 1	 1	495.00	  0.00
57	36	18	v	 1	 1	 0	 0	 1	 3	 2	 1	 0	 0	 1	 1	 1	 1	795.93	  0.00
58	36	18	v	 1	 1	 0	 2	 2	 0	 1	 1	 0	 0	 1	 2	 2	 1	1177.24	  0.00
59	36	18	v	 1	 1	 0	 3	 2	 3	 2	 0	 0	 0	 1	 2	 2	 1	374.03	  0.00
60	36	18	v	 1	 1	 0	 3	 2	 1	 1	 1	 0	 0	 1	 2	 2	 1	332.03	  0.00
61	36	18	v	 1	 1	 0	 0	 1	 1	 1	 1	 0	 0	 1	 1	 1	 1	1058.09	  0.00
62	36	18	v	 1	 1	 0	 2	 2	 2	 2	 1	 0	 0	 1	 2	 2	 1	990.18	  0.00
63	36	18	v	 1	 1	 0	 1	 1	 0	 1	 0	 0	 0	 1	 1	 1	 1	554.97	  0.00
64	36	18	v	 1	 1	 1	 2	 2	 2	 2	 1	 0	 0	 1	 2	 2	 1	892.24	  0.00
65	36	18	v	 1	 1	 1	 0	 1	 0	 1	 1	 0	 0	 1	 1	 1	 1	513.98	  0.00
66	36	18	v	 1	 1	 1	 2	 2	 1	 1	 0	 0	 0	 1	 2	 2	 1	464.24	  0.00
67	36	18	v	 1	 1	 1	 2	 2	 1	 1	 1	 0	 0	 1	 2	 2	 1	406.63	  0.00
68	36	18	v	 1	 1	 1	 3	 2	 0	 1	 0	 0	 0	 1	 2	 2	 1	453.07	  0.00
69	36	18	v	 1	 1	 1	 1	 1	 3	 2	 0	 0	 0	 1	 1	 1	 1	474.48	  0.00
70	36	18	v	 1	 1	 1	 2	 2	 2	 2	 0	 0	 0	 1	 2	 2	 1	448.77	  0.00
71	36	18	v	 1	 1	 1	 0	 1	 1	 1	 1	 0	 0	 1	 1	 1	 1	479.17	  0.00
72	36	18	v	 1	 1	 1	 2	 2	 0	 1	 0	 0	 0	 1	 2	 2	 1	565.54	  0.00
73	36	18	v	 1	 1	 1	 1	 1	 0	 1	 0	 0	 0	 1	 1	 1	 1	442.99	  0.00
74	36	18	v	 1	 1	 1	 0	 1	 3	 2	 1	 0	 0	 1	 1	 1	 1	666.13	  0.00
75	36	18	v	 1	 1	 1	 1	 1	 3	 2	 1	 0	 0	 1	 1	 1	 1	504.11	  0.00
76	36	18	v	 1	 1	 1	 3	 2	 2	 2	 0	 0	 0	 1	 2	 2	 1	582.37	  0.00
77	36	18	v	 1	 1	 1	 2	 2	 0	 1	 1	 0	 0	 1	 2	 2	 1	611.64	  0.00
78	36	18	v	 1	 1	 1	 0	 1	 2	 2	 1	 0	 0	 1	 1	 1	 1	521.87	  0.00
79	36	18	v	 1	 1	 1	 3	 2	 0	 1	 1	 0	 0	 1	 2	 2	 1	576.05	  0.00
80	36	18	v	 1	 1	 1	 0	 1	 0	 1	 0	 0	 0	 1	 1	 1	 1	494.34	  0.00
81	36	18	v	 1	 1	 1	 0	 1	 3	 2	 0	 0	 0	 1	 1	 2	 0	540.53	  0.00
82	36	18	v	 1	 1	 1	 0	 1	 2	 2	 0	 0	 0	 1	 1	 1	 1	498.51	  0.00
83	36	18	v	 1	 1	 1	 0	 1	 2	 2	 1	 0	 0	 1	 1	 1	 1	689.05	  0.00
84	36	18	v	 1	 1	 1	 3	 2	 1	 1	 1	 0	 0	 1	 2	 2	 1	415.08	  0.00
85	36	18	v	 1	 1	 1	 2	 2	 1	 1	 1	 0	 0	 1	 2	 2	 1	461.52	  0.00
86	36	18	v	 1	 1	 1	 3	 2	 3	 2	 1	 0	 0	 1	 2	 2	 1	450.78	  0.00
87	36	18	v	 1	 1	 1	 0	 1	 1	 1	 0	 0	 0	 1	 1	 1	 1	440.97	  0.00
88	36	18	v	 1	 1	 1	 3	 2	 2	 2	 1	 0	 0	 1	 2	 2	 1	503.35	  0.00
89	36	18	v	 1	 1	 1	 3	 2	 3	 2	 1	 0	 0	 1	 2	 2	 1	453.85	  0.00
90	36	18	v	 1	 1	 1	 2	 2	 2	 2	 1	 0	 0	 1	 2	 2	 1	412.16	  0.00
91	36	18	v	 1	 1	 1	 2	 2	 3	 2	 1	 0	 0	 1	 2	 2	 1	378.68	  0.00
92	36	18	v	 1	 1	 1	 1	 1	 2	 2	 1	 0	 0	 1	 1	 1	 1	417.10	  0.00
93	36	18	v	 1	 1	 1	 2	 2	 0	 1	 0	 0	 0	 1	 2	 2	 1	623.51	  0.00
94	36	18	v	 1	 1	 1	 3	 2	 1	 1	 0	 0	 0	 1	 2	 2	 1	429.58	  0.00
95	36	18	v	 1	 1	 1	 2	 2	 1	 1	 0	 0	 0	 1	 2	 2	 1	387.50	  0.00
96	36	18	v	 1	 1	 1	 1	 1	 3	 2	 0	 0	 0	 1	 1	 1	 1	481.45	  0.00
97	36	18	v	 1	 1	 1	 1	 1	 1	 1	 1	 0	 0	 1	 1	 1	 1	511.52	  0.00
98	36	18	v	 1	 1	 1	 3	 2	 0	 1	 1	 0	 0	 1	 2	 2	 1	493.83	  0.00
99	36	18	v	 1	 1	 1	 1	 1	 0	 1	 1	 0	 0	 1	 1	 1	 1	660.34	  0.00
100	36	18	v	 1	 1	 1	 2	 2	 3	 2	 1	 0	 0	 1	 2	 2	 1	570.40	  0.00
101	36	18	v	 1	 1	 1	 0	 1	 2	 2	 0	 0	 0	 1	 1	 1	 1	503.94	  0.00
102	36	18	v	 1	 1	 1	 3	 2	 3	 2	 0	 0	 0	 1	 2	 1	 0	614.65	  0.00
103	36	18	v	 1	 1	 1	 1	 1	 0	 1	 1	 0	 0	 1	 1	 1	 1	780.82	  0.00
104	36	18	v	 1	 1	 1	 1	 1	 0	 1	 0	 0	 0	 1	 1	 1	 1	482.87	  0.00
105	36	18	v	 1	 1	 1	 3	 2	 2	 2	 1	 0	 0	 1	 2	 2	 1	368.23	  0.00
106	36	18	v	 1	 1	 1	 3	 2	 2	 2	 0	 0	 0	 1	 2	 2	 1	518.53	  0.00
107	36	18	v	 1	 1	 1	 1	 1	 2	 2	 1	 0	 0	 1	 1	 1	 1	564.85	  0.00
108	36	18	v	 1	 1	 1	 3	 2	 3	 2	 0	 0	 0	 1	 2	 2	 1	331.23	  0.00
109	36	18	v	 1	 1	 1	 3	 2	 1	 1	 0	 0	 0	 1	 2	 2	 1	489.81	  0.00
110	36	18	v	 1	 1	 1	 0	 1	 0	 1	 1	 0	 0	 1	 1	 2	 0	439.91	  0.00
111	36	18	v	 1	 1	 1	 0	 1	 3	 2	 0	 0	 0	 1	 1	 1	 1	630.51	  0.00
112	36	18	v	 1	 1	 1	 1	 1	 3	 2	 1	 0	 0	 1	 1	 1	 1	540.66	  0.00
113	36	18	v	 1	 1	 1	 0	 1	 3	 2	 1	 0	 0	 1	 1	 1	 1	385.47	  0.00
114	36	18	v	 1	 1	 1	 1	 1	 1	 1	 0	 0	 0	 1	 1	 1	 1	408.34	  0.00
115	36	18	v	 1	 1	 1	 2	 2	 2	 2	 0	 0	 0	 1	 2	 2	 1	390.79	  0.00
116	36	18	v	 1	 1	 1	 3	 2	 0	 1	 0	 0	 0	 1	 2	 2	 1	509.23	  0.00
117	36	18	v	 1	 1	 1	 2	 2	 0	 1	 1	 0	 0	 1	 2	 2	 1	387.48	  0.00
118	36	18	v	 1	 1	 1	 0	 1	 1	 1	 0	 0	 0	 1	 1	 1	 1	489.93	  0.00
119	36	18	v	 1	 1	 1	 2	 2	 3	 2	 0	 0	 0	 1	 2	 2	 1	736.18	  0.00
120	36	18	v	 1	 1	 1	 0	 1	 0	 1	 0	 0	 0	 1	 1	 1	 1	518.19	  0.00
121	36	18	v	 1	 1	 1	 1	 1	 1	 1	 0	 0	 0	 1	 1	 1	 1	636.51	  0.00
122	36	18	v	 1	 1	 1	 1	 1	 1	 1	 1	 0	 0	 1	 1	 1	 1	505.74	  0.00
123	36	18	v	 1	 1	 1	 1	 1	 2	 2	 0	 0	 0	 1	 1	 1	 1	447.39	  0.00
124	36	18	v	 1	 1	 1	 3	 2	 1	 1	 1	 0	 0	 1	 2	 2	 1	550.26	  0.00
125	36	18	v	 1	 1	 1	 0	 1	 1	 1	 1	 0	 0	 1	 1	 1	 1	508.55	  0.00
126	36	18	v	 1	 1	 1	 2	 2	 3	 2	 0	 0	 0	 1	 2	 1	 0	402.55	  0.00
127	36	18	v	 1	 1	 1	 1	 1	 2	 2	 0	 0	 0	 1	 1	 1	 1	601.23	  0.00
128	36	18	v	 1	 1	 2	 3	 2	 2	 2	 0	 0	 0	 1	 2	 2	 1	1298.33	  0.00
129	36	18	v	 1	 1	 2	 2	 2	 2	 2	 0	 0	 0	 1	 2	 2	 1	502.96	  0.00
130	36	18	v	 1	 1	 2	 1	 1	 3	 2	 0	 0	 0	 1	 2	 2	 1	612.84	  0.00
131	36	18	v	 1	 1	 2	 3	 2	 0	 1	 0	 0	 0	 1	 1	 1	 1	546.43	  0.00
132	36	18	v	 1	 1	 2	 3	 2	 2	 2	 1	 0	 0	 1	 2	 2	 1	511.23	  0.00
133	36	18	v	 1	 1	 2	 2	 2	 2	 2	 1	 0	 0	 1	 2	 2	 1	428.98	  0.00
134	36	18	v	 1	 1	 2	 1	 1	 1	 1	 0	 0	 0	 1	 1	 1	 1	514.73	  0.00
135	36	18	v	 1	 1	 2	 1	 1	 3	 2	 0	 0	 0	 1	 2	 2	 1	576.60	  0.00
136	36	18	v	 1	 1	 2	 1	 1	 2	 2	 1	 0	 0	 1	 2	 2	 1	462.33	  0.00
137	36	18	v	 1	 1	 2	 2	 2	 0	 1	 0	 0	 0	 1	 1	 1	 1	660.12	  0.00
138	36	18	v	 1	 1	 2	 3	 2	 0	 1	 1	 0	 0	 1	 1	 1	 1	489.77	  0.00
139	36	18	v	 1	 1	 2	 1	 1	 0	 1	 0	 0	 0	 1	 1	 1	 1	406.57	  0.00
140	36	18	v	 1	 1	 2	 0	 1	 2	 2	 0	 0	 0	 1	 2	 1	 0	484.52	  0.00
141	36	18	v	 1	 1	 2	 1	 1	 2	 2	 0	 0	 0	 1	 2	 2	 1	578.29	  0.00
142	36	18	v	 1	 1	 2	 0	 1	 0	 1	 1	 0	 0	 1	 1	 1	 1	527.96	  0.00
143	36	18	v	 1	 1	 2	 2	 2	 0	 1	 1	 0	 0	 1	 1	 1	 1	549.82	  0.00
144	36	18	v	 1	 1	 2	 2	 2	 3	 2	 1	 0	 0	 1	 2	 2	 1	619.50	  0.00
145	36	18	v	 1	 1	 2	 3	 2	 3	 2	 0	 0	 0	 1	 2	 2	 1	736.25	  0.00
146	36	18	v	 1	 1	 2	 3	 2	 2	 2	 1	 0	 0	 1	 2	 1	 0	589.65	  0.00
147	36	18	v	 1	 1	 2	 3	 2	 3	 2	 0	 0	 0	 1	 2	 2	 1	1067.21	  0.00
148	36	18	v	 1	 1	 2	 0	 1	 1	 1	 1	 0	 0	 1	 1	 1	 1	744.32	  0.00
149	36	18	v	 1	 1	 2	 3	 2	 1	 1	 0	 0	 0	 1	 1	 1	 1	533.77	  0.00
150	36	18	v	 1	 1	 2	 2	 2	 0	 1	 1	 0	 0	 1	 1	 1	 1	739.57	  0.00
151	36	18	v	 1	 1	 2	 2	 2	 1	 1	 0	 0	 0	 1	 1	 1	 1	728.21	  0.00
152	36	18	v	 1	 1	 2	 3	 2	 3	 2	 1	 0	 0	 1	 2	 2	 1	1037.48	  0.00
153	36	18	v	 1	 1	 2	 2	 2	 3	 2	 1	 0	 0	 1	 2	 2	 1	498.46	  0.00
154	36	18	v	 1	 1	 2	 1	 1	 0	 1	 1	 0	 0	 1	 1	 1	 1	952.38	  0.00
155	36	18	v	 1	 1	 2	 2	 2	 0	 1	 0	 0	 0	 1	 1	 1	 1	565.48	  0.00
156	36	18	v	 1	 1	 2	 1	 1	 0	 1	 0	 0	 0	 1	 1	 1	 1	515.17	  0.00
157	36	18	v	 1	 1	 2	 1	 1	 1	 1	 1	 0	 0	 1	 1	 1	 1	688.83	  0.00
158	36	18	v	 1	 1	 2	 1	 1	 2	 2	 1	 0	 0	 1	 2	 2	 1	485.44	  0.00
159	36	18	v	 1	 1	 2	 2	 2	 2	 2	 1	 0	 0	 1	 2	 2	 1	443.27	  0.00
160	36	18	v	 1	 1	 2	 2	 2	 1	 1	 1	 0	 0	 1	 1	 1	 1	537.19	  0.00
161	36	18	v	 1	 1	 2	 2	 2	 2	 2	 0	 0	 0	 1	 2	 2	 1	431.02	  0.00
162	36	18	v	 1	 1	 2	 0	 1	 1	 1	 0	 0	 0	 1	 1	 1	 1	868.84	  0.00
163	36	18	v	 1	 1	 2	 1	 1	 1	 1	 0	 0	 0	 1	 1	 1	 1	546.06	  0.00
164	36	18	v	 1	 1	 2	 1	 1	 2	 2	 0	 0	 0	 1	 2	 2	 1	614.92	  0.00
165	36	18	v	 1	 1	 2	 1	 1	 3	 2	 1	 0	 0	 1	 2	 2	 1	684.47	  0.00
166	36	18	v	 1	 1	 2	 0	 1	 0	 1	 1	 0	 0	 1	 1	 1	 1	546.03	  0.00
167	36	18	v	 1	 1	 2	 2	 2	 1	 1	 0	 0	 0	 1	 1	 1	 1	551.79	  0.00
168	36	18	v	 1	 1	 2	 3	 2	 3	 2	 1	 0	 0	 1	 2	 2	 1	637.49	  0.00
169	36	18	v	 1	 1	 2	 1	 1	 0	 1	 1	 0	 0	 1	 1	 1	 1	579.12	  0.00
170	36	18	v	 1	 1	 2	 3	 2	 0	 1	 0	 0	 0	 1	 1	 1	 1	568.74	  0.00
171	36	18	v	 1	 1	 2	 2	 2	 3	 2	 0	 0	 0	 1	 2	 2	 1	709.50	  0.00
172	36	18	v	 1	 1	 2	 0	 1	 3	 2	 1	 0	 0	 1	 2	 1	 0	378.95	  0.00
173	36	18	v	 1	 1	 2	 0	 1	 0	 1	 0	 0	 0	 1	 1	 1	 1	584.64	  0.00
174	36	18	v	 1	 1	 2	 0	 1	 3	 2	 1	 0	 0	 1	 2	 2	 1	654.64	  0.00
175	36	18	v	 1	 1	 2	 3	 2	 0	 1	 1	 0	 0	 1	 1	 1	 1	900.28	  0.00
176	36	18	v	 1	 1	 2	 0	 1	 1	 1	 1	 0	 0	 1	 1	 1	 1	1057.55	  0.00
177	36	18	v	 1	 1	 2	 0	 1	 0	 1	 0	 0	 0	 1	 1	 1	 1	557.69	  0.00
178	36	18	v	 1	 1	 2	 0	 1	 1	 1	 0	 0	 0	 1	 1	 1	 1	475.21	  0.00
179	36	18	v	 1	 1	 2	 1	 1	 1	 1	 1	 0	 0	 1	 1	 1	 1	449.04	  0.00
180	36	18	v	 1	 1	 2	 3	 2	 1	 1	 1	 0	 0	 1	 1	 1	 1	286.88	  0.00
181	36	18	v	 1	 1	 2	 0	 1	 3	 2	 0	 0	 0	 1	 2	 2	 1	525.00	  0.00
182	36	18	v	 1	 1	 2	 0	 1	 2	 2	 0	 0	 0	 1	 2	 2	 1	466.79	  0.00
183	36	18	v	 1	 1	 2	 1	 1	 3	 2	 1	 0	 0	 1	 2	 2	 1	392.60	  0.00
184	36	18	v	 1	 1	 2	 2	 2	 1	 1	 1	 0	 0	 1	 1	 1	 1	741.60	  0.00
185	36	18	v	 1	 1	 2	 2	 2	 3	 2	 0	 0	 0	 1	 2	 2	 1	674.91	  0.00
186	36	18	v	 1	 1	 2	 0	 1	 3	 2	 0	 0	 0	 1	 2	 2	 1	576.54	  0.00
187	36	18	v	 1	 1	 2	 3	 2	 1	 1	 1	 0	 0	 1	 1	 1	 1	590.29	  0.00
188	36	18	v	 1	 1	 2	 3	 2	 1	 1	 0	 0	 0	 1	 1	 1	 1	459.81	  0.00
189	36	18	v	 1	 1	 2	 3	 2	 2	 2	 0	 0	 0	 1	 2	 2	 1	569.81	  0.00
190	36	18	v	 1	 1	 2	 0	 1	 2	 2	 1	 0	 0	 1	 2	 2	 1	423.47	  0.00
191	36	18	v	 1	 1	 2	 0	 1	 2	 2	 1	 0	 0	 1	 2	 2	 1	444.51	  0.00
192	36	18	v	 1	 1	 3	 0	 1	 2	 2	 1	 0	 0	 1	 2	 2	 1	507.10	  0.00
193	36	18	v	 1	 1	 3	 2	 2	 3	 2	 0	 0	 0	 1	 2	 2	 1	577.34	  0.00
194	36	18	v	 1	 1	 3	 0	 1	 2	 2	 1	 0	 0	 1	 2	 2	 1	367.68	  0.00
195	36	18	v	 1	 1	 3	 1	 1	 3	 2	 0	 0	 0	 1	 2	 2	 1	342.03	  0.00
196	36	18	v	 1	 1	 3	 2	 2	 1	 1	 1	 0	 0	 1	 1	 1	 1	355.68	  0.00
197	36	18	v	 1	 1	 3	 2	 2	 1	 1	 1	 0	 0	 1	 1	 1	 1	514.11	  0.00
198	36	18	v	 1	 1	 3	 3	 2	 0	 1	 0	 0	 0	 1	 1	 1	 1	680.41	  0.00
199	36	18	v	 1	 1	 3	 1	 1	 3	 2	 0	 0	 0	 1	 2	 2	 1	550.46	  0.00
200	36	18	v	 1	 1	 3	 0	 1	 3	 2	 1	 0	 0	 1	 2	 2	 1	444.63	  0.00
201	36	18	v	 1	 1	 3	 1	 1	 0	 1	 0	 0	 0	 1	 1	 2	 0	427.01	  0.00
202	36	18	v	 1	 1	 3	 3	 2	 1	 1	 1	 0	 0	 1	 1	 1	 1	1097.48	  0.00
203	36	18	v	 1	 1	 3	 2	 2	 3	 2	 1	 0	 0	 1	 2	 2	 1	566.84	  0.00
204	36	18	v	 1	 1	 3	 2	 2	 2	 2	 0	 0	 0	 1	 2	 2	 1	668.14	  0.00
205	36	18	v	 1	 1	 3	 3	 2	 0	 1	 1	 0	 0	 1	 1	 1	 1	522.20	  0.00
206	36	18	v	 1	 1	 3	 2	 2	 1	 1	 0	 0	 0	 1	 1	 1	 1	608.40	  0.00
207	36	18	v	 1	 1	 3	 2	 2	 0	 1	 1	 0	 0	 1	 1	 1	 1	502.58	  0.00
208	36	18	v	 1	 1	 3	 1	 1	 3	 2	 1	 0	 0	 1	 2	 2	 1	532.75	  0.00
209	36	18	v	 1	 1	 3	 3	 2	 0	 1	 1	 0	 0	 1	 1	 1	 1	595.15	  0.00
210	36	18	v	 1	 1	 3	 0	 1	 3	 2	 0	 0	 0	 1	 2	 2	 1	481.25	  0.00
211	36	18	v	 1	 1	 3	 0	 1	 0	 1	 0	 0	 0	 1	 1	 1	 1	447.66	  0.00
212	36	18	v	 1	 1	 3	 1	 1	 0	 1	 1	 0	 0	 1	 1	 1	 1	541.95	  0.00
213	36	18	v	 1	 1	 3	 3	 2	 2	 2	 0	 0	 0	 1	 2	 2	 1	499.41	  0.00
214	36	18	v	 1	 1	 3	 0	 1	 0	 1	 1	 0	 0	 1	 1	 1	 1	529.61	  0.00
215	36	18	v	 1	 1	 3	 2	 2	 1	 1	 0	 0	 0	 1	 1	 1	 1	575.89	  0.00
216	36	18	v	 1	 1	 3	 0	 1	 0	 1	 1	 0	 0	 1	 1	 1	 1	526.12	  0.00
217	36	18	v	 1	 1	 3	 2	 2	 0	 1	 0	 0	 0	 1	 1	 1	 1	524.27	  0.00
218	36	18	v	 1	 1	 3	 1	 1	 2	 2	 0	 0	 0	 1	 2	 2	 1	674.62	  0.00
219	36	18	v	 1	 1	 3	 0	 1	 2	 2	 0	 0	 0	 1	 2	 2	 1	464.64	  0.00
220	36	18	v	 1	 1	 3	 2	 2	 3	 2	 0	 0	 0	 1	 2	 1	 0	567.00	  0.00
221	36	18	v	 1	 1	 3	 3	 2	 3	 2	 1	 0	 0	 1	 2	 2	 1	821.26	  0.00
222	36	18	v	 1	 1	 3	 2	 2	 0	 1	 0	 0	 0	 1	 1	 1	 1	546.03	  0.00
223	36	18	v	 1	 1	 3	 2	 2	 3	 2	 1	 0	 0	 1	 2	 2	 1	504.17	  0.00
224	36	18	v	 1	 1	 3	 3	 2	 2	 2	 0	 0	 0	 1	 2	 2	 1	830.52	  0.00
225	36	18	v	 1	 1	 3	 3	 2	 2	 2	 1	 0	 0	 1	 2	 2	 1	372.36	  0.00
226	36	18	v	 1	 1	 3	 2	 2	 2	 2	 0	 0	 0	 1	 2	 2	 1	418.86	  0.00
227	36	18	v	 1	 1	 3	 1	 1	 2	 2	 0	 0	 0	 1	 2	 2	 1	441.30	  0.00
228	36	18	v	 1	 1	 3	 3	 2	 3	 2	 0	 0	 0	 1	 2	 2	 1	639.65	  0.00
229	36	18	v	 1	 1	 3	 0	 1	 0	 1	 0	 0	 0	 1	 1	 1	 1	477.71	  0.00
230	36	18	v	 1	 1	 3	 1	 1	 1	 1	 0	 0	 0	 1	 1	 1	 1	284.05	  0.00
231	36	18	v	 1	 1	 3	 1	 1	 1	 1	 1	 0	 0	 1	 1	 2	 0	329.72	  0.00
232	36	18	v	 1	 1	 3	 2	 2	 2	 2	 1	 0	 0	 1	 2	 2	 1	624.28	  0.00
233	36	18	v	 1	 1	 3	 0	 1	 3	 2	 0	 0	 0	 1	 2	 2	 1	1726.42	  0.00
234	36	18	v	 1	 1	 3	 3	 2	 1	 1	 0	 0	 0	 1	 1	 1	 1	1194.97	  0.00
235	36	18	v	 1	 1	 3	 2	 2	 0	 1	 1	 0	 0	 1	 1	 1	 1	504.22	  0.00
236	36	18	v	 1	 1	 3	 1	 1	 0	 1	 0	 0	 0	 1	 1	 1	 1	366.52	  0.00
237	36	18	v	 1	 1	 3	 0	 1	 2	 2	 0	 0	 0	 1	 2	 1	 0	276.98	  0.00
238	36	18	v	 1	 1	 3	 3	 2	 3	 2	 1	 0	 0	 1	 2	 2	 1	707.00	  0.00
239	36	18	v	 1	 1	 3	 1	 1	 3	 2	 1	 0	 0	 1	 2	 2	 1	384.65	  0.00
240	36	18	v	 1	 1	 3	 1	 1	 0	 1	 1	 0	 0	 1	 1	 1	 1	583.05	  0.00
241	36	18	v	 1	 1	 3	 0	 1	 1	 1	 1	 0	 0	 1	 1	 1	 1	517.25	  0.00
242	36	18	v	 1	 1	 3	 2	 2	 2	 2	 1	 0	 0	 1	 2	 2	 1	475.48	  0.00
243	36	18	v	 1	 1	 3	 1	 1	 2	 2	 1	 0	 0	 1	 2	 2	 1	345.80	  0.00
244	36	18	v	 1	 1	 3	 0	 1	 1	 1	 1	 0	 0	 1	 1	 1	 1	384.39	  0.00
245	36	18	v	 1	 1	 3	 3	 2	 1	 1	 0	 0	 0	 1	 1	 1	 1	422.79	  0.00
246	36	18	v	 1	 1	 3	 0	 1	 3	 2	 1	 0	 0	 1	 2	 2	 1	573.17	  0.00
247	36	18	v	 1	 1	 3	 3	 2	 2	 2	 1	 0	 0	 1	 2	 1	 0	418.66	  0.00
248	36	18	v	 1	 1	 3	 1	 1	 1	 1	 0	 0	 0	 1	 1	 1	 1	616.91	  0.00
249	36	18	v	 1	 1	 3	 1	 1	 1	 1	 1	 0	 0	 1	 1	 1	 1	511.03	  0.00
250	36	18	v	 1	 1	 3	 0	 1	 1	 1	 0	 0	 0	 1	 1	 1	 1	405.19	  0.00
251	36	18	v	 1	 1	 3	 3	 2	 3	 2	 0	 0	 0	 1	 2	 2	 1	1043.70	  0.00
252	36	18	v	 1	 1	 3	 3	 2	 1	 1	 1	 0	 0	 1	 1	 1	 1	1097.23	  0.00
253	36	18	v	 1	 1	 3	 0	 1	 1	 1	 0	 0	 0	 1	 1	 1	 1	382.63	  0.00
254	36	18	v	 1	 1	 3	 1	 1	 2	 2	 1	 0	 0	 1	 2	 2	 1	501.01	  0.00
255	36	18	v	 1	 1	 3	 3	 2	 0	 1	 0	 0	 0	 1	 1	 1	 1	475.39	  0.00
256	36	18	v	 1	 1	 4	 3	 2	 0	 1	 1	 0	 0	 1	 2	 2	 1	754.83	  0.00
257	36	18	v	 1	 1	 4	 1	 1	 3	 2	 0	 0	 0	 1	 2	 2	 1	464.19	  0.00
258	36	18	v	 1	 1	 4	 2	 2	 3	 2	 0	 0	 0	 1	 2	 2	 1	590.02	  0.00
259	36	18	v	 1	 1	 4	 3	 2	 2	 2	 1	 0	 0	 1	 2	 2	 1	683.75	  0.00
260	36	18	v	 1	 1	 4	 3	 2	 1	 1	 1	 0	 0	 1	 2	 2	 1	552.46	  0.00
261	36	18	v	 1	 1	 4	 3	 2	 2	 2	 0	 0	 0	 1	 2	 2	 1	605.97	  0.00
262	36	18	v	 1	 1	 4	 2	 2	 3	 2	 1	 0	 0	 1	 2	 2	 1	563.65	  0.00
263	36	18	v	 1	 1	 4	 1	 1	 2	 2	 1	 0	 0	 1	 1	 1	 1	705.36	  0.00
264	36	18	v	 1	 1	 4	 2	 2	 0	 1	 0	 0	 0	 1	 1	 1	 1	478.82	  0.00
265	36	18	v	 1	 1	 4	 3	 2	 0	 1	 0	 0	 0	 1	 1	 1	 1	404.67	  0.00
266	36	18	v	 1	 1	 4	 1	 1	 1	 1	 1	 0	 0	 1	 1	 1	 1	1449.83	  0.00
267	36	18	v	 1	 1	 4	 0	 1	 0	 1	 0	 0	 0	 1	 1	 1	 1	478.02	  0.00
268	36	18	v	 1	 1	 4	 3	 2	 0	 1	 0	 0	 0	 1	 1	 1	 1	411.85	  0.00
269	36	18	v	 1	 1	 4	 1	 1	 1	 1	 1	 0	 0	 1	 1	 1	 1	601.84	  0.00
270	36	18	v	 1	 1	 4	 2	 2	 3	 2	 0	 0	 0	 1	 2	 1	 0	487.45	  0.00
271	36	18	v	 1	 1	 4	 0	 1	 2	 2	 0	 0	 0	 1	 2	 2	 1	573.30	  0.00
272	36	18	v	 1	 1	 4	 2	 2	 2	 2	 1	 0	 0	 1	 2	 2	 1	666.94	  0.00
273	36	18	v	 1	 1	 4	 0	 1	 0	 1	 1	 0	 0	 1	 1	 1	 1	583.39	  0.00
274	36	18	v	 1	 1	 4	 3	 2	 3	 2	 0	 0	 0	 1	 2	 2	 1	533.22	  0.00
275	36	18	v	 1	 1	 4	 1	 1	 2	 2	 0	 0	 0	 1	 2	 2	 1	1074.99	  0.00
276	36	18	v	 1	 1	 4	 2	 2	 0	 1	 1	 0	 0	 1	 2	 1	 0	847.96	  0.00
277	36	18	v	 1	 1	 4	 0	 1	 1	 1	 0	 0	 0	 1	 1	 1	 1	725.22	  0.00
278	36	18	v	 1	 1	 4	 1	 1	 3	 2	 0	 0	 0	 1	 2	 2	 1	850.74	  0.00
279	36	18	v	 1	 1	 4	 1	 1	 0	 1	 0	 0	 0	 1	 1	 1	 1	631.09	  0.00
280	36	18	v	 1	 1	 4	 3	 2	 2	 2	 0	 0	 0	 1	 2	 2	 1	396.58	  0.00
281	36	18	v	 1	 1	 4	 1	 1	 1	 1	 0	 0	 0	 1	 1	 1	 1	426.53	  0.00
282	36	18	v	 1	 1	 4	 2	 2	 2	 2	 0	 0	 0	 1	 2	 2	 1	408.39	  0.00
283	36	18	v	 1	 1	 4	 3	 2	 1	 1	 0	 0	 0	 1	 1	 1	 1	590.33	  0.00
284	36	18	v	 1	 1	 4	 1	 1	 0	 1	 1	 0	 0	 1	 1	 1	 1	715.95	  0.00
285	36	18	v	 1	 1	 4	 2	 2	 2	 2	 0	 0	 0	 1	 2	 2	 1	625.44	  0.00
286	36	18	v	 1	 1	 4	 2	 2	 1	 1	 0	 0	 0	 1	 1	 1	 1	622.19	  0.00
287	36	18	v	 1	 1	 4	 2	 2	 1	 1	 1	 0	 0	 1	 2	 2	 1	667.82	  0.00
288	36	18	v	 1	 1	 4	 0	 1	 3	 2	 1	 0	 0	 1	 1	 1	 1	577.20	  0.00
289	36	18	v	 1	 1	 4	 0	 1	 1	 1	 1	 0	 0	 1	 1	 1	 1	558.85	  0.00
290	36	18	v	 1	 1	 4	 0	 1	 2	 2	 1	 0	 0	 1	 1	 1	 1	484.74	  0.00
291	36	18	v	 1	 1	 4	 3	 2	 1	 1	 0	 0	 0	 1	 1	 1	 1	578.56	  0.00
292	36	18	v	 1	 1	 4	 1	 1	 3	 2	 1	 0	 0	 1	 1	 1	 1	696.28	  0.00
293	36	18	v	 1	 1	 4	 0	 1	 0	 1	 0	 0	 0	 1	 1	 1	 1	452.93	  0.00
294	36	18	v	 1	 1	 4	 0	 1	 0	 1	 1	 0	 0	 1	 1	 1	 1	546.69	  0.00
295	36	18	v	 1	 1	 4	 3	 2	 0	 1	 1	 0	 0	 1	 2	 2	 1	488.31	  0.00
296	36	18	v	 1	 1	 4	 0	 1	 3	 2	 0	 0	 0	 1	 2	 2	 1	806.22	  0.00
297	36	18	v	 1	 1	 4	 1	 1	 0	 1	 0	 0	 0	 1	 1	 1	 1	635.55	  0.00
298	36	18	v	 1	 1	 4	 0	 1	 1	 1	 0	 0	 0	 1	 1	 1	 1	585.10	  0.00
299	36	18	v	 1	 1	 4	 2	 2	 1	 1	 1	 0	 0	 1	 2	 2	 1	526.37	  0.00
300	36	18	v	 1	 1	 4	 3	 2	 3	 2	 1	 0	 0	 1	 2	 2	 1	499.52	  0.00
301	36	18	v	 1	 1	 4	 3	 2	 2	 2	 1	 0	 0	 1	 2	 2	 1	1273.45	  0.00
302	36	18	v	 1	 1	 4	 2	 2	 2	 2	 1	 0	 0	 1	 2	 2	 1	750.13	  0.00
303	36	18	v	 1	 1	 4	 3	 2	 3	 2	 1	 0	 0	 1	 2	 2	 1	915.54	  0.00
304	36	18	v	 1	 1	 4	 0	 1	 2	 2	 1	 0	 0	 1	 1	 2	 0	1080.81	  0.00
305	36	18	v	 1	 1	 4	 0	 1	 3	 2	 0	 0	 0	 1	 2	 2	 1	852.70	  0.00
306	36	18	v	 1	 1	 4	 1	 1	 2	 2	 0	 0	 0	 1	 2	 2	 1	545.93	  0.00
307	36	18	v	 1	 1	 4	 3	 2	 3	 2	 0	 0	 0	 1	 2	 2	 1	407.70	  0.00
308	36	18	v	 1	 1	 4	 3	 2	 1	 1	 1	 0	 0	 1	 2	 2	 1	469.74	  0.00
309	36	18	v	 1	 1	 4	 2	 2	 3	 2	 1	 0	 0	 1	 2	 2	 1	427.44	  0.00
310	36	18	v	 1	 1	 4	 2	 2	 0	 1	 1	 0	 0	 1	 2	 2	 1	489.42	  0.00
311	36	18	v	 1	 1	 4	 2	 2	 0	 1	 0	 0	 0	 1	 1	 1	 1	591.16	  0.00
312	36	18	v	 1	 1	 4	 0	 1	 1	 1	 1	 0	 0	 1	 1	 1	 1	627.94	  0.00
313	36	18	v	 1	 1	 4	 0	 1	 2	 2	 0	 0	 0	 1	 2	 2	 1	601.41	  0.00
314	36	18	v	 1	 1	 4	 1	 1	 0	 1	 1	 0	 0	 1	 1	 1	 1	711.06	  0.00
315	36	18	v	 1	 1	 4	 1	 1	 1	 1	 0	 0	 0	 1	 1	 1	 1	660.55	  0.00
316	36	18	v	 1	 1	 4	 0	 1	 3	 2	 1	 0	 0	 1	 1	 1	 1	730.22	  0.00
317	36	18	v	 1	 1	 4	 2	 2	 1	 1	 0	 0	 0	 1	 1	 1	 1	519.75	  0.00
318	36	18	v	 1	 1	 4	 1	 1	 2	 2	 1	 0	 0	 1	 1	 1	 1	740.32	  0.00
319	36	18	v	 1	 1	 4	 1	 1	 3	 2	 1	 0	 0	 1	 1	 1	 1	385.86	  0.00
320	36	18	v	 1	 1	 5	 3	 2	 2	 2	 1	 0	 0	 1	 2	 1	 0	593.05	  0.00
321	36	18	v	 1	 1	 5	 0	 1	 2	 2	 1	 0	 0	 1	 1	 1	 1	423.22	  0.00
322	36	18	v	 1	 1	 5	 3	 2	 2	 2	 1	 0	 0	 1	 2	 1	 0	405.38	  0.00
323	36	18	v	 1	 1	 5	 0	 1	 2	 2	 1	 0	 0	 1	 1	 1	 1	643.07	  0.00
324	36	18	v	 1	 1	 5	 1	 1	 3	 2	 1	 0	 0	 1	 1	 1	 1	657.20	  0.00
325	36	18	v	 1	 1	 5	 1	 1	 0	 1	 1	 0	 0	 1	 1	 1	 1	575.27	  0.00
326	36	18	v	 1	 1	 5	 0	 1	 0	 1	 0	 0	 0	 1	 1	 1	 1	637.30	  0.00
327	36	18	v	 1	 1	 5	 2	 2	 2	 2	 1	 0	 0	 1	 2	 2	 1	571.54	  0.00
328	36	18	v	 1	 1	 5	 2	 2	 2	 2	 1	 0	 0	 1	 2	 2	 1	473.62	  0.00
329	36	18	v	 1	 1	 5	 3	 2	 3	 2	 0	 0	 0	 1	 2	 2	 1	488.01	  0.00
330	36	18	v	 1	 1	 5	 0	 1	 3	 2	 1	 0	 0	 1	 1	 1	 1	670.42	  0.00
331	36	18	v	 1	 1	 5	 0	 1	 2	 2	 0	 0	 0	 1	 2	 2	 1	531.48	  0.00
332	36	18	v	 1	 1	 5	 3	 2	 0	 1	 1	 0	 0	 1	 2	 2	 1	593.67	  0.00
333	36	18	v	 1	 1	 5	 1	 1	 0	 1	 0	 0	 0	 1	 1	 2	 0	535.81	  0.00
334	36	18	v	 1	 1	 5	 0	 1	 0	 1	 1	 0	 0	 1	 1	 1	 1	622.06	  0.00
335	36	18	v	 1	 1	 5	 2	 2	 3	 2	 1	 0	 0	 1	 2	 2	 1	644.23	  0.00
336	36	18	v	 1	 1	 5	 2	 2	 2	 2	 0	 0	 0	 1	 2	 2	 1	578.31	  0.00
337	36	18	v	 1	 1	 5	 2	 2	 3	 2	 0	 0	 0	 1	 2	 1	 0	456.46	  0.00
338	36	18	v	 1	 1	 5	 3	 2	 1	 1	 1	 0	 0	 1	 2	 2	 1	678.83	  0.00
339	36	18	v	 1	 1	 5	 2	 2	 1	 1	 1	 0	 0	 1	 2	 2	 1	444.84	  0.00
340	36	18	v	 1	 1	 5	 1	 1	 0	 1	 1	 0	 0	 1	 1	 1	 1	635.23	  0.00
341	36	18	v	 1	 1	 5	 0	 1	 1	 1	 0	 0	 0	 1	 1	 1	 1	1008.35	  0.00
342	36	18	v	 1	 1	 5	 0	 1	 3	 2	 0	 0	 0	 1	 2	 2	 1	485.91	  0.00
343	36	18	v	 1	 1	 5	 2	 2	 0	 1	 1	 0	 0	 1	 2	 2	 1	676.27	  0.00
344	36	18	v	 1	 1	 5	 2	 2	 3	 2	 0	 0	 0	 1	 2	 2	 1	458.32	  0.00
345	36	18	v	 1	 1	 5	 0	 1	 0	 1	 1	 0	 0	 1	 1	 1	 1	584.80	  0.00
346	36	18	v	 1	 1	 5	 1	 1	 1	 1	 1	 0	 0	 1	 1	 1	 1	502.86	  0.00
347	36	18	v	 1	 1	 5	 1	 1	 1	 1	 0	 0	 0	 1	 1	 1	 1	557.05	  0.00
348	36	18	v	 1	 1	 5	 1	 1	 3	 2	 0	 0	 0	 1	 2	 2	 1	514.39	  0.00
349	36	18	v	 1	 1	 5	 3	 2	 0	 1	 1	 0	 0	 1	 2	 1	 0	488.58	  0.00
350	36	18	v	 1	 1	 5	 2	 2	 0	 1	 1	 0	 0	 1	 2	 2	 1	582.46	  0.00
351	36	18	v	 1	 1	 5	 0	 1	 3	 2	 0	 0	 0	 1	 2	 2	 1	621.12	  0.00
352	36	18	v	 1	 1	 5	 0	 1	 1	 1	 1	 0	 0	 1	 1	 1	 1	515.25	  0.00
353	36	18	v	 1	 1	 5	 3	 2	 1	 1	 0	 0	 0	 1	 1	 2	 0	473.46	  0.00
354	36	18	v	 1	 1	 5	 3	 2	 2	 2	 0	 0	 0	 1	 2	 2	 1	471.91	  0.00
355	36	18	v	 1	 1	 5	 1	 1	 0	 1	 0	 0	 0	 1	 1	 1	 1	542.21	  0.00
356	36	18	v	 1	 1	 5	 3	 2	 0	 1	 0	 0	 0	 1	 1	 1	 1	628.40	  0.00
357	36	18	v	 1	 1	 5	 1	 1	 3	 2	 0	 0	 0	 1	 2	 2	 1	577.59	  0.00
358	36	18	v	 1	 1	 5	 0	 1	 0	 1	 0	 0	 0	 1	 1	 1	 1	647.68	  0.00
359	36	18	v	 1	 1	 5	 2	 2	 1	 1	 1	 0	 0	 1	 2	 2	 1	621.72	  0.00
360	36	18	v	 1	 1	 5	 1	 1	 2	 2	 0	 0	 0	 1	 2	 2	 1	651.85	  0.00
361	36	18	v	 1	 1	 5	 3	 2	 2	 2	 0	 0	 0	 1	 2	 2	 1	457.96	  0.00
362	36	18	v	 1	 1	 5	 2	 2	 0	 1	 0	 0	 0	 1	 1	 1	 1	480.28	  0.00
363	36	18	v	 1	 1	 5	 0	 1	 3	 2	 1	 0	 0	 1	 1	 1	 1	598.67	  0.00
364	36	18	v	 1	 1	 5	 1	 1	 2	 2	 1	 0	 0	 1	 1	 1	 1	612.79	  0.00
365	36	18	v	 1	 1	 5	 2	 2	 3	 2	 1	 0	 0	 1	 2	 2	 1	642.94	  0.00
366	36	18	v	 1	 1	 5	 2	 2	 1	 1	 0	 0	 0	 1	 1	 1	 1	696.08	  0.00
367	36	18	v	 1	 1	 5	 3	 2	 1	 1	 0	 0	 0	 1	 1	 1	 1	581.98	  0.00
368	36	18	v	 1	 1	 5	 0	 1	 2	 2	 0	 0	 0	 1	 2	 2	 1	412.20	  0.00
369	36	18	v	 1	 1	 5	 2	 2	 0	 1	 0	 0	 0	 1	 1	 1	 1	490.70	  0.00
370	36	18	v	 1	 1	 5	 1	 1	 3	 2	 1	 0	 0	 1	 1	 2	 0	408.84	  0.00
371	36	18	v	 1	 1	 5	 0	 1	 1	 1	 0	 0	 0	 1	 1	 1	 1	583.48	  0.00
372	36	18	v	 1	 1	 5	 3	 2	 3	 2	 1	 0	 0	 1	 2	 2	 1	525.65	  0.00
373	36	18	v	 1	 1	 5	 1	 1	 2	 2	 1	 0	 0	 1	 1	 1	 1	499.94	  0.00
374	36	18	v	 1	 1	 5	 3	 2	 3	 2	 0	 0	 0	 1	 2	 2	 1	609.31	  0.00
375	36	18	v	 1	 1	 5	 2	 2	 2	 2	 0	 0	 0	 1	 2	 2	 1	399.32	  0.00
376	36	18	v	 1	 1	 5	 1	 1	 2	 2	 0	 0	 0	 1	 2	 2	 1	365.84	  0.00
377	36	18	v	 1	 1	 5	 1	 1	 1	 1	 0	 0	 0	 1	 1	 2	 0	364.34	  0.00
378	36	18	v	 1	 1	 5	 2	 2	 1	 1	 0	 0	 0	 1	 1	 1	 1	442.86	  0.00
379	36	18	v	 1	 1	 5	 3	 2	 1	 1	 1	 0	 0	 1	 2	 2	 1	785.27	  0.00
380	36	18	v	 1	 1	 5	 1	 1	 1	 1	 1	 0	 0	 1	 1	 1	 1	615.15	  0.00
381	36	18	v	 1	 1	 5	 3	 2	 3	 2	 1	 0	 0	 1	 2	 2	 1	1133.30	  0.00
382	36	18	v	 1	 1	 5	 0	 1	 1	 1	 1	 0	 0	 1	 1	 1	 1	618.66	  0.00
383	36	18	v	 1	 1	 5	 3	 2	 0	 1	 0	 0	 0	 1	 1	 1	 1	767.82	  0.00
384	36	18	v	 1	 1	 6	 3	 2	 1	 1	 1	 0	 0	 1	 2	 2	 1	469.69	  0.00
385	36	18	v	 1	 1	 6	 1	 1	 3	 2	 1	 0	 0	 1	 1	 2	 0	468.03	  0.00
386	36	18	v	 1	 1	 6	 1	 1	 3	 2	 1	 0	 0	 1	 1	 1	 1	658.10	  0.00
387	36	18	v	 1	 1	 6	 1	 1	 1	 1	 1	 0	 0	 1	 1	 1	 1	432.45	  0.00
388	36	18	v	 1	 1	 6	 1	 1	 0	 1	 0	 0	 0	 1	 1	 1	 1	398.74	  0.00
389	36	18	v	 1	 1	 6	 2	 2	 1	 1	 1	 0	 0	 1	 2	 2	 1	549.21	  0.00
390	36	18	v	 1	 1	 6	 3	 2	 0	 1	 1	 0	 0	 1	 2	 2	 1	435.55	  0.00
391	36	18	v	 1	 1	 6	 0	 1	 0	 1	 0	 0	 0	 1	 1	 2	 0	385.03	  0.00
392	36	18	v	 1	 1	 6	 1	 1	 2	 2	 0	 0	 0	 1	 2	 2	 1	623.30	  0.00
393	36	18	v	 1	 1	 6	 2	 2	 3	 2	 0	 0	 0	 1	 2	 2	 1	605.44	  0.00
394	36	18	v	 1	 1	 6	 1	 1	 0	 1	 1	 0	 0	 1	 1	 1	 1	459.64	  0.00
395	36	18	v	 1	 1	 6	 1	 1	 2	 2	 1	 0	 0	 1	 1	 1	 1	626.00	  0.00
396	36	18	v	 1	 1	 6	 2	 2	 0	 1	 0	 0	 0	 1	 1	 1	 1	416.01	  0.00
397	36	18	v	 1	 1	 6	 3	 2	 2	 2	 1	 0	 0	 1	 2	 2	 1	558.04	  0.00
398	36	18	v	 1	 1	 6	 0	 1	 2	 2	 1	 0	 0	 1	 1	 1	 1	796.64	  0.00
399	36	18	v	 1	 1	 6	 1	 1	 1	 1	 1	 0	 0	 1	 1	 1	 1	450.55	  0.00
400	36	18	v	 1	 1	 6	 3	 2	 2	 2	 0	 0	 0	 1	 2	 1	 0	464.10	  0.00
401	36	18	v	 1	 1	 6	 0	 1	 3	 2	 0	 0	 0	 1	 2	 2	 1	782.24	  0.00
402	36	18	v	 1	 1	 6	 0	 1	 1	 1	 1	 0	 0	 1	 1	 1	 1	652.17	  0.00
403	36	18	v	 1	 1	 6	 2	 2	 3	 2	 0	 0	 0	 1	 2	 2	 1	578.24	  0.00
404	36	18	v	 1	 1	 6	 3	 2	 2	 2	 0	 0	 0	 1	 2	 2	 1	1016.41	  0.00
405	36	18	v	 1	 1	 6	 1	 1	 1	 1	 0	 0	 0	 1	 1	 1	 1	533.91	  0.00
406	36	18	v	 1	 1	 6	 0	 1	 0	 1	 1	 0	 0	 1	 1	 1	 1	508.25	  0.00
407	36	18	v	 1	 1	 6	 2	 2	 2	 2	 1	 0	 0	 1	 2	 2	 1	993.73	  0.00
408	36	18	v	 1	 1	 6	 0	 1	 1	 1	 0	 0	 0	 1	 1	 1	 1	511.09	  0.00
409	36	18	v	 1	 1	 6	 0	 1	 3	 2	 0	 0	 0	 1	 2	 1	 0	381.46	  0.00
410	36	18	v	 1	 1	 6	 3	 2	 3	 2	 1	 0	 0	 1	 2	 2	 1	611.77	  0.00
411	36	18	v	 1	 1	 6	 0	 1	 3	 2	 1	 0	 0	 1	 1	 1	 1	953.99	  0.00
412	36	18	v	 1	 1	 6	 2	 2	 1	 1	 1	 0	 0	 1	 2	 2	 1	463.61	  0.00
413	36	18	v	 1	 1	 6	 2	 2	 1	 1	 0	 0	 0	 1	 1	 1	 1	429.79	  0.00
414	36	18	v	 1	 1	 6	 1	 1	 1	 1	 0	 0	 0	 1	 1	 1	 1	420.29	  0.00
415	36	18	v	 1	 1	 6	 3	 2	 1	 1	 0	 0	 0	 1	 1	 1	 1	250.66	  0.00
416	36	18	v	 1	 1	 6	 2	 2	 2	 2	 1	 0	 0	 1	 2	 2	 1	857.05	  0.00
417	36	18	v	 1	 1	 6	 1	 1	 0	 1	 1	 0	 0	 1	 1	 1	 1	581.87	  0.00
418	36	18	v	 1	 1	 6	 1	 1	 2	 2	 0	 0	 0	 1	 2	 2	 1	588.31	  0.00
419	36	18	v	 1	 1	 6	 2	 2	 2	 2	 0	 0	 0	 1	 2	 2	 1	474.46	  0.00
420	36	18	v	 1	 1	 6	 2	 2	 3	 2	 1	 0	 0	 1	 2	 1	 0	784.78	  0.00
421	36	18	v	 1	 1	 6	 1	 1	 2	 2	 1	 0	 0	 1	 1	 1	 1	918.76	  0.00
422	36	18	v	 1	 1	 6	 3	 2	 0	 1	 0	 0	 0	 1	 1	 1	 1	644.43	  0.00
423	36	18	v	 1	 1	 6	 2	 2	 0	 1	 1	 0	 0	 1	 2	 2	 1	506.27	  0.00
424	36	18	v	 1	 1	 6	 3	 2	 3	 2	 0	 0	 0	 1	 2	 2	 1	976.80	  0.00
425	36	18	v	 1	 1	 6	 3	 2	 2	 2	 1	 0	 0	 1	 2	 2	 1	453.41	  0.00
426	36	18	v	 1	 1	 6	 3	 2	 0	 1	 1	 0	 0	 1	 2	 2	 1	531.24	  0.00
427	36	18	v	 1	 1	 6	 2	 2	 1	 1	 0	 0	 0	 1	 1	 1	 1	553.89	  0.00
428	36	18	v	 1	 1	 6	 2	 2	 2	 2	 0	 0	 0	 1	 2	 2	 1	528.21	  0.00
429	36	18	v	 1	 1	 6	 0	 1	 3	 2	 1	 0	 0	 1	 1	 1	 1	550.53	  0.00
430	36	18	v	 1	 1	 6	 3	 2	 1	 1	 1	 0	 0	 1	 2	 2	 1	740.73	  0.00
431	36	18	v	 1	 1	 6	 0	 1	 2	 2	 0	 0	 0	 1	 2	 1	 0	434.70	  0.00
432	36	18	v	 1	 1	 6	 0	 1	 1	 1	 1	 0	 0	 1	 1	 1	 1	1001.12	  0.00
433	36	18	v	 1	 1	 6	 1	 1	 3	 2	 0	 0	 0	 1	 2	 2	 1	445.70	  0.00
434	36	18	v	 1	 1	 6	 3	 2	 0	 1	 0	 0	 0	 1	 1	 1	 1	652.00	  0.00
435	36	18	v	 1	 1	 6	 0	 1	 2	 2	 0	 0	 0	 1	 2	 2	 1	490.13	  0.00
436	36	18	v	 1	 1	 6	 0	 1	 0	 1	 1	 0	 0	 1	 1	 1	 1	656.49	  0.00
437	36	18	v	 1	 1	 6	 2	 2	 0	 1	 0	 0	 0	 1	 1	 1	 1	582.51	  0.00
438	36	18	v	 1	 1	 6	 3	 2	 3	 2	 0	 0	 0	 1	 2	 2	 1	716.67	  0.00
439	36	18	v	 1	 1	 6	 3	 2	 3	 2	 1	 0	 0	 1	 2	 1	 0	594.75	  0.00
440	36	18	v	 1	 1	 6	 3	 2	 1	 1	 0	 0	 0	 1	 1	 1	 1	512.83	  0.00
441	36	18	v	 1	 1	 6	 2	 2	 0	 1	 1	 0	 0	 1	 2	 2	 1	1054.30	  0.00
442	36	18	v	 1	 1	 6	 1	 1	 3	 2	 0	 0	 0	 1	 2	 2	 1	747.68	  0.00
443	36	18	v	 1	 1	 6	 0	 1	 0	 1	 0	 0	 0	 1	 1	 1	 1	913.47	  0.00
444	36	18	v	 1	 1	 6	 0	 1	 2	 2	 1	 0	 0	 1	 1	 1	 1	871.28	  0.00
445	36	18	v	 1	 1	 6	 2	 2	 3	 2	 1	 0	 0	 1	 2	 2	 1	1453.07	  0.00
446	36	18	v	 1	 1	 6	 1	 1	 0	 1	 0	 0	 0	 1	 1	 1	 1	705.97	  0.00
447	36	18	v	 1	 1	 6	 0	 1	 1	 1	 0	 0	 0	 1	 1	 1	 1	487.93	  0.00
448	36	18	v	 1	 1	 7	 0	 1	 3	 2	 0	 0	 0	 1	 2	 1	 0	358.30	  0.00
449	36	18	v	 1	 1	 7	 2	 2	 3	 2	 0	 0	 0	 1	 2	 2	 1	635.80	  0.00
450	36	18	v	 1	 1	 7	 0	 1	 1	 1	 0	 0	 0	 1	 1	 2	 0	346.00	  0.00
451	36	18	v	 1	 1	 7	 3	 2	 3	 2	 0	 0	 0	 1	 2	 1	 0	432.41	  0.00
452	36	18	v	 1	 1	 7	 0	 1	 3	 2	 1	 0	 0	 1	 1	 1	 1	670.88	  0.00
453	36	18	v	 1	 1	 7	 2	 2	 0	 1	 1	 0	 0	 1	 2	 2	 1	484.89	  0.00
454	36	18	v	 1	 1	 7	 3	 2	 3	 2	 1	 0	 0	 1	 2	 2	 1	434.97	  0.00
455	36	18	v	 1	 1	 7	 0	 1	 0	 1	 1	 0	 0	 1	 1	 1	 1	457.61	  0.00
456	36	18	v	 1	 1	 7	 2	 2	 3	 2	 1	 0	 0	 1	 2	 2	 1	319.96	  0.00
457	36	18	v	 1	 1	 7	 1	 1	 1	 1	 0	 0	 0	 1	 1	 1	 1	558.51	  0.00
458	36	18	v	 1	 1	 7	 2	 2	 1	 1	 1	 0	 0	 1	 2	 2	 1	403.86	  0.00
459	36	18	v	 1	 1	 7	 0	 1	 1	 1	 0	 0	 0	 1	 1	 1	 1	466.23	  0.00
460	36	18	v	 1	 1	 7	 3	 2	 1	 1	 0	 0	 0	 1	 1	 1	 1	464.48	  0.00
461	36	18	v	 1	 1	 7	 3	 2	 2	 2	 1	 0	 0	 1	 2	 2	 1	598.86	  0.00
462	36	18	v	 1	 1	 7	 1	 1	 1	 1	 0	 0	 0	 1	 1	 1	 1	396.98	  0.00
463	36	18	v	 1	 1	 7	 2	 2	 3	 2	 1	 0	 0	 1	 2	 2	 1	515.43	  0.00
464	36	18	v	 1	 1	 7	 1	 1	 3	 2	 1	 0	 0	 1	 1	 1	 1	481.77	  0.00
465	36	18	v	 1	 1	 7	 3	 2	 0	 1	 0	 0	 0	 1	 1	 1	 1	615.88	  0.00
466	36	18	v	 1	 1	 7	 2	 2	 0	 1	 1	 0	 0	 1	 2	 2	 1	494.22	  0.00
467	36	18	v	 1	 1	 7	 1	 1	 1	 1	 1	 0	 0	 1	 1	 1	 1	395.56	  0.00
468	36	18	v	 1	 1	 7	 1	 1	 3	 2	 0	 0	 0	 1	 2	 2	 1	377.85	  0.00
469	36	18	v	 1	 1	 7	 2	 2	 3	 2	 0	 0	 0	 1	 2	 2	 1	528.40	  0.00
470	36	18	v	 1	 1	 7	 1	 1	 3	 2	 1	 0	 0	 1	 1	 1	 1	614.70	  0.00
471	36	18	v	 1	 1	 7	 3	 2	 1	 1	 0	 0	 0	 1	 1	 2	 0	332.81	  0.00
472	36	18	v	 1	 1	 7	 0	 1	 3	 2	 0	 0	 0	 1	 2	 2	 1	627.31	  0.00
473	36	18	v	 1	 1	 7	 0	 1	 2	 2	 1	 0	 0	 1	 1	 1	 1	665.47	  0.00
474	36	18	v	 1	 1	 7	 1	 1	 3	 2	 0	 0	 0	 1	 2	 2	 1	503.47	  0.00
475	36	18	v	 1	 1	 7	 2	 2	 1	 1	 0	 0	 0	 1	 1	 1	 1	541.82	  0.00
476	36	18	v	 1	 1	 7	 1	 1	 0	 1	 0	 0	 0	 1	 1	 1	 1	722.95	  0.00
477	36	18	v	 1	 1	 7	 3	 2	 2	 2	 1	 0	 0	 1	 2	 2	 1	569.02	  0.00
478	36	18	v	 1	 1	 7	 2	 2	 2	 2	 0	 0	 0	 1	 2	 2	 1	615.17	  0.00
479	36	18	v	 1	 1	 7	 2	 2	 0	 1	 0	 0	 0	 1	 1	 1	 1	541.26	  0.00
480	36	18	v	 1	 1	 7	 0	 1	 0	 1	 0	 0	 0	 1	 1	 2	 0	491.51	  0.00
481	36	18	v	 1	 1	 7	 1	 1	 2	 2	 0	 0	 0	 1	 2	 2	 1	529.83	  0.00
482	36	18	v	 1	 1	 7	 3	 2	 2	 2	 0	 0	 0	 1	 2	 2	 1	408.12	  0.00
483	36	18	v	 1	 1	 7	 1	 1	 0	 1	 0	 0	 0	 1	 1	 1	 1	670.57	  0.00
484	36	18	v	 1	 1	 7	 0	 1	 2	 2	 0	 0	 0	 1	 2	 2	 1	732.65	  0.00
485	36	18	v	 1	 1	 7	 2	 2	 1	 1	 1	 0	 0	 1	 2	 2	 1	649.70	  0.00
486	36	18	v	 1	 1	 7	 3	 2	 1	 1	 1	 0	 0	 1	 2	 2	 1	383.74	  0.00
487	36	18	v	 1	 1	 7	 3	 2	 0	 1	 1	 0	 0	 1	 2	 2	 1	398.15	  0.00
488	36	18	v	 1	 1	 7	 1	 1	 2	 2	 1	 0	 0	 1	 1	 1	 1	500.70	  0.00
489	36	18	v	 1	 1	 7	 0	 1	 1	 1	 1	 0	 0	 1	 1	 1	 1	522.94	  0.00
490	36	18	v	 1	 1	 7	 0	 1	 2	 2	 0	 0	 0	 1	 2	 2	 1	617.15	  0.00
491	36	18	v	 1	 1	 7	 2	 2	 0	 1	 0	 0	 0	 1	 1	 1	 1	511.27	  0.00
492	36	18	v	 1	 1	 7	 1	 1	 0	 1	 1	 0	 0	 1	 1	 2	 0	437.64	  0.00
493	36	18	v	 1	 1	 7	 1	 1	 1	 1	 1	 0	 0	 1	 1	 1	 1	555.73	  0.00
494	36	18	v	 1	 1	 7	 0	 1	 3	 2	 1	 0	 0	 1	 1	 1	 1	385.24	  0.00
495	36	18	v	 1	 1	 7	 3	 2	 3	 2	 0	 0	 0	 1	 2	 2	 1	607.61	  0.00
496	36	18	v	 1	 1	 7	 1	 1	 2	 2	 1	 0	 0	 1	 1	 1	 1	445.64	  0.00
497	36	18	v	 1	 1	 7	 1	 1	 0	 1	 1	 0	 0	 1	 1	 1	 1	620.27	  0.00
498	36	18	v	 1	 1	 7	 2	 2	 1	 1	 0	 0	 0	 1	 1	 1	 1	1042.32	  0.00
499	36	18	v	 1	 1	 7	 0	 1	 1	 1	 1	 0	 0	 1	 1	 1	 1	631.88	  0.00
500	36	18	v	 1	 1	 7	 3	 2	 3	 2	 1	 0	 0	 1	 2	 2	 1	886.02	  0.00
501	36	18	v	 1	 1	 7	 3	 2	 2	 2	 0	 0	 0	 1	 2	 2	 1	579.77	  0.00
502	36	18	v	 1	 1	 7	 1	 1	 2	 2	 0	 0	 0	 1	 2	 2	 1	408.67	  0.00
503	36	18	v	 1	 1	 7	 2	 2	 2	 2	 0	 0	 0	 1	 2	 2	 1	327.31	  0.00
504	36	18	v	 1	 1	 7	 3	 2	 0	 1	 0	 0	 0	 1	 1	 1	 1	501.91	  0.00
505	36	18	v	 1	 1	 7	 3	 2	 1	 1	 1	 0	 0	 1	 2	 2	 1	668.14	  0.00
506	36	18	v	 1	 1	 7	 0	 1	 2	 2	 1	 0	 0	 1	 1	 1	 1	498.29	  0.00
507	36	18	v	 1	 1	 7	 0	 1	 0	 1	 0	 0	 0	 1	 1	 2	 0	672.52	  0.00
508	36	18	v	 1	 1	 7	 3	 2	 0	 1	 1	 0	 0	 1	 2	 2	 1	550.63	  0.00
509	36	18	v	 1	 1	 7	 2	 2	 2	 2	 1	 0	 0	 1	 2	 2	 1	812.81	  0.00
510	36	18	v	 1	 1	 7	 2	 2	 2	 2	 1	 0	 0	 1	 2	 2	 1	425.81	  0.00
511	36	18	v	 1	 1	 7	 0	 1	 0	 1	 1	 0	 0	 1	 1	 1	 1	576.10	  0.00
512	36	18	v	 1	 1	 8	 3	 2	 1	 1	 0	 1	 0	 0	 1	 1	 1	505.21	  0.00
513	36	18	v	 1	 1	 8	 0	 1	 1	 1	 1	 1	 0	 0	 2	 2	 1	519.04	  0.00
514	36	18	v	 1	 1	 8	 1	 1	 1	 1	 0	 1	 0	 0	 2	 2	 1	468.80	  0.00
515	36	18	v	 1	 1	 8	 0	 1	 3	 2	 1	 1	 0	 0	 2	 2	 1	442.57	  0.00
516	36	18	v	 1	 1	 8	 2	 2	 2	 2	 0	 1	 0	 0	 1	 1	 1	352.00	  0.00
517	36	18	v	 1	 1	 8	 1	 1	 3	 2	 1	 1	 0	 0	 2	 1	 0	445.50	  0.00
518	36	18	v	 1	 1	 8	 3	 2	 1	 1	 1	 1	 0	 0	 1	 1	 1	619.18	  0.00
519	36	18	v	 1	 1	 8	 3	 2	 1	 1	 0	 1	 0	 0	 1	 2	 0	313.00	  0.00
520	36	18	v	 1	 1	 8	 2	 2	 0	 1	 1	 1	 0	 0	 1	 1	 1	559.04	  0.00
521	36	18	v	 1	 1	 8	 2	 2	 3	 2	 0	 1	 0	 0	 1	 1	 1	380.57	  0.00
522	36	18	v	 1	 1	 8	 0	 1	 2	 2	 1	 1	 0	 0	 2	 2	 1	466.75	  0.00
523	36	18	v	 1	 1	 8	 3	 2	 0	 1	 1	 1	 0	 0	 1	 1	 1	311.69	  0.00
524	36	18	v	 1	 1	 8	 1	 1	 3	 2	 0	 1	 0	 0	 2	 2	 1	349.69	  0.00
525	36	18	v	 1	 1	 8	 3	 2	 0	 1	 1	 1	 0	 0	 1	 1	 1	307.59	  0.00
526	36	18	v	 1	 1	 8	 2	 2	 3	 2	 0	 1	 0	 0	 1	 1	 1	489.72	  0.00
527	36	18	v	 1	 1	 8	 0	 1	 0	 1	 1	 1	 0	 0	 2	 2	 1	455.46	  0.00
528	36	18	v	 1	 1	 8	 3	 2	 3	 2	 0	 1	 0	 0	 1	 1	 1	789.42	  0.00
529	36	18	v	 1	 1	 8	 1	 1	 2	 2	 0	 1	 0	 0	 2	 2	 1	378.75	  0.00
530	36	18	v	 1	 1	 8	 3	 2	 3	 2	 1	 1	 0	 0	 1	 1	 1	480.74	  0.00
531	36	18	v	 1	 1	 8	 0	 1	 1	 1	 1	 1	 0	 0	 2	 2	 1	461.65	  0.00
532	36	18	v	 1	 1	 8	 0	 1	 0	 1	 0	 1	 0	 0	 2	 2	 1	555.25	  0.00
533	36	18	v	 1	 1	 8	 3	 2	 2	 2	 1	 1	 0	 0	 1	 1	 1	497.09	  0.00
534	36	18	v	 1	 1	 8	 2	 2	 0	 1	 0	 1	 0	 0	 1	 1	 1	430.87	  0.00
535	36	18	v	 1	 1	 8	 2	 2	 1	 1	 0	 1	 0	 0	 1	 1	 1	388.84	  0.00
536	36	18	v	 1	 1	 8	 3	 2	 1	 1	 1	 1	 0	 0	 1	 1	 1	322.57	  0.00
537	36	18	v	 1	 1	 8	 2	 2	 1	 1	 0	 1	 0	 0	 1	 1	 1	328.84	  0.00
538	36	18	v	 1	 1	 8	 1	 1	 3	 2	 0	 1	 0	 0	 2	 2	 1	493.95	  0.00
539	36	18	v	 1	 1	 8	 1	 1	 1	 1	 1	 1	 0	 0	 2	 2	 1	427.70	  0.00
540	36	18	v	 1	 1	 8	 0	 1	 2	 2	 0	 1	 0	 0	 2	 2	 1	625.60	  0.00
541	36	18	v	 1	 1	 8	 1	 1	 0	 1	 0	 1	 0	 0	 2	 2	 1	431.22	  0.00
542	36	18	v	 1	 1	 8	 2	 2	 0	 1	 1	 1	 0	 0	 1	 1	 1	509.05	  0.00
543	36	18	v	 1	 1	 8	 0	 1	 3	 2	 0	 1	 0	 0	 2	 2	 1	466.87	  0.00
544	36	18	v	 1	 1	 8	 3	 2	 2	 2	 0	 1	 0	 0	 1	 1	 1	360.66	  0.00
545	36	18	v	 1	 1	 8	 3	 2	 3	 2	 0	 1	 0	 0	 1	 2	 0	277.78	  0.00
546	36	18	v	 1	 1	 8	 2	 2	 1	 1	 1	 1	 0	 0	 1	 1	 1	771.91	  0.00
547	36	18	v	 1	 1	 8	 0	 1	 2	 2	 0	 1	 0	 0	 2	 2	 1	473.22	  0.00
548	36	18	v	 1	 1	 8	 3	 2	 0	 1	 0	 1	 0	 0	 1	 1	 1	526.74	  0.00
549	36	18	v	 1	 1	 8	 2	 2	 1	 1	 1	 1	 0	 0	 1	 2	 0	372.85	  0.00
550	36	18	v	 1	 1	 8	 0	 1	 1	 1	 0	 1	 0	 0	 2	 2	 1	570.78	  0.00
551	36	18	v	 1	 1	 8	 1	 1	 2	 2	 1	 1	 0	 0	 2	 2	 1	480.47	  0.00
552	36	18	v	 1	 1	 8	 0	 1	 1	 1	 0	 1	 0	 0	 2	 2	 1	437.33	  0.00
553	36	18	v	 1	 1	 8	 2	 2	 2	 2	 1	 1	 0	 0	 1	 1	 1	435.21	  0.00
554	36	18	v	 1	 1	 8	 1	 1	 2	 2	 0	 1	 0	 0	 2	 2	 1	497.05	  0.00
555	36	18	v	 1	 1	 8	 1	 1	 3	 2	 1	 1	 0	 0	 2	 2	 1	534.89	  0.00
556	36	18	v	 1	 1	 8	 2	 2	 2	 2	 1	 1	 0	 0	 1	 1	 1	492.67	  0.00
557	36	18	v	 1	 1	 8	 2	 2	 3	 2	 1	 1	 0	 0	 1	 2	 0	626.53	  0.00
558	36	18	v	 1	 1	 8	 3	 2	 3	 2	 1	 1	 0	 0	 1	 1	 1	568.09	  0.00
559	36	18	v	 1	 1	 8	 2	 2	 3	 2	 1	 1	 0	 0	 1	 1	 1	524.88	  0.00
560	36	18	v	 1	 1	 8	 1	 1	 0	 1	 1	 1	 0	 0	 2	 2	 1	498.62	  0.00
561	36	18	v	 1	 1	 8	 0	 1	 0	 1	 1	 1	 0	 0	 2	 1	 0	312.22	  0.00
562	36	18	v	 1	 1	 8	 0	 1	 0	 1	 0	 1	 0	 0	 2	 2	 1	654.46	  0.00
563	36	18	v	 1	 1	 8	 3	 2	 0	 1	 0	 1	 0	 0	 1	 1	 1	476.07	  0.00
564	36	18	v	 1	 1	 8	 3	 2	 2	 2	 1	 1	 0	 0	 1	 1	 1	737.80	  0.00
565	36	18	v	 1	 1	 8	 2	 2	 2	 2	 0	 1	 0	 0	 1	 1	 1	383.37	  0.00
566	36	18	v	 1	 1	 8	 1	 1	 0	 1	 1	 1	 0	 0	 2	 2	 1	508.37	  0.00
567	36	18	v	 1	 1	 8	 0	 1	 3	 2	 0	 1	 0	 0	 2	 2	 1	434.11	  0.00
568	36	18	v	 1	 1	 8	 1	 1	 0	 1	 0	 1	 0	 0	 2	 2	 1	399.74	  0.00
569	36	18	v	 1	 1	 8	 1	 1	 1	 1	 1	 1	 0	 0	 2	 2	 1	429.72	  0.00
570	36	18	v	 1	 1	 8	 0	 1	 3	 2	 1	 1	 0	 0	 2	 2	 1	403.77	  0.00
571	36	18	v	 1	 1	 8	 2	 2	 0	 1	 0	 1	 0	 0	 1	 1	 1	489.75	  0.00
572	36	18	v	 1	 1	 8	 0	 1	 2	 2	 1	 1	 0	 0	 2	 2	 1	503.51	  0.00
573	36	18	v	 1	 1	 8	 1	 1	 1	 1	 0	 1	 0	 0	 2	 1	 0	380.53	  0.00
574	36	18	v	 1	 1	 8	 1	 1	 2	 2	 1	 1	 0	 0	 2	 2	 1	810.13	  0.00
575	36	18	v	 1	 1	 8	 3	 2	 2	 2	 0	 1	 0	 0	 1	 1	 1	463.74	  0.00
576	36	18	v	 1	 1	 9	 1	 1	 3	 2	 1	 1	 0	 0	 2	 2	 1	1030.72	  0.00
577	36	18	v	 1	 1	 9	 0	 1	 0	 1	 1	 1	 0	 0	 2	 2	 1	411.31	  0.00
578	36	18	v	 1	 1	 9	 0	 1	 3	 2	 1	 1	 0	 0	 2	 2	 1	337.71	  0.00
579	36	18	v	 1	 1	 9	 1	 1	 1	 1	 0	 1	 0	 0	 2	 2	 1	440.23	  0.00
580	36	18	v	 1	 1	 9	 1	 1	 3	 2	 0	 1	 0	 0	 2	 2	 1	454.40	  0.00
581	36	18	v	 1	 1	 9	 1	 1	 2	 2	 1	 1	 0	 0	 2	 2	 1	356.89	  0.00
582	36	18	v	 1	 1	 9	 3	 2	 1	 1	 0	 1	 0	 0	 1	 1	 1	339.44	  0.00
583	36	18	v	 1	 1	 9	 0	 1	 1	 1	 0	 1	 0	 0	 2	 2	 1	585.95	  0.00
584	36	18	v	 1	 1	 9	 0	 1	 0	 1	 0	 1	 0	 0	 2	 2	 1	472.13	  0.00
585	36	18	v	 1	 1	 9	 2	 2	 3	 2	 0	 1	 0	 0	 1	 1	 1	518.47	  0.00
586	36	18	v	 1	 1	 9	 1	 1	 1	 1	 0	 1	 0	 0	 2	 2	 1	516.77	  0.00
587	36	18	v	 1	 1	 9	 1	 1	 1	 1	 1	 1	 0	 0	 2	 1	 0	282.04	  0.00
588	36	18	v	 1	 1	 9	 3	 2	 2	 2	 1	 1	 0	 0	 1	 1	 1	584.63	  0.00
589	36	18	v	 1	 1	 9	 3	 2	 2	 2	 1	 1	 0	 0	 1	 1	 1	446.76	  0.00
590	36	18	v	 1	 1	 9	 0	 1	 3	 2	 1	 1	 0	 0	 2	 2	 1	484.46	  0.00
591	36	18	v	 1	 1	 9	 2	 2	 2	 2	 0	 1	 0	 0	 1	 1	 1	379.58	  0.00
592	36	18	v	 1	 1	 9	 3	 2	 1	 1	 1	 1	 0	 0	 1	 1	 1	442.00	  0.00
593	36	18	v	 1	 1	 9	 0	 1	 1	 1	 1	 1	 0	 0	 2	 2	 1	472.43	  0.00
594	36	18	v	 1	 1	 9	 0	 1	 3	 2	 0	 1	 0	 0	 2	 2	 1	486.77	  0.00
595	36	18	v	 1	 1	 9	 3	 2	 0	 1	 0	 1	 0	 0	 1	 1	 1	484.75	  0.00
596	36	18	v	 1	 1	 9	 3	 2	 3	 2	 1	 1	 0	 0	 1	 1	 1	498.50	  0.00
597	36	18	v	 1	 1	 9	 0	 1	 2	 2	 1	 1	 0	 0	 2	 2	 1	479.74	  0.00
598	36	18	v	 1	 1	 9	 3	 2	 0	 1	 0	 1	 0	 0	 1	 1	 1	535.07	  0.00
599	36	18	v	 1	 1	 9	 1	 1	 0	 1	 1	 1	 0	 0	 2	 2	 1	541.26	  0.00
600	36	18	v	 1	 1	 9	 3	 2	 3	 2	 0	 1	 0	 0	 1	 1	 1	419.44	  0.00
601	36	18	v	 1	 1	 9	 3	 2	 2	 2	 0	 1	 0	 0	 1	 1	 1	553.61	  0.00
602	36	18	v	 1	 1	 9	 3	 2	 1	 1	 0	 1	 0	 0	 1	 1	 1	368.04	  0.00
603	36	18	v	 1	 1	 9	 0	 1	 3	 2	 0	 1	 0	 0	 2	 2	 1	574.55	  0.00
604	36	18	v	 1	 1	 9	 0	 1	 1	 1	 1	 1	 0	 0	 2	 1	 0	291.78	  0.00
605	36	18	v	 1	 1	 9	 0	 1	 0	 1	 0	 1	 0	 0	 2	 2	 1	594.50	  0.00
606	36	18	v	 1	 1	 9	 2	 2	 1	 1	 1	 1	 0	 0	 1	 1	 1	464.35	  0.00
607	36	18	v	 1	 1	 9	 2	 2	 3	 2	 1	 1	 0	 0	 1	 2	 0	302.87	  0.00
608	36	18	v	 1	 1	 9	 1	 1	 3	 2	 0	 1	 0	 0	 2	 2	 1	629.48	  0.00
609	36	18	v	 1	 1	 9	 0	 1	 1	 1	 0	 1	 0	 0	 2	 2	 1	451.55	  0.00
610	36	18	v	 1	 1	 9	 2	 2	 0	 1	 1	 1	 0	 0	 1	 1	 1	521.71	  0.00
611	36	18	v	 1	 1	 9	 0	 1	 0	 1	 1	 1	 0	 0	 2	 2	 1	304.23	  0.00
612	36	18	v	 1	 1	 9	 1	 1	 0	 1	 0	 1	 0	 0	 2	 1	 0	286.78	  0.00
613	36	18	v	 1	 1	 9	 1	 1	 2	 2	 0	 1	 0	 0	 2	 2	 1	661.22	  0.00
614	36	18	v	 1	 1	 9	 3	 2	 3	 2	 1	 1	 0	 0	 1	 1	 1	491.51	  0.00
615	36	18	v	 1	 1	 9	 3	 2	 2	 2	 0	 1	 0	 0	 1	 1	 1	440.82	  0.00
616	36	18	v	 1	 1	 9	 0	 1	 2	 2	 0	 1	 0	 0	 2	 2	 1	487.16	  0.00
617	36	18	v	 1	 1	 9	 3	 2	 0	 1	 1	 1	 0	 0	 1	 1	 1	573.52	  0.00
618	36	18	v	 1	 1	 9	 2	 2	 1	 1	 0	 1	 0	 0	 1	 1	 1	419.70	  0.00
619	36	18	v	 1	 1	 9	 1	 1	 0	 1	 0	 1	 0	 0	 2	 2	 1	522.10	  0.00
620	36	18	v	 1	 1	 9	 0	 1	 2	 2	 1	 1	 0	 0	 2	 2	 1	440.31	  0.00
621	36	18	v	 1	 1	 9	 2	 2	 2	 2	 0	 1	 0	 0	 1	 1	 1	462.72	  0.00
622	36	18	v	 1	 1	 9	 1	 1	 2	 2	 1	 1	 0	 0	 2	 2	 1	580.92	  0.00
623	36	18	v	 1	 1	 9	 2	 2	 1	 1	 0	 1	 0	 0	 1	 1	 1	586.54	  0.00
624	36	18	v	 1	 1	 9	 2	 2	 2	 2	 1	 1	 0	 0	 1	 1	 1	320.46	  0.00
625	36	18	v	 1	 1	 9	 1	 1	 2	 2	 0	 1	 0	 0	 2	 1	 0	302.79	  0.00
626	36	18	v	 1	 1	 9	 0	 1	 2	 2	 0	 1	 0	 0	 2	 2	 1	469.54	  0.00
627	36	18	v	 1	 1	 9	 3	 2	 1	 1	 1	 1	 0	 0	 1	 1	 1	467.91	  0.00
628	36	18	v	 1	 1	 9	 2	 2	 3	 2	 0	 1	 0	 0	 1	 1	 1	378.21	  0.00
629	36	18	v	 1	 1	 9	 3	 2	 0	 1	 1	 1	 0	 0	 1	 1	 1	456.65	  0.00
630	36	18	v	 1	 1	 9	 2	 2	 3	 2	 1	 1	 0	 0	 1	 1	 1	383.04	  0.00
631	36	18	v	 1	 1	 9	 2	 2	 2	 2	 1	 1	 0	 0	 1	 1	 1	397.45	  0.00
632	36	18	v	 1	 1	 9	 2	 2	 1	 1	 1	 1	 0	 0	 1	 1	 1	347.95	  0.00
633	36	18	v	 1	 1	 9	 1	 1	 3	 2	 1	 1	 0	 0	 2	 2	 1	594.43	  0.00
634	36	18	v	 1	 1	 9	 2	 2	 0	 1	 0	 1	 0	 0	 1	 1	 1	519.75	  0.00
635	36	18	v	 1	 1	 9	 2	 2	 0	 1	 0	 1	 0	 0	 1	 1	 1	1213.88	  0.00
636	36	18	v	 1	 1	 9	 1	 1	 0	 1	 1	 1	 0	 0	 2	 2	 1	475.21	  0.00
637	36	18	v	 1	 1	 9	 1	 1	 1	 1	 1	 1	 0	 0	 2	 2	 1	441.49	  0.00
638	36	18	v	 1	 1	 9	 2	 2	 0	 1	 1	 1	 0	 0	 1	 1	 1	471.70	  0.00
639	36	18	v	 1	 1	 9	 3	 2	 3	 2	 0	 1	 0	 0	 1	 1	 1	1182.25	  0.00
640	36	18	v	 1	 1	10	 1	 1	 2	 2	 0	 1	 0	 0	 2	 2	 1	807.63	  0.00
641	36	18	v	 1	 1	10	 2	 2	 3	 2	 0	 1	 0	 0	 2	 2	 1	468.94	  0.00
642	36	18	v	 1	 1	10	 2	 2	 0	 1	 1	 1	 0	 0	 1	 1	 1	946.86	  0.00
643	36	18	v	 1	 1	10	 0	 1	 2	 2	 1	 1	 0	 0	 2	 2	 1	495.96	  0.00
644	36	18	v	 1	 1	10	 2	 2	 3	 2	 1	 1	 0	 0	 1	 1	 1	669.83	  0.00
645	36	18	v	 1	 1	10	 0	 1	 2	 2	 0	 1	 0	 0	 2	 2	 1	515.31	  0.00
646	36	18	v	 1	 1	10	 0	 1	 1	 1	 1	 1	 0	 0	 2	 2	 1	631.84	  0.00
647	36	18	v	 1	 1	10	 2	 2	 0	 1	 0	 1	 0	 0	 1	 1	 1	413.67	  0.00
648	36	18	v	 1	 1	10	 1	 1	 3	 2	 0	 1	 0	 0	 2	 2	 1	475.62	  0.00
649	36	18	v	 1	 1	10	 1	 1	 3	 2	 1	 1	 0	 0	 2	 2	 1	593.54	  0.00
650	36	18	v	 1	 1	10	 0	 1	 0	 1	 1	 1	 0	 0	 2	 2	 1	486.88	  0.00
651	36	18	v	 1	 1	10	 0	 1	 3	 2	 1	 1	 0	 0	 2	 2	 1	468.92	  0.00
652	36	18	v	 1	 1	10	 0	 1	 3	 2	 0	 1	 0	 0	 2	 2	 1	570.73	  0.00
653	36	18	v	 1	 1	10	 0	 1	 2	 2	 0	 1	 0	 0	 2	 2	 1	535.62	  0.00
654	36	18	v	 1	 1	10	 1	 1	 2	 2	 1	 1	 0	 0	 2	 2	 1	565.25	  0.00
655	36	18	v	 1	 1	10	 0	 1	 1	 1	 0	 1	 0	 0	 1	 1	 1	474.88	  0.00
656	36	18	v	 1	 1	10	 3	 2	 1	 1	 1	 1	 0	 0	 1	 1	 1	600.77	  0.00
657	36	18	v	 1	 1	10	 2	 2	 3	 2	 1	 1	 0	 0	 1	 1	 1	453.99	  0.00
658	36	18	v	 1	 1	10	 0	 1	 3	 2	 1	 1	 0	 0	 2	 1	 0	644.32	  0.00
659	36	18	v	 1	 1	10	 3	 2	 1	 1	 1	 1	 0	 0	 1	 1	 1	617.46	  0.00
660	36	18	v	 1	 1	10	 3	 2	 3	 2	 1	 1	 0	 0	 1	 2	 0	550.62	  0.00
661	36	18	v	 1	 1	10	 0	 1	 0	 1	 0	 1	 0	 0	 1	 1	 1	1388.25	  0.00
662	36	18	v	 1	 1	10	 0	 1	 0	 1	 1	 1	 0	 0	 2	 1	 0	480.76	  0.00
663	36	18	v	 1	 1	10	 3	 2	 0	 1	 0	 1	 0	 0	 1	 1	 1	638.53	  0.00
664	36	18	v	 1	 1	10	 1	 1	 2	 2	 1	 1	 0	 0	 2	 2	 1	531.90	  0.00
665	36	18	v	 1	 1	10	 2	 2	 1	 1	 0	 1	 0	 0	 1	 1	 1	593.87	  0.00
666	36	18	v	 1	 1	10	 1	 1	 1	 1	 1	 1	 0	 0	 2	 2	 1	390.75	  0.00
667	36	18	v	 1	 1	10	 0	 1	 1	 1	 0	 1	 0	 0	 1	 1	 1	532.49	  0.00
668	36	18	v	 1	 1	10	 0	 1	 1	 1	 1	 1	 0	 0	 2	 2	 1	746.27	  0.00
669	36	18	v	 1	 1	10	 2	 2	 3	 2	 0	 1	 0	 0	 2	 2	 1	567.70	  0.00
670	36	18	v	 1	 1	10	 1	 1	 0	 1	 0	 1	 0	 0	 1	 1	 1	533.42	  0.00
671	36	18	v	 1	 1	10	 1	 1	 0	 1	 0	 1	 0	 0	 1	 2	 0	403.17	  0.00
672	36	18	v	 1	 1	10	 1	 1	 1	 1	 0	 1	 0	 0	 1	 1	 1	825.17	  0.00
673	36	18	v	 1	 1	10	 3	 2	 3	 2	 0	 1	 0	 0	 2	 2	 1	645.61	  0.00
674	36	18	v	 1	 1	10	 3	 2	 0	 1	 1	 1	 0	 0	 1	 1	 1	915.04	  0.00
675	36	18	v	 1	 1	10	 3	 2	 1	 1	 0	 1	 0	 0	 1	 1	 1	768.31	  0.00
676	36	18	v	 1	 1	10	 1	 1	 0	 1	 1	 1	 0	 0	 2	 2	 1	669.63	  0.00
677	36	18	v	 1	 1	10	 2	 2	 2	 2	 0	 1	 0	 0	 2	 2	 1	491.17	  0.00
678	36	18	v	 1	 1	10	 2	 2	 1	 1	 1	 1	 0	 0	 1	 1	 1	497.02	  0.00
679	36	18	v	 1	 1	10	 1	 1	 3	 2	 0	 1	 0	 0	 2	 2	 1	462.76	  0.00
680	36	18	v	 1	 1	10	 2	 2	 0	 1	 0	 1	 0	 0	 1	 1	 1	507.68	  0.00
681	36	18	v	 1	 1	10	 2	 2	 0	 1	 1	 1	 0	 0	 1	 1	 1	481.53	  0.00
682	36	18	v	 1	 1	10	 2	 2	 2	 2	 0	 1	 0	 0	 2	 2	 1	631.25	  0.00
683	36	18	v	 1	 1	10	 2	 2	 1	 1	 0	 1	 0	 0	 1	 1	 1	532.85	  0.00
684	36	18	v	 1	 1	10	 0	 1	 2	 2	 1	 1	 0	 0	 2	 2	 1	978.70	  0.00
685	36	18	v	 1	 1	10	 1	 1	 0	 1	 1	 1	 0	 0	 2	 2	 1	463.60	  0.00
686	36	18	v	 1	 1	10	 3	 2	 0	 1	 0	 1	 0	 0	 1	 1	 1	572.76	  0.00
687	36	18	v	 1	 1	10	 2	 2	 2	 2	 1	 1	 0	 0	 1	 1	 1	770.40	  0.00
688	36	18	v	 1	 1	10	 3	 2	 2	 2	 1	 1	 0	 0	 1	 1	 1	567.82	  0.00
689	36	18	v	 1	 1	10	 3	 2	 1	 1	 0	 1	 0	 0	 1	 1	 1	461.50	  0.00
690	36	18	v	 1	 1	10	 0	 1	 3	 2	 0	 1	 0	 0	 2	 2	 1	499.38	  0.00
691	36	18	v	 1	 1	10	 1	 1	 2	 2	 0	 1	 0	 0	 2	 2	 1	489.18	  0.00
692	36	18	v	 1	 1	10	 3	 2	 2	 2	 0	 1	 0	 0	 2	 2	 1	598.98	  0.00
693	36	18	v	 1	 1	10	 1	 1	 1	 1	 0	 1	 0	 0	 1	 1	 1	539.74	  0.00
694	36	18	v	 1	 1	10	 3	 2	 2	 2	 1	 1	 0	 0	 1	 2	 0	633.23	  0.00
695	36	18	v	 1	 1	10	 3	 2	 3	 2	 1	 1	 0	 0	 1	 1	 1	671.02	  0.00
696	36	18	v	 1	 1	10	 3	 2	 3	 2	 0	 1	 0	 0	 2	 2	 1	524.55	  0.00
697	36	18	v	 1	 1	10	 3	 2	 2	 2	 0	 1	 0	 0	 2	 2	 1	802.31	  0.00
698	36	18	v	 1	 1	10	 0	 1	 0	 1	 0	 1	 0	 0	 1	 1	 1	1191.67	  0.00
699	36	18	v	 1	 1	10	 3	 2	 0	 1	 1	 1	 0	 0	 1	 2	 0	811.59	  0.00
700	36	18	v	 1	 1	10	 1	 1	 1	 1	 1	 1	 0	 0	 2	 2	 1	512.87	  0.00
701	36	18	v	 1	 1	10	 1	 1	 3	 2	 1	 1	 0	 0	 2	 2	 1	478.57	  0.00
702	36	18	v	 1	 1	10	 2	 2	 2	 2	 1	 1	 0	 0	 1	 1	 1	620.22	  0.00
703	36	18	v	 1	 1	10	 2	 2	 1	 1	 1	 1	 0	 0	 1	 1	 1	450.09	  0.00
704	36	18	v	 1	 1	11	 0	 1	 2	 2	 0	 1	 0	 0	 2	 2	 1	760.79	  0.00
705	36	18	v	 1	 1	11	 1	 1	 3	 2	 0	 1	 0	 0	 2	 1	 0	478.65	  0.00
706	36	18	v	 1	 1	11	 2	 2	 3	 2	 1	 1	 0	 0	 1	 1	 1	740.94	  0.00
707	36	18	v	 1	 1	11	 1	 1	 0	 1	 1	 1	 0	 0	 2	 2	 1	395.04	  0.00
708	36	18	v	 1	 1	11	 2	 2	 1	 1	 1	 1	 0	 0	 1	 1	 1	329.25	  0.00
709	36	18	v	 1	 1	11	 3	 2	 2	 2	 0	 1	 0	 0	 2	 2	 1	512.03	  0.00
710	36	18	v	 1	 1	11	 1	 1	 3	 2	 1	 1	 0	 0	 2	 2	 1	446.39	  0.00
711	36	18	v	 1	 1	11	 3	 2	 1	 1	 0	 1	 0	 0	 1	 1	 1	468.68	  0.00
712	36	18	v	 1	 1	11	 3	 2	 0	 1	 0	 1	 0	 0	 1	 1	 1	490.20	  0.00
713	36	18	v	 1	 1	11	 3	 2	 3	 2	 0	 1	 0	 0	 2	 2	 1	488.37	  0.00
714	36	18	v	 1	 1	11	 2	 2	 1	 1	 1	 1	 0	 0	 1	 1	 1	462.64	  0.00
715	36	18	v	 1	 1	11	 0	 1	 3	 2	 1	 1	 0	 0	 2	 2	 1	436.86	  0.00
716	36	18	v	 1	 1	11	 0	 1	 1	 1	 0	 1	 0	 0	 1	 1	 1	515.45	  0.00
717	36	18	v	 1	 1	11	 0	 1	 0	 1	 0	 1	 0	 0	 1	 1	 1	353.78	  0.00
718	36	18	v	 1	 1	11	 1	 1	 2	 2	 1	 1	 0	 0	 2	 2	 1	408.28	  0.00
719	36	18	v	 1	 1	11	 0	 1	 0	 1	 1	 1	 0	 0	 2	 2	 1	477.82	  0.00
720	36	18	v	 1	 1	11	 1	 1	 1	 1	 0	 1	 0	 0	 1	 1	 1	653.01	  0.00
721	36	18	v	 1	 1	11	 3	 2	 3	 2	 0	 1	 0	 0	 2	 2	 1	283.07	  0.00
722	36	18	v	 1	 1	11	 2	 2	 1	 1	 0	 1	 0	 0	 1	 1	 1	424.76	  0.00
723	36	18	v	 1	 1	11	 0	 1	 0	 1	 1	 1	 0	 0	 2	 2	 1	502.08	  0.00
724	36	18	v	 1	 1	11	 1	 1	 3	 2	 1	 1	 0	 0	 2	 1	 0	325.25	  0.00
725	36	18	v	 1	 1	11	 0	 1	 2	 2	 0	 1	 0	 0	 2	 2	 1	587.97	  0.00
726	36	18	v	 1	 1	11	 1	 1	 1	 1	 1	 1	 0	 0	 2	 2	 1	442.09	  0.00
727	36	18	v	 1	 1	11	 3	 2	 3	 2	 1	 1	 0	 0	 1	 1	 1	456.30	  0.00
728	36	18	v	 1	 1	11	 0	 1	 1	 1	 0	 1	 0	 0	 1	 1	 1	390.76	  0.00
729	36	18	v	 1	 1	11	 2	 2	 3	 2	 0	 1	 0	 0	 2	 1	 0	349.42	  0.00
730	36	18	v	 1	 1	11	 1	 1	 2	 2	 0	 1	 0	 0	 2	 1	 0	475.82	  0.00
731	36	18	v	 1	 1	11	 1	 1	 0	 1	 0	 1	 0	 0	 1	 1	 1	489.24	  0.00
732	36	18	v	 1	 1	11	 2	 2	 0	 1	 0	 1	 0	 0	 1	 1	 1	439.59	  0.00
733	36	18	v	 1	 1	11	 3	 2	 2	 2	 1	 1	 0	 0	 1	 2	 0	589.92	  0.00
734	36	18	v	 1	 1	11	 3	 2	 0	 1	 1	 1	 0	 0	 1	 1	 1	636.16	  0.00
735	36	18	v	 1	 1	11	 2	 2	 2	 2	 1	 1	 0	 0	 1	 1	 1	450.16	  0.00
736	36	18	v	 1	 1	11	 1	 1	 1	 1	 1	 1	 0	 0	 2	 2	 1	544.65	  0.00
737	36	18	v	 1	 1	11	 3	 2	 3	 2	 1	 1	 0	 0	 1	 1	 1	534.80	  0.00
738	36	18	v	 1	 1	11	 3	 2	 0	 1	 0	 1	 0	 0	 1	 1	 1	565.01	  0.00
739	36	18	v	 1	 1	11	 0	 1	 3	 2	 0	 1	 0	 0	 2	 1	 0	363.24	  0.00
740	36	18	v	 1	 1	11	 2	 2	 0	 1	 0	 1	 0	 0	 1	 1	 1	568.92	  0.00
741	36	18	v	 1	 1	11	 1	 1	 3	 2	 0	 1	 0	 0	 2	 2	 1	630.93	  0.00
742	36	18	v	 1	 1	11	 0	 1	 3	 2	 1	 1	 0	 0	 2	 2	 1	572.95	  0.00
743	36	18	v	 1	 1	11	 3	 2	 0	 1	 1	 1	 0	 0	 1	 1	 1	499.33	  0.00
744	36	18	v	 1	 1	11	 3	 2	 1	 1	 1	 1	 0	 0	 1	 1	 1	657.62	  0.00
745	36	18	v	 1	 1	11	 3	 2	 2	 2	 1	 1	 0	 0	 1	 1	 1	471.71	  0.00
746	36	18	v	 1	 1	11	 2	 2	 3	 2	 1	 1	 0	 0	 1	 1	 1	453.95	  0.00
747	36	18	v	 1	 1	11	 3	 2	 1	 1	 0	 1	 0	 0	 1	 1	 1	476.29	  0.00
748	36	18	v	 1	 1	11	 2	 2	 2	 2	 0	 1	 0	 0	 2	 2	 1	562.62	  0.00
749	36	18	v	 1	 1	11	 0	 1	 1	 1	 1	 1	 0	 0	 2	 2	 1	551.80	  0.00
750	36	18	v	 1	 1	11	 2	 2	 3	 2	 0	 1	 0	 0	 2	 1	 0	446.07	  0.00
751	36	18	v	 1	 1	11	 2	 2	 0	 1	 1	 1	 0	 0	 1	 1	 1	748.33	  0.00
752	36	18	v	 1	 1	11	 0	 1	 2	 2	 1	 1	 0	 0	 2	 2	 1	634.12	  0.00
753	36	18	v	 1	 1	11	 1	 1	 2	 2	 1	 1	 0	 0	 2	 1	 0	504.38	  0.00
754	36	18	v	 1	 1	11	 3	 2	 2	 2	 0	 1	 0	 0	 2	 2	 1	790.78	  0.00
755	36	18	v	 1	 1	11	 0	 1	 3	 2	 0	 1	 0	 0	 2	 2	 1	508.57	  0.00
756	36	18	v	 1	 1	11	 1	 1	 2	 2	 0	 1	 0	 0	 2	 2	 1	442.90	  0.00
757	36	18	v	 1	 1	11	 3	 2	 1	 1	 1	 1	 0	 0	 1	 1	 1	824.49	  0.00
758	36	18	v	 1	 1	11	 1	 1	 0	 1	 1	 1	 0	 0	 2	 2	 1	685.97	  0.00
759	36	18	v	 1	 1	11	 0	 1	 2	 2	 1	 1	 0	 0	 2	 2	 1	556.27	  0.00
760	36	18	v	 1	 1	11	 2	 2	 0	 1	 1	 1	 0	 0	 1	 2	 0	738.47	  0.00
761	36	18	v	 1	 1	11	 2	 2	 1	 1	 0	 1	 0	 0	 1	 1	 1	648.40	  0.00
762	36	18	v	 1	 1	11	 1	 1	 0	 1	 0	 1	 0	 0	 1	 1	 1	494.60	  0.00
763	36	18	v	 1	 1	11	 0	 1	 0	 1	 0	 1	 0	 0	 1	 1	 1	380.77	  0.00
764	36	18	v	 1	 1	11	 0	 1	 1	 1	 1	 1	 0	 0	 2	 2	 1	563.25	  0.00
765	36	18	v	 1	 1	11	 2	 2	 2	 2	 0	 1	 0	 0	 2	 2	 1	729.48	  0.00
766	36	18	v	 1	 1	11	 1	 1	 1	 1	 0	 1	 0	 0	 1	 2	 0	350.51	  0.00
767	36	18	v	 1	 1	11	 2	 2	 2	 2	 1	 1	 0	 0	 1	 1	 1	564.95	  0.00
768	36	18	v	 1	 1	12	 0	 1	 3	 2	 1	 1	 0	 0	 2	 2	 1	523.20	  0.00
769	36	18	v	 1	 1	12	 0	 1	 1	 1	 1	 1	 0	 0	 2	 2	 1	457.50	  0.00
770	36	18	v	 1	 1	12	 3	 2	 2	 2	 1	 1	 0	 0	 1	 1	 1	479.67	  0.00
771	36	18	v	 1	 1	12	 0	 1	 1	 1	 1	 1	 0	 0	 2	 2	 1	382.14	  0.00
772	36	18	v	 1	 1	12	 1	 1	 2	 2	 1	 1	 0	 0	 2	 2	 1	652.44	  0.00
773	36	18	v	 1	 1	12	 1	 1	 1	 1	 1	 1	 0	 0	 2	 2	 1	458.57	  0.00
774	36	18	v	 1	 1	12	 0	 1	 0	 1	 1	 1	 0	 0	 2	 2	 1	497.00	  0.00
775	36	18	v	 1	 1	12	 0	 1	 1	 1	 0	 1	 0	 0	 1	 1	 1	527.29	  0.00
776	36	18	v	 1	 1	12	 1	 1	 3	 2	 1	 1	 0	 0	 2	 2	 1	468.60	  0.00
777	36	18	v	 1	 1	12	 3	 2	 0	 1	 0	 1	 0	 0	 1	 1	 1	290.88	  0.00
778	36	18	v	 1	 1	12	 2	 2	 2	 2	 0	 1	 0	 0	 2	 2	 1	385.55	  0.00
779	36	18	v	 1	 1	12	 3	 2	 3	 2	 1	 1	 0	 0	 1	 1	 1	495.97	  0.00
780	36	18	v	 1	 1	12	 1	 1	 0	 1	 0	 1	 0	 0	 1	 2	 0	326.25	  0.00
781	36	18	v	 1	 1	12	 0	 1	 2	 2	 0	 1	 0	 0	 2	 2	 1	444.77	  0.00
782	36	18	v	 1	 1	12	 1	 1	 0	 1	 1	 1	 0	 0	 2	 2	 1	627.03	  0.00
783	36	18	v	 1	 1	12	 3	 2	 2	 2	 1	 1	 0	 0	 1	 1	 1	528.62	  0.00
784	36	18	v	 1	 1	12	 3	 2	 1	 1	 0	 1	 0	 0	 1	 1	 1	399.68	  0.00
785	36	18	v	 1	 1	12	 1	 1	 3	 2	 0	 1	 0	 0	 2	 2	 1	397.04	  0.00
786	36	18	v	 1	 1	12	 0	 1	 1	 1	 0	 1	 0	 0	 1	 1	 1	483.50	  0.00
787	36	18	v	 1	 1	12	 3	 2	 0	 1	 1	 1	 0	 0	 1	 2	 0	529.68	  0.00
788	36	18	v	 1	 1	12	 0	 1	 2	 2	 1	 1	 0	 0	 2	 2	 1	639.94	  0.00
789	36	18	v	 1	 1	12	 2	 2	 3	 2	 1	 1	 0	 0	 1	 1	 1	526.28	  0.00
790	36	18	v	 1	 1	12	 2	 2	 3	 2	 0	 1	 0	 0	 2	 2	 1	732.52	  0.00
791	36	18	v	 1	 1	12	 1	 1	 3	 2	 1	 1	 0	 0	 2	 2	 1	962.31	  0.00
792	36	18	v	 1	 1	12	 2	 2	 2	 2	 1	 1	 0	 0	 1	 1	 1	736.06	  0.00
793	36	18	v	 1	 1	12	 2	 2	 2	 2	 0	 1	 0	 0	 2	 2	 1	653.14	  0.00
794	36	18	v	 1	 1	12	 3	 2	 3	 2	 0	 1	 0	 0	 2	 1	 0	579.17	  0.00
795	36	18	v	 1	 1	12	 1	 1	 3	 2	 0	 1	 0	 0	 2	 2	 1	313.45	  0.00
796	36	18	v	 1	 1	12	 1	 1	 0	 1	 1	 1	 0	 0	 2	 2	 1	575.93	  0.00
797	36	18	v	 1	 1	12	 3	 2	 0	 1	 0	 1	 0	 0	 1	 1	 1	542.05	  0.00
798	36	18	v	 1	 1	12	 2	 2	 1	 1	 0	 1	 0	 0	 1	 1	 1	372.28	  0.00
799	36	18	v	 1	 1	12	 2	 2	 0	 1	 0	 1	 0	 0	 1	 1	 1	490.78	  0.00
800	36	18	v	 1	 1	12	 2	 2	 3	 2	 1	 1	 0	 0	 1	 1	 1	849.19	  0.00
801	36	18	v	 1	 1	12	 1	 1	 1	 1	 0	 1	 0	 0	 1	 1	 1	510.12	  0.00
802	36	18	v	 1	 1	12	 3	 2	 0	 1	 1	 1	 0	 0	 1	 1	 1	404.28	  0.00
803	36	18	v	 1	 1	12	 2	 2	 0	 1	 1	 1	 0	 0	 1	 1	 1	482.66	  0.00
804	36	18	v	 1	 1	12	 0	 1	 0	 1	 0	 1	 0	 0	 1	 2	 0	473.07	  0.00
805	36	18	v	 1	 1	12	 0	 1	 2	 2	 1	 1	 0	 0	 2	 2	 1	487.40	  0.00
806	36	18	v	 1	 1	12	 1	 1	 0	 1	 0	 1	 0	 0	 1	 1	 1	709.80	  0.00
807	36	18	v	 1	 1	12	 3	 2	 1	 1	 1	 1	 0	 0	 1	 1	 1	731.71	  0.00
808	36	18	v	 1	 1	12	 0	 1	 3	 2	 0	 1	 0	 0	 2	 2	 1	577.73	  0.00
809	36	18	v	 1	 1	12	 2	 2	 1	 1	 1	 1	 0	 0	 1	 2	 0	519.89	  0.00
810	36	18	v	 1	 1	12	 0	 1	 3	 2	 0	 1	 0	 0	 2	 2	 1	693.25	  0.00
811	36	18	v	 1	 1	12	 1	 1	 2	 2	 0	 1	 0	 0	 2	 2	 1	667.20	  0.00
812	36	18	v	 1	 1	12	 3	 2	 1	 1	 0	 1	 0	 0	 1	 2	 0	473.25	  0.00
813	36	18	v	 1	 1	12	 0	 1	 3	 2	 1	 1	 0	 0	 2	 2	 1	775.63	  0.00
814	36	18	v	 1	 1	12	 1	 1	 2	 2	 1	 1	 0	 0	 2	 2	 1	589.46	  0.00
815	36	18	v	 1	 1	12	 3	 2	 3	 2	 0	 1	 0	 0	 2	 2	 1	483.59	  0.00
816	36	18	v	 1	 1	12	 2	 2	 0	 1	 0	 1	 0	 0	 1	 1	 1	505.98	  0.00
817	36	18	v	 1	 1	12	 1	 1	 2	 2	 0	 1	 0	 0	 2	 2	 1	448.31	  0.00
818	36	18	v	 1	 1	12	 2	 2	 0	 1	 1	 1	 0	 0	 1	 1	 1	478.65	  0.00
819	36	18	v	 1	 1	12	 2	 2	 3	 2	 0	 1	 0	 0	 2	 2	 1	652.93	  0.00
820	36	18	v	 1	 1	12	 0	 1	 0	 1	 1	 1	 0	 0	 2	 1	 0	458.09	  0.00
821	36	18	v	 1	 1	12	 3	 2	 2	 2	 0	 1	 0	 0	 2	 2	 1	904.42	  0.00
822	36	18	v	 1	 1	12	 0	 1	 0	 1	 0	 1	 0	 0	 1	 1	 1	710.17	  0.00
823	36	18	v	 1	 1	12	 3	 2	 2	 2	 0	 1	 0	 0	 2	 2	 1	620.11	  0.00
824	36	18	v	 1	 1	12	 3	 2	 1	 1	 1	 1	 0	 0	 1	 1	 1	530.27	  0.00
825	36	18	v	 1	 1	12	 2	 2	 1	 1	 0	 1	 0	 0	 1	 2	 0	472.48	  0.00
826	36	18	v	 1	 1	12	 3	 2	 3	 2	 1	 1	 0	 0	 1	 2	 0	646.89	  0.00
827	36	18	v	 1	 1	12	 1	 1	 1	 1	 0	 1	 0	 0	 1	 1	 1	540.82	  0.00
828	36	18	v	 1	 1	12	 1	 1	 1	 1	 1	 1	 0	 0	 2	 2	 1	842.00	  0.00
829	36	18	v	 1	 1	12	 0	 1	 2	 2	 0	 1	 0	 0	 2	 2	 1	591.94	  0.00
830	36	18	v	 1	 1	12	 2	 2	 1	 1	 1	 1	 0	 0	 1	 1	 1	510.18	  0.00
831	36	18	v	 1	 1	12	 2	 2	 2	 2	 1	 1	 0	 0	 1	 1	 1	436.43	  0.00
832	36	18	v	 1	 1	13	 0	 1	 3	 2	 1	 1	 0	 0	 2	 2	 1	618.63	  0.00
833	36	18	v	 1	 1	13	 0	 1	 0	 1	 1	 1	 0	 0	 2	 1	 0	512.74	  0.00
834	36	18	v	 1	 1	13	 1	 1	 1	 1	 0	 1	 0	 0	 1	 1	 1	831.24	  0.00
835	36	18	v	 1	 1	13	 1	 1	 3	 2	 0	 1	 0	 0	 2	 2	 1	533.05	  0.00
836	36	18	v	 1	 1	13	 3	 2	 0	 1	 1	 1	 0	 0	 1	 1	 1	554.13	  0.00
837	36	18	v	 1	 1	13	 0	 1	 3	 2	 0	 1	 0	 0	 2	 2	 1	784.52	  0.00
838	36	18	v	 1	 1	13	 3	 2	 1	 1	 0	 1	 0	 0	 1	 1	 1	518.37	  0.00
839	36	18	v	 1	 1	13	 2	 2	 1	 1	 0	 1	 0	 0	 1	 1	 1	636.81	  0.00
840	36	18	v	 1	 1	13	 0	 1	 0	 1	 0	 1	 0	 0	 1	 1	 1	658.78	  0.00
841	36	18	v	 1	 1	13	 2	 2	 3	 2	 1	 1	 0	 0	 1	 1	 1	768.86	  0.00
842	36	18	v	 1	 1	13	 0	 1	 1	 1	 0	 1	 0	 0	 1	 1	 1	606.77	  0.00
843	36	18	v	 1	 1	13	 1	 1	 3	 2	 1	 1	 0	 0	 2	 2	 1	556.75	  0.00
844	36	18	v	 1	 1	13	 3	 2	 2	 2	 1	 1	 0	 0	 1	 1	 1	586.22	  0.00
845	36	18	v	 1	 1	13	 0	 1	 0	 1	 0	 1	 0	 0	 1	 1	 1	632.29	  0.00
846	36	18	v	 1	 1	13	 0	 1	 3	 2	 1	 1	 0	 0	 2	 2	 1	486.41	  0.00
847	36	18	v	 1	 1	13	 0	 1	 1	 1	 0	 1	 0	 0	 1	 1	 1	364.74	  0.00
848	36	18	v	 1	 1	13	 3	 2	 0	 1	 0	 1	 0	 0	 1	 1	 1	323.27	  0.00
849	36	18	v	 1	 1	13	 1	 1	 0	 1	 0	 1	 0	 0	 1	 1	 1	465.85	  0.00
850	36	18	v	 1	 1	13	 1	 1	 1	 1	 1	 1	 0	 0	 2	 2	 1	456.19	  0.00
851	36	18	v	 1	 1	13	 0	 1	 1	 1	 1	 1	 0	 0	 2	 2	 1	542.22	  0.00
852	36	18	v	 1	 1	13	 0	 1	 2	 2	 1	 1	 0	 0	 2	 2	 1	420.76	  0.00
853	36	18	v	 1	 1	13	 3	 2	 1	 1	 1	 1	 0	 0	 1	 1	 1	961.95	  0.00
854	36	18	v	 1	 1	13	 1	 1	 0	 1	 0	 1	 0	 0	 1	 1	 1	599.88	  0.00
855	36	18	v	 1	 1	13	 3	 2	 3	 2	 1	 1	 0	 0	 1	 2	 0	565.94	  0.00
856	36	18	v	 1	 1	13	 2	 2	 0	 1	 1	 1	 0	 0	 1	 1	 1	588.20	  0.00
857	36	18	v	 1	 1	13	 2	 2	 3	 2	 1	 1	 0	 0	 1	 1	 1	418.33	  0.00
858	36	18	v	 1	 1	13	 3	 2	 2	 2	 1	 1	 0	 0	 1	 1	 1	384.38	  0.00
859	36	18	v	 1	 1	13	 1	 1	 0	 1	 1	 1	 0	 0	 2	 2	 1	559.23	  0.00
860	36	18	v	 1	 1	13	 1	 1	 0	 1	 1	 1	 0	 0	 2	 2	 1	453.46	  0.00
861	36	18	v	 1	 1	13	 2	 2	 3	 2	 0	 1	 0	 0	 2	 2	 1	594.87	  0.00
862	36	18	v	 1	 1	13	 1	 1	 1	 1	 0	 1	 0	 0	 1	 1	 1	472.96	  0.00
863	36	18	v	 1	 1	13	 1	 1	 2	 2	 0	 1	 0	 0	 2	 2	 1	367.22	  0.00
864	36	18	v	 1	 1	13	 0	 1	 2	 2	 0	 1	 0	 0	 2	 2	 1	485.77	  0.00
865	36	18	v	 1	 1	13	 0	 1	 0	 1	 1	 1	 0	 0	 2	 2	 1	676.13	  0.00
866	36	18	v	 1	 1	13	 3	 2	 3	 2	 0	 1	 0	 0	 2	 2	 1	794.13	  0.00
867	36	18	v	 1	 1	13	 2	 2	 0	 1	 0	 1	 0	 0	 1	 2	 0	424.00	  0.00
868	36	18	v	 1	 1	13	 2	 2	 1	 1	 1	 1	 0	 0	 1	 1	 1	726.48	  0.00
869	36	18	v	 1	 1	13	 1	 1	 3	 2	 1	 1	 0	 0	 2	 2	 1	612.43	  0.00
870	36	18	v	 1	 1	13	 2	 2	 2	 2	 0	 1	 0	 0	 2	 2	 1	537.64	  0.00
871	36	18	v	 1	 1	13	 2	 2	 0	 1	 1	 1	 0	 0	 1	 1	 1	551.82	  0.00
872	36	18	v	 1	 1	13	 2	 2	 2	 2	 1	 1	 0	 0	 1	 1	 1	525.53	  0.00
873	36	18	v	 1	 1	13	 1	 1	 3	 2	 0	 1	 0	 0	 2	 2	 1	716.29	  0.00
874	36	18	v	 1	 1	13	 0	 1	 1	 1	 1	 1	 0	 0	 2	 2	 1	474.33	  0.00
875	36	18	v	 1	 1	13	 3	 2	 1	 1	 0	 1	 0	 0	 1	 1	 1	472.61	  0.00
876	36	18	v	 1	 1	13	 3	 2	 1	 1	 1	 1	 0	 0	 1	 1	 1	950.82	  0.00
877	36	18	v	 1	 1	13	 0	 1	 2	 2	 1	 1	 0	 0	 2	 2	 1	564.69	  0.00
878	36	18	v	 1	 1	13	 1	 1	 1	 1	 1	 1	 0	 0	 2	 2	 1	513.95	  0.00
879	36	18	v	 1	 1	13	 2	 2	 3	 2	 0	 1	 0	 0	 2	 1	 0	648.08	  0.00
880	36	18	v	 1	 1	13	 3	 2	 2	 2	 0	 1	 0	 0	 2	 2	 1	494.19	  0.00
881	36	18	v	 1	 1	13	 2	 2	 1	 1	 0	 1	 0	 0	 1	 1	 1	700.57	  0.00
882	36	18	v	 1	 1	13	 1	 1	 2	 2	 1	 1	 0	 0	 2	 2	 1	490.57	  0.00
883	36	18	v	 1	 1	13	 3	 2	 2	 2	 0	 1	 0	 0	 2	 1	 0	416.99	  0.00
884	36	18	v	 1	 1	13	 2	 2	 2	 2	 0	 1	 0	 0	 2	 2	 1	607.26	  0.00
885	36	18	v	 1	 1	13	 3	 2	 0	 1	 0	 1	 0	 0	 1	 1	 1	685.38	  0.00
886	36	18	v	 1	 1	13	 3	 2	 3	 2	 0	 1	 0	 0	 2	 2	 1	618.73	  0.00
887	36	18	v	 1	 1	13	 0	 1	 3	 2	 0	 1	 0	 0	 2	 2	 1	664.72	  0.00
888	36	18	v	 1	 1	13	 2	 2	 1	 1	 1	 1	 0	 0	 1	 1	 1	750.48	  0.00
889	36	18	v	 1	 1	13	 2	 2	 2	 2	 1	 1	 0	 0	 1	 1	 1	459.46	  0.00
890	36	18	v	 1	 1	13	 3	 2	 0	 1	 1	 1	 0	 0	 1	 1	 1	530.99	  0.00
891	36	18	v	 1	 1	13	 1	 1	 2	 2	 0	 1	 0	 0	 2	 1	 0	457.17	  0.00
892	36	18	v	 1	 1	13	 0	 1	 2	 2	 0	 1	 0	 0	 2	 2	 1	567.52	  0.00
893	36	18	v	 1	 1	13	 3	 2	 3	 2	 1	 1	 0	 0	 1	 1	 1	517.61	  0.00
894	36	18	v	 1	 1	13	 2	 2	 0	 1	 0	 1	 0	 0	 1	 1	 1	708.19	  0.00
895	36	18	v	 1	 1	13	 1	 1	 2	 2	 1	 1	 0	 0	 2	 2	 1	480.48	  0.00
