00	30	18	v	 1	 1	 0	 0	 1	 2	 2	 1	 0	 1	 0	 1	 1	 1	1235.40	  0.00
01	30	18	v	 1	 1	 0	 0	 1	 1	 1	 1	 0	 1	 0	 1	 1	 1	905.97	  0.00
02	30	18	v	 1	 1	 0	 2	 2	 2	 2	 0	 0	 1	 0	 2	 2	 1	642.77	  0.00
03	30	18	v	 1	 1	 0	 0	 1	 3	 2	 1	 0	 1	 0	 1	 1	 1	388.90	  0.00
04	30	18	v	 1	 1	 0	 2	 2	 0	 1	 0	 0	 1	 0	 2	 2	 1	419.30	  0.00
05	30	18	v	 1	 1	 0	 2	 2	 3	 2	 0	 0	 1	 0	 2	 2	 1	537.22	  0.00
06	30	18	v	 1	 1	 0	 3	 2	 2	 2	 1	 0	 1	 0	 2	 2	 1	484.57	  0.00
07	30	18	v	 1	 1	 0	 0	 1	 1	 1	 0	 0	 1	 0	 1	 1	 1	476.10	  0.00
08	30	18	v	 1	 1	 0	 3	 2	 0	 1	 0	 0	 1	 0	 2	 2	 1	508.62	  0.00
09	30	18	v	 1	 1	 0	 3	 2	 1	 1	 0	 0	 1	 0	 2	 1	 0	498.40	  0.00
10	30	18	v	 1	 1	 0	 0	 1	 0	 1	 0	 0	 1	 0	 1	 1	 1	728.28	  0.00
11	30	18	v	 1	 1	 0	 3	 2	 2	 2	 0	 0	 1	 0	 2	 2	 1	693.72	  0.00
12	30	18	v	 1	 1	 0	 1	 1	 0	 1	 1	 0	 1	 0	 1	 1	 1	691.22	  0.00
13	30	18	v	 1	 1	 0	 3	 2	 3	 2	 0	 0	 1	 0	 2	 2	 1	656.75	  0.00
14	30	18	v	 1	 1	 0	 1	 1	 2	 2	 1	 0	 1	 0	 1	 1	 1	437.41	  0.00
15	30	18	v	 1	 1	 0	 2	 2	 1	 1	 1	 0	 1	 0	 2	 2	 1	363.26	  0.00
16	30	18	v	 1	 1	 0	 1	 1	 0	 1	 1	 0	 1	 0	 1	 1	 1	561.27	  0.00
17	30	18	v	 1	 1	 0	 3	 2	 0	 1	 1	 0	 1	 0	 2	 2	 1	358.91	  0.00
18	30	18	v	 1	 1	 0	 1	 1	 0	 1	 0	 0	 1	 0	 1	 1	 1	476.66	  0.00
19	30	18	v	 1	 1	 0	 3	 2	 1	 1	 1	 0	 1	 0	 2	 2	 1	570.78	  0.00
20	30	18	v	 1	 1	 0	 1	 1	 2	 2	 0	 0	 1	 0	 1	 1	 1	536.48	  0.00
21	30	18	v	 1	 1	 0	 1	 1	 1	 1	 0	 0	 1	 0	 1	 1	 1	493.27	  0.00
22	30	18	v	 1	 1	 0	 3	 2	 0	 1	 0	 0	 1	 0	 2	 2	 1	603.03	  0.00
23	30	18	v	 1	 1	 0	 2	 2	 3	 2	 0	 0	 1	 0	 2	 2	 1	488.67	  0.00
24	30	18	v	 1	 1	 0	 3	 2	 3	 2	 1	 0	 1	 0	 2	 2	 1	486.53	  0.00
25	30	18	v	 1	 1	 0	 2	 2	 1	 1	 1	 0	 1	 0	 2	 2	 1	556.07	  0.00
26	30	18	v	 1	 1	 0	 0	 1	 3	 2	 0	 0	 1	 0	 1	 1	 1	578.02	  0.00
27	30	18	v	 1	 1	 0	 2	 2	 1	 1	 0	 0	 1	 0	 2	 2	 1	511.69	  0.00
28	30	18	v	 1	 1	 0	 1	 1	 1	 1	 1	 0	 1	 0	 1	 1	 1	484.48	  0.00
29	30	18	v	 1	 1	 0	 2	 2	 2	 2	 1	 0	 1	 0	 2	 2	 1	602.35	  0.00
30	30	18	v	 1	 1	 0	 0	 1	 3	 2	 1	 0	 1	 0	 1	 1	 1	687.98	  0.00
31	30	18	v	 1	 1	 0	 0	 1	 0	 1	 0	 0	 1	 0	 1	 1	 1	1253.49	  0.00
32	30	18	v	 1	 1	 0	 3	 2	 0	 1	 1	 0	 1	 0	 2	 2	 1	409.43	  0.00
33	30	18	v	 1	 1	 0	 0	 1	 2	 2	 0	 0	 1	 0	 1	 1	 1	488.20	  0.00
34	30	18	v	 1	 1	 0	 2	 2	 0	 1	 1	 0	 1	 0	 2	 2	 1	494.01	  0.00
35	30	18	v	 1	 1	 0	 2	 2	 2	 2	 0	 0	 1	 0	 2	 1	 0	394.58	  0.00
36	30	18	v	 1	 1	 0	 1	 1	 2	 2	 0	 0	 1	 0	 1	 1	 1	552.52	  0.00
37	30	18	v	 1	 1	 0	 1	 1	 2	 2	 1	 0	 1	 0	 1	 1	 1	534.44	  0.00
38	30	18	v	 1	 1	 0	 2	 2	 3	 2	 1	 0	 1	 0	 2	 2	 1	572.03	  0.00
39	30	18	v	 1	 1	 0	 1	 1	 3	 2	 0	 0	 1	 0	 1	 1	 1	697.90	  0.00
40	30	18	v	 1	 1	 0	 2	 2	 3	 2	 1	 0	 1	 0	 2	 2	 1	671.45	  0.00
41	30	18	v	 1	 1	 0	 3	 2	 3	 2	 0	 0	 1	 0	 2	 1	 0	748.12	  0.00
42	30	18	v	 1	 1	 0	 2	 2	 1	 1	 0	 0	 1	 0	 2	 2	 1	601.51	  0.00
43	30	18	v	 1	 1	 0	 1	 1	 1	 1	 0	 0	 1	 0	 1	 1	 1	887.06	  0.00
44	30	18	v	 1	 1	 0	 3	 2	 2	 2	 1	 0	 1	 0	 2	 2	 1	332.27	  0.00
45	30	18	v	 1	 1	 0	 1	 1	 0	 1	 0	 0	 1	 0	 1	 1	 1	482.40	  0.00
46	30	18	v	 1	 1	 0	 1	 1	 3	 2	 1	 0	 1	 0	 1	 1	 1	472.16	  0.00
47	30	18	v	 1	 1	 0	 1	 1	 1	 1	 1	 0	 1	 0	 1	 1	 1	549.72	  0.00
48	30	18	v	 1	 1	 0	 0	 1	 1	 1	 0	 0	 1	 0	 1	 1	 1	402.73	  0.00
49	30	18	v	 1	 1	 0	 2	 2	 2	 2	 1	 0	 1	 0	 2	 2	 1	496.20	  0.00
50	30	18	v	 1	 1	 0	 2	 2	 0	 1	 0	 0	 1	 0	 2	 2	 1	518.50	  0.00
51	30	18	v	 1	 1	 0	 0	 1	 0	 1	 1	 0	 1	 0	 1	 1	 1	508.18	  0.00
52	30	18	v	 1	 1	 0	 3	 2	 2	 2	 0	 0	 1	 0	 2	 2	 1	681.98	  0.00
53	30	18	v	 1	 1	 0	 0	 1	 1	 1	 1	 0	 1	 0	 1	 1	 1	616.60	  0.00
54	30	18	v	 1	 1	 0	 1	 1	 3	 2	 0	 0	 1	 0	 1	 1	 1	661.12	  0.00
55	30	18	v	 1	 1	 0	 0	 1	 0	 1	 1	 0	 1	 0	 1	 1	 1	536.55	  0.00
56	30	18	v	 1	 1	 0	 2	 2	 0	 1	 1	 0	 1	 0	 2	 1	 0	391.44	  0.00
57	30	18	v	 1	 1	 0	 1	 1	 3	 2	 1	 0	 1	 0	 1	 1	 1	533.48	  0.00
58	30	18	v	 1	 1	 0	 0	 1	 2	 2	 1	 0	 1	 0	 1	 1	 1	491.19	  0.00
59	30	18	v	 1	 1	 0	 0	 1	 2	 2	 0	 0	 1	 0	 1	 1	 1	504.94	  0.00
60	30	18	v	 1	 1	 0	 3	 2	 1	 1	 0	 0	 1	 0	 2	 2	 1	398.86	  0.00
61	30	18	v	 1	 1	 0	 0	 1	 3	 2	 0	 0	 1	 0	 1	 1	 1	532.77	  0.00
62	30	18	v	 1	 1	 0	 3	 2	 1	 1	 1	 0	 1	 0	 2	 2	 1	665.52	  0.00
63	30	18	v	 1	 1	 0	 3	 2	 3	 2	 1	 0	 1	 0	 2	 2	 1	486.83	  0.00
64	30	18	v	 1	 1	 1	 3	 2	 1	 1	 0	 0	 1	 0	 2	 2	 1	797.41	  0.00
65	30	18	v	 1	 1	 1	 3	 2	 1	 1	 1	 0	 1	 0	 2	 2	 1	459.60	  0.00
66	30	18	v	 1	 1	 1	 2	 2	 0	 1	 0	 0	 1	 0	 2	 2	 1	369.62	  0.00
67	30	18	v	 1	 1	 1	 0	 1	 2	 2	 1	 0	 1	 0	 1	 1	 1	448.12	  0.00
68	30	18	v	 1	 1	 1	 0	 1	 1	 1	 0	 0	 1	 0	 1	 1	 1	366.61	  0.00
69	30	18	v	 1	 1	 1	 1	 1	 3	 2	 1	 0	 1	 0	 1	 1	 1	308.91	  0.00
70	30	18	v	 1	 1	 1	 3	 2	 1	 1	 1	 0	 1	 0	 2	 2	 1	474.68	  0.00
71	30	18	v	 1	 1	 1	 1	 1	 1	 1	 1	 0	 1	 0	 1	 1	 1	417.97	  0.00
72	30	18	v	 1	 1	 1	 2	 2	 3	 2	 1	 0	 1	 0	 2	 2	 1	455.39	  0.00
73	30	18	v	 1	 1	 1	 1	 1	 2	 2	 0	 0	 1	 0	 1	 1	 1	541.70	  0.00
74	30	18	v	 1	 1	 1	 3	 2	 2	 2	 1	 0	 1	 0	 2	 2	 1	547.86	  0.00
75	30	18	v	 1	 1	 1	 1	 1	 2	 2	 1	 0	 1	 0	 1	 1	 1	410.12	  0.00
76	30	18	v	 1	 1	 1	 1	 1	 2	 2	 1	 0	 1	 0	 1	 1	 1	552.56	  0.00
77	30	18	v	 1	 1	 1	 0	 1	 3	 2	 1	 0	 1	 0	 1	 1	 1	518.48	  0.00
78	30	18	v	 1	 1	 1	 0	 1	 1	 1	 1	 0	 1	 0	 1	 1	 1	404.79	  0.00
79	30	18	v	 1	 1	 1	 0	 1	 0	 1	 0	 0	 1	 0	 1	 1	 1	371.48	  0.00
80	30	18	v	 1	 1	 1	 0	 1	 0	 1	 0	 0	 1	 0	 1	 1	 1	328.90	  0.00
81	30	18	v	 1	 1	 1	 0	 1	 3	 2	 0	 0	 1	 0	 1	 1	 1	319.66	  0.00
82	30	18	v	 1	 1	 1	 2	 2	 1	 1	 1	 0	 1	 0	 2	 2	 1	758.16	  0.00
83	30	18	v	 1	 1	 1	 0	 1	 0	 1	 1	 0	 1	 0	 1	 1	 1	508.07	  0.00
84	30	18	v	 1	 1	 1	 3	 2	 0	 1	 1	 0	 1	 0	 2	 2	 1	330.34	  0.00
85	30	18	v	 1	 1	 1	 3	 2	 0	 1	 0	 0	 1	 0	 2	 2	 1	336.45	  0.00
86	30	18	v	 1	 1	 1	 3	 2	 3	 2	 0	 0	 1	 0	 2	 2	 1	455.48	  0.00
87	30	18	v	 1	 1	 1	 2	 2	 3	 2	 1	 0	 1	 0	 2	 2	 1	309.77	  0.00
88	30	18	v	 1	 1	 1	 3	 2	 2	 2	 1	 0	 1	 0	 2	 2	 1	364.38	  0.00
89	30	18	v	 1	 1	 1	 0	 1	 1	 1	 0	 0	 1	 0	 1	 1	 1	498.65	  0.00
90	30	18	v	 1	 1	 1	 3	 2	 3	 2	 1	 0	 1	 0	 2	 2	 1	585.17	  0.00
91	30	18	v	 1	 1	 1	 0	 1	 0	 1	 1	 0	 1	 0	 1	 1	 1	485.73	  0.00
92	30	18	v	 1	 1	 1	 1	 1	 1	 1	 0	 0	 1	 0	 1	 1	 1	396.61	  0.00
93	30	18	v	 1	 1	 1	 2	 2	 0	 1	 0	 0	 1	 0	 2	 2	 1	483.05	  0.00
94	30	18	v	 1	 1	 1	 3	 2	 1	 1	 0	 0	 1	 0	 2	 2	 1	545.46	  0.00
95	30	18	v	 1	 1	 1	 1	 1	 2	 2	 0	 0	 1	 0	 1	 1	 1	495.65	  0.00
96	30	18	v	 1	 1	 1	 0	 1	 3	 2	 1	 0	 1	 0	 1	 1	 1	429.91	  0.00
97	30	18	v	 1	 1	 1	 0	 1	 3	 2	 0	 0	 1	 0	 1	 1	 1	388.30	  0.00
98	30	18	v	 1	 1	 1	 2	 2	 1	 1	 0	 0	 1	 0	 2	 2	 1	497.42	  0.00
99	30	18	v	 1	 1	 1	 1	 1	 0	 1	 0	 0	 1	 0	 1	 1	 1	487.86	  0.00
100	30	18	v	 1	 1	 1	 2	 2	 2	 2	 1	 0	 1	 0	 2	 1	 0	486.38	  0.00
101	30	18	v	 1	 1	 1	 1	 1	 0	 1	 0	 0	 1	 0	 1	 1	 1	620.71	  0.00
102	30	18	v	 1	 1	 1	 2	 2	 3	 2	 0	 0	 1	 0	 2	 2	 1	306.85	  0.00
103	30	18	v	 1	 1	 1	 3	 2	 0	 1	 0	 0	 1	 0	 2	 2	 1	361.35	  0.00
104	30	18	v	 1	 1	 1	 3	 2	 3	 2	 1	 0	 1	 0	 2	 2	 1	351.90	  0.00
105	30	18	v	 1	 1	 1	 2	 2	 0	 1	 1	 0	 1	 0	 2	 2	 1	326.22	  0.00
106	30	18	v	 1	 1	 1	 1	 1	 1	 1	 0	 0	 1	 0	 1	 1	 1	580.98	  0.00
107	30	18	v	 1	 1	 1	 3	 2	 2	 2	 0	 0	 1	 0	 2	 1	 0	507.15	  0.00
108	30	18	v	 1	 1	 1	 1	 1	 1	 1	 1	 0	 1	 0	 1	 1	 1	656.60	  0.00
109	30	18	v	 1	 1	 1	 1	 1	 3	 2	 1	 0	 1	 0	 1	 1	 1	446.46	  0.00
110	30	18	v	 1	 1	 1	 1	 1	 3	 2	 0	 0	 1	 0	 1	 1	 1	468.87	  0.00
111	30	18	v	 1	 1	 1	 2	 2	 2	 2	 0	 0	 1	 0	 2	 2	 1	563.29	  0.00
112	30	18	v	 1	 1	 1	 1	 1	 0	 1	 1	 0	 1	 0	 1	 1	 1	521.46	  0.00
113	30	18	v	 1	 1	 1	 2	 2	 1	 1	 0	 0	 1	 0	 2	 2	 1	687.63	  0.00
114	30	18	v	 1	 1	 1	 2	 2	 2	 2	 1	 0	 1	 0	 2	 2	 1	549.55	  0.00
115	30	18	v	 1	 1	 1	 2	 2	 2	 2	 0	 0	 1	 0	 2	 2	 1	339.94	  0.00
116	30	18	v	 1	 1	 1	 3	 2	 3	 2	 0	 0	 1	 0	 2	 2	 1	314.49	  0.00
117	30	18	v	 1	 1	 1	 0	 1	 2	 2	 1	 0	 1	 0	 1	 1	 1	503.83	  0.00
118	30	18	v	 1	 1	 1	 3	 2	 2	 2	 0	 0	 1	 0	 2	 2	 1	670.20	  0.00
119	30	18	v	 1	 1	 1	 3	 2	 0	 1	 1	 0	 1	 0	 2	 2	 1	1124.40	  0.00
120	30	18	v	 1	 1	 1	 1	 1	 3	 2	 0	 0	 1	 0	 1	 1	 1	537.75	  0.00
121	30	18	v	 1	 1	 1	 2	 2	 1	 1	 1	 0	 1	 0	 2	 2	 1	568.06	  0.00
122	30	18	v	 1	 1	 1	 0	 1	 1	 1	 1	 0	 1	 0	 1	 1	 1	510.00	  0.00
123	30	18	v	 1	 1	 1	 0	 1	 2	 2	 0	 0	 1	 0	 1	 1	 1	492.52	  0.00
124	30	18	v	 1	 1	 1	 2	 2	 0	 1	 1	 0	 1	 0	 2	 2	 1	642.38	  0.00
125	30	18	v	 1	 1	 1	 1	 1	 0	 1	 1	 0	 1	 0	 1	 1	 1	520.71	  0.00
126	30	18	v	 1	 1	 1	 0	 1	 2	 2	 0	 0	 1	 0	 1	 1	 1	511.03	  0.00
127	30	18	v	 1	 1	 1	 2	 2	 3	 2	 0	 0	 1	 0	 2	 2	 1	604.54	  0.00
128	30	18	v	 1	 1	 2	 0	 1	 0	 1	 0	 0	 1	 0	 2	 2	 1	636.68	  0.00
129	30	18	v	 1	 1	 2	 3	 2	 2	 2	 0	 0	 1	 0	 1	 1	 1	746.30	  0.00
130	30	18	v	 1	 1	 2	 3	 2	 2	 2	 1	 0	 1	 0	 1	 1	 1	647.62	  0.00
131	30	18	v	 1	 1	 2	 0	 1	 3	 2	 1	 0	 1	 0	 1	 1	 1	669.32	  0.00
132	30	18	v	 1	 1	 2	 2	 2	 2	 2	 1	 0	 1	 0	 1	 1	 1	618.78	  0.00
133	30	18	v	 1	 1	 2	 2	 2	 1	 1	 0	 0	 1	 0	 2	 2	 1	808.46	  0.00
134	30	18	v	 1	 1	 2	 3	 2	 3	 2	 1	 0	 1	 0	 1	 1	 1	668.75	  0.00
135	30	18	v	 1	 1	 2	 1	 1	 1	 1	 0	 0	 1	 0	 2	 2	 1	650.34	  0.00
136	30	18	v	 1	 1	 2	 2	 2	 3	 2	 1	 0	 1	 0	 1	 1	 1	623.85	  0.00
137	30	18	v	 1	 1	 2	 3	 2	 1	 1	 1	 0	 1	 0	 2	 2	 1	725.67	  0.00
138	30	18	v	 1	 1	 2	 1	 1	 0	 1	 0	 0	 1	 0	 2	 2	 1	707.00	  0.00
139	30	18	v	 1	 1	 2	 2	 2	 1	 1	 1	 0	 1	 0	 2	 2	 1	592.52	  0.00
140	30	18	v	 1	 1	 2	 3	 2	 3	 2	 0	 0	 1	 0	 1	 1	 1	533.19	  0.00
141	30	18	v	 1	 1	 2	 2	 2	 0	 1	 1	 0	 1	 0	 2	 2	 1	562.90	  0.00
142	30	18	v	 1	 1	 2	 2	 2	 2	 2	 0	 0	 1	 0	 1	 1	 1	576.66	  0.00
143	30	18	v	 1	 1	 2	 0	 1	 2	 2	 0	 0	 1	 0	 1	 1	 1	470.40	  0.00
144	30	18	v	 1	 1	 2	 1	 1	 0	 1	 1	 0	 1	 0	 2	 2	 1	676.16	  0.00
145	30	18	v	 1	 1	 2	 0	 1	 0	 1	 1	 0	 1	 0	 2	 2	 1	473.69	  0.00
146	30	18	v	 1	 1	 2	 1	 1	 2	 2	 1	 0	 1	 0	 1	 2	 0	510.70	  0.00
147	30	18	v	 1	 1	 2	 2	 2	 0	 1	 1	 0	 1	 0	 2	 2	 1	548.38	  0.00
148	30	18	v	 1	 1	 2	 3	 2	 1	 1	 0	 0	 1	 0	 2	 2	 1	562.01	  0.00
149	30	18	v	 1	 1	 2	 1	 1	 3	 2	 0	 0	 1	 0	 1	 1	 1	599.80	  0.00
150	30	18	v	 1	 1	 2	 2	 2	 0	 1	 0	 0	 1	 0	 2	 2	 1	589.29	  0.00
151	30	18	v	 1	 1	 2	 1	 1	 2	 2	 0	 0	 1	 0	 1	 1	 1	626.97	  0.00
152	30	18	v	 1	 1	 2	 2	 2	 0	 1	 0	 0	 1	 0	 2	 2	 1	600.58	  0.00
153	30	18	v	 1	 1	 2	 3	 2	 1	 1	 0	 0	 1	 0	 2	 2	 1	781.34	  0.00
154	30	18	v	 1	 1	 2	 0	 1	 1	 1	 0	 0	 1	 0	 2	 2	 1	418.64	  0.00
155	30	18	v	 1	 1	 2	 1	 1	 2	 2	 0	 0	 1	 0	 1	 1	 1	560.62	  0.00
156	30	18	v	 1	 1	 2	 0	 1	 2	 2	 1	 0	 1	 0	 1	 1	 1	678.32	  0.00
157	30	18	v	 1	 1	 2	 2	 2	 1	 1	 1	 0	 1	 0	 2	 2	 1	579.73	  0.00
158	30	18	v	 1	 1	 2	 0	 1	 1	 1	 1	 0	 1	 0	 2	 2	 1	473.57	  0.00
159	30	18	v	 1	 1	 2	 3	 2	 0	 1	 0	 0	 1	 0	 2	 2	 1	463.37	  0.00
160	30	18	v	 1	 1	 2	 0	 1	 0	 1	 0	 0	 1	 0	 2	 2	 1	476.36	  0.00
161	30	18	v	 1	 1	 2	 0	 1	 1	 1	 1	 0	 1	 0	 2	 2	 1	618.04	  0.00
162	30	18	v	 1	 1	 2	 0	 1	 2	 2	 1	 0	 1	 0	 1	 1	 1	551.73	  0.00
163	30	18	v	 1	 1	 2	 3	 2	 2	 2	 1	 0	 1	 0	 1	 2	 0	365.43	  0.00
164	30	18	v	 1	 1	 2	 3	 2	 2	 2	 0	 0	 1	 0	 1	 1	 1	747.44	  0.00
165	30	18	v	 1	 1	 2	 3	 2	 3	 2	 0	 0	 1	 0	 1	 1	 1	704.76	  0.00
166	30	18	v	 1	 1	 2	 3	 2	 3	 2	 1	 0	 1	 0	 1	 1	 1	461.66	  0.00
167	30	18	v	 1	 1	 2	 1	 1	 3	 2	 1	 0	 1	 0	 1	 1	 1	443.29	  0.00
168	30	18	v	 1	 1	 2	 1	 1	 1	 1	 1	 0	 1	 0	 2	 1	 0	369.12	  0.00
169	30	18	v	 1	 1	 2	 3	 2	 0	 1	 0	 0	 1	 0	 2	 2	 1	527.10	  0.00
170	30	18	v	 1	 1	 2	 2	 2	 1	 1	 0	 0	 1	 0	 2	 2	 1	348.88	  0.00
171	30	18	v	 1	 1	 2	 3	 2	 0	 1	 1	 0	 1	 0	 2	 2	 1	322.86	  0.00
172	30	18	v	 1	 1	 2	 2	 2	 3	 2	 1	 0	 1	 0	 1	 2	 0	288.87	  0.00
173	30	18	v	 1	 1	 2	 3	 2	 0	 1	 1	 0	 1	 0	 2	 2	 1	422.97	  0.00
174	30	18	v	 1	 1	 2	 1	 1	 1	 1	 0	 0	 1	 0	 2	 2	 1	588.95	  0.00
175	30	18	v	 1	 1	 2	 0	 1	 1	 1	 0	 0	 1	 0	 2	 2	 1	585.59	  0.00
176	30	18	v	 1	 1	 2	 0	 1	 0	 1	 1	 0	 1	 0	 2	 2	 1	519.34	  0.00
177	30	18	v	 1	 1	 2	 1	 1	 1	 1	 1	 0	 1	 0	 2	 2	 1	365.10	  0.00
178	30	18	v	 1	 1	 2	 1	 1	 3	 2	 1	 0	 1	 0	 1	 2	 0	395.05	  0.00
179	30	18	v	 1	 1	 2	 2	 2	 2	 2	 1	 0	 1	 0	 1	 1	 1	664.95	  0.00
180	30	18	v	 1	 1	 2	 3	 2	 1	 1	 1	 0	 1	 0	 2	 2	 1	566.56	  0.00
181	30	18	v	 1	 1	 2	 0	 1	 3	 2	 0	 0	 1	 0	 1	 1	 1	636.34	  0.00
182	30	18	v	 1	 1	 2	 0	 1	 2	 2	 0	 0	 1	 0	 1	 1	 1	665.14	  0.00
183	30	18	v	 1	 1	 2	 1	 1	 0	 1	 1	 0	 1	 0	 2	 2	 1	446.47	  0.00
184	30	18	v	 1	 1	 2	 0	 1	 3	 2	 0	 0	 1	 0	 1	 1	 1	540.42	  0.00
185	30	18	v	 1	 1	 2	 2	 2	 2	 2	 0	 0	 1	 0	 1	 1	 1	578.12	  0.00
186	30	18	v	 1	 1	 2	 1	 1	 3	 2	 0	 0	 1	 0	 1	 1	 1	543.86	  0.00
187	30	18	v	 1	 1	 2	 0	 1	 3	 2	 1	 0	 1	 0	 1	 1	 1	453.60	  0.00
188	30	18	v	 1	 1	 2	 2	 2	 3	 2	 0	 0	 1	 0	 1	 1	 1	315.47	  0.00
189	30	18	v	 1	 1	 2	 1	 1	 2	 2	 1	 0	 1	 0	 1	 1	 1	520.44	  0.00
190	30	18	v	 1	 1	 2	 1	 1	 0	 1	 0	 0	 1	 0	 2	 2	 1	430.29	  0.00
191	30	18	v	 1	 1	 2	 2	 2	 3	 2	 0	 0	 1	 0	 1	 1	 1	540.17	  0.00
192	30	18	v	 1	 1	 3	 0	 1	 0	 1	 0	 0	 1	 0	 2	 2	 1	530.12	  0.00
193	30	18	v	 1	 1	 3	 3	 2	 1	 1	 0	 0	 1	 0	 2	 2	 1	712.42	  0.00
194	30	18	v	 1	 1	 3	 3	 2	 1	 1	 0	 0	 1	 0	 2	 2	 1	518.51	  0.00
195	30	18	v	 1	 1	 3	 3	 2	 1	 1	 1	 0	 1	 0	 2	 2	 1	364.69	  0.00
196	30	18	v	 1	 1	 3	 2	 2	 0	 1	 1	 0	 1	 0	 2	 1	 0	539.28	  0.00
197	30	18	v	 1	 1	 3	 0	 1	 3	 2	 0	 0	 1	 0	 1	 1	 1	569.44	  0.00
198	30	18	v	 1	 1	 3	 0	 1	 3	 2	 1	 0	 1	 0	 1	 1	 1	551.60	  0.00
199	30	18	v	 1	 1	 3	 1	 1	 3	 2	 0	 0	 1	 0	 1	 1	 1	581.79	  0.00
200	30	18	v	 1	 1	 3	 0	 1	 2	 2	 0	 0	 1	 0	 1	 1	 1	723.97	  0.00
201	30	18	v	 1	 1	 3	 3	 2	 1	 1	 1	 0	 1	 0	 2	 2	 1	553.05	  0.00
202	30	18	v	 1	 1	 3	 0	 1	 1	 1	 0	 0	 1	 0	 2	 2	 1	719.29	  0.00
203	30	18	v	 1	 1	 3	 2	 2	 3	 2	 1	 0	 1	 0	 1	 1	 1	549.27	  0.00
204	30	18	v	 1	 1	 3	 0	 1	 3	 2	 1	 0	 1	 0	 1	 1	 1	427.46	  0.00
205	30	18	v	 1	 1	 3	 1	 1	 2	 2	 1	 0	 1	 0	 1	 1	 1	681.94	  0.00
206	30	18	v	 1	 1	 3	 1	 1	 2	 2	 0	 0	 1	 0	 1	 1	 1	495.90	  0.00
207	30	18	v	 1	 1	 3	 0	 1	 0	 1	 1	 0	 1	 0	 2	 2	 1	590.21	  0.00
208	30	18	v	 1	 1	 3	 1	 1	 3	 2	 0	 0	 1	 0	 1	 1	 1	620.36	  0.00
209	30	18	v	 1	 1	 3	 0	 1	 2	 2	 1	 0	 1	 0	 1	 1	 1	625.58	  0.00
210	30	18	v	 1	 1	 3	 3	 2	 2	 2	 0	 0	 1	 0	 1	 1	 1	471.59	  0.00
211	30	18	v	 1	 1	 3	 2	 2	 1	 1	 1	 0	 1	 0	 2	 2	 1	621.91	  0.00
212	30	18	v	 1	 1	 3	 2	 2	 3	 2	 0	 0	 1	 0	 1	 1	 1	596.01	  0.00
213	30	18	v	 1	 1	 3	 3	 2	 3	 2	 1	 0	 1	 0	 1	 1	 1	410.19	  0.00
214	30	18	v	 1	 1	 3	 0	 1	 2	 2	 1	 0	 1	 0	 1	 2	 0	584.50	  0.00
215	30	18	v	 1	 1	 3	 3	 2	 0	 1	 1	 0	 1	 0	 2	 2	 1	590.79	  0.00
216	30	18	v	 1	 1	 3	 1	 1	 2	 2	 1	 0	 1	 0	 1	 2	 0	500.93	  0.00
217	30	18	v	 1	 1	 3	 2	 2	 1	 1	 1	 0	 1	 0	 2	 2	 1	707.25	  0.00
218	30	18	v	 1	 1	 3	 2	 2	 1	 1	 0	 0	 1	 0	 2	 2	 1	577.24	  0.00
219	30	18	v	 1	 1	 3	 1	 1	 3	 2	 1	 0	 1	 0	 1	 1	 1	598.43	  0.00
220	30	18	v	 1	 1	 3	 3	 2	 3	 2	 0	 0	 1	 0	 1	 1	 1	452.58	  0.00
221	30	18	v	 1	 1	 3	 1	 1	 1	 1	 0	 0	 1	 0	 2	 2	 1	810.96	  0.00
222	30	18	v	 1	 1	 3	 0	 1	 3	 2	 0	 0	 1	 0	 1	 1	 1	672.84	  0.00
223	30	18	v	 1	 1	 3	 1	 1	 0	 1	 1	 0	 1	 0	 2	 2	 1	614.87	  0.00
224	30	18	v	 1	 1	 3	 1	 1	 0	 1	 0	 0	 1	 0	 2	 2	 1	460.96	  0.00
225	30	18	v	 1	 1	 3	 2	 2	 2	 2	 1	 0	 1	 0	 1	 1	 1	643.31	  0.00
226	30	18	v	 1	 1	 3	 3	 2	 2	 2	 1	 0	 1	 0	 1	 1	 1	504.61	  0.00
227	30	18	v	 1	 1	 3	 0	 1	 1	 1	 1	 0	 1	 0	 2	 2	 1	710.82	  0.00
228	30	18	v	 1	 1	 3	 2	 2	 0	 1	 0	 0	 1	 0	 2	 2	 1	572.69	  0.00
229	30	18	v	 1	 1	 3	 0	 1	 2	 2	 0	 0	 1	 0	 1	 1	 1	843.00	  0.00
230	30	18	v	 1	 1	 3	 2	 2	 0	 1	 0	 0	 1	 0	 2	 2	 1	600.78	  0.00
231	30	18	v	 1	 1	 3	 1	 1	 3	 2	 1	 0	 1	 0	 1	 1	 1	582.92	  0.00
232	30	18	v	 1	 1	 3	 2	 2	 3	 2	 1	 0	 1	 0	 1	 1	 1	541.07	  0.00
233	30	18	v	 1	 1	 3	 1	 1	 2	 2	 0	 0	 1	 0	 1	 1	 1	779.27	  0.00
234	30	18	v	 1	 1	 3	 2	 2	 1	 1	 0	 0	 1	 0	 2	 2	 1	561.17	  0.00
235	30	18	v	 1	 1	 3	 0	 1	 1	 1	 1	 0	 1	 0	 2	 2	 1	542.38	  0.00
236	30	18	v	 1	 1	 3	 0	 1	 0	 1	 1	 0	 1	 0	 2	 2	 1	476.70	  0.00
237	30	18	v	 1	 1	 3	 1	 1	 1	 1	 1	 0	 1	 0	 2	 2	 1	371.02	  0.00
238	30	18	v	 1	 1	 3	 3	 2	 3	 2	 1	 0	 1	 0	 1	 1	 1	545.60	  0.00
239	30	18	v	 1	 1	 3	 3	 2	 0	 1	 1	 0	 1	 0	 2	 2	 1	543.73	  0.00
240	30	18	v	 1	 1	 3	 0	 1	 0	 1	 0	 0	 1	 0	 2	 2	 1	541.97	  0.00
241	30	18	v	 1	 1	 3	 3	 2	 2	 2	 0	 0	 1	 0	 1	 1	 1	628.21	  0.00
242	30	18	v	 1	 1	 3	 2	 2	 2	 2	 0	 0	 1	 0	 1	 1	 1	490.27	  0.00
243	30	18	v	 1	 1	 3	 3	 2	 0	 1	 0	 0	 1	 0	 2	 2	 1	584.64	  0.00
244	30	18	v	 1	 1	 3	 1	 1	 0	 1	 1	 0	 1	 0	 2	 2	 1	717.78	  0.00
245	30	18	v	 1	 1	 3	 2	 2	 2	 2	 1	 0	 1	 0	 1	 2	 0	331.76	  0.00
246	30	18	v	 1	 1	 3	 3	 2	 3	 2	 0	 0	 1	 0	 1	 1	 1	674.36	  0.00
247	30	18	v	 1	 1	 3	 2	 2	 2	 2	 0	 0	 1	 0	 1	 1	 1	560.42	  0.00
248	30	18	v	 1	 1	 3	 0	 1	 1	 1	 0	 0	 1	 0	 2	 1	 0	342.55	  0.00
249	30	18	v	 1	 1	 3	 2	 2	 0	 1	 1	 0	 1	 0	 2	 2	 1	797.27	  0.00
250	30	18	v	 1	 1	 3	 3	 2	 2	 2	 1	 0	 1	 0	 1	 1	 1	555.01	  0.00
251	30	18	v	 1	 1	 3	 1	 1	 1	 1	 1	 0	 1	 0	 2	 2	 1	601.44	  0.00
252	30	18	v	 1	 1	 3	 1	 1	 1	 1	 0	 0	 1	 0	 2	 2	 1	422.47	  0.00
253	30	18	v	 1	 1	 3	 3	 2	 0	 1	 0	 0	 1	 0	 2	 2	 1	524.77	  0.00
254	30	18	v	 1	 1	 3	 2	 2	 3	 2	 0	 0	 1	 0	 1	 2	 0	331.03	  0.00
255	30	18	v	 1	 1	 3	 1	 1	 0	 1	 0	 0	 1	 0	 2	 2	 1	465.61	  0.00
256	30	18	v	 1	 1	 4	 0	 1	 2	 2	 1	 0	 1	 0	 1	 1	 1	709.84	  0.00
257	30	18	v	 1	 1	 4	 1	 1	 3	 2	 0	 0	 1	 0	 1	 1	 1	827.17	  0.00
258	30	18	v	 1	 1	 4	 2	 2	 2	 2	 1	 0	 1	 0	 2	 2	 1	1264.51	  0.00
259	30	18	v	 1	 1	 4	 1	 1	 1	 1	 0	 0	 1	 0	 2	 2	 1	525.22	  0.00
260	30	18	v	 1	 1	 4	 2	 2	 0	 1	 1	 0	 1	 0	 2	 2	 1	491.02	  0.00
261	30	18	v	 1	 1	 4	 3	 2	 3	 2	 0	 0	 1	 0	 1	 1	 1	824.78	  0.00
262	30	18	v	 1	 1	 4	 3	 2	 1	 1	 0	 0	 1	 0	 2	 2	 1	669.23	  0.00
263	30	18	v	 1	 1	 4	 2	 2	 1	 1	 0	 0	 1	 0	 2	 2	 1	466.72	  0.00
264	30	18	v	 1	 1	 4	 1	 1	 0	 1	 0	 0	 1	 0	 2	 2	 1	400.45	  0.00
265	30	18	v	 1	 1	 4	 0	 1	 2	 2	 0	 0	 1	 0	 1	 1	 1	382.46	  0.00
266	30	18	v	 1	 1	 4	 2	 2	 0	 1	 0	 0	 1	 0	 2	 2	 1	572.43	  0.00
267	30	18	v	 1	 1	 4	 1	 1	 3	 2	 1	 0	 1	 0	 1	 1	 1	762.14	  0.00
268	30	18	v	 1	 1	 4	 2	 2	 2	 2	 1	 0	 1	 0	 2	 2	 1	487.59	  0.00
269	30	18	v	 1	 1	 4	 2	 2	 3	 2	 1	 0	 1	 0	 2	 2	 1	635.93	  0.00
270	30	18	v	 1	 1	 4	 0	 1	 2	 2	 0	 0	 1	 0	 1	 1	 1	657.96	  0.00
271	30	18	v	 1	 1	 4	 1	 1	 0	 1	 1	 0	 1	 0	 1	 1	 1	663.57	  0.00
272	30	18	v	 1	 1	 4	 2	 2	 1	 1	 0	 0	 1	 0	 2	 2	 1	485.14	  0.00
273	30	18	v	 1	 1	 4	 3	 2	 0	 1	 0	 0	 1	 0	 2	 2	 1	394.95	  0.00
274	30	18	v	 1	 1	 4	 1	 1	 2	 2	 0	 0	 1	 0	 1	 1	 1	456.89	  0.00
275	30	18	v	 1	 1	 4	 1	 1	 0	 1	 1	 0	 1	 0	 1	 2	 0	526.78	  0.00
276	30	18	v	 1	 1	 4	 3	 2	 2	 2	 0	 0	 1	 0	 1	 1	 1	771.59	  0.00
277	30	18	v	 1	 1	 4	 3	 2	 3	 2	 1	 0	 1	 0	 2	 2	 1	561.03	  0.00
278	30	18	v	 1	 1	 4	 0	 1	 3	 2	 0	 0	 1	 0	 1	 1	 1	414.67	  0.00
279	30	18	v	 1	 1	 4	 3	 2	 2	 2	 1	 0	 1	 0	 2	 1	 0	372.64	  0.00
280	30	18	v	 1	 1	 4	 1	 1	 3	 2	 0	 0	 1	 0	 1	 1	 1	506.58	  0.00
281	30	18	v	 1	 1	 4	 1	 1	 3	 2	 1	 0	 1	 0	 1	 1	 1	608.39	  0.00
282	30	18	v	 1	 1	 4	 0	 1	 0	 1	 0	 0	 1	 0	 2	 2	 1	549.93	  0.00
283	30	18	v	 1	 1	 4	 2	 2	 0	 1	 0	 0	 1	 0	 2	 2	 1	562.78	  0.00
284	30	18	v	 1	 1	 4	 0	 1	 2	 2	 1	 0	 1	 0	 1	 1	 1	536.45	  0.00
285	30	18	v	 1	 1	 4	 0	 1	 3	 2	 1	 0	 1	 0	 1	 1	 1	478.24	  0.00
286	30	18	v	 1	 1	 4	 1	 1	 1	 1	 1	 0	 1	 0	 1	 1	 1	547.80	  0.00
287	30	18	v	 1	 1	 4	 0	 1	 1	 1	 0	 0	 1	 0	 2	 2	 1	729.71	  0.00
288	30	18	v	 1	 1	 4	 3	 2	 3	 2	 1	 0	 1	 0	 2	 2	 1	487.20	  0.00
289	30	18	v	 1	 1	 4	 3	 2	 3	 2	 0	 0	 1	 0	 1	 2	 0	421.01	  0.00
290	30	18	v	 1	 1	 4	 1	 1	 1	 1	 1	 0	 1	 0	 1	 1	 1	657.98	  0.00
291	30	18	v	 1	 1	 4	 3	 2	 0	 1	 0	 0	 1	 0	 2	 2	 1	663.52	  0.00
292	30	18	v	 1	 1	 4	 0	 1	 1	 1	 1	 0	 1	 0	 1	 1	 1	805.16	  0.00
293	30	18	v	 1	 1	 4	 0	 1	 0	 1	 1	 0	 1	 0	 1	 1	 1	642.53	  0.00
294	30	18	v	 1	 1	 4	 0	 1	 3	 2	 0	 0	 1	 0	 1	 1	 1	824.06	  0.00
295	30	18	v	 1	 1	 4	 3	 2	 2	 2	 0	 0	 1	 0	 1	 1	 1	605.34	  0.00
296	30	18	v	 1	 1	 4	 1	 1	 2	 2	 1	 0	 1	 0	 1	 2	 0	530.16	  0.00
297	30	18	v	 1	 1	 4	 3	 2	 1	 1	 1	 0	 1	 0	 2	 2	 1	623.84	  0.00
298	30	18	v	 1	 1	 4	 3	 2	 1	 1	 0	 0	 1	 0	 2	 2	 1	829.52	  0.00
299	30	18	v	 1	 1	 4	 1	 1	 2	 2	 0	 0	 1	 0	 1	 1	 1	650.82	  0.00
300	30	18	v	 1	 1	 4	 0	 1	 1	 1	 1	 0	 1	 0	 1	 1	 1	880.45	  0.00
301	30	18	v	 1	 1	 4	 0	 1	 1	 1	 0	 0	 1	 0	 2	 1	 0	517.65	  0.00
302	30	18	v	 1	 1	 4	 3	 2	 0	 1	 1	 0	 1	 0	 2	 2	 1	818.57	  0.00
303	30	18	v	 1	 1	 4	 0	 1	 3	 2	 1	 0	 1	 0	 1	 1	 1	679.78	  0.00
304	30	18	v	 1	 1	 4	 2	 2	 1	 1	 1	 0	 1	 0	 2	 2	 1	1101.35	  0.00
305	30	18	v	 1	 1	 4	 1	 1	 2	 2	 1	 0	 1	 0	 1	 2	 0	562.30	  0.00
306	30	18	v	 1	 1	 4	 0	 1	 0	 1	 1	 0	 1	 0	 1	 1	 1	567.59	  0.00
307	30	18	v	 1	 1	 4	 1	 1	 0	 1	 0	 0	 1	 0	 2	 2	 1	565.56	  0.00
308	30	18	v	 1	 1	 4	 3	 2	 0	 1	 1	 0	 1	 0	 2	 2	 1	754.40	  0.00
309	30	18	v	 1	 1	 4	 2	 2	 3	 2	 1	 0	 1	 0	 2	 2	 1	479.97	  0.00
310	30	18	v	 1	 1	 4	 2	 2	 2	 2	 0	 0	 1	 0	 1	 1	 1	629.69	  0.00
311	30	18	v	 1	 1	 4	 3	 2	 1	 1	 1	 0	 1	 0	 2	 2	 1	979.35	  0.00
312	30	18	v	 1	 1	 4	 2	 2	 2	 2	 0	 0	 1	 0	 1	 1	 1	624.30	  0.00
313	30	18	v	 1	 1	 4	 2	 2	 1	 1	 1	 0	 1	 0	 2	 2	 1	1262.04	  0.00
314	30	18	v	 1	 1	 4	 2	 2	 3	 2	 0	 0	 1	 0	 1	 1	 1	578.53	  0.00
315	30	18	v	 1	 1	 4	 2	 2	 3	 2	 0	 0	 1	 0	 1	 2	 0	887.47	  0.00
316	30	18	v	 1	 1	 4	 2	 2	 0	 1	 1	 0	 1	 0	 2	 2	 1	996.72	  0.00
317	30	18	v	 1	 1	 4	 0	 1	 0	 1	 0	 0	 1	 0	 2	 2	 1	825.75	  0.00
318	30	18	v	 1	 1	 4	 1	 1	 1	 1	 0	 0	 1	 0	 2	 2	 1	655.10	  0.00
319	30	18	v	 1	 1	 4	 3	 2	 2	 2	 1	 0	 1	 0	 2	 2	 1	564.68	  0.00
320	30	18	v	 1	 1	 5	 0	 1	 2	 2	 1	 0	 1	 0	 1	 1	 1	746.86	  0.00
321	30	18	v	 1	 1	 5	 1	 1	 3	 2	 0	 0	 1	 0	 1	 1	 1	689.10	  0.00
322	30	18	v	 1	 1	 5	 0	 1	 0	 1	 1	 0	 1	 0	 1	 1	 1	631.09	  0.00
323	30	18	v	 1	 1	 5	 0	 1	 1	 1	 1	 0	 1	 0	 1	 1	 1	533.22	  0.00
324	30	18	v	 1	 1	 5	 3	 2	 2	 2	 1	 0	 1	 0	 2	 2	 1	427.46	  0.00
325	30	18	v	 1	 1	 5	 1	 1	 3	 2	 1	 0	 1	 0	 1	 1	 1	704.79	  0.00
326	30	18	v	 1	 1	 5	 3	 2	 1	 1	 1	 0	 1	 0	 2	 2	 1	670.88	  0.00
327	30	18	v	 1	 1	 5	 3	 2	 0	 1	 1	 0	 1	 0	 2	 2	 1	588.75	  0.00
328	30	18	v	 1	 1	 5	 1	 1	 0	 1	 1	 0	 1	 0	 1	 1	 1	643.09	  0.00
329	30	18	v	 1	 1	 5	 3	 2	 2	 2	 0	 0	 1	 0	 1	 1	 1	601.11	  0.00
330	30	18	v	 1	 1	 5	 1	 1	 2	 2	 1	 0	 1	 0	 1	 1	 1	639.36	  0.00
331	30	18	v	 1	 1	 5	 3	 2	 0	 1	 0	 0	 1	 0	 2	 2	 1	581.43	  0.00
332	30	18	v	 1	 1	 5	 3	 2	 1	 1	 1	 0	 1	 0	 2	 2	 1	371.63	  0.00
333	30	18	v	 1	 1	 5	 1	 1	 2	 2	 0	 0	 1	 0	 1	 1	 1	530.10	  0.00
334	30	18	v	 1	 1	 5	 0	 1	 0	 1	 1	 0	 1	 0	 1	 1	 1	639.53	  0.00
335	30	18	v	 1	 1	 5	 2	 2	 0	 1	 0	 0	 1	 0	 2	 2	 1	845.51	  0.00
336	30	18	v	 1	 1	 5	 0	 1	 3	 2	 1	 0	 1	 0	 1	 1	 1	739.38	  0.00
337	30	18	v	 1	 1	 5	 0	 1	 2	 2	 0	 0	 1	 0	 1	 1	 1	1409.33	  0.00
338	30	18	v	 1	 1	 5	 0	 1	 3	 2	 0	 0	 1	 0	 1	 1	 1	638.31	  0.00
339	30	18	v	 1	 1	 5	 3	 2	 0	 1	 1	 0	 1	 0	 2	 2	 1	524.45	  0.00
340	30	18	v	 1	 1	 5	 0	 1	 3	 2	 0	 0	 1	 0	 1	 1	 1	826.64	  0.00
341	30	18	v	 1	 1	 5	 3	 2	 2	 2	 0	 0	 1	 0	 1	 1	 1	471.56	  0.00
342	30	18	v	 1	 1	 5	 2	 2	 0	 1	 1	 0	 1	 0	 2	 2	 1	605.88	  0.00
343	30	18	v	 1	 1	 5	 1	 1	 1	 1	 0	 0	 1	 0	 2	 2	 1	556.06	  0.00
344	30	18	v	 1	 1	 5	 3	 2	 2	 2	 1	 0	 1	 0	 2	 2	 1	426.29	  0.00
345	30	18	v	 1	 1	 5	 0	 1	 1	 1	 0	 0	 1	 0	 2	 2	 1	552.58	  0.00
346	30	18	v	 1	 1	 5	 2	 2	 3	 2	 1	 0	 1	 0	 2	 2	 1	414.82	  0.00
347	30	18	v	 1	 1	 5	 1	 1	 0	 1	 1	 0	 1	 0	 1	 1	 1	805.27	  0.00
348	30	18	v	 1	 1	 5	 2	 2	 1	 1	 1	 0	 1	 0	 2	 2	 1	755.20	  0.00
349	30	18	v	 1	 1	 5	 1	 1	 0	 1	 0	 0	 1	 0	 2	 2	 1	472.23	  0.00
350	30	18	v	 1	 1	 5	 1	 1	 1	 1	 0	 0	 1	 0	 2	 2	 1	638.52	  0.00
351	30	18	v	 1	 1	 5	 0	 1	 3	 2	 1	 0	 1	 0	 1	 1	 1	572.49	  0.00
352	30	18	v	 1	 1	 5	 2	 2	 1	 1	 0	 0	 1	 0	 2	 2	 1	1034.71	  0.00
353	30	18	v	 1	 1	 5	 2	 2	 2	 2	 1	 0	 1	 0	 2	 2	 1	616.23	  0.00
354	30	18	v	 1	 1	 5	 1	 1	 1	 1	 1	 0	 1	 0	 1	 1	 1	750.28	  0.00
355	30	18	v	 1	 1	 5	 2	 2	 0	 1	 1	 0	 1	 0	 2	 1	 0	492.32	  0.00
356	30	18	v	 1	 1	 5	 0	 1	 1	 1	 0	 0	 1	 0	 2	 2	 1	994.58	  0.00
357	30	18	v	 1	 1	 5	 1	 1	 1	 1	 1	 0	 1	 0	 1	 1	 1	478.48	  0.00
358	30	18	v	 1	 1	 5	 3	 2	 3	 2	 1	 0	 1	 0	 2	 2	 1	677.60	  0.00
359	30	18	v	 1	 1	 5	 3	 2	 3	 2	 0	 0	 1	 0	 1	 1	 1	715.53	  0.00
360	30	18	v	 1	 1	 5	 2	 2	 2	 2	 0	 0	 1	 0	 1	 1	 1	425.59	  0.00
361	30	18	v	 1	 1	 5	 2	 2	 1	 1	 0	 0	 1	 0	 2	 2	 1	647.96	  0.00
362	30	18	v	 1	 1	 5	 0	 1	 2	 2	 0	 0	 1	 0	 1	 2	 0	366.02	  0.00
363	30	18	v	 1	 1	 5	 3	 2	 3	 2	 1	 0	 1	 0	 2	 2	 1	628.57	  0.00
364	30	18	v	 1	 1	 5	 2	 2	 2	 2	 1	 0	 1	 0	 2	 2	 1	426.73	  0.00
365	30	18	v	 1	 1	 5	 1	 1	 2	 2	 1	 0	 1	 0	 1	 1	 1	545.13	  0.00
366	30	18	v	 1	 1	 5	 2	 2	 2	 2	 0	 0	 1	 0	 1	 1	 1	670.92	  0.00
367	30	18	v	 1	 1	 5	 2	 2	 3	 2	 0	 0	 1	 0	 1	 1	 1	564.34	  0.00
368	30	18	v	 1	 1	 5	 0	 1	 0	 1	 0	 0	 1	 0	 2	 2	 1	586.53	  0.00
369	30	18	v	 1	 1	 5	 1	 1	 2	 2	 0	 0	 1	 0	 1	 1	 1	936.75	  0.00
370	30	18	v	 1	 1	 5	 3	 2	 1	 1	 0	 0	 1	 0	 2	 2	 1	1302.41	  0.00
371	30	18	v	 1	 1	 5	 2	 2	 3	 2	 0	 0	 1	 0	 1	 1	 1	659.57	  0.00
372	30	18	v	 1	 1	 5	 0	 1	 0	 1	 0	 0	 1	 0	 2	 2	 1	761.55	  0.00
373	30	18	v	 1	 1	 5	 3	 2	 3	 2	 0	 0	 1	 0	 1	 1	 1	591.54	  0.00
374	30	18	v	 1	 1	 5	 1	 1	 3	 2	 0	 0	 1	 0	 1	 1	 1	461.60	  0.00
375	30	18	v	 1	 1	 5	 1	 1	 0	 1	 0	 0	 1	 0	 2	 2	 1	589.00	  0.00
376	30	18	v	 1	 1	 5	 2	 2	 3	 2	 1	 0	 1	 0	 2	 2	 1	825.23	  0.00
377	30	18	v	 1	 1	 5	 0	 1	 2	 2	 1	 0	 1	 0	 1	 1	 1	543.03	  0.00
378	30	18	v	 1	 1	 5	 3	 2	 0	 1	 0	 0	 1	 0	 2	 2	 1	661.22	  0.00
379	30	18	v	 1	 1	 5	 2	 2	 0	 1	 0	 0	 1	 0	 2	 2	 1	747.29	  0.00
380	30	18	v	 1	 1	 5	 1	 1	 3	 2	 1	 0	 1	 0	 1	 1	 1	593.23	  0.00
381	30	18	v	 1	 1	 5	 0	 1	 1	 1	 1	 0	 1	 0	 1	 1	 1	1654.49	  0.00
382	30	18	v	 1	 1	 5	 3	 2	 1	 1	 0	 0	 1	 0	 2	 2	 1	635.01	  0.00
383	30	18	v	 1	 1	 5	 2	 2	 1	 1	 1	 0	 1	 0	 2	 1	 0	632.82	  0.00
384	30	18	v	 1	 1	 6	 0	 1	 0	 1	 0	 0	 1	 0	 2	 2	 1	895.27	  0.00
385	30	18	v	 1	 1	 6	 3	 2	 3	 2	 1	 0	 1	 0	 2	 2	 1	365.03	  0.00
386	30	18	v	 1	 1	 6	 2	 2	 2	 2	 0	 0	 1	 0	 1	 1	 1	595.48	  0.00
387	30	18	v	 1	 1	 6	 2	 2	 3	 2	 1	 0	 1	 0	 2	 1	 0	657.70	  0.00
388	30	18	v	 1	 1	 6	 2	 2	 1	 1	 0	 0	 1	 0	 2	 2	 1	838.98	  0.00
389	30	18	v	 1	 1	 6	 2	 2	 2	 2	 1	 0	 1	 0	 2	 2	 1	460.61	  0.00
390	30	18	v	 1	 1	 6	 2	 2	 0	 1	 0	 0	 1	 0	 2	 2	 1	578.73	  0.00
391	30	18	v	 1	 1	 6	 2	 2	 1	 1	 0	 0	 1	 0	 2	 2	 1	577.03	  0.00
392	30	18	v	 1	 1	 6	 1	 1	 1	 1	 1	 0	 1	 0	 1	 1	 1	647.23	  0.00
393	30	18	v	 1	 1	 6	 1	 1	 3	 2	 1	 0	 1	 0	 1	 1	 1	493.34	  0.00
394	30	18	v	 1	 1	 6	 0	 1	 0	 1	 1	 0	 1	 0	 1	 1	 1	563.57	  0.00
395	30	18	v	 1	 1	 6	 0	 1	 1	 1	 0	 0	 1	 0	 2	 2	 1	681.75	  0.00
396	30	18	v	 1	 1	 6	 3	 2	 1	 1	 0	 0	 1	 0	 2	 2	 1	439.81	  0.00
397	30	18	v	 1	 1	 6	 3	 2	 0	 1	 0	 0	 1	 0	 2	 2	 1	541.45	  0.00
398	30	18	v	 1	 1	 6	 2	 2	 3	 2	 0	 0	 1	 0	 1	 2	 0	347.56	  0.00
399	30	18	v	 1	 1	 6	 2	 2	 1	 1	 1	 0	 1	 0	 2	 1	 0	457.74	  0.00
400	30	18	v	 1	 1	 6	 0	 1	 2	 2	 1	 0	 1	 0	 1	 1	 1	592.28	  0.00
401	30	18	v	 1	 1	 6	 0	 1	 2	 2	 0	 0	 1	 0	 1	 1	 1	486.43	  0.00
402	30	18	v	 1	 1	 6	 2	 2	 2	 2	 0	 0	 1	 0	 1	 1	 1	740.80	  0.00
403	30	18	v	 1	 1	 6	 1	 1	 3	 2	 0	 0	 1	 0	 1	 1	 1	322.63	  0.00
404	30	18	v	 1	 1	 6	 3	 2	 2	 2	 0	 0	 1	 0	 1	 1	 1	401.29	  0.00
405	30	18	v	 1	 1	 6	 3	 2	 3	 2	 1	 0	 1	 0	 2	 2	 1	503.80	  0.00
406	30	18	v	 1	 1	 6	 0	 1	 3	 2	 0	 0	 1	 0	 1	 1	 1	805.95	  0.00
407	30	18	v	 1	 1	 6	 3	 2	 0	 1	 1	 0	 1	 0	 2	 1	 0	650.82	  0.00
408	30	18	v	 1	 1	 6	 2	 2	 0	 1	 1	 0	 1	 0	 2	 1	 0	321.01	  0.00
409	30	18	v	 1	 1	 6	 3	 2	 2	 2	 0	 0	 1	 0	 1	 1	 1	719.69	  0.00
410	30	18	v	 1	 1	 6	 3	 2	 1	 1	 0	 0	 1	 0	 2	 1	 0	317.54	  0.00
411	30	18	v	 1	 1	 6	 2	 2	 3	 2	 0	 0	 1	 0	 1	 1	 1	468.14	  0.00
412	30	18	v	 1	 1	 6	 1	 1	 2	 2	 0	 0	 1	 0	 1	 1	 1	514.49	  0.00
413	30	18	v	 1	 1	 6	 3	 2	 3	 2	 0	 0	 1	 0	 1	 1	 1	416.72	  0.00
414	30	18	v	 1	 1	 6	 1	 1	 1	 1	 1	 0	 1	 0	 1	 1	 1	846.94	  0.00
415	30	18	v	 1	 1	 6	 0	 1	 0	 1	 1	 0	 1	 0	 1	 1	 1	517.00	  0.00
416	30	18	v	 1	 1	 6	 2	 2	 1	 1	 1	 0	 1	 0	 2	 2	 1	538.29	  0.00
417	30	18	v	 1	 1	 6	 3	 2	 0	 1	 1	 0	 1	 0	 2	 2	 1	848.49	  0.00
418	30	18	v	 1	 1	 6	 0	 1	 0	 1	 0	 0	 1	 0	 2	 2	 1	614.29	  0.00
419	30	18	v	 1	 1	 6	 1	 1	 2	 2	 1	 0	 1	 0	 1	 2	 0	308.34	  0.00
420	30	18	v	 1	 1	 6	 1	 1	 0	 1	 0	 0	 1	 0	 2	 2	 1	547.04	  0.00
421	30	18	v	 1	 1	 6	 1	 1	 2	 2	 1	 0	 1	 0	 1	 1	 1	624.95	  0.00
422	30	18	v	 1	 1	 6	 2	 2	 2	 2	 1	 0	 1	 0	 2	 2	 1	583.07	  0.00
423	30	18	v	 1	 1	 6	 1	 1	 1	 1	 0	 0	 1	 0	 2	 2	 1	581.47	  0.00
424	30	18	v	 1	 1	 6	 3	 2	 3	 2	 0	 0	 1	 0	 1	 1	 1	610.70	  0.00
425	30	18	v	 1	 1	 6	 0	 1	 2	 2	 0	 0	 1	 0	 1	 1	 1	608.81	  0.00
426	30	18	v	 1	 1	 6	 0	 1	 2	 2	 1	 0	 1	 0	 1	 1	 1	294.99	  0.00
427	30	18	v	 1	 1	 6	 0	 1	 1	 1	 0	 0	 1	 0	 2	 2	 1	445.41	  0.00
428	30	18	v	 1	 1	 6	 0	 1	 1	 1	 1	 0	 1	 0	 1	 2	 0	499.96	  0.00
429	30	18	v	 1	 1	 6	 2	 2	 3	 2	 1	 0	 1	 0	 2	 1	 0	450.19	  0.00
430	30	18	v	 1	 1	 6	 3	 2	 0	 1	 0	 0	 1	 0	 2	 1	 0	488.73	  0.00
431	30	18	v	 1	 1	 6	 2	 2	 0	 1	 0	 0	 1	 0	 2	 2	 1	622.87	  0.00
432	30	18	v	 1	 1	 6	 3	 2	 2	 2	 1	 0	 1	 0	 2	 1	 0	572.26	  0.00
433	30	18	v	 1	 1	 6	 0	 1	 1	 1	 1	 0	 1	 0	 1	 1	 1	787.27	  0.00
434	30	18	v	 1	 1	 6	 3	 2	 1	 1	 1	 0	 1	 0	 2	 2	 1	375.91	  0.00
435	30	18	v	 1	 1	 6	 3	 2	 2	 2	 1	 0	 1	 0	 2	 2	 1	358.61	  0.00
436	30	18	v	 1	 1	 6	 1	 1	 0	 1	 1	 0	 1	 0	 1	 1	 1	532.77	  0.00
437	30	18	v	 1	 1	 6	 1	 1	 1	 1	 0	 0	 1	 0	 2	 2	 1	635.36	  0.00
438	30	18	v	 1	 1	 6	 2	 2	 0	 1	 1	 0	 1	 0	 2	 2	 1	449.49	  0.00
439	30	18	v	 1	 1	 6	 0	 1	 3	 2	 1	 0	 1	 0	 1	 1	 1	655.81	  0.00
440	30	18	v	 1	 1	 6	 0	 1	 3	 2	 0	 0	 1	 0	 1	 1	 1	573.93	  0.00
441	30	18	v	 1	 1	 6	 3	 2	 1	 1	 1	 0	 1	 0	 2	 1	 0	451.84	  0.00
442	30	18	v	 1	 1	 6	 1	 1	 3	 2	 1	 0	 1	 0	 1	 1	 1	481.61	  0.00
443	30	18	v	 1	 1	 6	 1	 1	 3	 2	 0	 0	 1	 0	 1	 1	 1	543.57	  0.00
444	30	18	v	 1	 1	 6	 1	 1	 0	 1	 1	 0	 1	 0	 1	 1	 1	829.38	  0.00
445	30	18	v	 1	 1	 6	 0	 1	 3	 2	 1	 0	 1	 0	 1	 1	 1	403.88	  0.00
446	30	18	v	 1	 1	 6	 1	 1	 0	 1	 0	 0	 1	 0	 2	 2	 1	642.29	  0.00
447	30	18	v	 1	 1	 6	 1	 1	 2	 2	 0	 0	 1	 0	 1	 2	 0	336.21	  0.00
448	30	18	v	 1	 1	 7	 3	 2	 1	 1	 0	 0	 1	 0	 2	 2	 1	726.89	  0.00
449	30	18	v	 1	 1	 7	 2	 2	 2	 2	 1	 0	 1	 0	 2	 2	 1	732.93	  0.00
450	30	18	v	 1	 1	 7	 3	 2	 3	 2	 1	 0	 1	 0	 2	 2	 1	426.93	  0.00
451	30	18	v	 1	 1	 7	 1	 1	 2	 2	 1	 0	 1	 0	 1	 1	 1	592.35	  0.00
452	30	18	v	 1	 1	 7	 0	 1	 2	 2	 1	 0	 1	 0	 1	 1	 1	622.44	  0.00
453	30	18	v	 1	 1	 7	 3	 2	 0	 1	 1	 0	 1	 0	 2	 2	 1	1172.62	  0.00
454	30	18	v	 1	 1	 7	 0	 1	 2	 2	 0	 0	 1	 0	 1	 1	 1	729.95	  0.00
455	30	18	v	 1	 1	 7	 3	 2	 2	 2	 1	 0	 1	 0	 2	 2	 1	1791.99	  0.00
456	30	18	v	 1	 1	 7	 1	 1	 0	 1	 0	 0	 1	 0	 2	 2	 1	612.36	  0.00
457	30	18	v	 1	 1	 7	 3	 2	 2	 2	 0	 0	 1	 0	 1	 2	 0	466.55	  0.00
458	30	18	v	 1	 1	 7	 1	 1	 1	 1	 1	 0	 1	 0	 1	 2	 0	1191.92	  0.00
459	30	18	v	 1	 1	 7	 1	 1	 1	 1	 0	 0	 1	 0	 2	 2	 1	1589.14	  0.00
460	30	18	v	 1	 1	 7	 3	 2	 1	 1	 0	 0	 1	 0	 2	 2	 1	729.88	  0.00
461	30	18	v	 1	 1	 7	 3	 2	 0	 1	 1	 0	 1	 0	 2	 2	 1	735.92	  0.00
462	30	18	v	 1	 1	 7	 1	 1	 2	 2	 1	 0	 1	 0	 1	 1	 1	757.96	  0.00
463	30	18	v	 1	 1	 7	 3	 2	 0	 1	 0	 0	 1	 0	 2	 2	 1	627.78	  0.00
464	30	18	v	 1	 1	 7	 2	 2	 2	 2	 0	 0	 1	 0	 1	 1	 1	905.93	  0.00
465	30	18	v	 1	 1	 7	 1	 1	 2	 2	 0	 0	 1	 0	 1	 1	 1	526.59	  0.00
466	30	18	v	 1	 1	 7	 2	 2	 0	 1	 0	 0	 1	 0	 2	 2	 1	820.82	  0.00
467	30	18	v	 1	 1	 7	 1	 1	 0	 1	 0	 0	 1	 0	 2	 2	 1	394.65	  0.00
468	30	18	v	 1	 1	 7	 0	 1	 0	 1	 0	 0	 1	 0	 2	 2	 1	377.10	  0.00
469	30	18	v	 1	 1	 7	 0	 1	 3	 2	 1	 0	 1	 0	 1	 1	 1	727.68	  0.00
470	30	18	v	 1	 1	 7	 2	 2	 2	 2	 1	 0	 1	 0	 2	 2	 1	853.64	  0.00
471	30	18	v	 1	 1	 7	 2	 2	 3	 2	 0	 0	 1	 0	 1	 1	 1	635.37	  0.00
472	30	18	v	 1	 1	 7	 0	 1	 3	 2	 0	 0	 1	 0	 1	 1	 1	489.50	  0.00
473	30	18	v	 1	 1	 7	 1	 1	 2	 2	 0	 0	 1	 0	 1	 1	 1	598.81	  0.00
474	30	18	v	 1	 1	 7	 3	 2	 3	 2	 0	 0	 1	 0	 1	 1	 1	404.98	  0.00
475	30	18	v	 1	 1	 7	 0	 1	 0	 1	 1	 0	 1	 0	 1	 1	 1	107.48	  0.00
476	30	18	v	 1	 1	 7	 2	 2	 3	 2	 0	 0	 1	 0	 1	 1	 1	626.29	  0.00
477	30	18	v	 1	 1	 7	 2	 2	 3	 2	 1	 0	 1	 0	 2	 1	 0	176.39	  0.00
478	30	18	v	 1	 1	 7	 3	 2	 0	 1	 0	 0	 1	 0	 2	 2	 1	559.16	  0.00
479	30	18	v	 1	 1	 7	 0	 1	 3	 2	 0	 0	 1	 0	 1	 1	 1	589.33	  0.00
480	30	18	v	 1	 1	 7	 0	 1	 0	 1	 1	 0	 1	 0	 1	 1	 1	619.51	  0.00
481	30	18	v	 1	 1	 7	 3	 2	 3	 2	 0	 0	 1	 0	 1	 1	 1	473.62	  0.00
482	30	18	v	 1	 1	 7	 2	 2	 0	 1	 1	 0	 1	 0	 2	 2	 1	551.13	  0.00
483	30	18	v	 1	 1	 7	 0	 1	 1	 1	 1	 0	 1	 0	 1	 1	 1	484.96	  0.00
484	30	18	v	 1	 1	 7	 2	 2	 0	 1	 0	 0	 1	 0	 2	 1	 0	1387.60	  0.00
485	30	18	v	 1	 1	 7	 2	 2	 1	 1	 0	 0	 1	 0	 2	 2	 1	648.52	  0.00
486	30	18	v	 1	 1	 7	 0	 1	 2	 2	 0	 0	 1	 0	 1	 1	 1	574.72	  0.00
487	30	18	v	 1	 1	 7	 3	 2	 2	 2	 1	 0	 1	 0	 2	 2	 1	659.61	  0.00
488	30	18	v	 1	 1	 7	 1	 1	 3	 2	 1	 0	 1	 0	 1	 2	 0	522.91	  0.00
489	30	18	v	 1	 1	 7	 2	 2	 3	 2	 1	 0	 1	 0	 2	 1	 0	497.19	  0.00
490	30	18	v	 1	 1	 7	 0	 1	 1	 1	 0	 0	 1	 0	 2	 2	 1	726.54	  0.00
491	30	18	v	 1	 1	 7	 2	 2	 0	 1	 1	 0	 1	 0	 2	 2	 1	620.45	  0.00
492	30	18	v	 1	 1	 7	 0	 1	 2	 2	 1	 0	 1	 0	 1	 2	 0	426.55	  0.00
493	30	18	v	 1	 1	 7	 1	 1	 3	 2	 0	 0	 1	 0	 1	 1	 1	808.90	  0.00
494	30	18	v	 1	 1	 7	 2	 2	 1	 1	 0	 0	 1	 0	 2	 2	 1	598.81	  0.00
495	30	18	v	 1	 1	 7	 0	 1	 1	 1	 1	 0	 1	 0	 1	 2	 0	556.80	  0.00
496	30	18	v	 1	 1	 7	 1	 1	 0	 1	 1	 0	 1	 0	 1	 1	 1	675.24	  0.00
497	30	18	v	 1	 1	 7	 1	 1	 1	 1	 1	 0	 1	 0	 1	 1	 1	425.26	  0.00
498	30	18	v	 1	 1	 7	 3	 2	 2	 2	 0	 0	 1	 0	 1	 1	 1	607.66	  0.00
499	30	18	v	 1	 1	 7	 0	 1	 0	 1	 0	 0	 1	 0	 2	 2	 1	492.79	  0.00
500	30	18	v	 1	 1	 7	 3	 2	 1	 1	 1	 0	 1	 0	 2	 0	 0	2000.13	  0.00
501	30	18	v	 1	 1	 7	 1	 1	 0	 1	 1	 0	 1	 0	 1	 1	 1	671.37	  0.00
502	30	18	v	 1	 1	 7	 1	 1	 1	 1	 0	 0	 1	 0	 2	 2	 1	629.34	  0.00
503	30	18	v	 1	 1	 7	 3	 2	 3	 2	 1	 0	 1	 0	 2	 2	 1	867.49	  0.00
504	30	18	v	 1	 1	 7	 1	 1	 3	 2	 0	 0	 1	 0	 1	 1	 1	713.14	  0.00
505	30	18	v	 1	 1	 7	 2	 2	 1	 1	 1	 0	 1	 0	 2	 1	 0	751.28	  0.00
506	30	18	v	 1	 1	 7	 0	 1	 3	 2	 1	 0	 1	 0	 1	 1	 1	564.18	  0.00
507	30	18	v	 1	 1	 7	 0	 1	 1	 1	 0	 0	 1	 0	 2	 2	 1	1170.40	  0.00
508	30	18	v	 1	 1	 7	 2	 2	 2	 2	 0	 0	 1	 0	 1	 1	 1	743.86	  0.00
509	30	18	v	 1	 1	 7	 2	 2	 1	 1	 1	 0	 1	 0	 2	 2	 1	661.65	  0.00
510	30	18	v	 1	 1	 7	 3	 2	 1	 1	 1	 0	 1	 0	 2	 2	 1	371.76	  0.00
511	30	18	v	 1	 1	 7	 1	 1	 3	 2	 1	 0	 1	 0	 1	 1	 1	530.24	  0.00
512	30	18	v	 1	 1	 8	 1	 1	 2	 2	 0	 1	 1	 1	 2	 2	 1	1198.28	  0.00
513	30	18	v	 1	 1	 8	 2	 2	 2	 2	 0	 1	 1	 1	 1	 1	 1	482.99	  0.00
514	30	18	v	 1	 1	 8	 0	 1	 0	 1	 1	 1	 1	 1	 2	 2	 1	528.85	  0.00
515	30	18	v	 1	 1	 8	 0	 1	 0	 1	 0	 1	 1	 1	 2	 2	 1	518.59	  0.00
516	30	18	v	 1	 1	 8	 3	 2	 0	 1	 0	 1	 1	 1	 1	 1	 1	556.34	  0.00
517	30	18	v	 1	 1	 8	 3	 2	 3	 2	 1	 1	 1	 1	 1	 1	 1	618.03	  0.00
518	30	18	v	 1	 1	 8	 0	 1	 2	 2	 1	 1	 1	 1	 2	 2	 1	519.63	  0.00
519	30	18	v	 1	 1	 8	 0	 1	 3	 2	 1	 1	 1	 1	 2	 2	 1	524.50	  0.00
520	30	18	v	 1	 1	 8	 1	 1	 1	 1	 0	 1	 1	 1	 2	 2	 1	506.27	  0.00
521	30	18	v	 1	 1	 8	 1	 1	 0	 1	 0	 1	 1	 1	 2	 2	 1	592.02	  0.00
522	30	18	v	 1	 1	 8	 3	 2	 3	 2	 1	 1	 1	 1	 1	 1	 1	557.64	  0.00
523	30	18	v	 1	 1	 8	 0	 1	 1	 1	 0	 1	 1	 1	 2	 2	 1	779.18	  0.00
524	30	18	v	 1	 1	 8	 2	 2	 1	 1	 0	 1	 1	 1	 1	 1	 1	352.81	  0.00
525	30	18	v	 1	 1	 8	 0	 1	 1	 1	 1	 1	 1	 1	 2	 2	 1	638.79	  0.00
526	30	18	v	 1	 1	 8	 3	 2	 2	 2	 1	 1	 1	 1	 1	 1	 1	491.38	  0.00
527	30	18	v	 1	 1	 8	 1	 1	 1	 1	 1	 1	 1	 1	 2	 2	 1	361.25	  0.00
528	30	18	v	 1	 1	 8	 3	 2	 0	 1	 0	 1	 1	 1	 1	 1	 1	303.19	  0.00
529	30	18	v	 1	 1	 8	 1	 1	 3	 2	 1	 1	 1	 1	 2	 2	 1	541.28	  0.00
530	30	18	v	 1	 1	 8	 0	 1	 1	 1	 0	 1	 1	 1	 2	 1	 0	395.05	  0.00
531	30	18	v	 1	 1	 8	 1	 1	 2	 2	 0	 1	 1	 1	 2	 2	 1	537.02	  0.00
532	30	18	v	 1	 1	 8	 0	 1	 3	 2	 1	 1	 1	 1	 2	 2	 1	446.76	  0.00
533	30	18	v	 1	 1	 8	 2	 2	 3	 2	 1	 1	 1	 1	 1	 1	 1	787.67	  0.00
534	30	18	v	 1	 1	 8	 3	 2	 1	 1	 1	 1	 1	 1	 1	 1	 1	392.95	  0.00
535	30	18	v	 1	 1	 8	 1	 1	 1	 1	 1	 1	 1	 1	 2	 2	 1	1358.87	  0.00
536	30	18	v	 1	 1	 8	 1	 1	 3	 2	 0	 1	 1	 1	 2	 2	 1	547.49	  0.00
537	30	18	v	 1	 1	 8	 2	 2	 1	 1	 0	 1	 1	 1	 1	 1	 1	536.99	  0.00
538	30	18	v	 1	 1	 8	 1	 1	 0	 1	 0	 1	 1	 1	 2	 2	 1	510.75	  0.00
539	30	18	v	 1	 1	 8	 3	 2	 1	 1	 0	 1	 1	 1	 1	 1	 1	531.85	  0.00
540	30	18	v	 1	 1	 8	 2	 2	 3	 2	 0	 1	 1	 1	 1	 1	 1	361.47	  0.00
541	30	18	v	 1	 1	 8	 2	 2	 0	 1	 1	 1	 1	 1	 1	 1	 1	519.49	  0.00
542	30	18	v	 1	 1	 8	 3	 2	 0	 1	 1	 1	 1	 1	 1	 1	 1	413.26	  0.00
543	30	18	v	 1	 1	 8	 2	 2	 2	 2	 1	 1	 1	 1	 1	 1	 1	507.04	  0.00
544	30	18	v	 1	 1	 8	 3	 2	 2	 2	 1	 1	 1	 1	 1	 1	 1	408.91	  0.00
545	30	18	v	 1	 1	 8	 2	 2	 1	 1	 1	 1	 1	 1	 1	 1	 1	342.79	  0.00
546	30	18	v	 1	 1	 8	 3	 2	 3	 2	 0	 1	 1	 1	 1	 1	 1	356.14	  0.00
547	30	18	v	 1	 1	 8	 3	 2	 1	 1	 0	 1	 1	 1	 1	 1	 1	337.87	  0.00
548	30	18	v	 1	 1	 8	 0	 1	 2	 2	 0	 1	 1	 1	 2	 2	 1	751.99	  0.00
549	30	18	v	 1	 1	 8	 3	 2	 2	 2	 0	 1	 1	 1	 1	 1	 1	541.40	  0.00
550	30	18	v	 1	 1	 8	 2	 2	 3	 2	 0	 1	 1	 1	 1	 1	 1	603.20	  0.00
551	30	18	v	 1	 1	 8	 2	 2	 2	 2	 0	 1	 1	 1	 1	 1	 1	736.76	  0.00
552	30	18	v	 1	 1	 8	 0	 1	 0	 1	 1	 1	 1	 1	 2	 2	 1	510.06	  0.00
553	30	18	v	 1	 1	 8	 0	 1	 2	 2	 0	 1	 1	 1	 2	 1	 0	594.39	  0.00
554	30	18	v	 1	 1	 8	 2	 2	 0	 1	 0	 1	 1	 1	 1	 1	 1	520.72	  0.00
555	30	18	v	 1	 1	 8	 1	 1	 2	 2	 1	 1	 1	 1	 2	 2	 1	710.41	  0.00
556	30	18	v	 1	 1	 8	 2	 2	 0	 1	 1	 1	 1	 1	 1	 1	 1	555.93	  0.00
557	30	18	v	 1	 1	 8	 2	 2	 0	 1	 0	 1	 1	 1	 1	 1	 1	521.42	  0.00
558	30	18	v	 1	 1	 8	 3	 2	 1	 1	 1	 1	 1	 1	 1	 1	 1	663.37	  0.00
559	30	18	v	 1	 1	 8	 0	 1	 3	 2	 0	 1	 1	 1	 2	 2	 1	556.97	  0.00
560	30	18	v	 1	 1	 8	 1	 1	 3	 2	 1	 1	 1	 1	 2	 2	 1	921.67	  0.00
561	30	18	v	 1	 1	 8	 3	 2	 3	 2	 0	 1	 1	 1	 1	 1	 1	526.81	  0.00
562	30	18	v	 1	 1	 8	 2	 2	 3	 2	 1	 1	 1	 1	 1	 1	 1	500.67	  0.00
563	30	18	v	 1	 1	 8	 0	 1	 2	 2	 1	 1	 1	 1	 2	 2	 1	898.53	  0.00
564	30	18	v	 1	 1	 8	 1	 1	 0	 1	 1	 1	 1	 1	 2	 2	 1	583.50	  0.00
565	30	18	v	 1	 1	 8	 0	 1	 0	 1	 0	 1	 1	 1	 2	 1	 0	293.40	  0.00
566	30	18	v	 1	 1	 8	 1	 1	 0	 1	 1	 1	 1	 1	 2	 2	 1	483.55	  0.00
567	30	18	v	 1	 1	 8	 3	 2	 0	 1	 1	 1	 1	 1	 1	 1	 1	504.30	  0.00
568	30	18	v	 1	 1	 8	 1	 1	 3	 2	 0	 1	 1	 1	 2	 2	 1	1166.20	  0.00
569	30	18	v	 1	 1	 8	 2	 2	 2	 2	 1	 1	 1	 1	 1	 1	 1	538.91	  0.00
570	30	18	v	 1	 1	 8	 3	 2	 2	 2	 0	 1	 1	 1	 1	 1	 1	480.76	  0.00
571	30	18	v	 1	 1	 8	 1	 1	 1	 1	 0	 1	 1	 1	 2	 1	 0	670.59	  0.00
572	30	18	v	 1	 1	 8	 0	 1	 1	 1	 1	 1	 1	 1	 2	 2	 1	748.14	  0.00
573	30	18	v	 1	 1	 8	 0	 1	 3	 2	 0	 1	 1	 1	 2	 2	 1	337.57	  0.00
574	30	18	v	 1	 1	 8	 1	 1	 2	 2	 1	 1	 1	 1	 2	 2	 1	462.37	  0.00
575	30	18	v	 1	 1	 8	 2	 2	 1	 1	 1	 1	 1	 1	 1	 2	 0	388.47	  0.00
576	30	18	v	 1	 1	 9	 3	 2	 3	 2	 1	 1	 1	 1	 1	 1	 1	724.52	  0.00
577	30	18	v	 1	 1	 9	 3	 2	 1	 1	 1	 1	 1	 1	 1	 1	 1	938.52	  0.00
578	30	18	v	 1	 1	 9	 3	 2	 3	 2	 0	 1	 1	 1	 1	 1	 1	422.92	  0.00
579	30	18	v	 1	 1	 9	 2	 2	 0	 1	 1	 1	 1	 1	 1	 1	 1	317.57	  0.00
580	30	18	v	 1	 1	 9	 2	 2	 3	 2	 1	 1	 1	 1	 1	 1	 1	348.16	  0.00
581	30	18	v	 1	 1	 9	 2	 2	 3	 2	 0	 1	 1	 1	 1	 1	 1	338.38	  0.00
582	30	18	v	 1	 1	 9	 1	 1	 0	 1	 1	 1	 1	 1	 2	 2	 1	529.12	  0.00
583	30	18	v	 1	 1	 9	 3	 2	 3	 2	 0	 1	 1	 1	 1	 1	 1	471.20	  0.00
584	30	18	v	 1	 1	 9	 0	 1	 1	 1	 0	 1	 1	 1	 2	 2	 1	397.75	  0.00
585	30	18	v	 1	 1	 9	 0	 1	 2	 2	 1	 1	 1	 1	 2	 2	 1	355.96	  0.00
586	30	18	v	 1	 1	 9	 0	 1	 3	 2	 0	 1	 1	 1	 2	 2	 1	330.65	  0.00
587	30	18	v	 1	 1	 9	 2	 2	 2	 2	 0	 1	 1	 1	 1	 1	 1	520.33	  0.00
588	30	18	v	 1	 1	 9	 3	 2	 2	 2	 1	 1	 1	 1	 1	 1	 1	398.59	  0.00
589	30	18	v	 1	 1	 9	 1	 1	 1	 1	 0	 1	 1	 1	 2	 2	 1	460.98	  0.00
590	30	18	v	 1	 1	 9	 3	 2	 2	 2	 0	 1	 1	 1	 1	 1	 1	483.37	  0.00
591	30	18	v	 1	 1	 9	 0	 1	 2	 2	 1	 1	 1	 1	 2	 2	 1	441.70	  0.00
592	30	18	v	 1	 1	 9	 2	 2	 0	 1	 1	 1	 1	 1	 1	 1	 1	438.76	  0.00
593	30	18	v	 1	 1	 9	 1	 1	 0	 1	 0	 1	 1	 1	 2	 2	 1	726.43	  0.00
594	30	18	v	 1	 1	 9	 3	 2	 1	 1	 0	 1	 1	 1	 1	 1	 1	332.23	  0.00
595	30	18	v	 1	 1	 9	 0	 1	 2	 2	 0	 1	 1	 1	 2	 2	 1	483.00	  0.00
596	30	18	v	 1	 1	 9	 0	 1	 0	 1	 1	 1	 1	 1	 2	 2	 1	432.44	  0.00
597	30	18	v	 1	 1	 9	 3	 2	 0	 1	 1	 1	 1	 1	 1	 1	 1	548.73	  0.00
598	30	18	v	 1	 1	 9	 2	 2	 0	 1	 0	 1	 1	 1	 1	 1	 1	372.97	  0.00
599	30	18	v	 1	 1	 9	 1	 1	 0	 1	 1	 1	 1	 1	 2	 2	 1	531.46	  0.00
600	30	18	v	 1	 1	 9	 3	 2	 0	 1	 0	 1	 1	 1	 1	 1	 1	409.71	  0.00
601	30	18	v	 1	 1	 9	 2	 2	 2	 2	 0	 1	 1	 1	 1	 1	 1	368.19	  0.00
602	30	18	v	 1	 1	 9	 0	 1	 1	 1	 1	 1	 1	 1	 2	 2	 1	630.73	  0.00
603	30	18	v	 1	 1	 9	 2	 2	 1	 1	 1	 1	 1	 1	 1	 1	 1	604.85	  0.00
604	30	18	v	 1	 1	 9	 1	 1	 2	 2	 1	 1	 1	 1	 2	 2	 1	658.97	  0.00
605	30	18	v	 1	 1	 9	 1	 1	 3	 2	 0	 1	 1	 1	 2	 2	 1	537.02	  0.00
606	30	18	v	 1	 1	 9	 0	 1	 3	 2	 1	 1	 1	 1	 2	 2	 1	429.96	  0.00
607	30	18	v	 1	 1	 9	 3	 2	 0	 1	 0	 1	 1	 1	 1	 1	 1	420.66	  0.00
608	30	18	v	 1	 1	 9	 1	 1	 2	 2	 1	 1	 1	 1	 2	 2	 1	506.77	  0.00
609	30	18	v	 1	 1	 9	 0	 1	 3	 2	 0	 1	 1	 1	 2	 1	 0	281.34	  0.00
610	30	18	v	 1	 1	 9	 0	 1	 0	 1	 1	 1	 1	 1	 2	 2	 1	591.96	  0.00
611	30	18	v	 1	 1	 9	 2	 2	 2	 2	 1	 1	 1	 1	 1	 1	 1	606.11	  0.00
612	30	18	v	 1	 1	 9	 3	 2	 1	 1	 0	 1	 1	 1	 1	 1	 1	540.26	  0.00
613	30	18	v	 1	 1	 9	 1	 1	 2	 2	 0	 1	 1	 1	 2	 2	 1	442.50	  0.00
614	30	18	v	 1	 1	 9	 3	 2	 1	 1	 1	 1	 1	 1	 1	 1	 1	512.97	  0.00
615	30	18	v	 1	 1	 9	 2	 2	 1	 1	 0	 1	 1	 1	 1	 1	 1	405.96	  0.00
616	30	18	v	 1	 1	 9	 2	 2	 1	 1	 0	 1	 1	 1	 1	 1	 1	348.65	  0.00
617	30	18	v	 1	 1	 9	 1	 1	 1	 1	 1	 1	 1	 1	 2	 2	 1	498.92	  0.00
618	30	18	v	 1	 1	 9	 3	 2	 0	 1	 1	 1	 1	 1	 1	 1	 1	465.38	  0.00
619	30	18	v	 1	 1	 9	 0	 1	 3	 2	 1	 1	 1	 1	 2	 2	 1	486.85	  0.00
620	30	18	v	 1	 1	 9	 1	 1	 0	 1	 0	 1	 1	 1	 2	 2	 1	526.06	  0.00
621	30	18	v	 1	 1	 9	 1	 1	 3	 2	 1	 1	 1	 1	 2	 2	 1	348.33	  0.00
622	30	18	v	 1	 1	 9	 3	 2	 3	 2	 1	 1	 1	 1	 1	 1	 1	490.95	  0.00
623	30	18	v	 1	 1	 9	 2	 2	 3	 2	 0	 1	 1	 1	 1	 1	 1	481.24	  0.00
624	30	18	v	 1	 1	 9	 2	 2	 2	 2	 1	 1	 1	 1	 1	 1	 1	382.64	  0.00
625	30	18	v	 1	 1	 9	 0	 1	 2	 2	 0	 1	 1	 1	 2	 2	 1	517.00	  0.00
626	30	18	v	 1	 1	 9	 1	 1	 2	 2	 0	 1	 1	 1	 2	 2	 1	451.31	  0.00
627	30	18	v	 1	 1	 9	 0	 1	 0	 1	 0	 1	 1	 1	 2	 2	 1	409.62	  0.00
628	30	18	v	 1	 1	 9	 0	 1	 1	 1	 0	 1	 1	 1	 2	 2	 1	440.19	  0.00
629	30	18	v	 1	 1	 9	 2	 2	 0	 1	 0	 1	 1	 1	 1	 1	 1	494.45	  0.00
630	30	18	v	 1	 1	 9	 3	 2	 2	 2	 1	 1	 1	 1	 1	 1	 1	372.69	  0.00
631	30	18	v	 1	 1	 9	 1	 1	 1	 1	 0	 1	 1	 1	 2	 2	 1	491.36	  0.00
632	30	18	v	 1	 1	 9	 1	 1	 3	 2	 0	 1	 1	 1	 2	 2	 1	409.58	  0.00
633	30	18	v	 1	 1	 9	 0	 1	 0	 1	 0	 1	 1	 1	 2	 2	 1	384.08	  0.00
634	30	18	v	 1	 1	 9	 0	 1	 1	 1	 1	 1	 1	 1	 2	 2	 1	421.40	  0.00
635	30	18	v	 1	 1	 9	 1	 1	 3	 2	 1	 1	 1	 1	 2	 2	 1	459.92	  0.00
636	30	18	v	 1	 1	 9	 1	 1	 1	 1	 1	 1	 1	 1	 2	 2	 1	474.25	  0.00
637	30	18	v	 1	 1	 9	 3	 2	 2	 2	 0	 1	 1	 1	 1	 2	 0	864.60	  0.00
638	30	18	v	 1	 1	 9	 2	 2	 1	 1	 1	 1	 1	 1	 1	 1	 1	518.14	  0.00
639	30	18	v	 1	 1	 9	 2	 2	 3	 2	 1	 1	 1	 1	 1	 1	 1	484.66	  0.00
640	30	18	v	 1	 1	10	 1	 1	 0	 1	 0	 1	 1	 1	 2	 2	 1	1479.17	  0.00
641	30	18	v	 1	 1	10	 2	 2	 3	 2	 0	 1	 1	 1	 1	 1	 1	811.56	  0.00
642	30	18	v	 1	 1	10	 2	 2	 2	 2	 1	 1	 1	 1	 1	 0	 0	2000.19	  0.00
643	30	18	v	 1	 1	10	 0	 1	 1	 1	 0	 1	 1	 1	 2	 2	 1	747.59	  0.00
644	30	18	v	 1	 1	10	 0	 1	 1	 1	 1	 1	 1	 1	 2	 2	 1	985.07	  0.00
645	30	18	v	 1	 1	10	 1	 1	 0	 1	 1	 1	 1	 1	 2	 2	 1	765.53	  0.00
646	30	18	v	 1	 1	10	 0	 1	 0	 1	 1	 1	 1	 1	 2	 2	 1	499.45	  0.00
647	30	18	v	 1	 1	10	 3	 2	 1	 1	 0	 1	 1	 1	 2	 1	 0	497.36	  0.00
648	30	18	v	 1	 1	10	 1	 1	 1	 1	 0	 1	 1	 1	 2	 2	 1	543.12	  0.00
649	30	18	v	 1	 1	10	 2	 2	 2	 2	 0	 1	 1	 1	 1	 2	 0	475.97	  0.00
650	30	18	v	 1	 1	10	 2	 2	 0	 1	 0	 1	 1	 1	 2	 2	 1	609.71	  0.00
651	30	18	v	 1	 1	10	 1	 1	 1	 1	 0	 1	 1	 1	 2	 1	 0	487.37	  0.00
652	30	18	v	 1	 1	10	 2	 2	 2	 2	 0	 1	 1	 1	 1	 1	 1	613.30	  0.00
653	30	18	v	 1	 1	10	 3	 2	 0	 1	 0	 1	 1	 1	 2	 2	 1	458.82	  0.00
654	30	18	v	 1	 1	10	 2	 2	 2	 2	 1	 1	 1	 1	 1	 1	 1	480.64	  0.00
655	30	18	v	 1	 1	10	 1	 1	 0	 1	 0	 1	 1	 1	 2	 2	 1	501.85	  0.00
656	30	18	v	 1	 1	10	 1	 1	 2	 2	 1	 1	 1	 1	 2	 1	 0	531.43	  0.00
657	30	18	v	 1	 1	10	 1	 1	 2	 2	 0	 1	 1	 1	 1	 1	 1	929.02	  0.00
658	30	18	v	 1	 1	10	 3	 2	 2	 2	 1	 1	 1	 1	 1	 2	 0	702.35	  0.00
659	30	18	v	 1	 1	10	 0	 1	 1	 1	 0	 1	 1	 1	 2	 2	 1	683.88	  0.00
660	30	18	v	 1	 1	10	 2	 2	 0	 1	 1	 1	 1	 1	 1	 1	 1	497.50	  0.00
661	30	18	v	 1	 1	10	 0	 1	 2	 2	 1	 1	 1	 1	 2	 2	 1	535.29	  0.00
662	30	18	v	 1	 1	10	 1	 1	 3	 2	 1	 1	 1	 1	 2	 2	 1	508.12	  0.00
663	30	18	v	 1	 1	10	 3	 2	 3	 2	 1	 1	 1	 1	 1	 1	 1	409.61	  0.00
664	30	18	v	 1	 1	10	 3	 2	 3	 2	 0	 1	 1	 1	 1	 1	 1	551.67	  0.00
665	30	18	v	 1	 1	10	 2	 2	 1	 1	 0	 1	 1	 1	 2	 2	 1	573.38	  0.00
666	30	18	v	 1	 1	10	 0	 1	 0	 1	 0	 1	 1	 1	 2	 2	 1	451.08	  0.00
667	30	18	v	 1	 1	10	 0	 1	 3	 2	 1	 1	 1	 1	 2	 1	 0	704.81	  0.00
668	30	18	v	 1	 1	10	 0	 1	 2	 2	 0	 1	 1	 1	 1	 1	 1	653.82	  0.00
669	30	18	v	 1	 1	10	 3	 2	 2	 2	 0	 1	 1	 1	 1	 1	 1	555.18	  0.00
670	30	18	v	 1	 1	10	 1	 1	 3	 2	 0	 1	 1	 1	 1	 1	 1	400.72	  0.00
671	30	18	v	 1	 1	10	 2	 2	 3	 2	 1	 1	 1	 1	 1	 1	 1	806.80	  0.00
672	30	18	v	 1	 1	10	 3	 2	 1	 1	 0	 1	 1	 1	 2	 1	 0	388.10	  0.00
673	30	18	v	 1	 1	10	 0	 1	 3	 2	 0	 1	 1	 1	 1	 1	 1	994.08	  0.00
674	30	18	v	 1	 1	10	 3	 2	 2	 2	 1	 1	 1	 1	 1	 1	 1	639.07	  0.00
675	30	18	v	 1	 1	10	 3	 2	 1	 1	 1	 1	 1	 1	 1	 1	 1	451.97	  0.00
676	30	18	v	 1	 1	10	 2	 2	 0	 1	 1	 1	 1	 1	 1	 1	 1	497.61	  0.00
677	30	18	v	 1	 1	10	 3	 2	 2	 2	 0	 1	 1	 1	 1	 1	 1	567.41	  0.00
678	30	18	v	 1	 1	10	 2	 2	 1	 1	 1	 1	 1	 1	 1	 1	 1	653.23	  0.00
679	30	18	v	 1	 1	10	 0	 1	 0	 1	 1	 1	 1	 1	 2	 1	 0	514.72	  0.00
680	30	18	v	 1	 1	10	 3	 2	 0	 1	 1	 1	 1	 1	 1	 1	 1	488.50	  0.00
681	30	18	v	 1	 1	10	 2	 2	 1	 1	 1	 1	 1	 1	 1	 1	 1	470.32	  0.00
682	30	18	v	 1	 1	10	 1	 1	 1	 1	 1	 1	 1	 1	 2	 2	 1	403.27	  0.00
683	30	18	v	 1	 1	10	 3	 2	 3	 2	 0	 1	 1	 1	 1	 1	 1	705.03	  0.00
684	30	18	v	 1	 1	10	 0	 1	 2	 2	 1	 1	 1	 1	 2	 2	 1	646.66	  0.00
685	30	18	v	 1	 1	10	 2	 2	 0	 1	 0	 1	 1	 1	 2	 2	 1	388.11	  0.00
686	30	18	v	 1	 1	10	 0	 1	 2	 2	 0	 1	 1	 1	 1	 2	 0	490.11	  0.00
687	30	18	v	 1	 1	10	 2	 2	 3	 2	 0	 1	 1	 1	 1	 1	 1	631.94	  0.00
688	30	18	v	 1	 1	10	 1	 1	 1	 1	 1	 1	 1	 1	 2	 2	 1	517.31	  0.00
689	30	18	v	 1	 1	10	 1	 1	 0	 1	 1	 1	 1	 1	 2	 2	 1	386.62	  0.00
690	30	18	v	 1	 1	10	 2	 2	 1	 1	 0	 1	 1	 1	 2	 2	 1	664.18	  0.00
691	30	18	v	 1	 1	10	 3	 2	 1	 1	 1	 1	 1	 1	 1	 2	 0	405.82	  0.00
692	30	18	v	 1	 1	10	 3	 2	 0	 1	 1	 1	 1	 1	 1	 1	 1	507.79	  0.00
693	30	18	v	 1	 1	10	 0	 1	 3	 2	 1	 1	 1	 1	 2	 2	 1	545.54	  0.00
694	30	18	v	 1	 1	10	 1	 1	 2	 2	 0	 1	 1	 1	 1	 1	 1	647.27	  0.00
695	30	18	v	 1	 1	10	 0	 1	 1	 1	 1	 1	 1	 1	 2	 2	 1	564.90	  0.00
696	30	18	v	 1	 1	10	 3	 2	 3	 2	 1	 1	 1	 1	 1	 1	 1	529.68	  0.00
697	30	18	v	 1	 1	10	 1	 1	 2	 2	 1	 1	 1	 1	 2	 2	 1	527.37	  0.00
698	30	18	v	 1	 1	10	 1	 1	 3	 2	 0	 1	 1	 1	 1	 1	 1	845.08	  0.00
699	30	18	v	 1	 1	10	 1	 1	 3	 2	 1	 1	 1	 1	 2	 2	 1	866.20	  0.00
700	30	18	v	 1	 1	10	 2	 2	 3	 2	 1	 1	 1	 1	 1	 1	 1	815.74	  0.00
701	30	18	v	 1	 1	10	 0	 1	 0	 1	 0	 1	 1	 1	 2	 2	 1	549.05	  0.00
702	30	18	v	 1	 1	10	 3	 2	 0	 1	 0	 1	 1	 1	 2	 2	 1	450.72	  0.00
703	30	18	v	 1	 1	10	 0	 1	 3	 2	 0	 1	 1	 1	 1	 1	 1	663.59	  0.00
704	30	18	v	 1	 1	11	 2	 2	 1	 1	 0	 1	 1	 1	 2	 2	 1	533.94	  0.00
705	30	18	v	 1	 1	11	 2	 2	 3	 2	 0	 1	 1	 1	 1	 1	 1	564.23	  0.00
706	30	18	v	 1	 1	11	 2	 2	 3	 2	 0	 1	 1	 1	 1	 1	 1	602.41	  0.00
707	30	18	v	 1	 1	11	 0	 1	 3	 2	 0	 1	 1	 1	 1	 1	 1	391.65	  0.00
708	30	18	v	 1	 1	11	 3	 2	 2	 2	 1	 1	 1	 1	 1	 2	 0	462.09	  0.00
709	30	18	v	 1	 1	11	 1	 1	 1	 1	 0	 1	 1	 1	 2	 2	 1	764.39	  0.00
710	30	18	v	 1	 1	11	 0	 1	 1	 1	 1	 1	 1	 1	 2	 2	 1	666.15	  0.00
711	30	18	v	 1	 1	11	 0	 1	 1	 1	 0	 1	 1	 1	 2	 1	 0	464.38	  0.00
712	30	18	v	 1	 1	11	 0	 1	 3	 2	 0	 1	 1	 1	 1	 1	 1	550.73	  0.00
713	30	18	v	 1	 1	11	 1	 1	 2	 2	 0	 1	 1	 1	 1	 1	 1	548.85	  0.00
714	30	18	v	 1	 1	11	 3	 2	 0	 1	 0	 1	 1	 1	 2	 2	 1	587.24	  0.00
715	30	18	v	 1	 1	11	 0	 1	 0	 1	 0	 1	 1	 1	 2	 2	 1	401.33	  0.00
716	30	18	v	 1	 1	11	 0	 1	 2	 2	 0	 1	 1	 1	 1	 2	 0	358.79	  0.00
717	30	18	v	 1	 1	11	 2	 2	 2	 2	 1	 1	 1	 1	 1	 2	 0	517.39	  0.00
718	30	18	v	 1	 1	11	 1	 1	 3	 2	 1	 1	 1	 1	 2	 2	 1	1267.64	  0.00
719	30	18	v	 1	 1	11	 1	 1	 1	 1	 1	 1	 1	 1	 2	 2	 1	408.78	  0.00
720	30	18	v	 1	 1	11	 0	 1	 1	 1	 0	 1	 1	 1	 2	 2	 1	655.14	  0.00
721	30	18	v	 1	 1	11	 3	 2	 3	 2	 1	 1	 1	 1	 1	 1	 1	469.27	  0.00
722	30	18	v	 1	 1	11	 2	 2	 3	 2	 1	 1	 1	 1	 1	 1	 1	563.66	  0.00
723	30	18	v	 1	 1	11	 3	 2	 1	 1	 1	 1	 1	 1	 1	 1	 1	592.97	  0.00
724	30	18	v	 1	 1	11	 1	 1	 1	 1	 1	 1	 1	 1	 2	 2	 1	543.03	  0.00
725	30	18	v	 1	 1	11	 3	 2	 0	 1	 1	 1	 1	 1	 1	 1	 1	541.29	  0.00
726	30	18	v	 1	 1	11	 0	 1	 3	 2	 1	 1	 1	 1	 2	 2	 1	587.50	  0.00
727	30	18	v	 1	 1	11	 2	 2	 2	 2	 1	 1	 1	 1	 1	 1	 1	696.96	  0.00
728	30	18	v	 1	 1	11	 2	 2	 2	 2	 0	 1	 1	 1	 1	 1	 1	655.63	  0.00
729	30	18	v	 1	 1	11	 3	 2	 2	 2	 0	 1	 1	 1	 1	 1	 1	461.73	  0.00
730	30	18	v	 1	 1	11	 2	 2	 2	 2	 0	 1	 1	 1	 1	 1	 1	379.92	  0.00
731	30	18	v	 1	 1	11	 1	 1	 2	 2	 0	 1	 1	 1	 1	 1	 1	258.48	  0.00
732	30	18	v	 1	 1	11	 0	 1	 0	 1	 1	 1	 1	 1	 2	 2	 1	457.12	  0.00
733	30	18	v	 1	 1	11	 1	 1	 3	 2	 0	 1	 1	 1	 1	 1	 1	550.39	  0.00
734	30	18	v	 1	 1	11	 1	 1	 3	 2	 0	 1	 1	 1	 1	 1	 1	572.57	  0.00
735	30	18	v	 1	 1	11	 2	 2	 0	 1	 1	 1	 1	 1	 1	 1	 1	802.89	  0.00
736	30	18	v	 1	 1	11	 2	 2	 3	 2	 1	 1	 1	 1	 1	 1	 1	416.04	  0.00
737	30	18	v	 1	 1	11	 2	 2	 1	 1	 0	 1	 1	 1	 2	 1	 0	191.09	  0.00
738	30	18	v	 1	 1	11	 2	 2	 0	 1	 1	 1	 1	 1	 1	 1	 1	541.89	  0.00
739	30	18	v	 1	 1	11	 3	 2	 1	 1	 0	 1	 1	 1	 2	 2	 1	564.03	  0.00
740	30	18	v	 1	 1	11	 2	 2	 0	 1	 0	 1	 1	 1	 2	 2	 1	410.34	  0.00
741	30	18	v	 1	 1	11	 3	 2	 3	 2	 0	 1	 1	 1	 1	 1	 1	632.70	  0.00
742	30	18	v	 1	 1	11	 2	 2	 1	 1	 1	 1	 1	 1	 1	 1	 1	597.96	  0.00
743	30	18	v	 1	 1	11	 0	 1	 0	 1	 1	 1	 1	 1	 2	 2	 1	332.03	  0.00
744	30	18	v	 1	 1	11	 3	 2	 2	 2	 1	 1	 1	 1	 1	 1	 1	522.31	  0.00
745	30	18	v	 1	 1	11	 3	 2	 3	 2	 0	 1	 1	 1	 1	 1	 1	592.84	  0.00
746	30	18	v	 1	 1	11	 1	 1	 0	 1	 1	 1	 1	 1	 2	 2	 1	478.76	  0.00
747	30	18	v	 1	 1	11	 1	 1	 2	 2	 1	 1	 1	 1	 2	 2	 1	405.33	  0.00
748	30	18	v	 1	 1	11	 0	 1	 2	 2	 1	 1	 1	 1	 2	 2	 1	387.63	  0.00
749	30	18	v	 1	 1	11	 1	 1	 3	 2	 1	 1	 1	 1	 2	 2	 1	402.29	  0.00
750	30	18	v	 1	 1	11	 1	 1	 1	 1	 0	 1	 1	 1	 2	 2	 1	688.74	  0.00
751	30	18	v	 1	 1	11	 3	 2	 3	 2	 1	 1	 1	 1	 1	 2	 0	389.85	  0.00
752	30	18	v	 1	 1	11	 0	 1	 3	 2	 1	 1	 1	 1	 2	 2	 1	524.03	  0.00
753	30	18	v	 1	 1	11	 1	 1	 0	 1	 0	 1	 1	 1	 2	 2	 1	634.51	  0.00
754	30	18	v	 1	 1	11	 1	 1	 0	 1	 1	 1	 1	 1	 2	 2	 1	568.66	  0.00
755	30	18	v	 1	 1	11	 3	 2	 0	 1	 1	 1	 1	 1	 1	 2	 0	550.86	  0.00
756	30	18	v	 1	 1	11	 3	 2	 1	 1	 1	 1	 1	 1	 1	 1	 1	909.14	  0.00
757	30	18	v	 1	 1	11	 0	 1	 1	 1	 1	 1	 1	 1	 2	 2	 1	530.80	  0.00
758	30	18	v	 1	 1	11	 1	 1	 0	 1	 0	 1	 1	 1	 2	 2	 1	537.02	  0.00
759	30	18	v	 1	 1	11	 0	 1	 2	 2	 0	 1	 1	 1	 1	 1	 1	1086.33	  0.00
760	30	18	v	 1	 1	11	 0	 1	 2	 2	 1	 1	 1	 1	 2	 2	 1	475.80	  0.00
761	30	18	v	 1	 1	11	 1	 1	 2	 2	 1	 1	 1	 1	 2	 0	 0	2000.19	  0.00
762	30	18	v	 1	 1	11	 3	 2	 0	 1	 0	 1	 1	 1	 2	 2	 1	646.33	  0.00
763	30	18	v	 1	 1	11	 0	 1	 0	 1	 0	 1	 1	 1	 2	 2	 1	508.29	  0.00
764	30	18	v	 1	 1	11	 3	 2	 2	 2	 0	 1	 1	 1	 1	 2	 0	442.60	  0.00
765	30	18	v	 1	 1	11	 3	 2	 1	 1	 0	 1	 1	 1	 2	 1	 0	432.94	  0.00
766	30	18	v	 1	 1	11	 2	 2	 1	 1	 1	 1	 1	 1	 1	 1	 1	607.38	  0.00
767	30	18	v	 1	 1	11	 2	 2	 0	 1	 0	 1	 1	 1	 2	 2	 1	556.61	  0.00
768	30	18	v	 1	 1	12	 0	 1	 1	 1	 0	 1	 1	 1	 2	 2	 1	426.79	  0.00
769	30	18	v	 1	 1	12	 2	 2	 1	 1	 0	 1	 1	 1	 2	 2	 1	337.18	  0.00
770	30	18	v	 1	 1	12	 2	 2	 2	 2	 1	 1	 1	 1	 1	 1	 1	487.70	  0.00
771	30	18	v	 1	 1	12	 3	 2	 3	 2	 0	 1	 1	 1	 1	 1	 1	421.93	  0.00
772	30	18	v	 1	 1	12	 0	 1	 3	 2	 0	 1	 1	 1	 1	 1	 1	404.36	  0.00
773	30	18	v	 1	 1	12	 2	 2	 0	 1	 0	 1	 1	 1	 2	 2	 1	634.99	  0.00
774	30	18	v	 1	 1	12	 3	 2	 3	 2	 1	 1	 1	 1	 1	 2	 0	737.03	  0.00
775	30	18	v	 1	 1	12	 2	 2	 0	 1	 1	 1	 1	 1	 1	 1	 1	582.95	  0.00
776	30	18	v	 1	 1	12	 0	 1	 2	 2	 1	 1	 1	 1	 2	 2	 1	548.20	  0.00
777	30	18	v	 1	 1	12	 1	 1	 3	 2	 1	 1	 1	 1	 2	 2	 1	586.33	  0.00
778	30	18	v	 1	 1	12	 2	 2	 3	 2	 0	 1	 1	 1	 1	 1	 1	536.48	  0.00
779	30	18	v	 1	 1	12	 2	 2	 0	 1	 0	 1	 1	 1	 2	 2	 1	630.66	  0.00
780	30	18	v	 1	 1	12	 3	 2	 0	 1	 0	 1	 1	 1	 2	 2	 1	500.78	  0.00
781	30	18	v	 1	 1	12	 3	 2	 0	 1	 1	 1	 1	 1	 1	 1	 1	595.09	  0.00
782	30	18	v	 1	 1	12	 3	 2	 1	 1	 0	 1	 1	 1	 2	 1	 0	489.23	  0.00
783	30	18	v	 1	 1	12	 0	 1	 3	 2	 1	 1	 1	 1	 2	 2	 1	1191.39	  0.00
784	30	18	v	 1	 1	12	 3	 2	 1	 1	 0	 1	 1	 1	 2	 1	 0	508.10	  0.00
785	30	18	v	 1	 1	12	 0	 1	 3	 2	 0	 1	 1	 1	 1	 1	 1	850.10	  0.00
786	30	18	v	 1	 1	12	 2	 2	 0	 1	 1	 1	 1	 1	 1	 2	 0	543.97	  0.00
787	30	18	v	 1	 1	12	 3	 2	 3	 2	 1	 1	 1	 1	 1	 2	 0	614.24	  0.00
788	30	18	v	 1	 1	12	 0	 1	 0	 1	 0	 1	 1	 1	 2	 2	 1	460.30	  0.00
789	30	18	v	 1	 1	12	 1	 1	 0	 1	 1	 1	 1	 1	 2	 2	 1	578.67	  0.00
790	30	18	v	 1	 1	12	 2	 2	 3	 2	 1	 1	 1	 1	 1	 1	 1	456.80	  0.00
791	30	18	v	 1	 1	12	 3	 2	 2	 2	 0	 1	 1	 1	 1	 1	 1	615.15	  0.00
792	30	18	v	 1	 1	12	 1	 1	 2	 2	 0	 1	 1	 1	 1	 1	 1	948.24	  0.00
793	30	18	v	 1	 1	12	 2	 2	 1	 1	 1	 1	 1	 1	 1	 1	 1	225.60	  0.00
794	30	18	v	 1	 1	12	 1	 1	 1	 1	 1	 1	 1	 1	 2	 1	 0	296.34	  0.00
795	30	18	v	 1	 1	12	 0	 1	 1	 1	 1	 1	 1	 1	 2	 2	 1	423.17	  0.00
796	30	18	v	 1	 1	12	 1	 1	 0	 1	 0	 1	 1	 1	 2	 2	 1	525.55	  0.00
797	30	18	v	 1	 1	12	 0	 1	 3	 2	 1	 1	 1	 1	 2	 2	 1	499.85	  0.00
798	30	18	v	 1	 1	12	 1	 1	 2	 2	 0	 1	 1	 1	 1	 1	 1	866.05	  0.00
799	30	18	v	 1	 1	12	 1	 1	 2	 2	 1	 1	 1	 1	 2	 2	 1	535.87	  0.00
800	30	18	v	 1	 1	12	 2	 2	 2	 2	 1	 1	 1	 1	 1	 1	 1	566.14	  0.00
801	30	18	v	 1	 1	12	 3	 2	 3	 2	 0	 1	 1	 1	 1	 1	 1	875.28	  0.00
802	30	18	v	 1	 1	12	 2	 2	 2	 2	 0	 1	 1	 1	 1	 1	 1	777.01	  0.00
803	30	18	v	 1	 1	12	 1	 1	 2	 2	 1	 1	 1	 1	 2	 1	 0	831.02	  0.00
804	30	18	v	 1	 1	12	 2	 2	 2	 2	 0	 1	 1	 1	 1	 1	 1	700.68	  0.00
805	30	18	v	 1	 1	12	 0	 1	 2	 2	 1	 1	 1	 1	 2	 1	 0	130.54	  0.00
806	30	18	v	 1	 1	12	 0	 1	 1	 1	 0	 1	 1	 1	 2	 2	 1	561.64	  0.00
807	30	18	v	 1	 1	12	 2	 2	 1	 1	 0	 1	 1	 1	 2	 2	 1	167.81	  0.00
808	30	18	v	 1	 1	12	 1	 1	 0	 1	 0	 1	 1	 1	 2	 2	 1	438.61	  0.00
809	30	18	v	 1	 1	12	 3	 2	 0	 1	 0	 1	 1	 1	 2	 2	 1	516.19	  0.00
810	30	18	v	 1	 1	12	 3	 2	 0	 1	 1	 1	 1	 1	 1	 1	 1	610.20	  0.00
811	30	18	v	 1	 1	12	 0	 1	 0	 1	 1	 1	 1	 1	 2	 2	 1	1152.55	  0.00
812	30	18	v	 1	 1	12	 2	 2	 1	 1	 1	 1	 1	 1	 1	 1	 1	789.91	  0.00
813	30	18	v	 1	 1	12	 1	 1	 1	 1	 0	 1	 1	 1	 2	 1	 0	899.62	  0.00
814	30	18	v	 1	 1	12	 3	 2	 2	 2	 1	 1	 1	 1	 1	 1	 1	617.43	  0.00
815	30	18	v	 1	 1	12	 2	 2	 3	 2	 0	 1	 1	 1	 1	 1	 1	543.49	  0.00
816	30	18	v	 1	 1	12	 1	 1	 3	 2	 0	 1	 1	 1	 1	 1	 1	525.73	  0.00
817	30	18	v	 1	 1	12	 1	 1	 0	 1	 1	 1	 1	 1	 2	 2	 1	571.12	  0.00
818	30	18	v	 1	 1	12	 1	 1	 3	 2	 1	 1	 1	 1	 2	 2	 1	497.25	  0.00
819	30	18	v	 1	 1	12	 0	 1	 2	 2	 0	 1	 1	 1	 1	 1	 1	799.45	  0.00
820	30	18	v	 1	 1	12	 3	 2	 1	 1	 1	 1	 1	 1	 1	 2	 0	605.41	  0.00
821	30	18	v	 1	 1	12	 0	 1	 0	 1	 0	 1	 1	 1	 2	 2	 1	923.58	  0.00
822	30	18	v	 1	 1	12	 3	 2	 1	 1	 1	 1	 1	 1	 1	 2	 0	481.28	  0.00
823	30	18	v	 1	 1	12	 0	 1	 0	 1	 1	 1	 1	 1	 2	 1	 0	519.39	  0.00
824	30	18	v	 1	 1	12	 2	 2	 3	 2	 1	 1	 1	 1	 1	 1	 1	1485.95	  0.00
825	30	18	v	 1	 1	12	 3	 2	 2	 2	 1	 1	 1	 1	 1	 1	 1	553.95	  0.00
826	30	18	v	 1	 1	12	 0	 1	 1	 1	 1	 1	 1	 1	 2	 2	 1	504.05	  0.00
827	30	18	v	 1	 1	12	 1	 1	 1	 1	 0	 1	 1	 1	 2	 2	 1	558.28	  0.00
828	30	18	v	 1	 1	12	 3	 2	 2	 2	 0	 1	 1	 1	 1	 2	 0	388.60	  0.00
829	30	18	v	 1	 1	12	 1	 1	 3	 2	 0	 1	 1	 1	 1	 1	 1	538.87	  0.00
830	30	18	v	 1	 1	12	 1	 1	 1	 1	 1	 1	 1	 1	 2	 1	 0	625.22	  0.00
831	30	18	v	 1	 1	12	 0	 1	 2	 2	 0	 1	 1	 1	 1	 1	 1	559.25	  0.00
832	30	18	v	 1	 1	13	 2	 2	 0	 1	 0	 1	 1	 1	 2	 2	 1	533.49	  0.00
833	30	18	v	 1	 1	13	 0	 1	 2	 2	 1	 1	 1	 1	 2	 2	 1	450.94	  0.00
834	30	18	v	 1	 1	13	 0	 1	 3	 2	 1	 1	 1	 1	 2	 2	 1	402.17	  0.00
835	30	18	v	 1	 1	13	 2	 2	 2	 2	 1	 1	 1	 1	 1	 1	 1	471.64	  0.00
836	30	18	v	 1	 1	13	 0	 1	 1	 1	 0	 1	 1	 1	 2	 2	 1	589.91	  0.00
837	30	18	v	 1	 1	13	 3	 2	 0	 1	 0	 1	 1	 1	 2	 0	 0	2000.25	  0.00
838	30	18	v	 1	 1	13	 1	 1	 3	 2	 0	 1	 1	 1	 1	 1	 1	544.24	  0.00
839	30	18	v	 1	 1	13	 3	 2	 3	 2	 1	 1	 1	 1	 1	 1	 1	1054.51	  0.00
840	30	18	v	 1	 1	13	 2	 2	 1	 1	 0	 1	 1	 1	 2	 1	 0	411.97	  0.00
841	30	18	v	 1	 1	13	 2	 2	 0	 1	 1	 1	 1	 1	 1	 1	 1	697.27	  0.00
842	30	18	v	 1	 1	13	 1	 1	 2	 2	 0	 1	 1	 1	 1	 2	 0	503.40	  0.00
843	30	18	v	 1	 1	13	 2	 2	 1	 1	 0	 1	 1	 1	 2	 2	 1	605.64	  0.00
844	30	18	v	 1	 1	13	 1	 1	 1	 1	 0	 1	 1	 1	 2	 2	 1	411.81	  0.00
845	30	18	v	 1	 1	13	 1	 1	 2	 2	 1	 1	 1	 1	 2	 1	 0	498.37	  0.00
846	30	18	v	 1	 1	13	 0	 1	 0	 1	 0	 1	 1	 1	 2	 0	 0	2000.24	  0.00
847	30	18	v	 1	 1	13	 2	 2	 2	 2	 0	 1	 1	 1	 1	 1	 1	740.68	  0.00
848	30	18	v	 1	 1	13	 2	 2	 3	 2	 1	 1	 1	 1	 1	 2	 0	506.77	  0.00
849	30	18	v	 1	 1	13	 1	 1	 3	 2	 0	 1	 1	 1	 1	 1	 1	711.95	  0.00
850	30	18	v	 1	 1	13	 1	 1	 0	 1	 1	 1	 1	 1	 2	 2	 1	630.03	  0.00
851	30	18	v	 1	 1	13	 3	 2	 1	 1	 0	 1	 1	 1	 2	 2	 1	644.07	  0.00
852	30	18	v	 1	 1	13	 3	 2	 2	 2	 1	 1	 1	 1	 1	 1	 1	530.22	  0.00
853	30	18	v	 1	 1	13	 1	 1	 0	 1	 1	 1	 1	 1	 2	 2	 1	744.27	  0.00
854	30	18	v	 1	 1	13	 1	 1	 1	 1	 1	 1	 1	 1	 2	 2	 1	510.26	  0.00
855	30	18	v	 1	 1	13	 2	 2	 1	 1	 1	 1	 1	 1	 1	 1	 1	716.50	  0.00
856	30	18	v	 1	 1	13	 3	 2	 3	 2	 0	 1	 1	 1	 1	 1	 1	546.65	  0.00
857	30	18	v	 1	 1	13	 3	 2	 0	 1	 1	 1	 1	 1	 1	 1	 1	407.97	  0.00
858	30	18	v	 1	 1	13	 0	 1	 1	 1	 0	 1	 1	 1	 2	 1	 0	350.36	  0.00
859	30	18	v	 1	 1	13	 2	 2	 3	 2	 1	 1	 1	 1	 1	 1	 1	580.89	  0.00
860	30	18	v	 1	 1	13	 2	 2	 0	 1	 1	 1	 1	 1	 1	 1	 1	411.04	  0.00
861	30	18	v	 1	 1	13	 1	 1	 1	 1	 1	 1	 1	 1	 2	 1	 0	433.45	  0.00
862	30	18	v	 1	 1	13	 1	 1	 3	 2	 1	 1	 1	 1	 2	 2	 1	551.86	  0.00
863	30	18	v	 1	 1	13	 3	 2	 2	 2	 1	 1	 1	 1	 1	 1	 1	566.10	  0.00
864	30	18	v	 1	 1	13	 3	 2	 0	 1	 0	 1	 1	 1	 2	 2	 1	596.36	  0.00
865	30	18	v	 1	 1	13	 2	 2	 3	 2	 0	 1	 1	 1	 1	 1	 1	578.46	  0.00
866	30	18	v	 1	 1	13	 0	 1	 2	 2	 1	 1	 1	 1	 2	 2	 1	984.72	  0.00
867	30	18	v	 1	 1	13	 0	 1	 1	 1	 1	 1	 1	 1	 2	 2	 1	469.24	  0.00
868	30	18	v	 1	 1	13	 1	 1	 0	 1	 0	 1	 1	 1	 2	 2	 1	659.54	  0.00
869	30	18	v	 1	 1	13	 0	 1	 3	 2	 0	 1	 1	 1	 1	 2	 0	337.60	  0.00
870	30	18	v	 1	 1	13	 1	 1	 0	 1	 0	 1	 1	 1	 2	 2	 1	456.19	  0.00
871	30	18	v	 1	 1	13	 0	 1	 1	 1	 1	 1	 1	 1	 2	 2	 1	622.57	  0.00
872	30	18	v	 1	 1	13	 3	 2	 1	 1	 1	 1	 1	 1	 1	 1	 1	580.75	  0.00
873	30	18	v	 1	 1	13	 1	 1	 1	 1	 0	 1	 1	 1	 2	 2	 1	610.75	  0.00
874	30	18	v	 1	 1	13	 3	 2	 3	 2	 0	 1	 1	 1	 1	 2	 0	736.02	  0.00
875	30	18	v	 1	 1	13	 0	 1	 0	 1	 1	 1	 1	 1	 2	 2	 1	517.90	  0.00
876	30	18	v	 1	 1	13	 3	 2	 1	 1	 0	 1	 1	 1	 2	 2	 1	452.17	  0.00
877	30	18	v	 1	 1	13	 2	 2	 0	 1	 0	 1	 1	 1	 2	 2	 1	506.57	  0.00
878	30	18	v	 1	 1	13	 3	 2	 2	 2	 0	 1	 1	 1	 1	 1	 1	704.84	  0.00
879	30	18	v	 1	 1	13	 3	 2	 0	 1	 1	 1	 1	 1	 1	 1	 1	1798.88	  0.00
880	30	18	v	 1	 1	13	 0	 1	 3	 2	 1	 1	 1	 1	 2	 2	 1	507.31	  0.00
881	30	18	v	 1	 1	13	 1	 1	 2	 2	 1	 1	 1	 1	 2	 2	 1	417.60	  0.00
882	30	18	v	 1	 1	13	 1	 1	 2	 2	 0	 1	 1	 1	 1	 1	 1	606.91	  0.00
883	30	18	v	 1	 1	13	 0	 1	 3	 2	 0	 1	 1	 1	 1	 1	 1	637.09	  0.00
884	30	18	v	 1	 1	13	 0	 1	 0	 1	 1	 1	 1	 1	 2	 2	 1	563.25	  0.00
885	30	18	v	 1	 1	13	 2	 2	 1	 1	 1	 1	 1	 1	 1	 1	 1	1313.50	  0.00
886	30	18	v	 1	 1	13	 3	 2	 1	 1	 1	 1	 1	 1	 1	 1	 1	438.38	  0.00
887	30	18	v	 1	 1	13	 3	 2	 2	 2	 0	 1	 1	 1	 1	 1	 1	676.88	  0.00
888	30	18	v	 1	 1	13	 2	 2	 3	 2	 0	 1	 1	 1	 1	 1	 1	771.04	  0.00
889	30	18	v	 1	 1	13	 0	 1	 2	 2	 0	 1	 1	 1	 1	 1	 1	752.91	  0.00
890	30	18	v	 1	 1	13	 0	 1	 0	 1	 0	 1	 1	 1	 2	 1	 0	381.99	  0.00
891	30	18	v	 1	 1	13	 0	 1	 2	 2	 0	 1	 1	 1	 1	 1	 1	484.25	  0.00
892	30	18	v	 1	 1	13	 3	 2	 3	 2	 1	 1	 1	 1	 1	 1	 1	906.67	  0.00
893	30	18	v	 1	 1	13	 2	 2	 2	 2	 0	 1	 1	 1	 1	 1	 1	592.33	  0.00
894	30	18	v	 1	 1	13	 1	 1	 3	 2	 1	 1	 1	 1	 2	 2	 1	726.56	  0.00
895	30	18	v	 1	 1	13	 2	 2	 2	 2	 1	 1	 1	 1	 1	 1	 1	692.58	  0.00
