00	25	18	m	 1	 2	 0	 0	 1	 3	 2	 0	 0	 1	 1	 1	 0	 0	2000.25	  0.00
01	25	18	m	 1	 2	 0	 2	 2	 0	 1	 0	 0	 1	 1	 2	 2	 1	1450.62	  0.00
02	25	18	m	 1	 2	 0	 3	 2	 1	 1	 0	 0	 1	 1	 2	 2	 1	943.00	  0.00
03	25	18	m	 1	 2	 0	 0	 1	 2	 2	 0	 0	 1	 1	 1	 1	 1	606.15	  0.00
04	25	18	m	 1	 2	 0	 2	 2	 0	 1	 1	 0	 1	 1	 2	 2	 1	630.88	  0.00
05	25	18	m	 1	 2	 0	 1	 1	 3	 2	 0	 0	 1	 1	 1	 1	 1	628.74	  0.00
06	25	18	m	 1	 2	 0	 3	 2	 2	 2	 0	 0	 1	 1	 2	 2	 1	669.93	  0.00
07	25	18	m	 1	 2	 0	 3	 2	 3	 2	 1	 0	 1	 1	 2	 2	 1	496.20	  0.00
08	25	18	m	 1	 2	 0	 2	 2	 2	 2	 0	 0	 1	 1	 2	 2	 1	514.80	  0.00
09	25	18	m	 1	 2	 0	 3	 2	 0	 1	 1	 0	 1	 1	 2	 2	 1	496.50	  0.00
10	25	18	m	 1	 2	 0	 1	 1	 0	 1	 0	 0	 1	 1	 1	 1	 1	915.76	  0.00
11	25	18	m	 1	 2	 0	 0	 1	 3	 2	 0	 0	 1	 1	 1	 1	 1	687.24	  0.00
12	25	18	m	 1	 2	 0	 2	 2	 3	 2	 0	 0	 1	 1	 2	 2	 1	622.24	  0.00
13	25	18	m	 1	 2	 0	 1	 1	 3	 2	 1	 0	 1	 1	 1	 1	 1	511.09	  0.00
14	25	18	m	 1	 2	 0	 1	 1	 0	 1	 1	 0	 1	 1	 1	 1	 1	522.38	  0.00
15	25	18	m	 1	 2	 0	 2	 2	 3	 2	 1	 0	 1	 1	 2	 2	 1	577.41	  0.00
16	25	18	m	 1	 2	 0	 2	 2	 1	 1	 1	 0	 1	 1	 2	 2	 1	413.76	  0.00
17	25	18	m	 1	 2	 0	 2	 2	 1	 1	 0	 0	 1	 1	 2	 2	 1	501.31	  0.00
18	25	18	m	 1	 2	 0	 2	 2	 1	 1	 0	 0	 1	 1	 2	 2	 1	431.13	  0.00
19	25	18	m	 1	 2	 0	 3	 2	 0	 1	 0	 0	 1	 1	 2	 2	 1	412.71	  0.00
20	25	18	m	 1	 2	 0	 1	 1	 1	 1	 1	 0	 1	 1	 1	 1	 1	424.24	  0.00
21	25	18	m	 1	 2	 0	 0	 1	 0	 1	 0	 0	 1	 1	 1	 1	 1	509.17	  0.00
22	25	18	m	 1	 2	 0	 2	 2	 2	 2	 0	 0	 1	 1	 2	 2	 1	384.40	  0.00
23	25	18	m	 1	 2	 0	 0	 1	 0	 1	 1	 0	 1	 1	 1	 1	 1	528.57	  0.00
24	25	18	m	 1	 2	 0	 1	 1	 1	 1	 0	 0	 1	 1	 1	 1	 1	490.62	  0.00
25	25	18	m	 1	 2	 0	 3	 2	 0	 1	 0	 0	 1	 1	 2	 2	 1	455.69	  0.00
26	25	18	m	 1	 2	 0	 3	 2	 2	 2	 0	 0	 1	 1	 2	 2	 1	418.28	  0.00
27	25	18	m	 1	 2	 0	 0	 1	 2	 2	 1	 0	 1	 1	 1	 1	 1	500.73	  0.00
28	25	18	m	 1	 2	 0	 1	 1	 1	 1	 1	 0	 1	 1	 1	 1	 1	449.65	  0.00
29	25	18	m	 1	 2	 0	 3	 2	 3	 2	 1	 0	 1	 1	 2	 2	 1	403.97	  0.00
30	25	18	m	 1	 2	 0	 0	 1	 2	 2	 1	 0	 1	 1	 1	 1	 1	472.65	  0.00
31	25	18	m	 1	 2	 0	 3	 2	 0	 1	 1	 0	 1	 1	 2	 2	 1	404.28	  0.00
32	25	18	m	 1	 2	 0	 0	 1	 1	 1	 1	 0	 1	 1	 1	 1	 1	442.91	  0.00
33	25	18	m	 1	 2	 0	 1	 1	 0	 1	 0	 0	 1	 1	 1	 1	 1	489.80	  0.00
34	25	18	m	 1	 2	 0	 1	 1	 3	 2	 1	 0	 1	 1	 1	 1	 1	430.44	  0.00
35	25	18	m	 1	 2	 0	 2	 2	 2	 2	 1	 0	 1	 1	 2	 2	 1	632.36	  0.00
36	25	18	m	 1	 2	 0	 3	 2	 1	 1	 1	 0	 1	 1	 2	 2	 1	430.96	  0.00
37	25	18	m	 1	 2	 0	 0	 1	 3	 2	 1	 0	 1	 1	 1	 1	 1	548.97	  0.00
38	25	18	m	 1	 2	 0	 3	 2	 2	 2	 1	 0	 1	 1	 2	 2	 1	657.44	  0.00
39	25	18	m	 1	 2	 0	 3	 2	 3	 2	 0	 0	 1	 1	 2	 2	 1	510.73	  0.00
40	25	18	m	 1	 2	 0	 0	 1	 1	 1	 0	 0	 1	 1	 1	 1	 1	549.29	  0.00
41	25	18	m	 1	 2	 0	 0	 1	 0	 1	 0	 0	 1	 1	 1	 1	 1	522.50	  0.00
42	25	18	m	 1	 2	 0	 2	 2	 0	 1	 1	 0	 1	 1	 2	 2	 1	441.40	  0.00
43	25	18	m	 1	 2	 0	 2	 2	 2	 2	 1	 0	 1	 1	 2	 2	 1	463.77	  0.00
44	25	18	m	 1	 2	 0	 3	 2	 1	 1	 1	 0	 1	 1	 2	 2	 1	475.27	  0.00
45	25	18	m	 1	 2	 0	 3	 2	 3	 2	 0	 0	 1	 1	 2	 2	 1	697.89	  0.00
46	25	18	m	 1	 2	 0	 1	 1	 2	 2	 0	 0	 1	 1	 1	 1	 1	486.02	  0.00
47	25	18	m	 1	 2	 0	 0	 1	 1	 1	 1	 0	 1	 1	 1	 1	 1	546.32	  0.00
48	25	18	m	 1	 2	 0	 1	 1	 2	 2	 0	 0	 1	 1	 1	 1	 1	525.03	  0.00
49	25	18	m	 1	 2	 0	 1	 1	 2	 2	 1	 0	 1	 1	 1	 1	 1	653.23	  0.00
50	25	18	m	 1	 2	 0	 1	 1	 3	 2	 0	 0	 1	 1	 1	 1	 1	482.26	  0.00
51	25	18	m	 1	 2	 0	 3	 2	 1	 1	 0	 0	 1	 1	 2	 2	 1	651.11	  0.00
52	25	18	m	 1	 2	 0	 0	 1	 0	 1	 1	 0	 1	 1	 1	 1	 1	490.43	  0.00
53	25	18	m	 1	 2	 0	 1	 1	 1	 1	 0	 0	 1	 1	 1	 1	 1	390.01	  0.00
54	25	18	m	 1	 2	 0	 2	 2	 3	 2	 0	 0	 1	 1	 2	 2	 1	505.08	  0.00
55	25	18	m	 1	 2	 0	 1	 1	 0	 1	 1	 0	 1	 1	 1	 1	 1	461.95	  0.00
56	25	18	m	 1	 2	 0	 2	 2	 0	 1	 0	 0	 1	 1	 2	 2	 1	416.38	  0.00
57	25	18	m	 1	 2	 0	 3	 2	 2	 2	 1	 0	 1	 1	 2	 2	 1	517.40	  0.00
58	25	18	m	 1	 2	 0	 0	 1	 1	 1	 0	 0	 1	 1	 1	 1	 1	496.46	  0.00
59	25	18	m	 1	 2	 0	 1	 1	 2	 2	 1	 0	 1	 1	 1	 1	 1	510.65	  0.00
60	25	18	m	 1	 2	 0	 2	 2	 3	 2	 1	 0	 1	 1	 2	 2	 1	523.73	  0.00
61	25	18	m	 1	 2	 0	 0	 1	 2	 2	 0	 0	 1	 1	 1	 1	 1	505.03	  0.00
62	25	18	m	 1	 2	 0	 0	 1	 3	 2	 1	 0	 1	 1	 1	 1	 1	453.96	  0.00
63	25	18	m	 1	 2	 0	 2	 2	 1	 1	 1	 0	 1	 1	 2	 2	 1	484.53	  0.00
64	25	18	m	 1	 2	 1	 1	 1	 3	 2	 0	 0	 1	 1	 1	 1	 1	866.53	  0.00
65	25	18	m	 1	 2	 1	 1	 1	 3	 2	 1	 0	 1	 1	 1	 1	 1	595.29	  0.00
66	25	18	m	 1	 2	 1	 2	 2	 3	 2	 0	 0	 1	 1	 2	 2	 1	586.88	  0.00
67	25	18	m	 1	 2	 1	 1	 1	 2	 2	 1	 0	 1	 1	 1	 1	 1	680.33	  0.00
68	25	18	m	 1	 2	 1	 3	 2	 2	 2	 0	 0	 1	 1	 2	 2	 1	664.76	  0.00
69	25	18	m	 1	 2	 1	 0	 1	 1	 1	 0	 0	 1	 1	 1	 1	 1	537.77	  0.00
70	25	18	m	 1	 2	 1	 2	 2	 1	 1	 0	 0	 1	 1	 2	 2	 1	669.04	  0.00
71	25	18	m	 1	 2	 1	 1	 1	 1	 1	 1	 0	 1	 1	 1	 1	 1	348.91	  0.00
72	25	18	m	 1	 2	 1	 1	 1	 0	 1	 1	 0	 1	 1	 1	 2	 0	274.20	  0.00
73	25	18	m	 1	 2	 1	 3	 2	 3	 2	 1	 0	 1	 1	 2	 2	 1	438.72	  0.00
74	25	18	m	 1	 2	 1	 1	 1	 2	 2	 0	 0	 1	 1	 1	 1	 1	333.59	  0.00
75	25	18	m	 1	 2	 1	 3	 2	 0	 1	 1	 0	 1	 1	 2	 2	 1	471.03	  0.00
76	25	18	m	 1	 2	 1	 1	 1	 2	 2	 0	 0	 1	 1	 1	 1	 1	378.39	  0.00
77	25	18	m	 1	 2	 1	 1	 1	 0	 1	 0	 0	 1	 1	 1	 1	 1	444.94	  0.00
78	25	18	m	 1	 2	 1	 2	 2	 3	 2	 1	 0	 1	 1	 2	 2	 1	380.96	  0.00
79	25	18	m	 1	 2	 1	 2	 2	 2	 2	 0	 0	 1	 1	 2	 2	 1	529.01	  0.00
80	25	18	m	 1	 2	 1	 3	 2	 1	 1	 0	 0	 1	 1	 2	 2	 1	481.05	  0.00
81	25	18	m	 1	 2	 1	 0	 1	 3	 2	 1	 0	 1	 1	 1	 1	 1	465.75	  0.00
82	25	18	m	 1	 2	 1	 1	 1	 3	 2	 0	 0	 1	 1	 1	 1	 1	491.01	  0.00
83	25	18	m	 1	 2	 1	 0	 1	 3	 2	 0	 0	 1	 1	 1	 1	 1	476.03	  0.00
84	25	18	m	 1	 2	 1	 3	 2	 3	 2	 1	 0	 1	 1	 2	 2	 1	447.16	  0.00
85	25	18	m	 1	 2	 1	 1	 1	 1	 1	 1	 0	 1	 1	 1	 1	 1	458.34	  0.00
86	25	18	m	 1	 2	 1	 3	 2	 2	 2	 0	 0	 1	 1	 2	 2	 1	364.10	  0.00
87	25	18	m	 1	 2	 1	 3	 2	 1	 1	 1	 0	 1	 1	 2	 2	 1	479.49	  0.00
88	25	18	m	 1	 2	 1	 3	 2	 0	 1	 0	 0	 1	 1	 2	 2	 1	423.39	  0.00
89	25	18	m	 1	 2	 1	 2	 2	 1	 1	 0	 0	 1	 1	 2	 2	 1	473.44	  0.00
90	25	18	m	 1	 2	 1	 2	 2	 0	 1	 1	 0	 1	 1	 2	 2	 1	425.67	  0.00
91	25	18	m	 1	 2	 1	 3	 2	 1	 1	 0	 0	 1	 1	 2	 2	 1	437.72	  0.00
92	25	18	m	 1	 2	 1	 0	 1	 1	 1	 0	 0	 1	 1	 1	 1	 1	457.70	  0.00
93	25	18	m	 1	 2	 1	 1	 1	 3	 2	 1	 0	 1	 1	 1	 1	 1	437.22	  0.00
94	25	18	m	 1	 2	 1	 3	 2	 0	 1	 1	 0	 1	 1	 2	 2	 1	500.93	  0.00
95	25	18	m	 1	 2	 1	 2	 2	 0	 1	 1	 0	 1	 1	 2	 2	 1	476.55	  0.00
96	25	18	m	 1	 2	 1	 1	 1	 2	 2	 1	 0	 1	 1	 1	 1	 1	442.25	  0.00
97	25	18	m	 1	 2	 1	 0	 1	 3	 2	 0	 0	 1	 1	 1	 1	 1	448.78	  0.00
98	25	18	m	 1	 2	 1	 3	 2	 3	 2	 0	 0	 1	 1	 2	 2	 1	490.69	  0.00
99	25	18	m	 1	 2	 1	 2	 2	 2	 2	 1	 0	 1	 1	 2	 2	 1	437.37	  0.00
100	25	18	m	 1	 2	 1	 2	 2	 1	 1	 1	 0	 1	 1	 2	 2	 1	416.54	  0.00
101	25	18	m	 1	 2	 1	 2	 2	 0	 1	 0	 0	 1	 1	 2	 2	 1	436.78	  0.00
102	25	18	m	 1	 2	 1	 1	 1	 1	 1	 0	 0	 1	 1	 1	 1	 1	435.37	  0.00
103	25	18	m	 1	 2	 1	 0	 1	 3	 2	 1	 0	 1	 1	 1	 1	 1	471.89	  0.00
104	25	18	m	 1	 2	 1	 3	 2	 3	 2	 0	 0	 1	 1	 2	 2	 1	455.99	  0.00
105	25	18	m	 1	 2	 1	 0	 1	 1	 1	 1	 0	 1	 1	 1	 1	 1	543.88	  0.00
106	25	18	m	 1	 2	 1	 2	 2	 0	 1	 0	 0	 1	 1	 2	 2	 1	503.80	  0.00
107	25	18	m	 1	 2	 1	 0	 1	 0	 1	 1	 0	 1	 1	 1	 1	 1	393.28	  0.00
108	25	18	m	 1	 2	 1	 0	 1	 2	 2	 1	 0	 1	 1	 1	 1	 1	479.01	  0.00
109	25	18	m	 1	 2	 1	 0	 1	 2	 2	 1	 0	 1	 1	 1	 1	 1	447.45	  0.00
110	25	18	m	 1	 2	 1	 3	 2	 2	 2	 1	 0	 1	 1	 2	 2	 1	399.62	  0.00
111	25	18	m	 1	 2	 1	 2	 2	 2	 2	 1	 0	 1	 1	 2	 2	 1	547.67	  0.00
112	25	18	m	 1	 2	 1	 3	 2	 0	 1	 0	 0	 1	 1	 2	 2	 1	469.76	  0.00
113	25	18	m	 1	 2	 1	 0	 1	 2	 2	 0	 0	 1	 1	 1	 1	 1	391.90	  0.00
114	25	18	m	 1	 2	 1	 0	 1	 0	 1	 0	 0	 1	 1	 1	 1	 1	411.90	  0.00
115	25	18	m	 1	 2	 1	 1	 1	 0	 1	 1	 0	 1	 1	 1	 1	 1	382.35	  0.00
116	25	18	m	 1	 2	 1	 2	 2	 3	 2	 1	 0	 1	 1	 2	 2	 1	443.46	  0.00
117	25	18	m	 1	 2	 1	 3	 2	 1	 1	 1	 0	 1	 1	 2	 2	 1	406.54	  0.00
118	25	18	m	 1	 2	 1	 3	 2	 2	 2	 1	 0	 1	 1	 2	 2	 1	415.88	  0.00
119	25	18	m	 1	 2	 1	 0	 1	 0	 1	 0	 0	 1	 1	 1	 1	 1	476.80	  0.00
120	25	18	m	 1	 2	 1	 2	 2	 2	 2	 0	 0	 1	 1	 2	 2	 1	648.91	  0.00
121	25	18	m	 1	 2	 1	 1	 1	 0	 1	 0	 0	 1	 1	 1	 1	 1	443.41	  0.00
122	25	18	m	 1	 2	 1	 2	 2	 3	 2	 0	 0	 1	 1	 2	 2	 1	433.72	  0.00
123	25	18	m	 1	 2	 1	 1	 1	 1	 1	 0	 0	 1	 1	 1	 1	 1	379.94	  0.00
124	25	18	m	 1	 2	 1	 0	 1	 2	 2	 0	 0	 1	 1	 1	 1	 1	497.63	  0.00
125	25	18	m	 1	 2	 1	 2	 2	 1	 1	 1	 0	 1	 1	 2	 2	 1	417.06	  0.00
126	25	18	m	 1	 2	 1	 0	 1	 0	 1	 1	 0	 1	 1	 1	 1	 1	363.74	  0.00
127	25	18	m	 1	 2	 1	 0	 1	 1	 1	 1	 0	 1	 1	 1	 1	 1	454.82	  0.00
128	25	18	m	 1	 2	 2	 3	 2	 1	 1	 0	 0	 1	 1	 2	 2	 1	1151.62	  0.00
129	25	18	m	 1	 2	 2	 1	 1	 2	 2	 0	 0	 1	 1	 1	 1	 1	1052.40	  0.00
130	25	18	m	 1	 2	 2	 3	 2	 1	 1	 1	 0	 1	 1	 2	 2	 1	945.90	  0.00
131	25	18	m	 1	 2	 2	 0	 1	 0	 1	 1	 0	 1	 1	 2	 2	 1	706.48	  0.00
132	25	18	m	 1	 2	 2	 0	 1	 0	 1	 0	 0	 1	 1	 2	 2	 1	771.97	  0.00
133	25	18	m	 1	 2	 2	 0	 1	 2	 2	 1	 0	 1	 1	 1	 1	 1	698.67	  0.00
134	25	18	m	 1	 2	 2	 1	 1	 1	 1	 0	 0	 1	 1	 2	 2	 1	756.06	  0.00
135	25	18	m	 1	 2	 2	 1	 1	 0	 1	 1	 0	 1	 1	 2	 2	 1	748.08	  0.00
136	25	18	m	 1	 2	 2	 0	 1	 0	 1	 0	 0	 1	 1	 2	 2	 1	535.08	  0.00
137	25	18	m	 1	 2	 2	 2	 2	 1	 1	 0	 0	 1	 1	 2	 2	 1	611.64	  0.00
138	25	18	m	 1	 2	 2	 3	 2	 3	 2	 1	 0	 1	 1	 1	 1	 1	576.69	  0.00
139	25	18	m	 1	 2	 2	 2	 2	 3	 2	 1	 0	 1	 1	 1	 1	 1	519.99	  0.00
140	25	18	m	 1	 2	 2	 2	 2	 1	 1	 0	 0	 1	 1	 2	 2	 1	550.42	  0.00
141	25	18	m	 1	 2	 2	 3	 2	 1	 1	 1	 0	 1	 1	 2	 2	 1	548.15	  0.00
142	25	18	m	 1	 2	 2	 0	 1	 1	 1	 0	 0	 1	 1	 2	 2	 1	532.28	  0.00
143	25	18	m	 1	 2	 2	 1	 1	 3	 2	 1	 0	 1	 1	 1	 1	 1	645.91	  0.00
144	25	18	m	 1	 2	 2	 0	 1	 1	 1	 1	 0	 1	 1	 2	 2	 1	491.12	  0.00
145	25	18	m	 1	 2	 2	 3	 2	 1	 1	 0	 0	 1	 1	 2	 2	 1	548.85	  0.00
146	25	18	m	 1	 2	 2	 3	 2	 3	 2	 0	 0	 1	 1	 1	 1	 1	456.79	  0.00
147	25	18	m	 1	 2	 2	 3	 2	 2	 2	 0	 0	 1	 1	 1	 1	 1	525.33	  0.00
148	25	18	m	 1	 2	 2	 2	 2	 0	 1	 0	 0	 1	 1	 2	 2	 1	528.61	  0.00
149	25	18	m	 1	 2	 2	 1	 1	 3	 2	 0	 0	 1	 1	 1	 1	 1	605.29	  0.00
150	25	18	m	 1	 2	 2	 0	 1	 3	 2	 1	 0	 1	 1	 1	 1	 1	572.04	  0.00
151	25	18	m	 1	 2	 2	 3	 2	 3	 2	 1	 0	 1	 1	 1	 1	 1	537.08	  0.00
152	25	18	m	 1	 2	 2	 2	 2	 2	 2	 0	 0	 1	 1	 1	 2	 0	526.69	  0.00
153	25	18	m	 1	 2	 2	 1	 1	 0	 1	 1	 0	 1	 1	 2	 2	 1	714.85	  0.00
154	25	18	m	 1	 2	 2	 3	 2	 3	 2	 0	 0	 1	 1	 1	 1	 1	554.50	  0.00
155	25	18	m	 1	 2	 2	 1	 1	 2	 2	 1	 0	 1	 1	 1	 1	 1	680.10	  0.00
156	25	18	m	 1	 2	 2	 0	 1	 3	 2	 1	 0	 1	 1	 1	 1	 1	641.43	  0.00
157	25	18	m	 1	 2	 2	 2	 2	 2	 2	 0	 0	 1	 1	 1	 1	 1	521.96	  0.00
158	25	18	m	 1	 2	 2	 0	 1	 2	 2	 0	 0	 1	 1	 1	 1	 1	508.80	  0.00
159	25	18	m	 1	 2	 2	 1	 1	 2	 2	 1	 0	 1	 1	 1	 1	 1	465.86	  0.00
160	25	18	m	 1	 2	 2	 1	 1	 1	 1	 1	 0	 1	 1	 2	 2	 1	520.83	  0.00
161	25	18	m	 1	 2	 2	 1	 1	 3	 2	 0	 0	 1	 1	 1	 1	 1	597.49	  0.00
162	25	18	m	 1	 2	 2	 1	 1	 0	 1	 0	 0	 1	 1	 2	 2	 1	516.23	  0.00
163	25	18	m	 1	 2	 2	 1	 1	 1	 1	 0	 0	 1	 1	 2	 2	 1	630.06	  0.00
164	25	18	m	 1	 2	 2	 3	 2	 2	 2	 1	 0	 1	 1	 1	 1	 1	573.10	  0.00
165	25	18	m	 1	 2	 2	 2	 2	 0	 1	 0	 0	 1	 1	 2	 2	 1	581.69	  0.00
166	25	18	m	 1	 2	 2	 0	 1	 3	 2	 0	 0	 1	 1	 1	 1	 1	579.40	  0.00
167	25	18	m	 1	 2	 2	 2	 2	 2	 2	 1	 0	 1	 1	 1	 1	 1	530.90	  0.00
168	25	18	m	 1	 2	 2	 1	 1	 0	 1	 0	 0	 1	 1	 2	 2	 1	536.87	  0.00
169	25	18	m	 1	 2	 2	 3	 2	 0	 1	 0	 0	 1	 1	 2	 2	 1	501.93	  0.00
170	25	18	m	 1	 2	 2	 0	 1	 0	 1	 1	 0	 1	 1	 2	 2	 1	539.73	  0.00
171	25	18	m	 1	 2	 2	 2	 2	 3	 2	 1	 0	 1	 1	 1	 1	 1	567.23	  0.00
172	25	18	m	 1	 2	 2	 2	 2	 0	 1	 1	 0	 1	 1	 2	 2	 1	477.89	  0.00
173	25	18	m	 1	 2	 2	 3	 2	 2	 2	 0	 0	 1	 1	 1	 1	 1	647.07	  0.00
174	25	18	m	 1	 2	 2	 2	 2	 1	 1	 1	 0	 1	 1	 2	 2	 1	516.85	  0.00
175	25	18	m	 1	 2	 2	 1	 1	 1	 1	 1	 0	 1	 1	 2	 2	 1	579.87	  0.00
176	25	18	m	 1	 2	 2	 0	 1	 2	 2	 1	 0	 1	 1	 1	 1	 1	498.69	  0.00
177	25	18	m	 1	 2	 2	 3	 2	 0	 1	 1	 0	 1	 1	 2	 2	 1	650.62	  0.00
178	25	18	m	 1	 2	 2	 3	 2	 2	 2	 1	 0	 1	 1	 1	 1	 1	487.70	  0.00
179	25	18	m	 1	 2	 2	 0	 1	 1	 1	 1	 0	 1	 1	 2	 2	 1	548.12	  0.00
180	25	18	m	 1	 2	 2	 0	 1	 1	 1	 0	 0	 1	 1	 2	 1	 0	393.47	  0.00
181	25	18	m	 1	 2	 2	 2	 2	 3	 2	 0	 0	 1	 1	 1	 1	 1	636.27	  0.00
182	25	18	m	 1	 2	 2	 2	 2	 0	 1	 1	 0	 1	 1	 2	 2	 1	568.57	  0.00
183	25	18	m	 1	 2	 2	 1	 1	 2	 2	 0	 0	 1	 1	 1	 1	 1	623.42	  0.00
184	25	18	m	 1	 2	 2	 3	 2	 0	 1	 1	 0	 1	 1	 2	 2	 1	473.12	  0.00
185	25	18	m	 1	 2	 2	 2	 2	 1	 1	 1	 0	 1	 1	 2	 2	 1	587.91	  0.00
186	25	18	m	 1	 2	 2	 2	 2	 3	 2	 0	 0	 1	 1	 1	 1	 1	726.99	  0.00
187	25	18	m	 1	 2	 2	 0	 1	 2	 2	 0	 0	 1	 1	 1	 1	 1	754.29	  0.00
188	25	18	m	 1	 2	 2	 0	 1	 3	 2	 0	 0	 1	 1	 1	 1	 1	773.55	  0.00
189	25	18	m	 1	 2	 2	 2	 2	 2	 2	 1	 0	 1	 1	 1	 1	 1	550.68	  0.00
190	25	18	m	 1	 2	 2	 1	 1	 3	 2	 1	 0	 1	 1	 1	 1	 1	504.85	  0.00
191	25	18	m	 1	 2	 2	 3	 2	 0	 1	 0	 0	 1	 1	 2	 2	 1	466.30	  0.00
192	25	18	m	 1	 2	 3	 3	 2	 1	 1	 0	 0	 1	 1	 2	 2	 1	609.35	  0.00
193	25	18	m	 1	 2	 3	 3	 2	 2	 2	 0	 0	 1	 1	 1	 1	 1	536.84	  0.00
194	25	18	m	 1	 2	 3	 1	 1	 3	 2	 1	 0	 1	 1	 1	 1	 1	692.84	  0.00
195	25	18	m	 1	 2	 3	 3	 2	 0	 1	 1	 0	 1	 1	 2	 2	 1	632.74	  0.00
196	25	18	m	 1	 2	 3	 2	 2	 2	 2	 0	 0	 1	 1	 1	 1	 1	502.96	  0.00
197	25	18	m	 1	 2	 3	 0	 1	 2	 2	 0	 0	 1	 1	 1	 1	 1	493.13	  0.00
198	25	18	m	 1	 2	 3	 3	 2	 2	 2	 0	 0	 1	 1	 1	 1	 1	453.34	  0.00
199	25	18	m	 1	 2	 3	 0	 1	 2	 2	 1	 0	 1	 1	 1	 1	 1	503.30	  0.00
200	25	18	m	 1	 2	 3	 1	 1	 0	 1	 1	 0	 1	 1	 2	 2	 1	512.52	  0.00
201	25	18	m	 1	 2	 3	 1	 1	 2	 2	 0	 0	 1	 1	 1	 1	 1	489.03	  0.00
202	25	18	m	 1	 2	 3	 1	 1	 1	 1	 1	 0	 1	 1	 2	 2	 1	462.84	  0.00
203	25	18	m	 1	 2	 3	 1	 1	 0	 1	 0	 0	 1	 1	 2	 2	 1	586.31	  0.00
204	25	18	m	 1	 2	 3	 2	 2	 0	 1	 0	 0	 1	 1	 2	 2	 1	524.64	  0.00
205	25	18	m	 1	 2	 3	 3	 2	 1	 1	 1	 0	 1	 1	 2	 2	 1	679.66	  0.00
206	25	18	m	 1	 2	 3	 2	 2	 3	 2	 0	 0	 1	 1	 1	 1	 1	457.33	  0.00
207	25	18	m	 1	 2	 3	 0	 1	 2	 2	 0	 0	 1	 1	 1	 2	 0	521.03	  0.00
208	25	18	m	 1	 2	 3	 3	 2	 3	 2	 1	 0	 1	 1	 1	 1	 1	674.28	  0.00
209	25	18	m	 1	 2	 3	 3	 2	 1	 1	 1	 0	 1	 1	 2	 2	 1	533.65	  0.00
210	25	18	m	 1	 2	 3	 0	 1	 3	 2	 1	 0	 1	 1	 1	 1	 1	648.84	  0.00
211	25	18	m	 1	 2	 3	 2	 2	 1	 1	 1	 0	 1	 1	 2	 2	 1	646.90	  0.00
212	25	18	m	 1	 2	 3	 0	 1	 3	 2	 0	 0	 1	 1	 1	 1	 1	532.64	  0.00
213	25	18	m	 1	 2	 3	 2	 2	 1	 1	 0	 0	 1	 1	 2	 2	 1	639.48	  0.00
214	25	18	m	 1	 2	 3	 1	 1	 3	 2	 0	 0	 1	 1	 1	 1	 1	697.45	  0.00
215	25	18	m	 1	 2	 3	 3	 2	 0	 1	 0	 0	 1	 1	 2	 2	 1	611.15	  0.00
216	25	18	m	 1	 2	 3	 1	 1	 3	 2	 0	 0	 1	 1	 1	 1	 1	696.36	  0.00
217	25	18	m	 1	 2	 3	 2	 2	 1	 1	 0	 0	 1	 1	 2	 2	 1	580.12	  0.00
218	25	18	m	 1	 2	 3	 1	 1	 0	 1	 1	 0	 1	 1	 2	 2	 1	711.58	  0.00
219	25	18	m	 1	 2	 3	 1	 1	 2	 2	 0	 0	 1	 1	 1	 1	 1	734.06	  0.00
220	25	18	m	 1	 2	 3	 3	 2	 3	 2	 0	 0	 1	 1	 1	 1	 1	601.50	  0.00
221	25	18	m	 1	 2	 3	 2	 2	 2	 2	 1	 0	 1	 1	 1	 1	 1	487.14	  0.00
222	25	18	m	 1	 2	 3	 2	 2	 3	 2	 1	 0	 1	 1	 1	 1	 1	518.04	  0.00
223	25	18	m	 1	 2	 3	 2	 2	 3	 2	 1	 0	 1	 1	 1	 1	 1	527.15	  0.00
224	25	18	m	 1	 2	 3	 1	 1	 3	 2	 1	 0	 1	 1	 1	 1	 1	403.03	  0.00
225	25	18	m	 1	 2	 3	 2	 2	 3	 2	 0	 0	 1	 1	 1	 1	 1	420.56	  0.00
226	25	18	m	 1	 2	 3	 0	 1	 2	 2	 1	 0	 1	 1	 1	 1	 1	690.93	  0.00
227	25	18	m	 1	 2	 3	 0	 1	 1	 1	 1	 0	 1	 1	 2	 2	 1	566.58	  0.00
228	25	18	m	 1	 2	 3	 0	 1	 0	 1	 0	 0	 1	 1	 2	 2	 1	526.73	  0.00
229	25	18	m	 1	 2	 3	 3	 2	 0	 1	 1	 0	 1	 1	 2	 2	 1	679.22	  0.00
230	25	18	m	 1	 2	 3	 2	 2	 1	 1	 1	 0	 1	 1	 2	 2	 1	742.40	  0.00
231	25	18	m	 1	 2	 3	 3	 2	 2	 2	 1	 0	 1	 1	 1	 1	 1	525.42	  0.00
232	25	18	m	 1	 2	 3	 1	 1	 2	 2	 1	 0	 1	 1	 1	 1	 1	510.08	  0.00
233	25	18	m	 1	 2	 3	 0	 1	 1	 1	 1	 0	 1	 1	 2	 2	 1	696.09	  0.00
234	25	18	m	 1	 2	 3	 3	 2	 3	 2	 0	 0	 1	 1	 1	 1	 1	522.73	  0.00
235	25	18	m	 1	 2	 3	 2	 2	 0	 1	 0	 0	 1	 1	 2	 2	 1	610.75	  0.00
236	25	18	m	 1	 2	 3	 2	 2	 2	 2	 0	 0	 1	 1	 1	 1	 1	603.44	  0.00
237	25	18	m	 1	 2	 3	 0	 1	 1	 1	 0	 0	 1	 1	 2	 2	 1	588.02	  0.00
238	25	18	m	 1	 2	 3	 2	 2	 2	 2	 1	 0	 1	 1	 1	 1	 1	765.76	  0.00
239	25	18	m	 1	 2	 3	 1	 1	 1	 1	 0	 0	 1	 1	 2	 2	 1	476.99	  0.00
240	25	18	m	 1	 2	 3	 0	 1	 0	 1	 1	 0	 1	 1	 2	 2	 1	589.54	  0.00
241	25	18	m	 1	 2	 3	 3	 2	 2	 2	 1	 0	 1	 1	 1	 1	 1	696.50	  0.00
242	25	18	m	 1	 2	 3	 3	 2	 0	 1	 0	 0	 1	 1	 2	 2	 1	455.22	  0.00
243	25	18	m	 1	 2	 3	 1	 1	 1	 1	 1	 0	 1	 1	 2	 2	 1	567.80	  0.00
244	25	18	m	 1	 2	 3	 2	 2	 0	 1	 1	 0	 1	 1	 2	 2	 1	533.30	  0.00
245	25	18	m	 1	 2	 3	 1	 1	 2	 2	 1	 0	 1	 1	 1	 1	 1	501.69	  0.00
246	25	18	m	 1	 2	 3	 2	 2	 0	 1	 1	 0	 1	 1	 2	 2	 1	705.83	  0.00
247	25	18	m	 1	 2	 3	 0	 1	 0	 1	 0	 0	 1	 1	 2	 2	 1	567.71	  0.00
248	25	18	m	 1	 2	 3	 1	 1	 0	 1	 0	 0	 1	 1	 2	 2	 1	486.94	  0.00
249	25	18	m	 1	 2	 3	 1	 1	 1	 1	 0	 0	 1	 1	 2	 2	 1	741.01	  0.00
250	25	18	m	 1	 2	 3	 0	 1	 1	 1	 0	 0	 1	 1	 2	 2	 1	461.49	  0.00
251	25	18	m	 1	 2	 3	 0	 1	 0	 1	 1	 0	 1	 1	 2	 2	 1	487.02	  0.00
252	25	18	m	 1	 2	 3	 0	 1	 3	 2	 0	 0	 1	 1	 1	 1	 1	545.20	  0.00
253	25	18	m	 1	 2	 3	 3	 2	 1	 1	 0	 0	 1	 1	 2	 2	 1	532.53	  0.00
254	25	18	m	 1	 2	 3	 3	 2	 3	 2	 1	 0	 1	 1	 1	 1	 1	598.47	  0.00
255	25	18	m	 1	 2	 3	 0	 1	 3	 2	 1	 0	 1	 1	 1	 1	 1	558.79	  0.00
256	25	18	m	 1	 2	 4	 0	 1	 1	 1	 1	 0	 1	 1	 1	 1	 1	799.74	  0.00
257	25	18	m	 1	 2	 4	 3	 2	 3	 2	 1	 0	 1	 1	 2	 2	 1	688.21	  0.00
258	25	18	m	 1	 2	 4	 1	 1	 0	 1	 1	 0	 1	 1	 1	 1	 1	718.24	  0.00
259	25	18	m	 1	 2	 4	 0	 1	 0	 1	 0	 0	 1	 1	 2	 2	 1	661.59	  0.00
260	25	18	m	 1	 2	 4	 3	 2	 1	 1	 1	 0	 1	 1	 2	 2	 1	781.50	  0.00
261	25	18	m	 1	 2	 4	 1	 1	 0	 1	 0	 0	 1	 1	 2	 2	 1	667.50	  0.00
262	25	18	m	 1	 2	 4	 2	 2	 2	 2	 0	 0	 1	 1	 1	 1	 1	593.32	  0.00
263	25	18	m	 1	 2	 4	 2	 2	 2	 2	 1	 0	 1	 1	 2	 2	 1	560.96	  0.00
264	25	18	m	 1	 2	 4	 2	 2	 0	 1	 1	 0	 1	 1	 2	 2	 1	501.54	  0.00
265	25	18	m	 1	 2	 4	 0	 1	 3	 2	 1	 0	 1	 1	 1	 1	 1	711.52	  0.00
266	25	18	m	 1	 2	 4	 0	 1	 3	 2	 0	 0	 1	 1	 1	 1	 1	597.56	  0.00
267	25	18	m	 1	 2	 4	 2	 2	 1	 1	 1	 0	 1	 1	 2	 2	 1	521.71	  0.00
268	25	18	m	 1	 2	 4	 3	 2	 1	 1	 0	 0	 1	 1	 2	 1	 0	494.99	  0.00
269	25	18	m	 1	 2	 4	 1	 1	 3	 2	 1	 0	 1	 1	 1	 1	 1	921.68	  0.00
270	25	18	m	 1	 2	 4	 0	 1	 2	 2	 1	 0	 1	 1	 1	 1	 1	589.68	  0.00
271	25	18	m	 1	 2	 4	 2	 2	 1	 1	 1	 0	 1	 1	 2	 2	 1	609.16	  0.00
272	25	18	m	 1	 2	 4	 3	 2	 3	 2	 1	 0	 1	 1	 2	 2	 1	560.36	  0.00
273	25	18	m	 1	 2	 4	 2	 2	 0	 1	 0	 0	 1	 1	 2	 2	 1	639.94	  0.00
274	25	18	m	 1	 2	 4	 3	 2	 0	 1	 1	 0	 1	 1	 2	 2	 1	504.22	  0.00
275	25	18	m	 1	 2	 4	 1	 1	 1	 1	 0	 0	 1	 1	 2	 2	 1	684.34	  0.00
276	25	18	m	 1	 2	 4	 0	 1	 2	 2	 0	 0	 1	 1	 1	 1	 1	525.92	  0.00
277	25	18	m	 1	 2	 4	 3	 2	 2	 2	 0	 0	 1	 1	 1	 1	 1	493.68	  0.00
278	25	18	m	 1	 2	 4	 3	 2	 1	 1	 0	 0	 1	 1	 2	 1	 0	496.95	  0.00
279	25	18	m	 1	 2	 4	 0	 1	 1	 1	 1	 0	 1	 1	 1	 1	 1	663.38	  0.00
280	25	18	m	 1	 2	 4	 3	 2	 0	 1	 0	 0	 1	 1	 2	 2	 1	815.94	  0.00
281	25	18	m	 1	 2	 4	 1	 1	 2	 2	 1	 0	 1	 1	 1	 2	 0	554.87	  0.00
282	25	18	m	 1	 2	 4	 0	 1	 0	 1	 1	 0	 1	 1	 1	 1	 1	623.35	  0.00
283	25	18	m	 1	 2	 4	 0	 1	 0	 1	 1	 0	 1	 1	 1	 1	 1	522.23	  0.00
284	25	18	m	 1	 2	 4	 2	 2	 3	 2	 1	 0	 1	 1	 2	 2	 1	530.81	  0.00
285	25	18	m	 1	 2	 4	 1	 1	 0	 1	 0	 0	 1	 1	 2	 2	 1	694.50	  0.00
286	25	18	m	 1	 2	 4	 3	 2	 2	 2	 0	 0	 1	 1	 1	 1	 1	662.00	  0.00
287	25	18	m	 1	 2	 4	 1	 1	 3	 2	 1	 0	 1	 1	 1	 1	 1	583.51	  0.00
288	25	18	m	 1	 2	 4	 0	 1	 1	 1	 0	 0	 1	 1	 2	 2	 1	741.74	  0.00
289	25	18	m	 1	 2	 4	 2	 2	 0	 1	 1	 0	 1	 1	 2	 2	 1	632.18	  0.00
290	25	18	m	 1	 2	 4	 0	 1	 3	 2	 0	 0	 1	 1	 1	 1	 1	681.30	  0.00
291	25	18	m	 1	 2	 4	 2	 2	 3	 2	 0	 0	 1	 1	 1	 1	 1	591.88	  0.00
292	25	18	m	 1	 2	 4	 3	 2	 0	 1	 0	 0	 1	 1	 2	 2	 1	652.03	  0.00
293	25	18	m	 1	 2	 4	 0	 1	 2	 2	 1	 0	 1	 1	 1	 1	 1	752.94	  0.00
294	25	18	m	 1	 2	 4	 0	 1	 0	 1	 0	 0	 1	 1	 2	 2	 1	641.60	  0.00
295	25	18	m	 1	 2	 4	 1	 1	 3	 2	 0	 0	 1	 1	 1	 1	 1	671.86	  0.00
296	25	18	m	 1	 2	 4	 2	 2	 0	 1	 0	 0	 1	 1	 2	 2	 1	662.96	  0.00
297	25	18	m	 1	 2	 4	 2	 2	 1	 1	 0	 0	 1	 1	 2	 1	 0	527.31	  0.00
298	25	18	m	 1	 2	 4	 1	 1	 2	 2	 0	 0	 1	 1	 1	 1	 1	653.12	  0.00
299	25	18	m	 1	 2	 4	 3	 2	 2	 2	 1	 0	 1	 1	 2	 2	 1	767.59	  0.00
300	25	18	m	 1	 2	 4	 2	 2	 2	 2	 0	 0	 1	 1	 1	 1	 1	615.46	  0.00
301	25	18	m	 1	 2	 4	 1	 1	 3	 2	 0	 0	 1	 1	 1	 1	 1	708.23	  0.00
302	25	18	m	 1	 2	 4	 2	 2	 3	 2	 0	 0	 1	 1	 1	 1	 1	537.13	  0.00
303	25	18	m	 1	 2	 4	 2	 2	 2	 2	 1	 0	 1	 1	 2	 2	 1	577.40	  0.00
304	25	18	m	 1	 2	 4	 2	 2	 3	 2	 1	 0	 1	 1	 2	 2	 1	547.93	  0.00
305	25	18	m	 1	 2	 4	 0	 1	 2	 2	 0	 0	 1	 1	 1	 1	 1	738.80	  0.00
306	25	18	m	 1	 2	 4	 1	 1	 2	 2	 0	 0	 1	 1	 1	 1	 1	526.88	  0.00
307	25	18	m	 1	 2	 4	 0	 1	 3	 2	 1	 0	 1	 1	 1	 1	 1	747.60	  0.00
308	25	18	m	 1	 2	 4	 1	 1	 1	 1	 0	 0	 1	 1	 2	 2	 1	584.70	  0.00
309	25	18	m	 1	 2	 4	 1	 1	 1	 1	 1	 0	 1	 1	 1	 1	 1	701.08	  0.00
310	25	18	m	 1	 2	 4	 1	 1	 2	 2	 1	 0	 1	 1	 1	 1	 1	548.93	  0.00
311	25	18	m	 1	 2	 4	 1	 1	 1	 1	 1	 0	 1	 1	 1	 1	 1	611.93	  0.00
312	25	18	m	 1	 2	 4	 3	 2	 3	 2	 0	 0	 1	 1	 1	 1	 1	658.59	  0.00
313	25	18	m	 1	 2	 4	 1	 1	 0	 1	 1	 0	 1	 1	 1	 1	 1	653.22	  0.00
314	25	18	m	 1	 2	 4	 0	 1	 1	 1	 0	 0	 1	 1	 2	 2	 1	523.09	  0.00
315	25	18	m	 1	 2	 4	 3	 2	 0	 1	 1	 0	 1	 1	 2	 2	 1	615.37	  0.00
316	25	18	m	 1	 2	 4	 3	 2	 3	 2	 0	 0	 1	 1	 1	 1	 1	501.34	  0.00
317	25	18	m	 1	 2	 4	 3	 2	 2	 2	 1	 0	 1	 1	 2	 1	 0	575.04	  0.00
318	25	18	m	 1	 2	 4	 2	 2	 1	 1	 0	 0	 1	 1	 2	 2	 1	627.33	  0.00
319	25	18	m	 1	 2	 4	 3	 2	 1	 1	 1	 0	 1	 1	 2	 2	 1	567.82	  0.00
320	25	18	m	 1	 2	 5	 3	 2	 1	 1	 1	 0	 1	 1	 2	 2	 1	564.69	  0.00
321	25	18	m	 1	 2	 5	 3	 2	 1	 1	 0	 0	 1	 1	 2	 2	 1	750.59	  0.00
322	25	18	m	 1	 2	 5	 0	 1	 3	 2	 1	 0	 1	 1	 1	 1	 1	552.70	  0.00
323	25	18	m	 1	 2	 5	 0	 1	 2	 2	 0	 0	 1	 1	 1	 1	 1	648.81	  0.00
324	25	18	m	 1	 2	 5	 2	 2	 0	 1	 1	 0	 1	 1	 2	 2	 1	537.09	  0.00
325	25	18	m	 1	 2	 5	 3	 2	 0	 1	 1	 0	 1	 1	 2	 2	 1	499.99	  0.00
326	25	18	m	 1	 2	 5	 1	 1	 2	 2	 0	 0	 1	 1	 1	 1	 1	623.51	  0.00
327	25	18	m	 1	 2	 5	 0	 1	 2	 2	 1	 0	 1	 1	 1	 1	 1	648.86	  0.00
328	25	18	m	 1	 2	 5	 2	 2	 0	 1	 0	 0	 1	 1	 2	 2	 1	687.73	  0.00
329	25	18	m	 1	 2	 5	 2	 2	 3	 2	 1	 0	 1	 1	 2	 2	 1	514.42	  0.00
330	25	18	m	 1	 2	 5	 3	 2	 2	 2	 1	 0	 1	 1	 2	 2	 1	523.45	  0.00
331	25	18	m	 1	 2	 5	 1	 1	 3	 2	 0	 0	 1	 1	 1	 1	 1	622.60	  0.00
332	25	18	m	 1	 2	 5	 1	 1	 1	 1	 1	 0	 1	 1	 1	 1	 1	578.99	  0.00
333	25	18	m	 1	 2	 5	 0	 1	 0	 1	 1	 0	 1	 1	 1	 1	 1	495.44	  0.00
334	25	18	m	 1	 2	 5	 0	 1	 1	 1	 1	 0	 1	 1	 1	 1	 1	529.00	  0.00
335	25	18	m	 1	 2	 5	 0	 1	 3	 2	 0	 0	 1	 1	 1	 1	 1	633.49	  0.00
336	25	18	m	 1	 2	 5	 2	 2	 0	 1	 0	 0	 1	 1	 2	 2	 1	525.60	  0.00
337	25	18	m	 1	 2	 5	 3	 2	 0	 1	 0	 0	 1	 1	 2	 2	 1	570.14	  0.00
338	25	18	m	 1	 2	 5	 2	 2	 2	 2	 0	 0	 1	 1	 1	 1	 1	503.13	  0.00
339	25	18	m	 1	 2	 5	 2	 2	 1	 1	 0	 0	 1	 1	 2	 2	 1	634.74	  0.00
340	25	18	m	 1	 2	 5	 2	 2	 3	 2	 0	 0	 1	 1	 1	 2	 0	654.55	  0.00
341	25	18	m	 1	 2	 5	 3	 2	 0	 1	 1	 0	 1	 1	 2	 2	 1	534.74	  0.00
342	25	18	m	 1	 2	 5	 1	 1	 3	 2	 1	 0	 1	 1	 1	 1	 1	597.99	  0.00
343	25	18	m	 1	 2	 5	 0	 1	 3	 2	 0	 0	 1	 1	 1	 2	 0	694.29	  0.00
344	25	18	m	 1	 2	 5	 1	 1	 3	 2	 1	 0	 1	 1	 1	 1	 1	602.29	  0.00
345	25	18	m	 1	 2	 5	 0	 1	 2	 2	 1	 0	 1	 1	 1	 1	 1	548.97	  0.00
346	25	18	m	 1	 2	 5	 1	 1	 2	 2	 1	 0	 1	 1	 1	 1	 1	541.76	  0.00
347	25	18	m	 1	 2	 5	 3	 2	 3	 2	 1	 0	 1	 1	 2	 2	 1	610.73	  0.00
348	25	18	m	 1	 2	 5	 2	 2	 0	 1	 1	 0	 1	 1	 2	 2	 1	679.59	  0.00
349	25	18	m	 1	 2	 5	 0	 1	 3	 2	 1	 0	 1	 1	 1	 1	 1	600.66	  0.00
350	25	18	m	 1	 2	 5	 3	 2	 3	 2	 1	 0	 1	 1	 2	 2	 1	574.14	  0.00
351	25	18	m	 1	 2	 5	 1	 1	 0	 1	 1	 0	 1	 1	 1	 1	 1	452.74	  0.00
352	25	18	m	 1	 2	 5	 1	 1	 0	 1	 0	 0	 1	 1	 2	 2	 1	576.24	  0.00
353	25	18	m	 1	 2	 5	 1	 1	 2	 2	 1	 0	 1	 1	 1	 1	 1	753.56	  0.00
354	25	18	m	 1	 2	 5	 2	 2	 2	 2	 1	 0	 1	 1	 2	 2	 1	577.86	  0.00
355	25	18	m	 1	 2	 5	 1	 1	 3	 2	 0	 0	 1	 1	 1	 1	 1	611.47	  0.00
356	25	18	m	 1	 2	 5	 0	 1	 1	 1	 1	 0	 1	 1	 1	 1	 1	712.96	  0.00
357	25	18	m	 1	 2	 5	 3	 2	 1	 1	 0	 0	 1	 1	 2	 2	 1	686.51	  0.00
358	25	18	m	 1	 2	 5	 3	 2	 0	 1	 0	 0	 1	 1	 2	 2	 1	694.49	  0.00
359	25	18	m	 1	 2	 5	 3	 2	 3	 2	 0	 0	 1	 1	 1	 1	 1	1013.40	  0.00
360	25	18	m	 1	 2	 5	 2	 2	 2	 2	 1	 0	 1	 1	 2	 2	 1	817.87	  0.00
361	25	18	m	 1	 2	 5	 0	 1	 1	 1	 0	 0	 1	 1	 2	 1	 0	519.22	  0.00
362	25	18	m	 1	 2	 5	 1	 1	 0	 1	 1	 0	 1	 1	 1	 1	 1	683.44	  0.00
363	25	18	m	 1	 2	 5	 0	 1	 1	 1	 0	 0	 1	 1	 2	 2	 1	861.07	  0.00
364	25	18	m	 1	 2	 5	 3	 2	 2	 2	 1	 0	 1	 1	 2	 1	 0	535.02	  0.00
365	25	18	m	 1	 2	 5	 0	 1	 0	 1	 0	 0	 1	 1	 2	 2	 1	1179.98	  0.00
366	25	18	m	 1	 2	 5	 1	 1	 0	 1	 0	 0	 1	 1	 2	 2	 1	581.51	  0.00
367	25	18	m	 1	 2	 5	 2	 2	 1	 1	 0	 0	 1	 1	 2	 2	 1	620.46	  0.00
368	25	18	m	 1	 2	 5	 3	 2	 3	 2	 0	 0	 1	 1	 1	 1	 1	569.63	  0.00
369	25	18	m	 1	 2	 5	 2	 2	 1	 1	 1	 0	 1	 1	 2	 2	 1	657.47	  0.00
370	25	18	m	 1	 2	 5	 2	 2	 1	 1	 1	 0	 1	 1	 2	 2	 1	533.26	  0.00
371	25	18	m	 1	 2	 5	 0	 1	 0	 1	 0	 0	 1	 1	 2	 2	 1	727.31	  0.00
372	25	18	m	 1	 2	 5	 1	 1	 1	 1	 0	 0	 1	 1	 2	 2	 1	668.17	  0.00
373	25	18	m	 1	 2	 5	 2	 2	 3	 2	 0	 0	 1	 1	 1	 1	 1	927.41	  0.00
374	25	18	m	 1	 2	 5	 3	 2	 1	 1	 1	 0	 1	 1	 2	 2	 1	600.18	  0.00
375	25	18	m	 1	 2	 5	 1	 1	 1	 1	 1	 0	 1	 1	 1	 1	 1	680.13	  0.00
376	25	18	m	 1	 2	 5	 2	 2	 3	 2	 1	 0	 1	 1	 2	 2	 1	631.99	  0.00
377	25	18	m	 1	 2	 5	 1	 1	 2	 2	 0	 0	 1	 1	 1	 1	 1	643.75	  0.00
378	25	18	m	 1	 2	 5	 1	 1	 1	 1	 0	 0	 1	 1	 2	 2	 1	625.61	  0.00
379	25	18	m	 1	 2	 5	 3	 2	 2	 2	 0	 0	 1	 1	 1	 1	 1	631.88	  0.00
380	25	18	m	 1	 2	 5	 3	 2	 2	 2	 0	 0	 1	 1	 1	 1	 1	638.15	  0.00
381	25	18	m	 1	 2	 5	 2	 2	 2	 2	 0	 0	 1	 1	 1	 1	 1	587.29	  0.00
382	25	18	m	 1	 2	 5	 0	 1	 0	 1	 1	 0	 1	 1	 1	 1	 1	706.69	  0.00
383	25	18	m	 1	 2	 5	 0	 1	 2	 2	 0	 0	 1	 1	 1	 1	 1	639.59	  0.00
384	25	18	m	 1	 2	 6	 2	 2	 0	 1	 0	 0	 1	 1	 2	 2	 1	624.08	  0.00
385	25	18	m	 1	 2	 6	 0	 1	 1	 1	 0	 0	 1	 1	 2	 2	 1	880.64	  0.00
386	25	18	m	 1	 2	 6	 0	 1	 3	 2	 1	 0	 1	 1	 1	 1	 1	785.97	  0.00
387	25	18	m	 1	 2	 6	 1	 1	 3	 2	 0	 0	 1	 1	 1	 1	 1	895.28	  0.00
388	25	18	m	 1	 2	 6	 2	 2	 1	 1	 0	 0	 1	 1	 2	 2	 1	561.29	  0.00
389	25	18	m	 1	 2	 6	 3	 2	 0	 1	 0	 0	 1	 1	 2	 2	 1	510.56	  0.00
390	25	18	m	 1	 2	 6	 2	 2	 0	 1	 0	 0	 1	 1	 2	 2	 1	559.73	  0.00
391	25	18	m	 1	 2	 6	 1	 1	 1	 1	 0	 0	 1	 1	 2	 2	 1	571.45	  0.00
392	25	18	m	 1	 2	 6	 0	 1	 1	 1	 0	 0	 1	 1	 2	 2	 1	537.06	  0.00
393	25	18	m	 1	 2	 6	 0	 1	 2	 2	 1	 0	 1	 1	 1	 1	 1	564.77	  0.00
394	25	18	m	 1	 2	 6	 1	 1	 3	 2	 1	 0	 1	 1	 1	 1	 1	525.13	  0.00
395	25	18	m	 1	 2	 6	 2	 2	 1	 1	 1	 0	 1	 1	 2	 2	 1	545.23	  0.00
396	25	18	m	 1	 2	 6	 3	 2	 2	 2	 0	 0	 1	 1	 1	 1	 1	595.33	  0.00
397	25	18	m	 1	 2	 6	 1	 1	 0	 1	 0	 0	 1	 1	 2	 2	 1	555.38	  0.00
398	25	18	m	 1	 2	 6	 1	 1	 1	 1	 1	 0	 1	 1	 1	 1	 1	496.50	  0.00
399	25	18	m	 1	 2	 6	 0	 1	 2	 2	 1	 0	 1	 1	 1	 1	 1	530.16	  0.00
400	25	18	m	 1	 2	 6	 3	 2	 3	 2	 0	 0	 1	 1	 1	 2	 0	565.55	  0.00
401	25	18	m	 1	 2	 6	 0	 1	 1	 1	 1	 0	 1	 1	 1	 1	 1	463.07	  0.00
402	25	18	m	 1	 2	 6	 3	 2	 3	 2	 0	 0	 1	 1	 1	 1	 1	475.07	  0.00
403	25	18	m	 1	 2	 6	 3	 2	 0	 1	 0	 0	 1	 1	 2	 2	 1	536.04	  0.00
404	25	18	m	 1	 2	 6	 3	 2	 0	 1	 1	 0	 1	 1	 2	 2	 1	585.97	  0.00
405	25	18	m	 1	 2	 6	 2	 2	 2	 2	 0	 0	 1	 1	 1	 1	 1	679.42	  0.00
406	25	18	m	 1	 2	 6	 3	 2	 3	 2	 1	 0	 1	 1	 2	 2	 1	710.10	  0.00
407	25	18	m	 1	 2	 6	 3	 2	 2	 2	 1	 0	 1	 1	 2	 2	 1	602.04	  0.00
408	25	18	m	 1	 2	 6	 2	 2	 2	 2	 0	 0	 1	 1	 1	 1	 1	558.54	  0.00
409	25	18	m	 1	 2	 6	 2	 2	 3	 2	 1	 0	 1	 1	 2	 2	 1	509.87	  0.00
410	25	18	m	 1	 2	 6	 3	 2	 2	 2	 0	 0	 1	 1	 1	 1	 1	734.42	  0.00
411	25	18	m	 1	 2	 6	 1	 1	 3	 2	 1	 0	 1	 1	 1	 2	 0	590.92	  0.00
412	25	18	m	 1	 2	 6	 2	 2	 2	 2	 1	 0	 1	 1	 2	 2	 1	784.80	  0.00
413	25	18	m	 1	 2	 6	 2	 2	 3	 2	 1	 0	 1	 1	 2	 2	 1	518.96	  0.00
414	25	18	m	 1	 2	 6	 3	 2	 1	 1	 1	 0	 1	 1	 2	 2	 1	462.90	  0.00
415	25	18	m	 1	 2	 6	 1	 1	 0	 1	 1	 0	 1	 1	 1	 1	 1	651.63	  0.00
416	25	18	m	 1	 2	 6	 3	 2	 0	 1	 1	 0	 1	 1	 2	 1	 0	540.18	  0.00
417	25	18	m	 1	 2	 6	 2	 2	 0	 1	 1	 0	 1	 1	 2	 2	 1	607.10	  0.00
418	25	18	m	 1	 2	 6	 0	 1	 3	 2	 0	 0	 1	 1	 1	 1	 1	672.46	  0.00
419	25	18	m	 1	 2	 6	 3	 2	 2	 2	 1	 0	 1	 1	 2	 2	 1	586.13	  0.00
420	25	18	m	 1	 2	 6	 1	 1	 2	 2	 1	 0	 1	 1	 1	 1	 1	657.67	  0.00
421	25	18	m	 1	 2	 6	 1	 1	 2	 2	 0	 0	 1	 1	 1	 1	 1	647.72	  0.00
422	25	18	m	 1	 2	 6	 0	 1	 0	 1	 0	 0	 1	 1	 2	 2	 1	664.82	  0.00
423	25	18	m	 1	 2	 6	 1	 1	 0	 1	 1	 0	 1	 1	 1	 1	 1	657.46	  0.00
424	25	18	m	 1	 2	 6	 1	 1	 1	 1	 1	 0	 1	 1	 1	 1	 1	560.40	  0.00
425	25	18	m	 1	 2	 6	 0	 1	 0	 1	 0	 0	 1	 1	 2	 2	 1	829.74	  0.00
426	25	18	m	 1	 2	 6	 1	 1	 3	 2	 0	 0	 1	 1	 1	 1	 1	781.25	  0.00
427	25	18	m	 1	 2	 6	 3	 2	 1	 1	 0	 0	 1	 1	 2	 2	 1	980.46	  0.00
428	25	18	m	 1	 2	 6	 2	 2	 3	 2	 0	 0	 1	 1	 1	 1	 1	727.85	  0.00
429	25	18	m	 1	 2	 6	 0	 1	 2	 2	 0	 0	 1	 1	 1	 1	 1	690.47	  0.00
430	25	18	m	 1	 2	 6	 1	 1	 1	 1	 0	 0	 1	 1	 2	 2	 1	661.38	  0.00
431	25	18	m	 1	 2	 6	 0	 1	 3	 2	 1	 0	 1	 1	 1	 1	 1	575.10	  0.00
432	25	18	m	 1	 2	 6	 1	 1	 0	 1	 0	 0	 1	 1	 2	 2	 1	624.98	  0.00
433	25	18	m	 1	 2	 6	 2	 2	 2	 2	 1	 0	 1	 1	 2	 2	 1	646.67	  0.00
434	25	18	m	 1	 2	 6	 0	 1	 0	 1	 1	 0	 1	 1	 1	 1	 1	541.25	  0.00
435	25	18	m	 1	 2	 6	 0	 1	 0	 1	 1	 0	 1	 1	 1	 1	 1	626.50	  0.00
436	25	18	m	 1	 2	 6	 3	 2	 1	 1	 1	 0	 1	 1	 2	 2	 1	665.60	  0.00
437	25	18	m	 1	 2	 6	 1	 1	 2	 2	 0	 0	 1	 1	 1	 1	 1	1022.69	  0.00
438	25	18	m	 1	 2	 6	 3	 2	 1	 1	 0	 0	 1	 1	 2	 2	 1	644.91	  0.00
439	25	18	m	 1	 2	 6	 0	 1	 1	 1	 1	 0	 1	 1	 1	 1	 1	743.55	  0.00
440	25	18	m	 1	 2	 6	 2	 2	 1	 1	 0	 0	 1	 1	 2	 2	 1	586.55	  0.00
441	25	18	m	 1	 2	 6	 2	 2	 1	 1	 1	 0	 1	 1	 2	 2	 1	548.40	  0.00
442	25	18	m	 1	 2	 6	 2	 2	 3	 2	 0	 0	 1	 1	 1	 1	 1	484.16	  0.00
443	25	18	m	 1	 2	 6	 0	 1	 3	 2	 0	 0	 1	 1	 1	 1	 1	468.85	  0.00
444	25	18	m	 1	 2	 6	 0	 1	 2	 2	 0	 0	 1	 1	 1	 1	 1	442.69	  0.00
445	25	18	m	 1	 2	 6	 3	 2	 3	 2	 1	 0	 1	 1	 2	 2	 1	484.50	  0.00
446	25	18	m	 1	 2	 6	 2	 2	 0	 1	 1	 0	 1	 1	 2	 2	 1	673.42	  0.00
447	25	18	m	 1	 2	 6	 1	 1	 2	 2	 1	 0	 1	 1	 1	 1	 1	453.28	  0.00
448	25	18	m	 1	 2	 7	 1	 1	 3	 2	 0	 0	 1	 1	 1	 2	 0	536.55	  0.00
449	25	18	m	 1	 2	 7	 0	 1	 0	 1	 0	 0	 1	 1	 2	 2	 1	594.54	  0.00
450	25	18	m	 1	 2	 7	 1	 1	 1	 1	 0	 0	 1	 1	 2	 1	 0	540.09	  0.00
451	25	18	m	 1	 2	 7	 1	 1	 2	 2	 0	 0	 1	 1	 1	 1	 1	627.86	  0.00
452	25	18	m	 1	 2	 7	 1	 1	 1	 1	 1	 0	 1	 1	 1	 1	 1	802.97	  0.00
453	25	18	m	 1	 2	 7	 1	 1	 0	 1	 1	 0	 1	 1	 1	 1	 1	602.36	  0.00
454	25	18	m	 1	 2	 7	 2	 2	 1	 1	 1	 0	 1	 1	 2	 2	 1	714.80	  0.00
455	25	18	m	 1	 2	 7	 0	 1	 0	 1	 1	 0	 1	 1	 1	 2	 0	527.78	  0.00
456	25	18	m	 1	 2	 7	 1	 1	 3	 2	 1	 0	 1	 1	 1	 1	 1	525.96	  0.00
457	25	18	m	 1	 2	 7	 0	 1	 2	 2	 0	 0	 1	 1	 1	 1	 1	630.43	  0.00
458	25	18	m	 1	 2	 7	 0	 1	 2	 2	 0	 0	 1	 1	 1	 1	 1	510.87	  0.00
459	25	18	m	 1	 2	 7	 3	 2	 0	 1	 0	 0	 1	 1	 2	 2	 1	634.09	  0.00
460	25	18	m	 1	 2	 7	 1	 1	 1	 1	 1	 0	 1	 1	 1	 1	 1	569.68	  0.00
461	25	18	m	 1	 2	 7	 3	 2	 1	 1	 1	 0	 1	 1	 2	 2	 1	682.12	  0.00
462	25	18	m	 1	 2	 7	 0	 1	 0	 1	 0	 0	 1	 1	 2	 1	 0	473.54	  0.00
463	25	18	m	 1	 2	 7	 0	 1	 1	 1	 0	 0	 1	 1	 2	 2	 1	713.97	  0.00
464	25	18	m	 1	 2	 7	 2	 2	 2	 2	 0	 0	 1	 1	 1	 1	 1	679.37	  0.00
465	25	18	m	 1	 2	 7	 1	 1	 0	 1	 0	 0	 1	 1	 2	 2	 1	631.16	  0.00
466	25	18	m	 1	 2	 7	 0	 1	 2	 2	 1	 0	 1	 1	 1	 1	 1	544.93	  0.00
467	25	18	m	 1	 2	 7	 3	 2	 2	 2	 1	 0	 1	 1	 2	 2	 1	651.15	  0.00
468	25	18	m	 1	 2	 7	 2	 2	 0	 1	 0	 0	 1	 1	 2	 2	 1	578.33	  0.00
469	25	18	m	 1	 2	 7	 2	 2	 1	 1	 1	 0	 1	 1	 2	 2	 1	625.58	  0.00
470	25	18	m	 1	 2	 7	 3	 2	 3	 2	 0	 0	 1	 1	 1	 1	 1	612.80	  0.00
471	25	18	m	 1	 2	 7	 2	 2	 3	 2	 0	 0	 1	 1	 1	 1	 1	523.93	  0.00
472	25	18	m	 1	 2	 7	 0	 1	 1	 1	 1	 0	 1	 1	 1	 2	 0	516.73	  0.00
473	25	18	m	 1	 2	 7	 1	 1	 3	 2	 0	 0	 1	 1	 1	 1	 1	819.71	  0.00
474	25	18	m	 1	 2	 7	 2	 2	 3	 2	 1	 0	 1	 1	 2	 2	 1	561.83	  0.00
475	25	18	m	 1	 2	 7	 1	 1	 1	 1	 0	 0	 1	 1	 2	 2	 1	698.85	  0.00
476	25	18	m	 1	 2	 7	 0	 1	 2	 2	 1	 0	 1	 1	 1	 1	 1	529.82	  0.00
477	25	18	m	 1	 2	 7	 3	 2	 2	 2	 1	 0	 1	 1	 2	 2	 1	557.90	  0.00
478	25	18	m	 1	 2	 7	 2	 2	 0	 1	 1	 0	 1	 1	 2	 2	 1	510.06	  0.00
479	25	18	m	 1	 2	 7	 2	 2	 3	 2	 1	 0	 1	 1	 2	 2	 1	472.89	  0.00
480	25	18	m	 1	 2	 7	 1	 1	 2	 2	 1	 0	 1	 1	 1	 1	 1	449.62	  0.00
481	25	18	m	 1	 2	 7	 3	 2	 2	 2	 0	 0	 1	 1	 1	 1	 1	627.48	  0.00
482	25	18	m	 1	 2	 7	 2	 2	 0	 1	 1	 0	 1	 1	 2	 2	 1	508.51	  0.00
483	25	18	m	 1	 2	 7	 2	 2	 1	 1	 0	 0	 1	 1	 2	 2	 1	939.42	  0.00
484	25	18	m	 1	 2	 7	 0	 1	 1	 1	 1	 0	 1	 1	 1	 1	 1	526.12	  0.00
485	25	18	m	 1	 2	 7	 2	 2	 3	 2	 0	 0	 1	 1	 1	 1	 1	648.66	  0.00
486	25	18	m	 1	 2	 7	 1	 1	 2	 2	 0	 0	 1	 1	 1	 1	 1	644.14	  0.00
487	25	18	m	 1	 2	 7	 1	 1	 0	 1	 1	 0	 1	 1	 1	 1	 1	538.45	  0.00
488	25	18	m	 1	 2	 7	 3	 2	 2	 2	 0	 0	 1	 1	 1	 1	 1	605.13	  0.00
489	25	18	m	 1	 2	 7	 3	 2	 0	 1	 1	 0	 1	 1	 2	 2	 1	521.69	  0.00
490	25	18	m	 1	 2	 7	 0	 1	 3	 2	 0	 0	 1	 1	 1	 2	 0	574.48	  0.00
491	25	18	m	 1	 2	 7	 3	 2	 3	 2	 1	 0	 1	 1	 2	 1	 0	450.26	  0.00
492	25	18	m	 1	 2	 7	 0	 1	 3	 2	 1	 0	 1	 1	 1	 1	 1	981.59	  0.00
493	25	18	m	 1	 2	 7	 2	 2	 1	 1	 0	 0	 1	 1	 2	 2	 1	601.33	  0.00
494	25	18	m	 1	 2	 7	 3	 2	 1	 1	 0	 0	 1	 1	 2	 2	 1	1232.15	  0.00
495	25	18	m	 1	 2	 7	 0	 1	 1	 1	 0	 0	 1	 1	 2	 2	 1	660.91	  0.00
496	25	18	m	 1	 2	 7	 2	 2	 0	 1	 0	 0	 1	 1	 2	 2	 1	593.70	  0.00
497	25	18	m	 1	 2	 7	 0	 1	 3	 2	 0	 0	 1	 1	 1	 1	 1	464.05	  0.00
498	25	18	m	 1	 2	 7	 3	 2	 3	 2	 0	 0	 1	 1	 1	 1	 1	486.85	  0.00
499	25	18	m	 1	 2	 7	 0	 1	 3	 2	 1	 0	 1	 1	 1	 1	 1	637.44	  0.00
500	25	18	m	 1	 2	 7	 2	 2	 2	 2	 1	 0	 1	 1	 2	 2	 1	494.06	  0.00
501	25	18	m	 1	 2	 7	 3	 2	 0	 1	 1	 0	 1	 1	 2	 2	 1	513.14	  0.00
502	25	18	m	 1	 2	 7	 1	 1	 0	 1	 0	 0	 1	 1	 2	 1	 0	525.18	  0.00
503	25	18	m	 1	 2	 7	 3	 2	 1	 1	 1	 0	 1	 1	 2	 2	 1	781.88	  0.00
504	25	18	m	 1	 2	 7	 1	 1	 2	 2	 1	 0	 1	 1	 1	 1	 1	513.27	  0.00
505	25	18	m	 1	 2	 7	 3	 2	 0	 1	 0	 0	 1	 1	 2	 2	 1	783.59	  0.00
506	25	18	m	 1	 2	 7	 2	 2	 2	 2	 0	 0	 1	 1	 1	 2	 0	686.28	  0.00
507	25	18	m	 1	 2	 7	 3	 2	 1	 1	 0	 0	 1	 1	 2	 2	 1	648.98	  0.00
508	25	18	m	 1	 2	 7	 1	 1	 3	 2	 1	 0	 1	 1	 1	 1	 1	668.83	  0.00
509	25	18	m	 1	 2	 7	 3	 2	 3	 2	 1	 0	 1	 1	 2	 2	 1	645.22	  0.00
510	25	18	m	 1	 2	 7	 0	 1	 0	 1	 1	 0	 1	 1	 1	 1	 1	751.13	  0.00
511	25	18	m	 1	 2	 7	 2	 2	 2	 2	 1	 0	 1	 1	 2	 2	 1	577.70	  0.00
512	25	18	m	 1	 2	 8	 0	 1	 3	 2	 1	 1	 1	 0	 2	 1	 0	879.69	  0.00
513	25	18	m	 1	 2	 8	 0	 1	 1	 1	 1	 1	 1	 0	 2	 2	 1	1486.20	  0.00
514	25	18	m	 1	 2	 8	 0	 1	 2	 2	 1	 1	 1	 0	 2	 2	 1	595.70	  0.00
515	25	18	m	 1	 2	 8	 1	 1	 2	 2	 1	 1	 1	 0	 2	 2	 1	498.42	  0.00
516	25	18	m	 1	 2	 8	 2	 2	 3	 2	 0	 1	 1	 0	 1	 1	 1	487.06	  0.00
517	25	18	m	 1	 2	 8	 1	 1	 0	 1	 1	 1	 1	 0	 2	 2	 1	471.23	  0.00
518	25	18	m	 1	 2	 8	 2	 2	 3	 2	 0	 1	 1	 0	 1	 1	 1	648.68	  0.00
519	25	18	m	 1	 2	 8	 3	 2	 0	 1	 0	 1	 1	 0	 1	 1	 1	518.33	  0.00
520	25	18	m	 1	 2	 8	 0	 1	 1	 1	 1	 1	 1	 0	 2	 2	 1	434.72	  0.00
521	25	18	m	 1	 2	 8	 0	 1	 3	 2	 0	 1	 1	 0	 2	 1	 0	919.49	  0.00
522	25	18	m	 1	 2	 8	 1	 1	 3	 2	 1	 1	 1	 0	 2	 2	 1	853.95	  0.00
523	25	18	m	 1	 2	 8	 3	 2	 3	 2	 0	 1	 1	 0	 1	 1	 1	624.68	  0.00
524	25	18	m	 1	 2	 8	 0	 1	 2	 2	 0	 1	 1	 0	 2	 2	 1	447.67	  0.00
525	25	18	m	 1	 2	 8	 3	 2	 2	 2	 0	 1	 1	 0	 1	 1	 1	446.18	  0.00
526	25	18	m	 1	 2	 8	 1	 1	 1	 1	 1	 1	 1	 0	 2	 2	 1	411.21	  0.00
527	25	18	m	 1	 2	 8	 1	 1	 3	 2	 0	 1	 1	 0	 2	 2	 1	509.85	  0.00
528	25	18	m	 1	 2	 8	 3	 2	 0	 1	 1	 1	 1	 0	 1	 1	 1	393.46	  0.00
529	25	18	m	 1	 2	 8	 2	 2	 3	 2	 1	 1	 1	 0	 1	 1	 1	524.55	  0.00
530	25	18	m	 1	 2	 8	 2	 2	 3	 2	 1	 1	 1	 0	 1	 1	 1	992.06	  0.00
531	25	18	m	 1	 2	 8	 0	 1	 1	 1	 0	 1	 1	 0	 2	 2	 1	448.00	  0.00
532	25	18	m	 1	 2	 8	 3	 2	 2	 2	 1	 1	 1	 0	 1	 1	 1	388.53	  0.00
533	25	18	m	 1	 2	 8	 0	 1	 0	 1	 1	 1	 1	 0	 2	 2	 1	530.77	  0.00
534	25	18	m	 1	 2	 8	 2	 2	 0	 1	 1	 1	 1	 0	 1	 1	 1	659.16	  0.00
535	25	18	m	 1	 2	 8	 1	 1	 2	 2	 0	 1	 1	 0	 2	 2	 1	561.41	  0.00
536	25	18	m	 1	 2	 8	 0	 1	 0	 1	 0	 1	 1	 0	 2	 2	 1	619.10	  0.00
537	25	18	m	 1	 2	 8	 3	 2	 0	 1	 0	 1	 1	 0	 1	 1	 1	343.76	  0.00
538	25	18	m	 1	 2	 8	 2	 2	 1	 1	 1	 1	 1	 0	 1	 2	 0	559.48	  0.00
539	25	18	m	 1	 2	 8	 1	 1	 0	 1	 0	 1	 1	 0	 2	 2	 1	812.83	  0.00
540	25	18	m	 1	 2	 8	 3	 2	 1	 1	 1	 1	 1	 0	 1	 1	 1	445.66	  0.00
541	25	18	m	 1	 2	 8	 3	 2	 1	 1	 1	 1	 1	 0	 1	 1	 1	538.52	  0.00
542	25	18	m	 1	 2	 8	 0	 1	 2	 2	 0	 1	 1	 0	 2	 2	 1	386.87	  0.00
543	25	18	m	 1	 2	 8	 1	 1	 0	 1	 0	 1	 1	 0	 2	 2	 1	605.20	  0.00
544	25	18	m	 1	 2	 8	 1	 1	 1	 1	 1	 1	 1	 0	 2	 2	 1	455.04	  0.00
545	25	18	m	 1	 2	 8	 0	 1	 0	 1	 1	 1	 1	 0	 2	 2	 1	537.24	  0.00
546	25	18	m	 1	 2	 8	 1	 1	 1	 1	 0	 1	 1	 0	 2	 2	 1	480.60	  0.00
547	25	18	m	 1	 2	 8	 2	 2	 0	 1	 1	 1	 1	 0	 1	 1	 1	462.19	  0.00
548	25	18	m	 1	 2	 8	 1	 1	 2	 2	 0	 1	 1	 0	 2	 2	 1	508.92	  0.00
549	25	18	m	 1	 2	 8	 1	 1	 0	 1	 1	 1	 1	 0	 2	 2	 1	504.02	  0.00
550	25	18	m	 1	 2	 8	 2	 2	 2	 2	 1	 1	 1	 0	 1	 1	 1	458.12	  0.00
551	25	18	m	 1	 2	 8	 2	 2	 1	 1	 1	 1	 1	 0	 1	 1	 1	536.89	  0.00
552	25	18	m	 1	 2	 8	 1	 1	 1	 1	 0	 1	 1	 0	 2	 2	 1	382.24	  0.00
553	25	18	m	 1	 2	 8	 0	 1	 3	 2	 1	 1	 1	 0	 2	 2	 1	472.72	  0.00
554	25	18	m	 1	 2	 8	 0	 1	 0	 1	 0	 1	 1	 0	 2	 2	 1	505.93	  0.00
555	25	18	m	 1	 2	 8	 1	 1	 3	 2	 0	 1	 1	 0	 2	 2	 1	501.08	  0.00
556	25	18	m	 1	 2	 8	 0	 1	 3	 2	 0	 1	 1	 0	 2	 2	 1	441.54	  0.00
557	25	18	m	 1	 2	 8	 3	 2	 2	 2	 1	 1	 1	 0	 1	 1	 1	396.14	  0.00
558	25	18	m	 1	 2	 8	 2	 2	 2	 2	 0	 1	 1	 0	 1	 1	 1	448.59	  0.00
559	25	18	m	 1	 2	 8	 2	 2	 2	 2	 0	 1	 1	 0	 1	 1	 1	453.46	  0.00
560	25	18	m	 1	 2	 8	 0	 1	 1	 1	 0	 1	 1	 0	 2	 2	 1	687.72	  0.00
561	25	18	m	 1	 2	 8	 3	 2	 2	 2	 0	 1	 1	 0	 1	 1	 1	514.34	  0.00
562	25	18	m	 1	 2	 8	 2	 2	 1	 1	 0	 1	 1	 0	 1	 1	 1	436.01	  0.00
563	25	18	m	 1	 2	 8	 2	 2	 2	 2	 1	 1	 1	 0	 1	 1	 1	441.86	  0.00
564	25	18	m	 1	 2	 8	 2	 2	 0	 1	 0	 1	 1	 0	 1	 1	 1	420.91	  0.00
565	25	18	m	 1	 2	 8	 2	 2	 0	 1	 0	 1	 1	 0	 1	 1	 1	413.51	  0.00
566	25	18	m	 1	 2	 8	 3	 2	 1	 1	 0	 1	 1	 0	 1	 1	 1	414.12	  0.00
567	25	18	m	 1	 2	 8	 2	 2	 1	 1	 0	 1	 1	 0	 1	 1	 1	451.89	  0.00
568	25	18	m	 1	 2	 8	 3	 2	 3	 2	 1	 1	 1	 0	 1	 1	 1	411.71	  0.00
569	25	18	m	 1	 2	 8	 3	 2	 3	 2	 0	 1	 1	 0	 1	 1	 1	425.98	  0.00
570	25	18	m	 1	 2	 8	 3	 2	 1	 1	 0	 1	 1	 0	 1	 1	 1	418.55	  0.00
571	25	18	m	 1	 2	 8	 3	 2	 0	 1	 1	 1	 1	 0	 1	 1	 1	411.08	  0.00
572	25	18	m	 1	 2	 8	 1	 1	 2	 2	 1	 1	 1	 0	 2	 2	 1	623.95	  0.00
573	25	18	m	 1	 2	 8	 1	 1	 3	 2	 1	 1	 1	 0	 2	 2	 1	438.87	  0.00
574	25	18	m	 1	 2	 8	 3	 2	 3	 2	 1	 1	 1	 0	 1	 1	 1	501.53	  0.00
575	25	18	m	 1	 2	 8	 0	 1	 2	 2	 1	 1	 1	 0	 2	 2	 1	464.03	  0.00
576	25	18	m	 1	 2	 9	 1	 1	 2	 2	 1	 1	 1	 0	 2	 2	 1	535.90	  0.00
577	25	18	m	 1	 2	 9	 1	 1	 2	 2	 0	 1	 1	 0	 2	 2	 1	431.20	  0.00
578	25	18	m	 1	 2	 9	 3	 2	 1	 1	 1	 1	 1	 0	 1	 1	 1	372.45	  0.00
579	25	18	m	 1	 2	 9	 3	 2	 0	 1	 0	 1	 1	 0	 1	 1	 1	440.68	  0.00
580	25	18	m	 1	 2	 9	 0	 1	 2	 2	 1	 1	 1	 0	 2	 2	 1	387.31	  0.00
581	25	18	m	 1	 2	 9	 0	 1	 0	 1	 1	 1	 1	 0	 2	 2	 1	499.81	  0.00
582	25	18	m	 1	 2	 9	 1	 1	 3	 2	 1	 1	 1	 0	 2	 2	 1	411.01	  0.00
583	25	18	m	 1	 2	 9	 2	 2	 3	 2	 0	 1	 1	 0	 1	 1	 1	387.82	  0.00
584	25	18	m	 1	 2	 9	 3	 2	 2	 2	 1	 1	 1	 0	 1	 1	 1	443.41	  0.00
585	25	18	m	 1	 2	 9	 2	 2	 3	 2	 1	 1	 1	 0	 1	 1	 1	424.85	  0.00
586	25	18	m	 1	 2	 9	 1	 1	 1	 1	 1	 1	 1	 0	 2	 2	 1	423.71	  0.00
587	25	18	m	 1	 2	 9	 3	 2	 1	 1	 0	 1	 1	 0	 1	 1	 1	408.67	  0.00
588	25	18	m	 1	 2	 9	 2	 2	 1	 1	 1	 1	 1	 0	 1	 1	 1	441.59	  0.00
589	25	18	m	 1	 2	 9	 1	 1	 2	 2	 0	 1	 1	 0	 2	 2	 1	494.30	  0.00
590	25	18	m	 1	 2	 9	 3	 2	 2	 2	 1	 1	 1	 0	 1	 1	 1	416.32	  0.00
591	25	18	m	 1	 2	 9	 3	 2	 0	 1	 1	 1	 1	 0	 1	 1	 1	409.05	  0.00
592	25	18	m	 1	 2	 9	 2	 2	 0	 1	 0	 1	 1	 0	 1	 1	 1	410.53	  0.00
593	25	18	m	 1	 2	 9	 0	 1	 0	 1	 0	 1	 1	 0	 2	 2	 1	444.32	  0.00
594	25	18	m	 1	 2	 9	 2	 2	 1	 1	 1	 1	 1	 0	 1	 1	 1	431.86	  0.00
595	25	18	m	 1	 2	 9	 1	 1	 2	 2	 1	 1	 1	 0	 2	 2	 1	479.19	  0.00
596	25	18	m	 1	 2	 9	 2	 2	 3	 2	 1	 1	 1	 0	 1	 1	 1	349.49	  0.00
597	25	18	m	 1	 2	 9	 0	 1	 3	 2	 0	 1	 1	 0	 2	 2	 1	475.96	  0.00
598	25	18	m	 1	 2	 9	 1	 1	 3	 2	 1	 1	 1	 0	 2	 2	 1	501.57	  0.00
599	25	18	m	 1	 2	 9	 1	 1	 0	 1	 0	 1	 1	 0	 2	 2	 1	463.46	  0.00
600	25	18	m	 1	 2	 9	 3	 2	 1	 1	 0	 1	 1	 0	 1	 1	 1	393.85	  0.00
601	25	18	m	 1	 2	 9	 0	 1	 1	 1	 0	 1	 1	 0	 2	 2	 1	449.40	  0.00
602	25	18	m	 1	 2	 9	 3	 2	 2	 2	 0	 1	 1	 0	 1	 1	 1	349.77	  0.00
603	25	18	m	 1	 2	 9	 1	 1	 0	 1	 0	 1	 1	 0	 2	 2	 1	497.97	  0.00
604	25	18	m	 1	 2	 9	 3	 2	 2	 2	 0	 1	 1	 0	 1	 1	 1	471.63	  0.00
605	25	18	m	 1	 2	 9	 1	 1	 1	 1	 0	 1	 1	 0	 2	 2	 1	402.11	  0.00
606	25	18	m	 1	 2	 9	 2	 2	 3	 2	 0	 1	 1	 0	 1	 1	 1	436.01	  0.00
607	25	18	m	 1	 2	 9	 3	 2	 3	 2	 1	 1	 1	 0	 1	 1	 1	431.46	  0.00
608	25	18	m	 1	 2	 9	 3	 2	 1	 1	 1	 1	 1	 0	 1	 1	 1	423.74	  0.00
609	25	18	m	 1	 2	 9	 3	 2	 3	 2	 0	 1	 1	 0	 1	 1	 1	389.42	  0.00
610	25	18	m	 1	 2	 9	 1	 1	 3	 2	 0	 1	 1	 0	 2	 2	 1	415.03	  0.00
611	25	18	m	 1	 2	 9	 2	 2	 2	 2	 1	 1	 1	 0	 1	 1	 1	432.47	  0.00
612	25	18	m	 1	 2	 9	 1	 1	 0	 1	 1	 1	 1	 0	 2	 2	 1	450.00	  0.00
613	25	18	m	 1	 2	 9	 2	 2	 2	 2	 0	 1	 1	 0	 1	 1	 1	374.94	  0.00
614	25	18	m	 1	 2	 9	 0	 1	 2	 2	 0	 1	 1	 0	 2	 2	 1	419.75	  0.00
615	25	18	m	 1	 2	 9	 1	 1	 1	 1	 1	 1	 1	 0	 2	 2	 1	564.83	  0.00
616	25	18	m	 1	 2	 9	 0	 1	 0	 1	 0	 1	 1	 0	 2	 2	 1	481.71	  0.00
617	25	18	m	 1	 2	 9	 0	 1	 2	 2	 0	 1	 1	 0	 2	 2	 1	446.50	  0.00
618	25	18	m	 1	 2	 9	 0	 1	 3	 2	 1	 1	 1	 0	 2	 2	 1	447.27	  0.00
619	25	18	m	 1	 2	 9	 2	 2	 1	 1	 0	 1	 1	 0	 1	 1	 1	437.62	  0.00
620	25	18	m	 1	 2	 9	 3	 2	 3	 2	 0	 1	 1	 0	 1	 1	 1	460.58	  0.00
621	25	18	m	 1	 2	 9	 3	 2	 0	 1	 0	 1	 1	 0	 1	 1	 1	456.27	  0.00
622	25	18	m	 1	 2	 9	 2	 2	 0	 1	 1	 1	 1	 0	 1	 1	 1	508.74	  0.00
623	25	18	m	 1	 2	 9	 0	 1	 3	 2	 1	 1	 1	 0	 2	 2	 1	461.05	  0.00
624	25	18	m	 1	 2	 9	 0	 1	 1	 1	 0	 1	 1	 0	 2	 2	 1	489.42	  0.00
625	25	18	m	 1	 2	 9	 0	 1	 0	 1	 1	 1	 1	 0	 2	 2	 1	389.61	  0.00
626	25	18	m	 1	 2	 9	 2	 2	 0	 1	 1	 1	 1	 0	 1	 1	 1	431.76	  0.00
627	25	18	m	 1	 2	 9	 2	 2	 1	 1	 0	 1	 1	 0	 1	 1	 1	456.46	  0.00
628	25	18	m	 1	 2	 9	 0	 1	 3	 2	 0	 1	 1	 0	 2	 2	 1	438.44	  0.00
629	25	18	m	 1	 2	 9	 3	 2	 3	 2	 1	 1	 1	 0	 1	 1	 1	376.83	  0.00
630	25	18	m	 1	 2	 9	 1	 1	 1	 1	 0	 1	 1	 0	 2	 2	 1	484.23	  0.00
631	25	18	m	 1	 2	 9	 2	 2	 2	 2	 0	 1	 1	 0	 1	 1	 1	648.47	  0.00
632	25	18	m	 1	 2	 9	 1	 1	 3	 2	 0	 1	 1	 0	 2	 2	 1	488.90	  0.00
633	25	18	m	 1	 2	 9	 2	 2	 2	 2	 1	 1	 1	 0	 1	 1	 1	367.52	  0.00
634	25	18	m	 1	 2	 9	 0	 1	 1	 1	 1	 1	 1	 0	 2	 2	 1	344.18	  0.00
635	25	18	m	 1	 2	 9	 3	 2	 0	 1	 1	 1	 1	 0	 1	 1	 1	500.53	  0.00
636	25	18	m	 1	 2	 9	 0	 1	 1	 1	 1	 1	 1	 0	 2	 2	 1	417.23	  0.00
637	25	18	m	 1	 2	 9	 1	 1	 0	 1	 1	 1	 1	 0	 2	 2	 1	384.76	  0.00
638	25	18	m	 1	 2	 9	 2	 2	 0	 1	 0	 1	 1	 0	 1	 1	 1	382.89	  0.00
639	25	18	m	 1	 2	 9	 0	 1	 2	 2	 1	 1	 1	 0	 2	 2	 1	503.99	  0.00
640	25	18	m	 1	 2	10	 2	 2	 0	 1	 1	 1	 1	 0	 1	 1	 1	864.87	  0.00
641	25	18	m	 1	 2	10	 1	 1	 1	 1	 0	 1	 1	 0	 2	 2	 1	663.68	  0.00
642	25	18	m	 1	 2	10	 2	 2	 0	 1	 1	 1	 1	 0	 1	 1	 1	1221.57	  0.00
643	25	18	m	 1	 2	10	 1	 1	 0	 1	 0	 1	 1	 0	 2	 2	 1	652.75	  0.00
644	25	18	m	 1	 2	10	 1	 1	 2	 2	 1	 1	 1	 0	 2	 2	 1	965.76	  0.00
645	25	18	m	 1	 2	10	 0	 1	 1	 1	 0	 1	 1	 0	 2	 2	 1	801.55	  0.00
646	25	18	m	 1	 2	10	 3	 2	 1	 1	 0	 1	 1	 0	 2	 2	 1	532.25	  0.00
647	25	18	m	 1	 2	10	 1	 1	 3	 2	 1	 1	 1	 0	 2	 2	 1	565.36	  0.00
648	25	18	m	 1	 2	10	 2	 2	 1	 1	 0	 1	 1	 0	 2	 2	 1	739.96	  0.00
649	25	18	m	 1	 2	10	 2	 2	 2	 2	 1	 1	 1	 0	 1	 1	 1	555.16	  0.00
650	25	18	m	 1	 2	10	 0	 1	 2	 2	 1	 1	 1	 0	 2	 2	 1	590.98	  0.00
651	25	18	m	 1	 2	10	 3	 2	 1	 1	 1	 1	 1	 0	 1	 2	 0	515.25	  0.00
652	25	18	m	 1	 2	10	 3	 2	 3	 2	 0	 1	 1	 0	 1	 2	 0	789.54	  0.00
653	25	18	m	 1	 2	10	 0	 1	 2	 2	 1	 1	 1	 0	 2	 2	 1	784.15	  0.00
654	25	18	m	 1	 2	10	 1	 1	 2	 2	 1	 1	 1	 0	 2	 2	 1	544.96	  0.00
655	25	18	m	 1	 2	10	 3	 2	 1	 1	 1	 1	 1	 0	 1	 1	 1	485.67	  0.00
656	25	18	m	 1	 2	10	 3	 2	 2	 2	 0	 1	 1	 0	 1	 1	 1	532.47	  0.00
657	25	18	m	 1	 2	10	 1	 1	 3	 2	 0	 1	 1	 0	 1	 1	 1	543.76	  0.00
658	25	18	m	 1	 2	10	 1	 1	 2	 2	 0	 1	 1	 0	 1	 1	 1	461.64	  0.00
659	25	18	m	 1	 2	10	 1	 1	 3	 2	 0	 1	 1	 0	 1	 2	 0	527.50	  0.00
660	25	18	m	 1	 2	10	 0	 1	 0	 1	 0	 1	 1	 0	 2	 2	 1	544.34	  0.00
661	25	18	m	 1	 2	10	 0	 1	 0	 1	 0	 1	 1	 0	 2	 2	 1	697.14	  0.00
662	25	18	m	 1	 2	10	 2	 2	 3	 2	 0	 1	 1	 0	 1	 1	 1	515.21	  0.00
663	25	18	m	 1	 2	10	 3	 2	 1	 1	 0	 1	 1	 0	 2	 2	 1	597.32	  0.00
664	25	18	m	 1	 2	10	 2	 2	 1	 1	 1	 1	 1	 0	 1	 1	 1	573.11	  0.00
665	25	18	m	 1	 2	10	 1	 1	 0	 1	 1	 1	 1	 0	 2	 2	 1	754.85	  0.00
666	25	18	m	 1	 2	10	 0	 1	 3	 2	 1	 1	 1	 0	 2	 2	 1	534.75	  0.00
667	25	18	m	 1	 2	10	 0	 1	 1	 1	 1	 1	 1	 0	 2	 2	 1	676.50	  0.00
668	25	18	m	 1	 2	10	 1	 1	 1	 1	 1	 1	 1	 0	 2	 2	 1	595.15	  0.00
669	25	18	m	 1	 2	10	 2	 2	 2	 2	 0	 1	 1	 0	 1	 1	 1	606.67	  0.00
670	25	18	m	 1	 2	10	 0	 1	 3	 2	 1	 1	 1	 0	 2	 2	 1	544.47	  0.00
671	25	18	m	 1	 2	10	 2	 2	 0	 1	 0	 1	 1	 0	 2	 2	 1	523.15	  0.00
672	25	18	m	 1	 2	10	 2	 2	 2	 2	 1	 1	 1	 0	 1	 1	 1	517.02	  0.00
673	25	18	m	 1	 2	10	 2	 2	 0	 1	 0	 1	 1	 0	 2	 2	 1	566.69	  0.00
674	25	18	m	 1	 2	10	 3	 2	 0	 1	 0	 1	 1	 0	 2	 2	 1	561.64	  0.00
675	25	18	m	 1	 2	10	 2	 2	 3	 2	 1	 1	 1	 0	 1	 1	 1	586.52	  0.00
676	25	18	m	 1	 2	10	 1	 1	 2	 2	 0	 1	 1	 0	 1	 2	 0	567.94	  0.00
677	25	18	m	 1	 2	10	 2	 2	 2	 2	 0	 1	 1	 0	 1	 1	 1	1057.95	  0.00
678	25	18	m	 1	 2	10	 0	 1	 3	 2	 0	 1	 1	 0	 1	 1	 1	600.75	  0.00
679	25	18	m	 1	 2	10	 1	 1	 1	 1	 1	 1	 1	 0	 2	 2	 1	640.61	  0.00
680	25	18	m	 1	 2	10	 3	 2	 0	 1	 1	 1	 1	 0	 1	 1	 1	499.64	  0.00
681	25	18	m	 1	 2	10	 1	 1	 3	 2	 1	 1	 1	 0	 2	 2	 1	478.63	  0.00
682	25	18	m	 1	 2	10	 0	 1	 3	 2	 0	 1	 1	 0	 1	 1	 1	539.05	  0.00
683	25	18	m	 1	 2	10	 2	 2	 1	 1	 1	 1	 1	 0	 1	 1	 1	827.78	  0.00
684	25	18	m	 1	 2	10	 1	 1	 0	 1	 1	 1	 1	 0	 2	 2	 1	574.77	  0.00
685	25	18	m	 1	 2	10	 0	 1	 0	 1	 1	 1	 1	 0	 2	 2	 1	615.23	  0.00
686	25	18	m	 1	 2	10	 3	 2	 2	 2	 0	 1	 1	 0	 1	 1	 1	601.99	  0.00
687	25	18	m	 1	 2	10	 0	 1	 1	 1	 1	 1	 1	 0	 2	 2	 1	469.13	  0.00
688	25	18	m	 1	 2	10	 0	 1	 1	 1	 0	 1	 1	 0	 2	 1	 0	559.61	  0.00
689	25	18	m	 1	 2	10	 3	 2	 0	 1	 1	 1	 1	 0	 1	 1	 1	886.44	  0.00
690	25	18	m	 1	 2	10	 2	 2	 3	 2	 1	 1	 1	 0	 1	 1	 1	698.77	  0.00
691	25	18	m	 1	 2	10	 0	 1	 0	 1	 1	 1	 1	 0	 2	 2	 1	527.68	  0.00
692	25	18	m	 1	 2	10	 3	 2	 3	 2	 0	 1	 1	 0	 1	 1	 1	671.40	  0.00
693	25	18	m	 1	 2	10	 3	 2	 2	 2	 1	 1	 1	 0	 1	 1	 1	573.62	  0.00
694	25	18	m	 1	 2	10	 3	 2	 2	 2	 1	 1	 1	 0	 1	 1	 1	568.58	  0.00
695	25	18	m	 1	 2	10	 2	 2	 1	 1	 0	 1	 1	 0	 2	 2	 1	919.82	  0.00
696	25	18	m	 1	 2	10	 3	 2	 3	 2	 1	 1	 1	 0	 1	 2	 0	511.73	  0.00
697	25	18	m	 1	 2	10	 0	 1	 2	 2	 0	 1	 1	 0	 1	 1	 1	816.92	  0.00
698	25	18	m	 1	 2	10	 1	 1	 0	 1	 0	 1	 1	 0	 2	 2	 1	808.81	  0.00
699	25	18	m	 1	 2	10	 1	 1	 1	 1	 0	 1	 1	 0	 2	 2	 1	677.33	  0.00
700	25	18	m	 1	 2	10	 0	 1	 2	 2	 0	 1	 1	 0	 1	 1	 1	571.60	  0.00
701	25	18	m	 1	 2	10	 3	 2	 3	 2	 1	 1	 1	 0	 1	 1	 1	1085.91	  0.00
702	25	18	m	 1	 2	10	 2	 2	 3	 2	 0	 1	 1	 0	 1	 1	 1	1017.87	  0.00
703	25	18	m	 1	 2	10	 3	 2	 0	 1	 0	 1	 1	 0	 2	 2	 1	503.56	  0.00
704	25	18	m	 1	 2	11	 2	 2	 3	 2	 0	 1	 1	 0	 1	 1	 1	645.96	  0.00
705	25	18	m	 1	 2	11	 2	 2	 2	 2	 0	 1	 1	 0	 1	 1	 1	592.40	  0.00
706	25	18	m	 1	 2	11	 3	 2	 2	 2	 1	 1	 1	 0	 1	 1	 1	636.73	  0.00
707	25	18	m	 1	 2	11	 0	 1	 3	 2	 0	 1	 1	 0	 1	 1	 1	656.68	  0.00
708	25	18	m	 1	 2	11	 0	 1	 1	 1	 0	 1	 1	 0	 2	 2	 1	613.95	  0.00
709	25	18	m	 1	 2	11	 3	 2	 1	 1	 1	 1	 1	 0	 1	 1	 1	589.43	  0.00
710	25	18	m	 1	 2	11	 2	 2	 0	 1	 1	 1	 1	 0	 1	 1	 1	630.91	  0.00
711	25	18	m	 1	 2	11	 3	 2	 3	 2	 0	 1	 1	 0	 1	 1	 1	789.56	  0.00
712	25	18	m	 1	 2	11	 1	 1	 0	 1	 1	 1	 1	 0	 2	 2	 1	493.43	  0.00
713	25	18	m	 1	 2	11	 1	 1	 1	 1	 0	 1	 1	 0	 2	 2	 1	739.50	  0.00
714	25	18	m	 1	 2	11	 3	 2	 2	 2	 1	 1	 1	 0	 1	 1	 1	457.22	  0.00
715	25	18	m	 1	 2	11	 3	 2	 0	 1	 0	 1	 1	 0	 2	 2	 1	675.92	  0.00
716	25	18	m	 1	 2	11	 0	 1	 0	 1	 1	 1	 1	 0	 2	 1	 0	469.99	  0.00
717	25	18	m	 1	 2	11	 2	 2	 1	 1	 1	 1	 1	 0	 1	 1	 1	570.71	  0.00
718	25	18	m	 1	 2	11	 1	 1	 2	 2	 1	 1	 1	 0	 2	 2	 1	650.56	  0.00
719	25	18	m	 1	 2	11	 0	 1	 3	 2	 1	 1	 1	 0	 2	 2	 1	489.32	  0.00
720	25	18	m	 1	 2	11	 0	 1	 0	 1	 0	 1	 1	 0	 2	 2	 1	641.56	  0.00
721	25	18	m	 1	 2	11	 3	 2	 3	 2	 1	 1	 1	 0	 1	 1	 1	601.53	  0.00
722	25	18	m	 1	 2	11	 2	 2	 3	 2	 1	 1	 1	 0	 1	 2	 0	629.59	  0.00
723	25	18	m	 1	 2	11	 1	 1	 1	 1	 1	 1	 1	 0	 2	 2	 1	819.61	  0.00
724	25	18	m	 1	 2	11	 0	 1	 1	 1	 0	 1	 1	 0	 2	 2	 1	777.95	  0.00
725	25	18	m	 1	 2	11	 2	 2	 1	 1	 0	 1	 1	 0	 2	 2	 1	620.82	  0.00
726	25	18	m	 1	 2	11	 1	 1	 0	 1	 1	 1	 1	 0	 2	 2	 1	774.51	  0.00
727	25	18	m	 1	 2	11	 3	 2	 0	 1	 0	 1	 1	 0	 2	 2	 1	653.97	  0.00
728	25	18	m	 1	 2	11	 0	 1	 2	 2	 1	 1	 1	 0	 2	 2	 1	831.52	  0.00
729	25	18	m	 1	 2	11	 0	 1	 3	 2	 0	 1	 1	 0	 1	 1	 1	573.73	  0.00
730	25	18	m	 1	 2	11	 2	 2	 3	 2	 0	 1	 1	 0	 1	 1	 1	563.75	  0.00
731	25	18	m	 1	 2	11	 1	 1	 3	 2	 0	 1	 1	 0	 1	 1	 1	586.42	  0.00
732	25	18	m	 1	 2	11	 3	 2	 0	 1	 1	 1	 1	 0	 1	 1	 1	619.94	  0.00
733	25	18	m	 1	 2	11	 1	 1	 0	 1	 0	 1	 1	 0	 2	 2	 1	903.51	  0.00
734	25	18	m	 1	 2	11	 2	 2	 2	 2	 0	 1	 1	 0	 1	 1	 1	672.08	  0.00
735	25	18	m	 1	 2	11	 0	 1	 3	 2	 1	 1	 1	 0	 2	 2	 1	629.19	  0.00
736	25	18	m	 1	 2	11	 1	 1	 3	 2	 0	 1	 1	 0	 1	 1	 1	698.03	  0.00
737	25	18	m	 1	 2	11	 1	 1	 1	 1	 1	 1	 1	 0	 2	 2	 1	538.32	  0.00
738	25	18	m	 1	 2	11	 0	 1	 1	 1	 1	 1	 1	 0	 2	 2	 1	539.23	  0.00
739	25	18	m	 1	 2	11	 2	 2	 2	 2	 1	 1	 1	 0	 1	 1	 1	482.99	  0.00
740	25	18	m	 1	 2	11	 1	 1	 3	 2	 1	 1	 1	 0	 2	 2	 1	728.94	  0.00
741	25	18	m	 1	 2	11	 2	 2	 1	 1	 0	 1	 1	 0	 2	 2	 1	667.12	  0.00
742	25	18	m	 1	 2	11	 2	 2	 0	 1	 0	 1	 1	 0	 2	 2	 1	724.99	  0.00
743	25	18	m	 1	 2	11	 2	 2	 0	 1	 1	 1	 1	 0	 1	 1	 1	475.43	  0.00
744	25	18	m	 1	 2	11	 0	 1	 1	 1	 1	 1	 1	 0	 2	 2	 1	497.21	  0.00
745	25	18	m	 1	 2	11	 1	 1	 2	 2	 0	 1	 1	 0	 1	 1	 1	786.66	  0.00
746	25	18	m	 1	 2	11	 1	 1	 0	 1	 0	 1	 1	 0	 2	 2	 1	556.05	  0.00
747	25	18	m	 1	 2	11	 2	 2	 3	 2	 1	 1	 1	 0	 1	 1	 1	630.46	  0.00
748	25	18	m	 1	 2	11	 3	 2	 1	 1	 0	 1	 1	 0	 2	 2	 1	500.79	  0.00
749	25	18	m	 1	 2	11	 3	 2	 3	 2	 1	 1	 1	 0	 1	 1	 1	504.53	  0.00
750	25	18	m	 1	 2	11	 3	 2	 3	 2	 0	 1	 1	 0	 1	 1	 1	614.41	  0.00
751	25	18	m	 1	 2	11	 0	 1	 0	 1	 1	 1	 1	 0	 2	 2	 1	457.45	  0.00
752	25	18	m	 1	 2	11	 3	 2	 2	 2	 0	 1	 1	 0	 1	 2	 0	645.19	  0.00
753	25	18	m	 1	 2	11	 0	 1	 2	 2	 1	 1	 1	 0	 2	 2	 1	711.19	  0.00
754	25	18	m	 1	 2	11	 3	 2	 1	 1	 0	 1	 1	 0	 2	 2	 1	652.11	  0.00
755	25	18	m	 1	 2	11	 1	 1	 3	 2	 1	 1	 1	 0	 2	 2	 1	609.41	  0.00
756	25	18	m	 1	 2	11	 1	 1	 2	 2	 0	 1	 1	 0	 1	 1	 1	509.70	  0.00
757	25	18	m	 1	 2	11	 0	 1	 2	 2	 0	 1	 1	 0	 1	 1	 1	505.29	  0.00
758	25	18	m	 1	 2	11	 2	 2	 1	 1	 1	 1	 1	 0	 1	 2	 0	459.87	  0.00
759	25	18	m	 1	 2	11	 3	 2	 1	 1	 1	 1	 1	 0	 1	 1	 1	656.96	  0.00
760	25	18	m	 1	 2	11	 2	 2	 2	 2	 1	 1	 1	 0	 1	 1	 1	527.23	  0.00
761	25	18	m	 1	 2	11	 3	 2	 0	 1	 1	 1	 1	 0	 1	 1	 1	451.07	  0.00
762	25	18	m	 1	 2	11	 2	 2	 0	 1	 0	 1	 1	 0	 2	 2	 1	789.47	  0.00
763	25	18	m	 1	 2	11	 0	 1	 0	 1	 0	 1	 1	 0	 2	 2	 1	526.22	  0.00
764	25	18	m	 1	 2	11	 1	 1	 2	 2	 1	 1	 1	 0	 2	 2	 1	660.48	  0.00
765	25	18	m	 1	 2	11	 0	 1	 2	 2	 0	 1	 1	 0	 1	 1	 1	449.17	  0.00
766	25	18	m	 1	 2	11	 1	 1	 1	 1	 0	 1	 1	 0	 2	 2	 1	659.70	  0.00
767	25	18	m	 1	 2	11	 3	 2	 2	 2	 0	 1	 1	 0	 1	 1	 1	527.24	  0.00
768	25	18	m	 1	 2	12	 1	 1	 1	 1	 0	 1	 1	 0	 2	 2	 1	707.78	  0.00
769	25	18	m	 1	 2	12	 2	 2	 1	 1	 0	 1	 1	 0	 2	 2	 1	544.31	  0.00
770	25	18	m	 1	 2	12	 3	 2	 1	 1	 1	 1	 1	 0	 1	 1	 1	534.11	  0.00
771	25	18	m	 1	 2	12	 1	 1	 2	 2	 0	 1	 1	 0	 1	 2	 0	722.97	  0.00
772	25	18	m	 1	 2	12	 3	 2	 1	 1	 0	 1	 1	 0	 2	 2	 1	756.27	  0.00
773	25	18	m	 1	 2	12	 0	 1	 1	 1	 1	 1	 1	 0	 2	 2	 1	538.93	  0.00
774	25	18	m	 1	 2	12	 2	 2	 0	 1	 0	 1	 1	 0	 2	 2	 1	662.74	  0.00
775	25	18	m	 1	 2	12	 1	 1	 1	 1	 1	 1	 1	 0	 2	 2	 1	848.24	  0.00
776	25	18	m	 1	 2	12	 3	 2	 3	 2	 0	 1	 1	 0	 1	 1	 1	911.57	  0.00
777	25	18	m	 1	 2	12	 2	 2	 0	 1	 1	 1	 1	 0	 1	 1	 1	687.99	  0.00
778	25	18	m	 1	 2	12	 2	 2	 1	 1	 0	 1	 1	 0	 2	 2	 1	699.50	  0.00
779	25	18	m	 1	 2	12	 2	 2	 2	 2	 1	 1	 1	 0	 1	 1	 1	743.82	  0.00
780	25	18	m	 1	 2	12	 1	 1	 1	 1	 1	 1	 1	 0	 2	 2	 1	553.60	  0.00
781	25	18	m	 1	 2	12	 1	 1	 3	 2	 1	 1	 1	 0	 2	 2	 1	506.03	  0.00
782	25	18	m	 1	 2	12	 0	 1	 0	 1	 1	 1	 1	 0	 2	 2	 1	542.46	  0.00
783	25	18	m	 1	 2	12	 3	 2	 0	 1	 0	 1	 1	 0	 2	 2	 1	690.36	  0.00
784	25	18	m	 1	 2	12	 2	 2	 0	 1	 1	 1	 1	 0	 1	 1	 1	682.75	  0.00
785	25	18	m	 1	 2	12	 0	 1	 0	 1	 1	 1	 1	 0	 2	 2	 1	718.12	  0.00
786	25	18	m	 1	 2	12	 1	 1	 3	 2	 0	 1	 1	 0	 1	 1	 1	1124.03	  0.00
787	25	18	m	 1	 2	12	 0	 1	 0	 1	 0	 1	 1	 0	 2	 2	 1	618.28	  0.00
788	25	18	m	 1	 2	12	 1	 1	 0	 1	 1	 1	 1	 0	 2	 2	 1	822.96	  0.00
789	25	18	m	 1	 2	12	 3	 2	 2	 2	 1	 1	 1	 0	 1	 1	 1	491.67	  0.00
790	25	18	m	 1	 2	12	 2	 2	 1	 1	 1	 1	 1	 0	 1	 1	 1	810.98	  0.00
791	25	18	m	 1	 2	12	 3	 2	 0	 1	 1	 1	 1	 0	 1	 1	 1	515.16	  0.00
792	25	18	m	 1	 2	12	 0	 1	 2	 2	 0	 1	 1	 0	 1	 1	 1	679.32	  0.00
793	25	18	m	 1	 2	12	 2	 2	 2	 2	 1	 1	 1	 0	 1	 1	 1	621.68	  0.00
794	25	18	m	 1	 2	12	 2	 2	 3	 2	 0	 1	 1	 0	 1	 1	 1	566.78	  0.00
795	25	18	m	 1	 2	12	 1	 1	 0	 1	 0	 1	 1	 0	 2	 2	 1	651.04	  0.00
796	25	18	m	 1	 2	12	 3	 2	 0	 1	 1	 1	 1	 0	 1	 1	 1	540.09	  0.00
797	25	18	m	 1	 2	12	 0	 1	 1	 1	 0	 1	 1	 0	 2	 2	 1	562.99	  0.00
798	25	18	m	 1	 2	12	 1	 1	 2	 2	 1	 1	 1	 0	 2	 2	 1	803.29	  0.00
799	25	18	m	 1	 2	12	 0	 1	 3	 2	 0	 1	 1	 0	 1	 1	 1	741.28	  0.00
800	25	18	m	 1	 2	12	 2	 2	 2	 2	 0	 1	 1	 0	 1	 1	 1	469.77	  0.00
801	25	18	m	 1	 2	12	 3	 2	 3	 2	 1	 1	 1	 0	 1	 1	 1	600.61	  0.00
802	25	18	m	 1	 2	12	 3	 2	 0	 1	 0	 1	 1	 0	 2	 2	 1	813.60	  0.00
803	25	18	m	 1	 2	12	 0	 1	 2	 2	 1	 1	 1	 0	 2	 2	 1	702.59	  0.00
804	25	18	m	 1	 2	12	 0	 1	 3	 2	 1	 1	 1	 0	 2	 2	 1	534.69	  0.00
805	25	18	m	 1	 2	12	 3	 2	 3	 2	 1	 1	 1	 0	 1	 1	 1	486.52	  0.00
806	25	18	m	 1	 2	12	 3	 2	 1	 1	 0	 1	 1	 0	 2	 2	 1	610.18	  0.00
807	25	18	m	 1	 2	12	 1	 1	 3	 2	 0	 1	 1	 0	 1	 1	 1	659.95	  0.00
808	25	18	m	 1	 2	12	 3	 2	 1	 1	 1	 1	 1	 0	 1	 2	 0	513.85	  0.00
809	25	18	m	 1	 2	12	 2	 2	 3	 2	 1	 1	 1	 0	 1	 1	 1	648.19	  0.00
810	25	18	m	 1	 2	12	 3	 2	 3	 2	 0	 1	 1	 0	 1	 1	 1	590.87	  0.00
811	25	18	m	 1	 2	12	 1	 1	 2	 2	 0	 1	 1	 0	 1	 2	 0	597.20	  0.00
812	25	18	m	 1	 2	12	 2	 2	 2	 2	 0	 1	 1	 0	 1	 1	 1	551.89	  0.00
813	25	18	m	 1	 2	12	 0	 1	 1	 1	 0	 1	 1	 0	 2	 2	 1	574.57	  0.00
814	25	18	m	 1	 2	12	 1	 1	 0	 1	 1	 1	 1	 0	 2	 2	 1	719.45	  0.00
815	25	18	m	 1	 2	12	 2	 2	 3	 2	 0	 1	 1	 0	 1	 1	 1	616.94	  0.00
816	25	18	m	 1	 2	12	 3	 2	 2	 2	 1	 1	 1	 0	 1	 1	 1	636.80	  0.00
817	25	18	m	 1	 2	12	 2	 2	 0	 1	 0	 1	 1	 0	 2	 2	 1	518.02	  0.00
818	25	18	m	 1	 2	12	 2	 2	 1	 1	 1	 1	 1	 0	 1	 2	 0	538.00	  0.00
819	25	18	m	 1	 2	12	 1	 1	 1	 1	 0	 1	 1	 0	 2	 2	 1	766.61	  0.00
820	25	18	m	 1	 2	12	 0	 1	 3	 2	 0	 1	 1	 0	 1	 1	 1	750.83	  0.00
821	25	18	m	 1	 2	12	 1	 1	 2	 2	 1	 1	 1	 0	 2	 2	 1	626.39	  0.00
822	25	18	m	 1	 2	12	 1	 1	 3	 2	 1	 1	 1	 0	 2	 2	 1	673.49	  0.00
823	25	18	m	 1	 2	12	 3	 2	 2	 2	 0	 1	 1	 0	 1	 1	 1	592.68	  0.00
824	25	18	m	 1	 2	12	 0	 1	 2	 2	 1	 1	 1	 0	 2	 2	 1	699.62	  0.00
825	25	18	m	 1	 2	12	 0	 1	 2	 2	 0	 1	 1	 0	 1	 2	 0	548.07	  0.00
826	25	18	m	 1	 2	12	 3	 2	 2	 2	 0	 1	 1	 0	 1	 1	 1	1087.59	  0.00
827	25	18	m	 1	 2	12	 0	 1	 1	 1	 1	 1	 1	 0	 2	 2	 1	720.54	  0.00
828	25	18	m	 1	 2	12	 1	 1	 0	 1	 0	 1	 1	 0	 2	 2	 1	690.34	  0.00
829	25	18	m	 1	 2	12	 0	 1	 3	 2	 1	 1	 1	 0	 2	 2	 1	563.21	  0.00
830	25	18	m	 1	 2	12	 0	 1	 0	 1	 0	 1	 1	 0	 2	 2	 1	594.04	  0.00
831	25	18	m	 1	 2	12	 2	 2	 3	 2	 1	 1	 1	 0	 1	 1	 1	513.35	  0.00
832	25	18	m	 1	 2	13	 3	 2	 1	 1	 1	 1	 1	 0	 1	 1	 1	525.18	  0.00
833	25	18	m	 1	 2	13	 0	 1	 0	 1	 1	 1	 1	 0	 2	 2	 1	463.69	  0.00
834	25	18	m	 1	 2	13	 2	 2	 3	 2	 1	 1	 1	 0	 1	 1	 1	491.87	  0.00
835	25	18	m	 1	 2	13	 1	 1	 2	 2	 0	 1	 1	 0	 1	 1	 1	618.00	  0.00
836	25	18	m	 1	 2	13	 2	 2	 1	 1	 1	 1	 1	 0	 1	 1	 1	487.26	  0.00
837	25	18	m	 1	 2	13	 1	 1	 3	 2	 0	 1	 1	 0	 1	 1	 1	627.07	  0.00
838	25	18	m	 1	 2	13	 3	 2	 1	 1	 0	 1	 1	 0	 2	 2	 1	467.43	  0.00
839	25	18	m	 1	 2	13	 3	 2	 3	 2	 0	 1	 1	 0	 1	 1	 1	607.15	  0.00
840	25	18	m	 1	 2	13	 0	 1	 3	 2	 0	 1	 1	 0	 1	 1	 1	599.89	  0.00
841	25	18	m	 1	 2	13	 0	 1	 3	 2	 1	 1	 1	 0	 2	 2	 1	616.87	  0.00
842	25	18	m	 1	 2	13	 1	 1	 3	 2	 0	 1	 1	 0	 1	 1	 1	470.95	  0.00
843	25	18	m	 1	 2	13	 1	 1	 2	 2	 1	 1	 1	 0	 2	 1	 0	539.11	  0.00
844	25	18	m	 1	 2	13	 1	 1	 1	 1	 0	 1	 1	 0	 2	 2	 1	749.44	  0.00
845	25	18	m	 1	 2	13	 2	 2	 2	 2	 1	 1	 1	 0	 1	 1	 1	668.45	  0.00
846	25	18	m	 1	 2	13	 3	 2	 0	 1	 1	 1	 1	 0	 1	 1	 1	506.08	  0.00
847	25	18	m	 1	 2	13	 0	 1	 3	 2	 0	 1	 1	 0	 1	 1	 1	697.49	  0.00
848	25	18	m	 1	 2	13	 0	 1	 1	 1	 0	 1	 1	 0	 2	 2	 1	594.97	  0.00
849	25	18	m	 1	 2	13	 0	 1	 1	 1	 1	 1	 1	 0	 2	 2	 1	595.80	  0.00
850	25	18	m	 1	 2	13	 1	 1	 2	 2	 0	 1	 1	 0	 1	 1	 1	604.84	  0.00
851	25	18	m	 1	 2	13	 3	 2	 2	 2	 1	 1	 1	 0	 1	 1	 1	524.08	  0.00
852	25	18	m	 1	 2	13	 2	 2	 1	 1	 0	 1	 1	 0	 2	 2	 1	551.52	  0.00
853	25	18	m	 1	 2	13	 3	 2	 3	 2	 0	 1	 1	 0	 1	 2	 0	666.53	  0.00
854	25	18	m	 1	 2	13	 1	 1	 1	 1	 1	 1	 1	 0	 2	 2	 1	852.23	  0.00
855	25	18	m	 1	 2	13	 3	 2	 1	 1	 1	 1	 1	 0	 1	 1	 1	512.77	  0.00
856	25	18	m	 1	 2	13	 2	 2	 2	 2	 0	 1	 1	 0	 1	 1	 1	668.88	  0.00
857	25	18	m	 1	 2	13	 0	 1	 0	 1	 1	 1	 1	 0	 2	 2	 1	677.80	  0.00
858	25	18	m	 1	 2	13	 3	 2	 2	 2	 0	 1	 1	 0	 1	 2	 0	556.32	  0.00
859	25	18	m	 1	 2	13	 3	 2	 1	 1	 0	 1	 1	 0	 2	 1	 0	720.40	  0.00
860	25	18	m	 1	 2	13	 0	 1	 2	 2	 1	 1	 1	 0	 2	 2	 1	739.14	  0.00
861	25	18	m	 1	 2	13	 1	 1	 3	 2	 1	 1	 1	 0	 2	 2	 1	848.55	  0.00
862	25	18	m	 1	 2	13	 1	 1	 0	 1	 1	 1	 1	 0	 2	 2	 1	544.35	  0.00
863	25	18	m	 1	 2	13	 3	 2	 0	 1	 0	 1	 1	 0	 2	 2	 1	711.21	  0.00
864	25	18	m	 1	 2	13	 2	 2	 0	 1	 0	 1	 1	 0	 2	 2	 1	551.55	  0.00
865	25	18	m	 1	 2	13	 2	 2	 1	 1	 0	 1	 1	 0	 2	 2	 1	753.72	  0.00
866	25	18	m	 1	 2	13	 0	 1	 1	 1	 0	 1	 1	 0	 2	 2	 1	656.47	  0.00
867	25	18	m	 1	 2	13	 1	 1	 0	 1	 1	 1	 1	 0	 2	 2	 1	706.07	  0.00
868	25	18	m	 1	 2	13	 0	 1	 3	 2	 1	 1	 1	 0	 2	 2	 1	576.21	  0.00
869	25	18	m	 1	 2	13	 0	 1	 2	 2	 0	 1	 1	 0	 1	 1	 1	563.76	  0.00
870	25	18	m	 1	 2	13	 1	 1	 1	 1	 1	 1	 1	 0	 2	 2	 1	636.97	  0.00
871	25	18	m	 1	 2	13	 0	 1	 2	 2	 1	 1	 1	 0	 2	 2	 1	1086.71	  0.00
872	25	18	m	 1	 2	13	 2	 2	 0	 1	 1	 1	 1	 0	 1	 1	 1	588.86	  0.00
873	25	18	m	 1	 2	13	 2	 2	 0	 1	 1	 1	 1	 0	 1	 1	 1	478.37	  0.00
874	25	18	m	 1	 2	13	 0	 1	 1	 1	 1	 1	 1	 0	 2	 2	 1	661.73	  0.00
875	25	18	m	 1	 2	13	 3	 2	 2	 2	 0	 1	 1	 0	 1	 1	 1	638.08	  0.00
876	25	18	m	 1	 2	13	 3	 2	 3	 2	 1	 1	 1	 0	 1	 2	 0	526.35	  0.00
877	25	18	m	 1	 2	13	 2	 2	 2	 2	 0	 1	 1	 0	 1	 1	 1	774.92	  0.00
878	25	18	m	 1	 2	13	 2	 2	 3	 2	 1	 1	 1	 0	 1	 1	 1	1012.17	  0.00
879	25	18	m	 1	 2	13	 2	 2	 3	 2	 0	 1	 1	 0	 1	 1	 1	705.16	  0.00
880	25	18	m	 1	 2	13	 2	 2	 3	 2	 0	 1	 1	 0	 1	 1	 1	472.01	  0.00
881	25	18	m	 1	 2	13	 1	 1	 1	 1	 0	 1	 1	 0	 2	 2	 1	715.08	  0.00
882	25	18	m	 1	 2	13	 1	 1	 0	 1	 0	 1	 1	 0	 2	 2	 1	843.70	  0.00
883	25	18	m	 1	 2	13	 3	 2	 2	 2	 1	 1	 1	 0	 1	 1	 1	670.09	  0.00
884	25	18	m	 1	 2	13	 0	 1	 2	 2	 0	 1	 1	 0	 1	 1	 1	619.14	  0.00
885	25	18	m	 1	 2	13	 1	 1	 0	 1	 0	 1	 1	 0	 2	 2	 1	690.75	  0.00
886	25	18	m	 1	 2	13	 0	 1	 0	 1	 0	 1	 1	 0	 2	 2	 1	554.42	  0.00
887	25	18	m	 1	 2	13	 1	 1	 2	 2	 1	 1	 1	 0	 2	 2	 1	791.98	  0.00
888	25	18	m	 1	 2	13	 3	 2	 0	 1	 0	 1	 1	 0	 2	 2	 1	596.81	  0.00
889	25	18	m	 1	 2	13	 0	 1	 0	 1	 0	 1	 1	 0	 2	 2	 1	662.83	  0.00
890	25	18	m	 1	 2	13	 2	 2	 2	 2	 1	 1	 1	 0	 1	 1	 1	492.44	  0.00
891	25	18	m	 1	 2	13	 3	 2	 3	 2	 1	 1	 1	 0	 1	 1	 1	575.05	  0.00
892	25	18	m	 1	 2	13	 3	 2	 0	 1	 1	 1	 1	 0	 1	 1	 1	597.76	  0.00
893	25	18	m	 1	 2	13	 2	 2	 1	 1	 1	 1	 1	 0	 1	 1	 1	731.00	  0.00
894	25	18	m	 1	 2	13	 2	 2	 0	 1	 0	 1	 1	 0	 2	 2	 1	764.33	  0.00
895	25	18	m	 1	 2	13	 1	 1	 3	 2	 1	 1	 1	 0	 2	 1	 0	555.16	  0.00
