00	29	18	v	 1	 2	 0	 0	 1	 2	 2	 1	 0	 1	 1	 1	 0	 0	2000.16	  0.00
01	29	18	v	 1	 2	 0	 0	 1	 0	 1	 0	 0	 1	 1	 1	 1	 1	1760.19	  0.00
02	29	18	v	 1	 2	 0	 3	 2	 3	 2	 1	 0	 1	 1	 2	 1	 0	1515.99	  0.00
03	29	18	v	 1	 2	 0	 2	 2	 0	 1	 0	 0	 1	 1	 2	 2	 1	785.62	  0.00
04	29	18	v	 1	 2	 0	 0	 1	 1	 1	 0	 0	 1	 1	 1	 1	 1	862.31	  0.00
05	29	18	v	 1	 2	 0	 1	 1	 0	 1	 0	 0	 1	 1	 1	 1	 1	881.45	  0.00
06	29	18	v	 1	 2	 0	 0	 1	 1	 1	 0	 0	 1	 1	 1	 1	 1	658.66	  0.00
07	29	18	v	 1	 2	 0	 0	 1	 3	 2	 0	 0	 1	 1	 1	 1	 1	599.28	  0.00
08	29	18	v	 1	 2	 0	 3	 2	 1	 1	 1	 0	 1	 1	 2	 2	 1	602.33	  0.00
09	29	18	v	 1	 2	 0	 3	 2	 2	 2	 1	 0	 1	 1	 2	 2	 1	588.77	  0.00
10	29	18	v	 1	 2	 0	 2	 2	 0	 1	 0	 0	 1	 1	 2	 2	 1	665.35	  0.00
11	29	18	v	 1	 2	 0	 3	 2	 0	 1	 1	 0	 1	 1	 2	 2	 1	630.39	  0.00
12	29	18	v	 1	 2	 0	 1	 1	 0	 1	 1	 0	 1	 1	 1	 1	 1	549.20	  0.00
13	29	18	v	 1	 2	 0	 1	 1	 2	 2	 0	 0	 1	 1	 1	 1	 1	566.02	  0.00
14	29	18	v	 1	 2	 0	 1	 1	 1	 1	 0	 0	 1	 1	 1	 1	 1	463.17	  0.00
15	29	18	v	 1	 2	 0	 0	 1	 3	 2	 1	 0	 1	 1	 1	 1	 1	461.02	  0.00
16	29	18	v	 1	 2	 0	 0	 1	 0	 1	 0	 0	 1	 1	 1	 1	 1	400.68	  0.00
17	29	18	v	 1	 2	 0	 2	 2	 1	 1	 0	 0	 1	 1	 2	 2	 1	488.35	  0.00
18	29	18	v	 1	 2	 0	 2	 2	 3	 2	 1	 0	 1	 1	 2	 2	 1	502.67	  0.00
19	29	18	v	 1	 2	 0	 0	 1	 3	 2	 0	 0	 1	 1	 1	 1	 1	451.53	  0.00
20	29	18	v	 1	 2	 0	 2	 2	 1	 1	 1	 0	 1	 1	 2	 2	 1	653.35	  0.00
21	29	18	v	 1	 2	 0	 1	 1	 3	 2	 1	 0	 1	 1	 1	 1	 1	446.88	  0.00
22	29	18	v	 1	 2	 0	 2	 2	 2	 2	 1	 0	 1	 1	 2	 2	 1	387.65	  0.00
23	29	18	v	 1	 2	 0	 3	 2	 3	 2	 1	 0	 1	 1	 2	 2	 1	417.47	  0.00
24	29	18	v	 1	 2	 0	 2	 2	 0	 1	 1	 0	 1	 1	 2	 2	 1	464.14	  0.00
25	29	18	v	 1	 2	 0	 1	 1	 2	 2	 1	 0	 1	 1	 1	 1	 1	478.41	  0.00
26	29	18	v	 1	 2	 0	 2	 2	 3	 2	 1	 0	 1	 1	 2	 2	 1	476.41	  0.00
27	29	18	v	 1	 2	 0	 3	 2	 2	 2	 0	 0	 1	 1	 2	 2	 1	515.02	  0.00
28	29	18	v	 1	 2	 0	 1	 1	 3	 2	 0	 0	 1	 1	 1	 1	 1	504.50	  0.00
29	29	18	v	 1	 2	 0	 0	 1	 3	 2	 1	 0	 1	 1	 1	 1	 1	469.88	  0.00
30	29	18	v	 1	 2	 0	 3	 2	 1	 1	 1	 0	 1	 1	 2	 2	 1	500.45	  0.00
31	29	18	v	 1	 2	 0	 1	 1	 0	 1	 0	 0	 1	 1	 1	 1	 1	415.62	  0.00
32	29	18	v	 1	 2	 0	 3	 2	 0	 1	 1	 0	 1	 1	 2	 2	 1	609.28	  0.00
33	29	18	v	 1	 2	 0	 1	 1	 2	 2	 1	 0	 1	 1	 1	 1	 1	501.01	  0.00
34	29	18	v	 1	 2	 0	 3	 2	 1	 1	 0	 0	 1	 1	 2	 2	 1	523.36	  0.00
35	29	18	v	 1	 2	 0	 1	 1	 1	 1	 1	 0	 1	 1	 1	 1	 1	594.52	  0.00
36	29	18	v	 1	 2	 0	 0	 1	 1	 1	 1	 0	 1	 1	 1	 1	 1	641.09	  0.00
37	29	18	v	 1	 2	 0	 1	 1	 0	 1	 1	 0	 1	 1	 1	 1	 1	606.22	  0.00
38	29	18	v	 1	 2	 0	 2	 2	 0	 1	 1	 0	 1	 1	 2	 2	 1	586.53	  0.00
39	29	18	v	 1	 2	 0	 3	 2	 0	 1	 0	 0	 1	 1	 2	 2	 1	535.29	  0.00
40	29	18	v	 1	 2	 0	 0	 1	 1	 1	 1	 0	 1	 1	 1	 1	 1	541.21	  0.00
41	29	18	v	 1	 2	 0	 3	 2	 2	 2	 1	 0	 1	 1	 2	 2	 1	538.96	  0.00
42	29	18	v	 1	 2	 0	 3	 2	 2	 2	 0	 0	 1	 1	 2	 2	 1	577.58	  0.00
43	29	18	v	 1	 2	 0	 3	 2	 0	 1	 0	 0	 1	 1	 2	 2	 1	534.47	  0.00
44	29	18	v	 1	 2	 0	 1	 1	 1	 1	 1	 0	 1	 1	 1	 1	 1	482.63	  0.00
45	29	18	v	 1	 2	 0	 2	 2	 2	 2	 0	 0	 1	 1	 2	 2	 1	594.19	  0.00
46	29	18	v	 1	 2	 0	 3	 2	 3	 2	 0	 0	 1	 1	 2	 2	 1	1048.87	  0.00
47	29	18	v	 1	 2	 0	 0	 1	 2	 2	 0	 0	 1	 1	 1	 1	 1	540.12	  0.00
48	29	18	v	 1	 2	 0	 2	 2	 2	 2	 1	 0	 1	 1	 2	 2	 1	537.93	  0.00
49	29	18	v	 1	 2	 0	 3	 2	 1	 1	 0	 0	 1	 1	 2	 2	 1	543.90	  0.00
50	29	18	v	 1	 2	 0	 0	 1	 2	 2	 1	 0	 1	 1	 1	 1	 1	517.15	  0.00
51	29	18	v	 1	 2	 0	 3	 2	 3	 2	 0	 0	 1	 1	 2	 2	 1	480.85	  0.00
52	29	18	v	 1	 2	 0	 2	 2	 1	 1	 0	 0	 1	 1	 2	 2	 1	454.62	  0.00
53	29	18	v	 1	 2	 0	 2	 2	 3	 2	 0	 0	 1	 1	 2	 2	 1	411.75	  0.00
54	29	18	v	 1	 2	 0	 1	 1	 1	 1	 0	 0	 1	 1	 1	 1	 1	515.58	  0.00
55	29	18	v	 1	 2	 0	 2	 2	 1	 1	 1	 0	 1	 1	 2	 2	 1	578.68	  0.00
56	29	18	v	 1	 2	 0	 2	 2	 2	 2	 0	 0	 1	 1	 2	 2	 1	535.56	  0.00
57	29	18	v	 1	 2	 0	 2	 2	 3	 2	 0	 0	 1	 1	 2	 2	 1	574.28	  0.00
58	29	18	v	 1	 2	 0	 1	 1	 3	 2	 0	 0	 1	 1	 1	 1	 1	466.00	  0.00
59	29	18	v	 1	 2	 0	 0	 1	 0	 1	 1	 0	 1	 1	 1	 1	 1	707.65	  0.00
60	29	18	v	 1	 2	 0	 1	 1	 2	 2	 0	 0	 1	 1	 1	 1	 1	697.07	  0.00
61	29	18	v	 1	 2	 0	 1	 1	 3	 2	 1	 0	 1	 1	 1	 1	 1	392.48	  0.00
62	29	18	v	 1	 2	 0	 0	 1	 0	 1	 1	 0	 1	 1	 1	 1	 1	521.24	  0.00
63	29	18	v	 1	 2	 0	 0	 1	 2	 2	 0	 0	 1	 1	 1	 1	 1	437.22	  0.00
64	29	18	v	 1	 2	 1	 0	 1	 3	 2	 1	 0	 1	 1	 1	 1	 1	526.73	  0.00
65	29	18	v	 1	 2	 1	 3	 2	 0	 1	 1	 0	 1	 1	 2	 2	 1	647.38	  0.00
66	29	18	v	 1	 2	 1	 2	 2	 3	 2	 1	 0	 1	 1	 2	 2	 1	514.91	  0.00
67	29	18	v	 1	 2	 1	 3	 2	 1	 1	 0	 0	 1	 1	 2	 2	 1	471.53	  0.00
68	29	18	v	 1	 2	 1	 2	 2	 2	 2	 0	 0	 1	 1	 2	 2	 1	503.21	  0.00
69	29	18	v	 1	 2	 1	 2	 2	 3	 2	 0	 0	 1	 1	 2	 2	 1	451.70	  0.00
70	29	18	v	 1	 2	 1	 1	 1	 0	 1	 1	 0	 1	 1	 1	 1	 1	474.54	  0.00
71	29	18	v	 1	 2	 1	 2	 2	 2	 2	 1	 0	 1	 1	 2	 2	 1	497.40	  0.00
72	29	18	v	 1	 2	 1	 3	 2	 3	 2	 1	 0	 1	 1	 2	 2	 1	495.65	  0.00
73	29	18	v	 1	 2	 1	 2	 2	 1	 1	 0	 0	 1	 1	 2	 2	 1	534.80	  0.00
74	29	18	v	 1	 2	 1	 1	 1	 2	 2	 0	 0	 1	 1	 1	 1	 1	492.26	  0.00
75	29	18	v	 1	 2	 1	 2	 2	 3	 2	 1	 0	 1	 1	 2	 2	 1	466.07	  0.00
76	29	18	v	 1	 2	 1	 1	 1	 0	 1	 0	 0	 1	 1	 1	 1	 1	464.42	  0.00
77	29	18	v	 1	 2	 1	 0	 1	 0	 1	 0	 0	 1	 1	 1	 1	 1	453.66	  0.00
78	29	18	v	 1	 2	 1	 2	 2	 0	 1	 1	 0	 1	 1	 2	 2	 1	484.60	  0.00
79	29	18	v	 1	 2	 1	 0	 1	 1	 1	 0	 0	 1	 1	 1	 1	 1	515.58	  0.00
80	29	18	v	 1	 2	 1	 3	 2	 3	 2	 1	 0	 1	 1	 2	 2	 1	530.30	  0.00
81	29	18	v	 1	 2	 1	 2	 2	 2	 2	 1	 0	 1	 1	 2	 2	 1	495.73	  0.00
82	29	18	v	 1	 2	 1	 0	 1	 2	 2	 0	 0	 1	 1	 1	 1	 1	543.05	  0.00
83	29	18	v	 1	 2	 1	 1	 1	 2	 2	 1	 0	 1	 1	 1	 1	 1	451.55	  0.00
84	29	18	v	 1	 2	 1	 1	 1	 2	 2	 1	 0	 1	 1	 1	 1	 1	710.85	  0.00
85	29	18	v	 1	 2	 1	 2	 2	 2	 2	 0	 0	 1	 1	 2	 2	 1	513.16	  0.00
86	29	18	v	 1	 2	 1	 0	 1	 2	 2	 0	 0	 1	 1	 1	 1	 1	747.20	  0.00
87	29	18	v	 1	 2	 1	 0	 1	 1	 1	 1	 0	 1	 1	 1	 1	 1	523.88	  0.00
88	29	18	v	 1	 2	 1	 0	 1	 1	 1	 1	 0	 1	 1	 1	 1	 1	408.36	  0.00
89	29	18	v	 1	 2	 1	 3	 2	 1	 1	 0	 0	 1	 1	 2	 2	 1	505.06	  0.00
90	29	18	v	 1	 2	 1	 3	 2	 0	 1	 0	 0	 1	 1	 2	 2	 1	495.05	  0.00
91	29	18	v	 1	 2	 1	 1	 1	 1	 1	 0	 0	 1	 1	 1	 1	 1	452.73	  0.00
92	29	18	v	 1	 2	 1	 2	 2	 1	 1	 1	 0	 1	 1	 2	 2	 1	549.05	  0.00
93	29	18	v	 1	 2	 1	 1	 1	 0	 1	 0	 0	 1	 1	 1	 1	 1	506.44	  0.00
94	29	18	v	 1	 2	 1	 1	 1	 3	 2	 1	 0	 1	 1	 1	 1	 1	487.70	  0.00
95	29	18	v	 1	 2	 1	 3	 2	 1	 1	 1	 0	 1	 1	 2	 2	 1	542.64	  0.00
96	29	18	v	 1	 2	 1	 0	 1	 0	 1	 1	 0	 1	 1	 1	 1	 1	491.94	  0.00
97	29	18	v	 1	 2	 1	 2	 2	 0	 1	 0	 0	 1	 1	 2	 2	 1	498.01	  0.00
98	29	18	v	 1	 2	 1	 2	 2	 1	 1	 0	 0	 1	 1	 2	 2	 1	447.96	  0.00
99	29	18	v	 1	 2	 1	 1	 1	 0	 1	 1	 0	 1	 1	 1	 1	 1	536.06	  0.00
100	29	18	v	 1	 2	 1	 0	 1	 0	 1	 1	 0	 1	 1	 1	 1	 1	501.67	  0.00
101	29	18	v	 1	 2	 1	 2	 2	 1	 1	 1	 0	 1	 1	 2	 2	 1	516.03	  0.00
102	29	18	v	 1	 2	 1	 1	 1	 1	 1	 1	 0	 1	 1	 1	 1	 1	530.71	  0.00
103	29	18	v	 1	 2	 1	 3	 2	 1	 1	 1	 0	 1	 1	 2	 2	 1	537.20	  0.00
104	29	18	v	 1	 2	 1	 1	 1	 1	 1	 0	 0	 1	 1	 1	 1	 1	493.81	  0.00
105	29	18	v	 1	 2	 1	 1	 1	 3	 2	 0	 0	 1	 1	 1	 1	 1	442.91	  0.00
106	29	18	v	 1	 2	 1	 3	 2	 3	 2	 0	 0	 1	 1	 2	 2	 1	506.72	  0.00
107	29	18	v	 1	 2	 1	 3	 2	 2	 2	 1	 0	 1	 1	 2	 2	 1	562.11	  0.00
108	29	18	v	 1	 2	 1	 0	 1	 3	 2	 1	 0	 1	 1	 1	 1	 1	503.25	  0.00
109	29	18	v	 1	 2	 1	 2	 2	 0	 1	 0	 0	 1	 1	 2	 2	 1	509.69	  0.00
110	29	18	v	 1	 2	 1	 0	 1	 1	 1	 0	 0	 1	 1	 1	 1	 1	532.47	  0.00
111	29	18	v	 1	 2	 1	 3	 2	 2	 2	 1	 0	 1	 1	 2	 2	 1	693.93	  0.00
112	29	18	v	 1	 2	 1	 3	 2	 2	 2	 0	 0	 1	 1	 2	 2	 1	536.90	  0.00
113	29	18	v	 1	 2	 1	 0	 1	 0	 1	 0	 0	 1	 1	 1	 1	 1	533.94	  0.00
114	29	18	v	 1	 2	 1	 2	 2	 0	 1	 1	 0	 1	 1	 2	 2	 1	483.22	  0.00
115	29	18	v	 1	 2	 1	 1	 1	 2	 2	 0	 0	 1	 1	 1	 1	 1	562.66	  0.00
116	29	18	v	 1	 2	 1	 1	 1	 3	 2	 0	 0	 1	 1	 1	 1	 1	675.72	  0.00
117	29	18	v	 1	 2	 1	 0	 1	 3	 2	 0	 0	 1	 1	 1	 1	 1	461.62	  0.00
118	29	18	v	 1	 2	 1	 2	 2	 3	 2	 0	 0	 1	 1	 2	 2	 1	605.99	  0.00
119	29	18	v	 1	 2	 1	 3	 2	 2	 2	 0	 0	 1	 1	 2	 2	 1	849.76	  0.00
120	29	18	v	 1	 2	 1	 3	 2	 3	 2	 0	 0	 1	 1	 2	 2	 1	406.97	  0.00
121	29	18	v	 1	 2	 1	 0	 1	 3	 2	 0	 0	 1	 1	 1	 1	 1	544.08	  0.00
122	29	18	v	 1	 2	 1	 1	 1	 3	 2	 1	 0	 1	 1	 1	 1	 1	704.53	  0.00
123	29	18	v	 1	 2	 1	 3	 2	 0	 1	 1	 0	 1	 1	 2	 2	 1	579.58	  0.00
124	29	18	v	 1	 2	 1	 0	 1	 2	 2	 1	 0	 1	 1	 1	 1	 1	700.65	  0.00
125	29	18	v	 1	 2	 1	 1	 1	 1	 1	 1	 0	 1	 1	 1	 1	 1	559.99	  0.00
126	29	18	v	 1	 2	 1	 0	 1	 2	 2	 1	 0	 1	 1	 1	 1	 1	451.87	  0.00
127	29	18	v	 1	 2	 1	 3	 2	 0	 1	 0	 0	 1	 1	 2	 2	 1	556.54	  0.00
128	29	18	v	 1	 2	 2	 1	 1	 3	 2	 1	 0	 1	 1	 1	 1	 1	1207.60	  0.00
129	29	18	v	 1	 2	 2	 0	 1	 0	 1	 1	 0	 1	 1	 2	 2	 1	894.26	  0.00
130	29	18	v	 1	 2	 2	 1	 1	 1	 1	 1	 0	 1	 1	 2	 2	 1	1086.44	  0.00
131	29	18	v	 1	 2	 2	 2	 2	 0	 1	 0	 0	 1	 1	 2	 2	 1	789.69	  0.00
132	29	18	v	 1	 2	 2	 2	 2	 1	 1	 1	 0	 1	 1	 2	 2	 1	550.50	  0.00
133	29	18	v	 1	 2	 2	 2	 2	 1	 1	 0	 0	 1	 1	 2	 2	 1	474.78	  0.00
134	29	18	v	 1	 2	 2	 2	 2	 0	 1	 1	 0	 1	 1	 2	 2	 1	635.89	  0.00
135	29	18	v	 1	 2	 2	 0	 1	 3	 2	 0	 0	 1	 1	 1	 1	 1	731.50	  0.00
136	29	18	v	 1	 2	 2	 0	 1	 2	 2	 1	 0	 1	 1	 1	 1	 1	647.37	  0.00
137	29	18	v	 1	 2	 2	 0	 1	 2	 2	 0	 0	 1	 1	 1	 1	 1	480.81	  0.00
138	29	18	v	 1	 2	 2	 2	 2	 3	 2	 1	 0	 1	 1	 1	 1	 1	674.46	  0.00
139	29	18	v	 1	 2	 2	 1	 1	 2	 2	 1	 0	 1	 1	 1	 1	 1	704.67	  0.00
140	29	18	v	 1	 2	 2	 3	 2	 3	 2	 0	 0	 1	 1	 1	 1	 1	579.83	  0.00
141	29	18	v	 1	 2	 2	 1	 1	 0	 1	 0	 0	 1	 1	 2	 2	 1	561.20	  0.00
142	29	18	v	 1	 2	 2	 0	 1	 1	 1	 0	 0	 1	 1	 2	 2	 1	607.89	  0.00
143	29	18	v	 1	 2	 2	 3	 2	 0	 1	 0	 0	 1	 1	 2	 2	 1	669.93	  0.00
144	29	18	v	 1	 2	 2	 1	 1	 2	 2	 1	 0	 1	 1	 1	 1	 1	667.40	  0.00
145	29	18	v	 1	 2	 2	 1	 1	 1	 1	 0	 0	 1	 1	 2	 2	 1	689.46	  0.00
146	29	18	v	 1	 2	 2	 3	 2	 3	 2	 1	 0	 1	 1	 1	 1	 1	858.45	  0.00
147	29	18	v	 1	 2	 2	 3	 2	 1	 1	 0	 0	 1	 1	 2	 2	 1	741.46	  0.00
148	29	18	v	 1	 2	 2	 3	 2	 0	 1	 0	 0	 1	 1	 2	 2	 1	616.53	  0.00
149	29	18	v	 1	 2	 2	 2	 2	 2	 2	 0	 0	 1	 1	 1	 1	 1	646.87	  0.00
150	29	18	v	 1	 2	 2	 3	 2	 2	 2	 1	 0	 1	 1	 1	 1	 1	561.82	  0.00
151	29	18	v	 1	 2	 2	 2	 2	 2	 2	 1	 0	 1	 1	 1	 1	 1	396.36	  0.00
152	29	18	v	 1	 2	 2	 1	 1	 0	 1	 0	 0	 1	 1	 2	 2	 1	549.31	  0.00
153	29	18	v	 1	 2	 2	 3	 2	 2	 2	 1	 0	 1	 1	 1	 2	 0	473.70	  0.00
154	29	18	v	 1	 2	 2	 2	 2	 2	 2	 0	 0	 1	 1	 1	 1	 1	561.28	  0.00
155	29	18	v	 1	 2	 2	 1	 1	 2	 2	 0	 0	 1	 1	 1	 1	 1	355.05	  0.00
156	29	18	v	 1	 2	 2	 1	 1	 0	 1	 1	 0	 1	 1	 2	 2	 1	1094.73	  0.00
157	29	18	v	 1	 2	 2	 0	 1	 3	 2	 1	 0	 1	 1	 1	 1	 1	520.35	  0.00
158	29	18	v	 1	 2	 2	 3	 2	 3	 2	 0	 0	 1	 1	 1	 1	 1	550.77	  0.00
159	29	18	v	 1	 2	 2	 0	 1	 2	 2	 1	 0	 1	 1	 1	 2	 0	703.57	  0.00
160	29	18	v	 1	 2	 2	 3	 2	 3	 2	 1	 0	 1	 1	 1	 1	 1	660.35	  0.00
161	29	18	v	 1	 2	 2	 1	 1	 3	 2	 0	 0	 1	 1	 1	 1	 1	568.14	  0.00
162	29	18	v	 1	 2	 2	 2	 2	 3	 2	 0	 0	 1	 1	 1	 1	 1	435.31	  0.00
163	29	18	v	 1	 2	 2	 2	 2	 1	 1	 1	 0	 1	 1	 2	 2	 1	701.54	  0.00
164	29	18	v	 1	 2	 2	 1	 1	 3	 2	 1	 0	 1	 1	 1	 1	 1	527.67	  0.00
165	29	18	v	 1	 2	 2	 2	 2	 1	 1	 0	 0	 1	 1	 2	 2	 1	590.75	  0.00
166	29	18	v	 1	 2	 2	 3	 2	 1	 1	 1	 0	 1	 1	 2	 2	 1	784.26	  0.00
167	29	18	v	 1	 2	 2	 3	 2	 1	 1	 1	 0	 1	 1	 2	 1	 0	594.02	  0.00
168	29	18	v	 1	 2	 2	 1	 1	 3	 2	 0	 0	 1	 1	 1	 1	 1	714.15	  0.00
169	29	18	v	 1	 2	 2	 1	 1	 1	 1	 0	 0	 1	 1	 2	 2	 1	1208.60	  0.00
170	29	18	v	 1	 2	 2	 0	 1	 1	 1	 1	 0	 1	 1	 2	 2	 1	560.69	  0.00
171	29	18	v	 1	 2	 2	 2	 2	 3	 2	 1	 0	 1	 1	 1	 1	 1	517.55	  0.00
172	29	18	v	 1	 2	 2	 2	 2	 0	 1	 1	 0	 1	 1	 2	 2	 1	539.85	  0.00
173	29	18	v	 1	 2	 2	 1	 1	 2	 2	 0	 0	 1	 1	 1	 1	 1	619.13	  0.00
174	29	18	v	 1	 2	 2	 3	 2	 2	 2	 0	 0	 1	 1	 1	 1	 1	682.12	  0.00
175	29	18	v	 1	 2	 2	 3	 2	 0	 1	 1	 0	 1	 1	 2	 2	 1	606.25	  0.00
176	29	18	v	 1	 2	 2	 1	 1	 0	 1	 1	 0	 1	 1	 2	 2	 1	806.93	  0.00
177	29	18	v	 1	 2	 2	 2	 2	 2	 2	 1	 0	 1	 1	 1	 1	 1	649.19	  0.00
178	29	18	v	 1	 2	 2	 0	 1	 3	 2	 0	 0	 1	 1	 1	 1	 1	524.46	  0.00
179	29	18	v	 1	 2	 2	 1	 1	 1	 1	 1	 0	 1	 1	 2	 2	 1	563.00	  0.00
180	29	18	v	 1	 2	 2	 0	 1	 0	 1	 1	 0	 1	 1	 2	 2	 1	552.53	  0.00
181	29	18	v	 1	 2	 2	 0	 1	 3	 2	 1	 0	 1	 1	 1	 1	 1	754.37	  0.00
182	29	18	v	 1	 2	 2	 0	 1	 0	 1	 0	 0	 1	 1	 2	 2	 1	580.45	  0.00
183	29	18	v	 1	 2	 2	 0	 1	 0	 1	 0	 0	 1	 1	 2	 2	 1	919.92	  0.00
184	29	18	v	 1	 2	 2	 3	 2	 1	 1	 0	 0	 1	 1	 2	 2	 1	598.78	  0.00
185	29	18	v	 1	 2	 2	 2	 2	 3	 2	 0	 0	 1	 1	 1	 1	 1	629.14	  0.00
186	29	18	v	 1	 2	 2	 0	 1	 1	 1	 1	 0	 1	 1	 2	 2	 1	1091.96	  0.00
187	29	18	v	 1	 2	 2	 0	 1	 2	 2	 0	 0	 1	 1	 1	 1	 1	582.98	  0.00
188	29	18	v	 1	 2	 2	 3	 2	 0	 1	 1	 0	 1	 1	 2	 2	 1	654.21	  0.00
189	29	18	v	 1	 2	 2	 0	 1	 1	 1	 0	 0	 1	 1	 2	 2	 1	1026.11	  0.00
190	29	18	v	 1	 2	 2	 2	 2	 0	 1	 0	 0	 1	 1	 2	 2	 1	598.79	  0.00
191	29	18	v	 1	 2	 2	 3	 2	 2	 2	 0	 0	 1	 1	 1	 1	 1	604.66	  0.00
192	29	18	v	 1	 2	 3	 2	 2	 2	 2	 1	 0	 1	 1	 1	 1	 1	928.28	  0.00
193	29	18	v	 1	 2	 3	 1	 1	 1	 1	 0	 0	 1	 1	 2	 2	 1	590.31	  0.00
194	29	18	v	 1	 2	 3	 3	 2	 3	 2	 1	 0	 1	 1	 1	 1	 1	539.59	  0.00
195	29	18	v	 1	 2	 3	 3	 2	 1	 1	 1	 0	 1	 1	 2	 1	 0	603.11	  0.00
196	29	18	v	 1	 2	 3	 3	 2	 2	 2	 1	 0	 1	 1	 1	 1	 1	544.12	  0.00
197	29	18	v	 1	 2	 3	 1	 1	 3	 2	 0	 0	 1	 1	 1	 1	 1	574.93	  0.00
198	29	18	v	 1	 2	 3	 1	 1	 3	 2	 0	 0	 1	 1	 1	 1	 1	434.46	  0.00
199	29	18	v	 1	 2	 3	 1	 1	 1	 1	 1	 0	 1	 1	 2	 2	 1	587.93	  0.00
200	29	18	v	 1	 2	 3	 1	 1	 2	 2	 1	 0	 1	 1	 1	 1	 1	577.09	  0.00
201	29	18	v	 1	 2	 3	 3	 2	 3	 2	 0	 0	 1	 1	 1	 1	 1	485.35	  0.00
202	29	18	v	 1	 2	 3	 2	 2	 1	 1	 0	 0	 1	 1	 2	 2	 1	581.61	  0.00
203	29	18	v	 1	 2	 3	 1	 1	 3	 2	 1	 0	 1	 1	 1	 1	 1	596.06	  0.00
204	29	18	v	 1	 2	 3	 3	 2	 0	 1	 0	 0	 1	 1	 2	 2	 1	553.49	  0.00
205	29	18	v	 1	 2	 3	 3	 2	 0	 1	 1	 0	 1	 1	 2	 2	 1	559.84	  0.00
206	29	18	v	 1	 2	 3	 2	 2	 3	 2	 0	 0	 1	 1	 1	 1	 1	533.55	  0.00
207	29	18	v	 1	 2	 3	 0	 1	 3	 2	 0	 0	 1	 1	 1	 1	 1	515.51	  0.00
208	29	18	v	 1	 2	 3	 2	 2	 3	 2	 1	 0	 1	 1	 1	 1	 1	407.53	  0.00
209	29	18	v	 1	 2	 3	 2	 2	 1	 1	 0	 0	 1	 1	 2	 2	 1	561.17	  0.00
210	29	18	v	 1	 2	 3	 0	 1	 2	 2	 0	 0	 1	 1	 1	 1	 1	632.85	  0.00
211	29	18	v	 1	 2	 3	 1	 1	 1	 1	 1	 0	 1	 1	 2	 2	 1	589.09	  0.00
212	29	18	v	 1	 2	 3	 0	 1	 2	 2	 0	 0	 1	 1	 1	 1	 1	538.35	  0.00
213	29	18	v	 1	 2	 3	 0	 1	 1	 1	 0	 0	 1	 1	 2	 2	 1	463.15	  0.00
214	29	18	v	 1	 2	 3	 3	 2	 3	 2	 1	 0	 1	 1	 1	 1	 1	412.60	  0.00
215	29	18	v	 1	 2	 3	 0	 1	 2	 2	 1	 0	 1	 1	 1	 1	 1	557.84	  0.00
216	29	18	v	 1	 2	 3	 2	 2	 0	 1	 1	 0	 1	 1	 2	 2	 1	653.87	  0.00
217	29	18	v	 1	 2	 3	 2	 2	 3	 2	 1	 0	 1	 1	 1	 1	 1	529.64	  0.00
218	29	18	v	 1	 2	 3	 2	 2	 2	 2	 0	 0	 1	 1	 1	 1	 1	665.69	  0.00
219	29	18	v	 1	 2	 3	 0	 1	 0	 1	 1	 0	 1	 1	 2	 2	 1	500.48	  0.00
220	29	18	v	 1	 2	 3	 2	 2	 2	 2	 0	 0	 1	 1	 1	 2	 0	441.57	  0.00
221	29	18	v	 1	 2	 3	 1	 1	 0	 1	 0	 0	 1	 1	 2	 2	 1	733.79	  0.00
222	29	18	v	 1	 2	 3	 3	 2	 0	 1	 1	 0	 1	 1	 2	 2	 1	568.50	  0.00
223	29	18	v	 1	 2	 3	 3	 2	 2	 2	 0	 0	 1	 1	 1	 1	 1	615.64	  0.00
224	29	18	v	 1	 2	 3	 0	 1	 3	 2	 1	 0	 1	 1	 1	 1	 1	728.03	  0.00
225	29	18	v	 1	 2	 3	 2	 2	 0	 1	 0	 0	 1	 1	 2	 2	 1	579.06	  0.00
226	29	18	v	 1	 2	 3	 1	 1	 2	 2	 0	 0	 1	 1	 1	 1	 1	454.91	  0.00
227	29	18	v	 1	 2	 3	 3	 2	 2	 2	 1	 0	 1	 1	 1	 1	 1	640.92	  0.00
228	29	18	v	 1	 2	 3	 0	 1	 1	 1	 1	 0	 1	 1	 2	 2	 1	1086.75	  0.00
229	29	18	v	 1	 2	 3	 2	 2	 0	 1	 0	 0	 1	 1	 2	 2	 1	855.78	  0.00
230	29	18	v	 1	 2	 3	 2	 2	 1	 1	 1	 0	 1	 1	 2	 1	 0	551.65	  0.00
231	29	18	v	 1	 2	 3	 2	 2	 2	 2	 1	 0	 1	 1	 1	 1	 1	590.64	  0.00
232	29	18	v	 1	 2	 3	 1	 1	 2	 2	 0	 0	 1	 1	 1	 1	 1	523.62	  0.00
233	29	18	v	 1	 2	 3	 3	 2	 1	 1	 1	 0	 1	 1	 2	 2	 1	619.71	  0.00
234	29	18	v	 1	 2	 3	 3	 2	 1	 1	 0	 0	 1	 1	 2	 2	 1	626.01	  0.00
235	29	18	v	 1	 2	 3	 0	 1	 3	 2	 0	 0	 1	 1	 1	 1	 1	974.02	  0.00
236	29	18	v	 1	 2	 3	 0	 1	 1	 1	 1	 0	 1	 1	 2	 2	 1	571.76	  0.00
237	29	18	v	 1	 2	 3	 1	 1	 3	 2	 1	 0	 1	 1	 1	 2	 0	765.78	  0.00
238	29	18	v	 1	 2	 3	 3	 2	 2	 2	 0	 0	 1	 1	 1	 1	 1	771.88	  0.00
239	29	18	v	 1	 2	 3	 1	 1	 2	 2	 1	 0	 1	 1	 1	 1	 1	516.83	  0.00
240	29	18	v	 1	 2	 3	 2	 2	 1	 1	 1	 0	 1	 1	 2	 2	 1	784.29	  0.00
241	29	18	v	 1	 2	 3	 0	 1	 1	 1	 0	 0	 1	 1	 2	 2	 1	610.75	  0.00
242	29	18	v	 1	 2	 3	 0	 1	 2	 2	 1	 0	 1	 1	 1	 1	 1	519.22	  0.00
243	29	18	v	 1	 2	 3	 0	 1	 0	 1	 1	 0	 1	 1	 2	 2	 1	818.42	  0.00
244	29	18	v	 1	 2	 3	 3	 2	 0	 1	 0	 0	 1	 1	 2	 2	 1	481.63	  0.00
245	29	18	v	 1	 2	 3	 1	 1	 0	 1	 0	 0	 1	 1	 2	 2	 1	536.98	  0.00
246	29	18	v	 1	 2	 3	 2	 2	 0	 1	 1	 0	 1	 1	 2	 2	 1	486.35	  0.00
247	29	18	v	 1	 2	 3	 3	 2	 1	 1	 0	 0	 1	 1	 2	 2	 1	835.52	  0.00
248	29	18	v	 1	 2	 3	 0	 1	 3	 2	 1	 0	 1	 1	 1	 1	 1	596.82	  0.00
249	29	18	v	 1	 2	 3	 3	 2	 3	 2	 0	 0	 1	 1	 1	 1	 1	578.63	  0.00
250	29	18	v	 1	 2	 3	 0	 1	 0	 1	 0	 0	 1	 1	 2	 2	 1	503.26	  0.00
251	29	18	v	 1	 2	 3	 1	 1	 1	 1	 0	 0	 1	 1	 2	 2	 1	712.82	  0.00
252	29	18	v	 1	 2	 3	 1	 1	 0	 1	 1	 0	 1	 1	 2	 2	 1	474.15	  0.00
253	29	18	v	 1	 2	 3	 0	 1	 0	 1	 0	 0	 1	 1	 2	 2	 1	407.20	  0.00
254	29	18	v	 1	 2	 3	 1	 1	 0	 1	 1	 0	 1	 1	 2	 2	 1	405.67	  0.00
255	29	18	v	 1	 2	 3	 2	 2	 3	 2	 0	 0	 1	 1	 1	 2	 0	477.50	  0.00
256	29	18	v	 1	 2	 4	 1	 1	 1	 1	 0	 0	 1	 1	 2	 0	 0	2000.21	  0.00
257	29	18	v	 1	 2	 4	 2	 2	 3	 2	 0	 0	 1	 1	 1	 1	 1	1507.97	  0.00
258	29	18	v	 1	 2	 4	 1	 1	 0	 1	 1	 0	 1	 1	 1	 1	 1	761.80	  0.00
259	29	18	v	 1	 2	 4	 3	 2	 2	 2	 1	 0	 1	 1	 2	 2	 1	604.25	  0.00
260	29	18	v	 1	 2	 4	 1	 1	 2	 2	 0	 0	 1	 1	 1	 1	 1	707.96	  0.00
261	29	18	v	 1	 2	 4	 0	 1	 3	 2	 1	 0	 1	 1	 1	 1	 1	1700.11	  0.00
262	29	18	v	 1	 2	 4	 3	 2	 0	 1	 0	 0	 1	 1	 2	 2	 1	651.69	  0.00
263	29	18	v	 1	 2	 4	 3	 2	 0	 1	 1	 0	 1	 1	 2	 1	 0	1612.18	  0.00
264	29	18	v	 1	 2	 4	 3	 2	 0	 1	 0	 0	 1	 1	 2	 2	 1	914.83	  0.00
265	29	18	v	 1	 2	 4	 2	 2	 3	 2	 1	 0	 1	 1	 2	 2	 1	520.48	  0.00
266	29	18	v	 1	 2	 4	 1	 1	 3	 2	 0	 0	 1	 1	 1	 1	 1	1007.78	  0.00
267	29	18	v	 1	 2	 4	 0	 1	 0	 1	 0	 0	 1	 1	 2	 2	 1	620.37	  0.00
268	29	18	v	 1	 2	 4	 0	 1	 0	 1	 1	 0	 1	 1	 1	 1	 1	609.60	  0.00
269	29	18	v	 1	 2	 4	 2	 2	 0	 1	 0	 0	 1	 1	 2	 2	 1	1488.76	  0.00
270	29	18	v	 1	 2	 4	 0	 1	 0	 1	 0	 0	 1	 1	 2	 2	 1	611.97	  0.00
271	29	18	v	 1	 2	 4	 2	 2	 2	 2	 0	 0	 1	 1	 1	 1	 1	585.27	  0.00
272	29	18	v	 1	 2	 4	 0	 1	 2	 2	 0	 0	 1	 1	 1	 1	 1	501.41	  0.00
273	29	18	v	 1	 2	 4	 0	 1	 3	 2	 1	 0	 1	 1	 1	 1	 1	580.80	  0.00
274	29	18	v	 1	 2	 4	 2	 2	 1	 1	 0	 0	 1	 1	 2	 2	 1	895.77	  0.00
275	29	18	v	 1	 2	 4	 2	 2	 1	 1	 1	 0	 1	 1	 2	 2	 1	664.35	  0.00
276	29	18	v	 1	 2	 4	 3	 2	 1	 1	 1	 0	 1	 1	 2	 2	 1	490.76	  0.00
277	29	18	v	 1	 2	 4	 1	 1	 3	 2	 1	 0	 1	 1	 1	 1	 1	512.69	  0.00
278	29	18	v	 1	 2	 4	 2	 2	 3	 2	 1	 0	 1	 1	 2	 2	 1	567.91	  0.00
279	29	18	v	 1	 2	 4	 1	 1	 0	 1	 0	 0	 1	 1	 2	 2	 1	720.81	  0.00
280	29	18	v	 1	 2	 4	 3	 2	 0	 1	 1	 0	 1	 1	 2	 2	 1	611.06	  0.00
281	29	18	v	 1	 2	 4	 1	 1	 0	 1	 0	 0	 1	 1	 2	 2	 1	951.63	  0.00
282	29	18	v	 1	 2	 4	 0	 1	 1	 1	 1	 0	 1	 1	 1	 1	 1	540.58	  0.00
283	29	18	v	 1	 2	 4	 0	 1	 1	 1	 0	 0	 1	 1	 2	 2	 1	636.45	  0.00
284	29	18	v	 1	 2	 4	 1	 1	 3	 2	 1	 0	 1	 1	 1	 1	 1	593.38	  0.00
285	29	18	v	 1	 2	 4	 1	 1	 2	 2	 1	 0	 1	 1	 1	 1	 1	468.67	  0.00
286	29	18	v	 1	 2	 4	 2	 2	 2	 2	 1	 0	 1	 1	 2	 2	 1	523.69	  0.00
287	29	18	v	 1	 2	 4	 3	 2	 3	 2	 1	 0	 1	 1	 2	 2	 1	512.36	  0.00
288	29	18	v	 1	 2	 4	 2	 2	 2	 2	 1	 0	 1	 1	 2	 2	 1	632.52	  0.00
289	29	18	v	 1	 2	 4	 2	 2	 1	 1	 1	 0	 1	 1	 2	 2	 1	777.02	  0.00
290	29	18	v	 1	 2	 4	 0	 1	 3	 2	 0	 0	 1	 1	 1	 1	 1	505.26	  0.00
291	29	18	v	 1	 2	 4	 3	 2	 2	 2	 0	 0	 1	 1	 1	 2	 0	1229.28	  0.00
292	29	18	v	 1	 2	 4	 0	 1	 2	 2	 0	 0	 1	 1	 1	 1	 1	834.40	  0.00
293	29	18	v	 1	 2	 4	 0	 1	 1	 1	 1	 0	 1	 1	 1	 1	 1	618.67	  0.00
294	29	18	v	 1	 2	 4	 0	 1	 1	 1	 0	 0	 1	 1	 2	 2	 1	1138.51	  0.00
295	29	18	v	 1	 2	 4	 2	 2	 0	 1	 1	 0	 1	 1	 2	 2	 1	645.55	  0.00
296	29	18	v	 1	 2	 4	 1	 1	 1	 1	 1	 0	 1	 1	 1	 1	 1	651.51	  0.00
297	29	18	v	 1	 2	 4	 3	 2	 1	 1	 0	 0	 1	 1	 2	 2	 1	1326.40	  0.00
298	29	18	v	 1	 2	 4	 3	 2	 2	 2	 0	 0	 1	 1	 1	 0	 0	2000.23	  0.00
299	29	18	v	 1	 2	 4	 3	 2	 1	 1	 1	 0	 1	 1	 2	 2	 1	1227.92	  0.00
300	29	18	v	 1	 2	 4	 3	 2	 1	 1	 0	 0	 1	 1	 2	 2	 1	645.43	  0.00
301	29	18	v	 1	 2	 4	 3	 2	 3	 2	 0	 0	 1	 1	 1	 1	 1	610.38	  0.00
302	29	18	v	 1	 2	 4	 1	 1	 3	 2	 0	 0	 1	 1	 1	 1	 1	510.12	  0.00
303	29	18	v	 1	 2	 4	 0	 1	 0	 1	 1	 0	 1	 1	 1	 1	 1	556.86	  0.00
304	29	18	v	 1	 2	 4	 3	 2	 2	 2	 1	 0	 1	 1	 2	 2	 1	504.56	  0.00
305	29	18	v	 1	 2	 4	 0	 1	 3	 2	 0	 0	 1	 1	 1	 1	 1	502.55	  0.00
306	29	18	v	 1	 2	 4	 3	 2	 3	 2	 0	 0	 1	 1	 1	 1	 1	557.48	  0.00
307	29	18	v	 1	 2	 4	 1	 1	 2	 2	 0	 0	 1	 1	 1	 1	 1	514.45	  0.00
308	29	18	v	 1	 2	 4	 1	 1	 1	 1	 0	 0	 1	 1	 2	 2	 1	569.40	  0.00
309	29	18	v	 1	 2	 4	 1	 1	 0	 1	 1	 0	 1	 1	 1	 1	 1	607.37	  0.00
310	29	18	v	 1	 2	 4	 0	 1	 2	 2	 1	 0	 1	 1	 1	 1	 1	458.50	  0.00
311	29	18	v	 1	 2	 4	 2	 2	 2	 2	 0	 0	 1	 1	 1	 1	 1	1108.60	  0.00
312	29	18	v	 1	 2	 4	 2	 2	 3	 2	 0	 0	 1	 1	 1	 2	 0	778.96	  0.00
313	29	18	v	 1	 2	 4	 1	 1	 1	 1	 1	 0	 1	 1	 1	 1	 1	629.48	  0.00
314	29	18	v	 1	 2	 4	 3	 2	 3	 2	 1	 0	 1	 1	 2	 2	 1	537.38	  0.00
315	29	18	v	 1	 2	 4	 0	 1	 2	 2	 1	 0	 1	 1	 1	 2	 0	453.58	  0.00
316	29	18	v	 1	 2	 4	 2	 2	 1	 1	 0	 0	 1	 1	 2	 2	 1	639.16	  0.00
317	29	18	v	 1	 2	 4	 1	 1	 2	 2	 1	 0	 1	 1	 1	 1	 1	718.40	  0.00
318	29	18	v	 1	 2	 4	 2	 2	 0	 1	 0	 0	 1	 1	 2	 2	 1	739.48	  0.00
319	29	18	v	 1	 2	 4	 2	 2	 0	 1	 1	 0	 1	 1	 2	 2	 1	557.39	  0.00
320	29	18	v	 1	 2	 5	 2	 2	 2	 2	 1	 0	 1	 1	 2	 2	 1	695.55	  0.00
321	29	18	v	 1	 2	 5	 3	 2	 2	 2	 0	 0	 1	 1	 1	 1	 1	571.28	  0.00
322	29	18	v	 1	 2	 5	 0	 1	 2	 2	 0	 0	 1	 1	 1	 1	 1	471.47	  0.00
323	29	18	v	 1	 2	 5	 2	 2	 3	 2	 0	 0	 1	 1	 1	 1	 1	542.27	  0.00
324	29	18	v	 1	 2	 5	 3	 2	 3	 2	 1	 0	 1	 1	 2	 2	 1	507.66	  0.00
325	29	18	v	 1	 2	 5	 3	 2	 0	 1	 0	 0	 1	 1	 2	 2	 1	734.65	  0.00
326	29	18	v	 1	 2	 5	 0	 1	 2	 2	 1	 0	 1	 1	 1	 1	 1	569.40	  0.00
327	29	18	v	 1	 2	 5	 0	 1	 3	 2	 0	 0	 1	 1	 1	 1	 1	673.64	  0.00
328	29	18	v	 1	 2	 5	 1	 1	 0	 1	 1	 0	 1	 1	 1	 1	 1	581.97	  0.00
329	29	18	v	 1	 2	 5	 1	 1	 0	 1	 1	 0	 1	 1	 1	 1	 1	425.13	  0.00
330	29	18	v	 1	 2	 5	 3	 2	 1	 1	 1	 0	 1	 1	 2	 2	 1	553.15	  0.00
331	29	18	v	 1	 2	 5	 0	 1	 1	 1	 1	 0	 1	 1	 1	 1	 1	584.77	  0.00
332	29	18	v	 1	 2	 5	 3	 2	 3	 2	 0	 0	 1	 1	 1	 1	 1	565.82	  0.00
333	29	18	v	 1	 2	 5	 0	 1	 1	 1	 0	 0	 1	 1	 2	 2	 1	564.05	  0.00
334	29	18	v	 1	 2	 5	 1	 1	 1	 1	 0	 0	 1	 1	 2	 2	 1	439.82	  0.00
335	29	18	v	 1	 2	 5	 2	 2	 0	 1	 1	 0	 1	 1	 2	 2	 1	707.29	  0.00
336	29	18	v	 1	 2	 5	 2	 2	 3	 2	 1	 0	 1	 1	 2	 2	 1	476.94	  0.00
337	29	18	v	 1	 2	 5	 0	 1	 3	 2	 1	 0	 1	 1	 1	 1	 1	507.89	  0.00
338	29	18	v	 1	 2	 5	 3	 2	 2	 2	 1	 0	 1	 1	 2	 2	 1	416.28	  0.00
339	29	18	v	 1	 2	 5	 0	 1	 3	 2	 0	 0	 1	 1	 1	 1	 1	618.91	  0.00
340	29	18	v	 1	 2	 5	 1	 1	 3	 2	 1	 0	 1	 1	 1	 1	 1	625.15	  0.00
341	29	18	v	 1	 2	 5	 2	 2	 3	 2	 0	 0	 1	 1	 1	 1	 1	516.21	  0.00
342	29	18	v	 1	 2	 5	 3	 2	 1	 1	 0	 0	 1	 1	 2	 2	 1	767.42	  0.00
343	29	18	v	 1	 2	 5	 0	 1	 0	 1	 0	 0	 1	 1	 2	 1	 0	667.44	  0.00
344	29	18	v	 1	 2	 5	 2	 2	 1	 1	 1	 0	 1	 1	 2	 2	 1	600.01	  0.00
345	29	18	v	 1	 2	 5	 0	 1	 2	 2	 1	 0	 1	 1	 1	 1	 1	786.02	  0.00
346	29	18	v	 1	 2	 5	 3	 2	 3	 2	 0	 0	 1	 1	 1	 1	 1	677.89	  0.00
347	29	18	v	 1	 2	 5	 0	 1	 2	 2	 0	 0	 1	 1	 1	 1	 1	569.83	  0.00
348	29	18	v	 1	 2	 5	 1	 1	 2	 2	 1	 0	 1	 1	 1	 1	 1	665.92	  0.00
349	29	18	v	 1	 2	 5	 2	 2	 3	 2	 1	 0	 1	 1	 2	 2	 1	507.88	  0.00
350	29	18	v	 1	 2	 5	 1	 1	 1	 1	 1	 0	 1	 1	 1	 1	 1	498.10	  0.00
351	29	18	v	 1	 2	 5	 1	 1	 0	 1	 0	 0	 1	 1	 2	 2	 1	602.42	  0.00
352	29	18	v	 1	 2	 5	 1	 1	 2	 2	 0	 0	 1	 1	 1	 1	 1	535.28	  0.00
353	29	18	v	 1	 2	 5	 3	 2	 1	 1	 0	 0	 1	 1	 2	 2	 1	574.38	  0.00
354	29	18	v	 1	 2	 5	 0	 1	 0	 1	 1	 0	 1	 1	 1	 1	 1	564.05	  0.00
355	29	18	v	 1	 2	 5	 2	 2	 1	 1	 0	 0	 1	 1	 2	 2	 1	529.95	  0.00
356	29	18	v	 1	 2	 5	 2	 2	 1	 1	 1	 0	 1	 1	 2	 1	 0	422.14	  0.00
357	29	18	v	 1	 2	 5	 0	 1	 1	 1	 0	 0	 1	 1	 2	 2	 1	591.88	  0.00
358	29	18	v	 1	 2	 5	 1	 1	 1	 1	 1	 0	 1	 1	 1	 1	 1	466.74	  0.00
359	29	18	v	 1	 2	 5	 1	 1	 2	 2	 0	 0	 1	 1	 1	 1	 1	701.65	  0.00
360	29	18	v	 1	 2	 5	 1	 1	 1	 1	 0	 0	 1	 1	 2	 2	 1	838.40	  0.00
361	29	18	v	 1	 2	 5	 3	 2	 0	 1	 1	 0	 1	 1	 2	 2	 1	575.04	  0.00
362	29	18	v	 1	 2	 5	 1	 1	 2	 2	 1	 0	 1	 1	 1	 1	 1	654.69	  0.00
363	29	18	v	 1	 2	 5	 3	 2	 1	 1	 1	 0	 1	 1	 2	 2	 1	514.03	  0.00
364	29	18	v	 1	 2	 5	 2	 2	 0	 1	 1	 0	 1	 1	 2	 2	 1	602.09	  0.00
365	29	18	v	 1	 2	 5	 0	 1	 0	 1	 0	 0	 1	 1	 2	 2	 1	673.92	  0.00
366	29	18	v	 1	 2	 5	 0	 1	 3	 2	 1	 0	 1	 1	 1	 1	 1	525.10	  0.00
367	29	18	v	 1	 2	 5	 2	 2	 0	 1	 0	 0	 1	 1	 2	 1	 0	465.13	  0.00
368	29	18	v	 1	 2	 5	 3	 2	 2	 2	 0	 0	 1	 1	 1	 1	 1	651.22	  0.00
369	29	18	v	 1	 2	 5	 3	 2	 0	 1	 1	 0	 1	 1	 2	 2	 1	526.85	  0.00
370	29	18	v	 1	 2	 5	 3	 2	 3	 2	 1	 0	 1	 1	 2	 2	 1	508.14	  0.00
371	29	18	v	 1	 2	 5	 3	 2	 0	 1	 0	 0	 1	 1	 2	 2	 1	515.26	  0.00
372	29	18	v	 1	 2	 5	 2	 2	 2	 2	 0	 0	 1	 1	 1	 0	 0	2000.20	  0.00
373	29	18	v	 1	 2	 5	 1	 1	 3	 2	 0	 0	 1	 1	 1	 1	 1	787.11	  0.00
374	29	18	v	 1	 2	 5	 2	 2	 0	 1	 0	 0	 1	 1	 2	 2	 1	726.90	  0.00
375	29	18	v	 1	 2	 5	 1	 1	 0	 1	 0	 0	 1	 1	 2	 1	 0	496.36	  0.00
376	29	18	v	 1	 2	 5	 1	 1	 3	 2	 0	 0	 1	 1	 1	 1	 1	527.32	  0.00
377	29	18	v	 1	 2	 5	 2	 2	 2	 2	 0	 0	 1	 1	 1	 2	 0	419.47	  0.00
378	29	18	v	 1	 2	 5	 2	 2	 2	 2	 1	 0	 1	 1	 2	 2	 1	556.63	  0.00
379	29	18	v	 1	 2	 5	 1	 1	 3	 2	 1	 0	 1	 1	 1	 1	 1	636.47	  0.00
380	29	18	v	 1	 2	 5	 2	 2	 1	 1	 0	 0	 1	 1	 2	 2	 1	618.34	  0.00
381	29	18	v	 1	 2	 5	 0	 1	 0	 1	 1	 0	 1	 1	 1	 1	 1	648.84	  0.00
382	29	18	v	 1	 2	 5	 3	 2	 2	 2	 1	 0	 1	 1	 2	 2	 1	572.54	  0.00
383	29	18	v	 1	 2	 5	 0	 1	 1	 1	 1	 0	 1	 1	 1	 1	 1	709.53	  0.00
384	29	18	v	 1	 2	 6	 3	 2	 1	 1	 1	 0	 1	 1	 2	 2	 1	625.26	  0.00
385	29	18	v	 1	 2	 6	 2	 2	 0	 1	 0	 0	 1	 1	 2	 2	 1	803.62	  0.00
386	29	18	v	 1	 2	 6	 0	 1	 3	 2	 1	 0	 1	 1	 1	 1	 1	605.41	  0.00
387	29	18	v	 1	 2	 6	 2	 2	 3	 2	 1	 0	 1	 1	 2	 2	 1	497.61	  0.00
388	29	18	v	 1	 2	 6	 0	 1	 1	 1	 0	 0	 1	 1	 2	 1	 0	381.81	  0.00
389	29	18	v	 1	 2	 6	 0	 1	 0	 1	 0	 0	 1	 1	 2	 2	 1	649.52	  0.00
390	29	18	v	 1	 2	 6	 2	 2	 0	 1	 1	 0	 1	 1	 2	 2	 1	712.80	  0.00
391	29	18	v	 1	 2	 6	 3	 2	 2	 2	 0	 0	 1	 1	 1	 1	 1	603.23	  0.00
392	29	18	v	 1	 2	 6	 1	 1	 3	 2	 0	 0	 1	 1	 1	 1	 1	585.53	  0.00
393	29	18	v	 1	 2	 6	 0	 1	 0	 1	 1	 0	 1	 1	 1	 1	 1	885.62	  0.00
394	29	18	v	 1	 2	 6	 0	 1	 3	 2	 0	 0	 1	 1	 1	 1	 1	581.47	  0.00
395	29	18	v	 1	 2	 6	 3	 2	 1	 1	 0	 0	 1	 1	 2	 2	 1	644.91	  0.00
396	29	18	v	 1	 2	 6	 0	 1	 3	 2	 1	 0	 1	 1	 1	 1	 1	993.67	  0.00
397	29	18	v	 1	 2	 6	 1	 1	 0	 1	 0	 0	 1	 1	 2	 2	 1	681.39	  0.00
398	29	18	v	 1	 2	 6	 3	 2	 3	 2	 0	 0	 1	 1	 1	 1	 1	597.73	  0.00
399	29	18	v	 1	 2	 6	 0	 1	 0	 1	 0	 0	 1	 1	 2	 2	 1	571.48	  0.00
400	29	18	v	 1	 2	 6	 0	 1	 2	 2	 0	 0	 1	 1	 1	 1	 1	707.44	  0.00
401	29	18	v	 1	 2	 6	 1	 1	 0	 1	 1	 0	 1	 1	 1	 1	 1	599.37	  0.00
402	29	18	v	 1	 2	 6	 3	 2	 1	 1	 0	 0	 1	 1	 2	 1	 0	621.91	  0.00
403	29	18	v	 1	 2	 6	 0	 1	 1	 1	 1	 0	 1	 1	 1	 1	 1	913.80	  0.00
404	29	18	v	 1	 2	 6	 1	 1	 3	 2	 0	 0	 1	 1	 1	 1	 1	666.76	  0.00
405	29	18	v	 1	 2	 6	 3	 2	 0	 1	 0	 0	 1	 1	 2	 2	 1	607.70	  0.00
406	29	18	v	 1	 2	 6	 0	 1	 3	 2	 0	 0	 1	 1	 1	 1	 1	622.14	  0.00
407	29	18	v	 1	 2	 6	 2	 2	 1	 1	 0	 0	 1	 1	 2	 2	 1	570.30	  0.00
408	29	18	v	 1	 2	 6	 1	 1	 3	 2	 1	 0	 1	 1	 1	 1	 1	568.36	  0.00
409	29	18	v	 1	 2	 6	 0	 1	 0	 1	 1	 0	 1	 1	 1	 1	 1	590.93	  0.00
410	29	18	v	 1	 2	 6	 2	 2	 3	 2	 1	 0	 1	 1	 2	 2	 1	581.15	  0.00
411	29	18	v	 1	 2	 6	 1	 1	 1	 1	 0	 0	 1	 1	 2	 2	 1	587.50	  0.00
412	29	18	v	 1	 2	 6	 2	 2	 0	 1	 1	 0	 1	 1	 2	 2	 1	520.43	  0.00
413	29	18	v	 1	 2	 6	 2	 2	 1	 1	 0	 0	 1	 1	 2	 2	 1	445.25	  0.00
414	29	18	v	 1	 2	 6	 0	 1	 1	 1	 1	 0	 1	 1	 1	 1	 1	500.67	  0.00
415	29	18	v	 1	 2	 6	 2	 2	 0	 1	 0	 0	 1	 1	 2	 1	 0	670.38	  0.00
416	29	18	v	 1	 2	 6	 3	 2	 3	 2	 1	 0	 1	 1	 2	 2	 1	660.25	  0.00
417	29	18	v	 1	 2	 6	 1	 1	 1	 1	 0	 0	 1	 1	 2	 2	 1	812.28	  0.00
418	29	18	v	 1	 2	 6	 2	 2	 1	 1	 1	 0	 1	 1	 2	 2	 1	826.51	  0.00
419	29	18	v	 1	 2	 6	 0	 1	 1	 1	 0	 0	 1	 1	 2	 2	 1	424.52	  0.00
420	29	18	v	 1	 2	 6	 3	 2	 0	 1	 0	 0	 1	 1	 2	 2	 1	610.59	  0.00
421	29	18	v	 1	 2	 6	 1	 1	 2	 2	 0	 0	 1	 1	 1	 1	 1	510.83	  0.00
422	29	18	v	 1	 2	 6	 2	 2	 3	 2	 0	 0	 1	 1	 1	 1	 1	533.64	  0.00
423	29	18	v	 1	 2	 6	 1	 1	 0	 1	 0	 0	 1	 1	 2	 2	 1	629.79	  0.00
424	29	18	v	 1	 2	 6	 2	 2	 1	 1	 1	 0	 1	 1	 2	 2	 1	561.44	  0.00
425	29	18	v	 1	 2	 6	 3	 2	 2	 2	 0	 0	 1	 1	 1	 1	 1	535.34	  0.00
426	29	18	v	 1	 2	 6	 3	 2	 3	 2	 1	 0	 1	 1	 2	 2	 1	533.55	  0.00
427	29	18	v	 1	 2	 6	 0	 1	 2	 2	 1	 0	 1	 1	 1	 1	 1	572.09	  0.00
428	29	18	v	 1	 2	 6	 3	 2	 2	 2	 1	 0	 1	 1	 2	 2	 1	489.28	  0.00
429	29	18	v	 1	 2	 6	 0	 1	 2	 2	 0	 0	 1	 1	 1	 1	 1	609.82	  0.00
430	29	18	v	 1	 2	 6	 1	 1	 1	 1	 1	 0	 1	 1	 1	 1	 1	583.01	  0.00
431	29	18	v	 1	 2	 6	 2	 2	 3	 2	 0	 0	 1	 1	 1	 1	 1	614.36	  0.00
432	29	18	v	 1	 2	 6	 0	 1	 2	 2	 1	 0	 1	 1	 1	 1	 1	677.78	  0.00
433	29	18	v	 1	 2	 6	 3	 2	 0	 1	 1	 0	 1	 1	 2	 2	 1	886.97	  0.00
434	29	18	v	 1	 2	 6	 1	 1	 2	 2	 0	 0	 1	 1	 1	 1	 1	517.53	  0.00
435	29	18	v	 1	 2	 6	 2	 2	 2	 2	 1	 0	 1	 1	 2	 2	 1	695.20	  0.00
436	29	18	v	 1	 2	 6	 2	 2	 2	 2	 0	 0	 1	 1	 1	 1	 1	644.35	  0.00
437	29	18	v	 1	 2	 6	 3	 2	 2	 2	 1	 0	 1	 1	 2	 2	 1	593.18	  0.00
438	29	18	v	 1	 2	 6	 3	 2	 0	 1	 1	 0	 1	 1	 2	 2	 1	607.90	  0.00
439	29	18	v	 1	 2	 6	 1	 1	 2	 2	 1	 0	 1	 1	 1	 1	 1	613.86	  0.00
440	29	18	v	 1	 2	 6	 1	 1	 3	 2	 1	 0	 1	 1	 1	 1	 1	553.78	  0.00
441	29	18	v	 1	 2	 6	 3	 2	 1	 1	 1	 0	 1	 1	 2	 2	 1	552.28	  0.00
442	29	18	v	 1	 2	 6	 1	 1	 1	 1	 1	 0	 1	 1	 1	 1	 1	558.60	  0.00
443	29	18	v	 1	 2	 6	 2	 2	 2	 2	 0	 0	 1	 1	 1	 1	 1	548.88	  0.00
444	29	18	v	 1	 2	 6	 1	 1	 2	 2	 1	 0	 1	 1	 1	 1	 1	645.02	  0.00
445	29	18	v	 1	 2	 6	 2	 2	 2	 2	 1	 0	 1	 1	 2	 2	 1	520.69	  0.00
446	29	18	v	 1	 2	 6	 3	 2	 3	 2	 0	 0	 1	 1	 1	 1	 1	600.53	  0.00
447	29	18	v	 1	 2	 6	 1	 1	 0	 1	 1	 0	 1	 1	 1	 1	 1	533.37	  0.00
448	29	18	v	 1	 2	 7	 2	 2	 1	 1	 0	 0	 1	 1	 2	 2	 1	637.76	  0.00
449	29	18	v	 1	 2	 7	 0	 1	 0	 1	 1	 0	 1	 1	 1	 1	 1	578.73	  0.00
450	29	18	v	 1	 2	 7	 2	 2	 2	 2	 1	 0	 1	 1	 2	 2	 1	510.66	  0.00
451	29	18	v	 1	 2	 7	 3	 2	 0	 1	 0	 0	 1	 1	 2	 2	 1	721.08	  0.00
452	29	18	v	 1	 2	 7	 0	 1	 0	 1	 1	 0	 1	 1	 1	 1	 1	612.93	  0.00
453	29	18	v	 1	 2	 7	 0	 1	 3	 2	 1	 0	 1	 1	 1	 1	 1	578.42	  0.00
454	29	18	v	 1	 2	 7	 3	 2	 0	 1	 0	 0	 1	 1	 2	 2	 1	984.62	  0.00
455	29	18	v	 1	 2	 7	 2	 2	 1	 1	 0	 0	 1	 1	 2	 2	 1	761.92	  0.00
456	29	18	v	 1	 2	 7	 3	 2	 2	 2	 0	 0	 1	 1	 1	 1	 1	670.01	  0.00
457	29	18	v	 1	 2	 7	 2	 2	 0	 1	 1	 0	 1	 1	 2	 1	 0	682.89	  0.00
458	29	18	v	 1	 2	 7	 3	 2	 3	 2	 0	 0	 1	 1	 1	 1	 1	1472.98	  0.00
459	29	18	v	 1	 2	 7	 1	 1	 3	 2	 0	 0	 1	 1	 1	 1	 1	490.64	  0.00
460	29	18	v	 1	 2	 7	 1	 1	 0	 1	 1	 0	 1	 1	 1	 1	 1	635.81	  0.00
461	29	18	v	 1	 2	 7	 1	 1	 3	 2	 1	 0	 1	 1	 1	 1	 1	544.18	  0.00
462	29	18	v	 1	 2	 7	 3	 2	 3	 2	 1	 0	 1	 1	 2	 2	 1	477.13	  0.00
463	29	18	v	 1	 2	 7	 2	 2	 3	 2	 0	 0	 1	 1	 1	 2	 0	867.15	  0.00
464	29	18	v	 1	 2	 7	 1	 1	 3	 2	 0	 0	 1	 1	 1	 1	 1	677.22	  0.00
465	29	18	v	 1	 2	 7	 1	 1	 1	 1	 1	 0	 1	 1	 1	 1	 1	568.15	  0.00
466	29	18	v	 1	 2	 7	 1	 1	 0	 1	 1	 0	 1	 1	 1	 1	 1	509.29	  0.00
467	29	18	v	 1	 2	 7	 3	 2	 0	 1	 1	 0	 1	 1	 2	 2	 1	507.61	  0.00
468	29	18	v	 1	 2	 7	 2	 2	 2	 2	 1	 0	 1	 1	 2	 2	 1	481.21	  0.00
469	29	18	v	 1	 2	 7	 1	 1	 2	 2	 1	 0	 1	 1	 1	 1	 1	642.64	  0.00
470	29	18	v	 1	 2	 7	 0	 1	 0	 1	 0	 0	 1	 1	 2	 2	 1	983.68	  0.00
471	29	18	v	 1	 2	 7	 2	 2	 3	 2	 0	 0	 1	 1	 1	 1	 1	654.87	  0.00
472	29	18	v	 1	 2	 7	 1	 1	 1	 1	 0	 0	 1	 1	 2	 2	 1	620.36	  0.00
473	29	18	v	 1	 2	 7	 0	 1	 3	 2	 0	 0	 1	 1	 1	 1	 1	798.00	  0.00
474	29	18	v	 1	 2	 7	 1	 1	 3	 2	 1	 0	 1	 1	 1	 1	 1	647.96	  0.00
475	29	18	v	 1	 2	 7	 2	 2	 1	 1	 1	 0	 1	 1	 2	 2	 1	515.46	  0.00
476	29	18	v	 1	 2	 7	 0	 1	 3	 2	 0	 0	 1	 1	 1	 2	 0	742.28	  0.00
477	29	18	v	 1	 2	 7	 0	 1	 3	 2	 1	 0	 1	 1	 1	 1	 1	1890.70	  0.00
478	29	18	v	 1	 2	 7	 0	 1	 1	 1	 0	 0	 1	 1	 2	 1	 0	842.60	  0.00
479	29	18	v	 1	 2	 7	 2	 2	 2	 2	 0	 0	 1	 1	 1	 1	 1	530.34	  0.00
480	29	18	v	 1	 2	 7	 0	 1	 1	 1	 1	 0	 1	 1	 1	 1	 1	561.22	  0.00
481	29	18	v	 1	 2	 7	 3	 2	 1	 1	 0	 0	 1	 1	 2	 2	 1	755.26	  0.00
482	29	18	v	 1	 2	 7	 2	 2	 3	 2	 1	 0	 1	 1	 2	 2	 1	564.57	  0.00
483	29	18	v	 1	 2	 7	 3	 2	 1	 1	 0	 0	 1	 1	 2	 2	 1	668.78	  0.00
484	29	18	v	 1	 2	 7	 3	 2	 0	 1	 1	 0	 1	 1	 2	 2	 1	707.31	  0.00
485	29	18	v	 1	 2	 7	 2	 2	 3	 2	 1	 0	 1	 1	 2	 2	 1	1138.12	  0.00
486	29	18	v	 1	 2	 7	 0	 1	 1	 1	 0	 0	 1	 1	 2	 2	 1	719.33	  0.00
487	29	18	v	 1	 2	 7	 2	 2	 0	 1	 1	 0	 1	 1	 2	 2	 1	619.48	  0.00
488	29	18	v	 1	 2	 7	 0	 1	 2	 2	 1	 0	 1	 1	 1	 1	 1	553.28	  0.00
489	29	18	v	 1	 2	 7	 1	 1	 0	 1	 0	 0	 1	 1	 2	 2	 1	1112.54	  0.00
490	29	18	v	 1	 2	 7	 3	 2	 2	 2	 0	 0	 1	 1	 1	 1	 1	571.43	  0.00
491	29	18	v	 1	 2	 7	 2	 2	 1	 1	 1	 0	 1	 1	 2	 2	 1	740.96	  0.00
492	29	18	v	 1	 2	 7	 3	 2	 3	 2	 1	 0	 1	 1	 2	 2	 1	543.10	  0.00
493	29	18	v	 1	 2	 7	 0	 1	 2	 2	 0	 0	 1	 1	 1	 1	 1	663.72	  0.00
494	29	18	v	 1	 2	 7	 0	 1	 1	 1	 1	 0	 1	 1	 1	 1	 1	930.94	  0.00
495	29	18	v	 1	 2	 7	 3	 2	 1	 1	 1	 0	 1	 1	 2	 2	 1	643.16	  0.00
496	29	18	v	 1	 2	 7	 3	 2	 3	 2	 0	 0	 1	 1	 1	 2	 0	861.58	  0.00
497	29	18	v	 1	 2	 7	 3	 2	 2	 2	 1	 0	 1	 1	 2	 2	 1	647.13	  0.00
498	29	18	v	 1	 2	 7	 1	 1	 2	 2	 0	 0	 1	 1	 1	 1	 1	546.26	  0.00
499	29	18	v	 1	 2	 7	 1	 1	 1	 1	 0	 0	 1	 1	 2	 2	 1	911.66	  0.00
500	29	18	v	 1	 2	 7	 3	 2	 2	 2	 1	 0	 1	 1	 2	 2	 1	696.97	  0.00
501	29	18	v	 1	 2	 7	 2	 2	 0	 1	 0	 0	 1	 1	 2	 2	 1	915.59	  0.00
502	29	18	v	 1	 2	 7	 1	 1	 2	 2	 0	 0	 1	 1	 1	 1	 1	831.76	  0.00
503	29	18	v	 1	 2	 7	 0	 1	 0	 1	 0	 0	 1	 1	 2	 2	 1	829.58	  0.00
504	29	18	v	 1	 2	 7	 1	 1	 0	 1	 0	 0	 1	 1	 2	 2	 1	630.69	  0.00
505	29	18	v	 1	 2	 7	 3	 2	 1	 1	 1	 0	 1	 1	 2	 2	 1	587.17	  0.00
506	29	18	v	 1	 2	 7	 0	 1	 2	 2	 0	 0	 1	 1	 1	 1	 1	855.34	  0.00
507	29	18	v	 1	 2	 7	 2	 2	 0	 1	 0	 0	 1	 1	 2	 2	 1	730.70	  0.00
508	29	18	v	 1	 2	 7	 2	 2	 2	 2	 0	 0	 1	 1	 1	 2	 0	565.50	  0.00
509	29	18	v	 1	 2	 7	 1	 1	 1	 1	 1	 0	 1	 1	 1	 1	 1	637.07	  0.00
510	29	18	v	 1	 2	 7	 1	 1	 2	 2	 1	 0	 1	 1	 1	 1	 1	879.83	  0.00
511	29	18	v	 1	 2	 7	 0	 1	 2	 2	 1	 0	 1	 1	 1	 1	 1	437.15	  0.00
512	29	18	v	 1	 2	 8	 1	 1	 2	 2	 1	 1	 1	 0	 2	 2	 1	897.47	  0.00
513	29	18	v	 1	 2	 8	 0	 1	 1	 1	 1	 1	 1	 0	 2	 2	 1	519.57	  0.00
514	29	18	v	 1	 2	 8	 1	 1	 3	 2	 1	 1	 1	 0	 2	 2	 1	394.73	  0.00
515	29	18	v	 1	 2	 8	 0	 1	 1	 1	 1	 1	 1	 0	 2	 2	 1	401.07	  0.00
516	29	18	v	 1	 2	 8	 0	 1	 2	 2	 0	 1	 1	 0	 2	 2	 1	554.05	  0.00
517	29	18	v	 1	 2	 8	 3	 2	 0	 1	 1	 1	 1	 0	 1	 1	 1	478.15	  0.00
518	29	18	v	 1	 2	 8	 1	 1	 0	 1	 1	 1	 1	 0	 2	 2	 1	533.33	  0.00
519	29	18	v	 1	 2	 8	 2	 2	 1	 1	 0	 1	 1	 0	 1	 1	 1	490.32	  0.00
520	29	18	v	 1	 2	 8	 2	 2	 3	 2	 0	 1	 1	 0	 1	 1	 1	421.71	  0.00
521	29	18	v	 1	 2	 8	 1	 1	 0	 1	 1	 1	 1	 0	 2	 2	 1	591.19	  0.00
522	29	18	v	 1	 2	 8	 0	 1	 2	 2	 1	 1	 1	 0	 2	 2	 1	654.15	  0.00
523	29	18	v	 1	 2	 8	 0	 1	 0	 1	 1	 1	 1	 0	 2	 2	 1	520.99	  0.00
524	29	18	v	 1	 2	 8	 0	 1	 3	 2	 1	 1	 1	 0	 2	 2	 1	461.83	  0.00
525	29	18	v	 1	 2	 8	 0	 1	 1	 1	 0	 1	 1	 0	 2	 2	 1	459.75	  0.00
526	29	18	v	 1	 2	 8	 2	 2	 0	 1	 0	 1	 1	 0	 1	 1	 1	514.74	  0.00
527	29	18	v	 1	 2	 8	 3	 2	 3	 2	 1	 1	 1	 0	 1	 1	 1	462.23	  0.00
528	29	18	v	 1	 2	 8	 2	 2	 1	 1	 1	 1	 1	 0	 1	 1	 1	435.38	  0.00
529	29	18	v	 1	 2	 8	 3	 2	 2	 2	 0	 1	 1	 0	 1	 1	 1	956.02	  0.00
530	29	18	v	 1	 2	 8	 2	 2	 0	 1	 1	 1	 1	 0	 1	 1	 1	561.62	  0.00
531	29	18	v	 1	 2	 8	 1	 1	 2	 2	 0	 1	 1	 0	 2	 2	 1	877.60	  0.00
532	29	18	v	 1	 2	 8	 2	 2	 3	 2	 1	 1	 1	 0	 1	 1	 1	540.38	  0.00
533	29	18	v	 1	 2	 8	 2	 2	 2	 2	 0	 1	 1	 0	 1	 1	 1	471.72	  0.00
534	29	18	v	 1	 2	 8	 3	 2	 3	 2	 1	 1	 1	 0	 1	 1	 1	412.41	  0.00
535	29	18	v	 1	 2	 8	 3	 2	 1	 1	 0	 1	 1	 0	 1	 1	 1	451.20	  0.00
536	29	18	v	 1	 2	 8	 0	 1	 3	 2	 0	 1	 1	 0	 2	 2	 1	547.21	  0.00
537	29	18	v	 1	 2	 8	 2	 2	 2	 2	 0	 1	 1	 0	 1	 1	 1	552.90	  0.00
538	29	18	v	 1	 2	 8	 2	 2	 0	 1	 0	 1	 1	 0	 1	 1	 1	461.23	  0.00
539	29	18	v	 1	 2	 8	 1	 1	 1	 1	 0	 1	 1	 0	 2	 2	 1	467.20	  0.00
540	29	18	v	 1	 2	 8	 2	 2	 2	 2	 1	 1	 1	 0	 1	 1	 1	456.87	  0.00
541	29	18	v	 1	 2	 8	 3	 2	 0	 1	 1	 1	 1	 0	 1	 1	 1	592.50	  0.00
542	29	18	v	 1	 2	 8	 3	 2	 0	 1	 0	 1	 1	 0	 1	 1	 1	622.83	  0.00
543	29	18	v	 1	 2	 8	 3	 2	 1	 1	 0	 1	 1	 0	 1	 1	 1	351.30	  0.00
544	29	18	v	 1	 2	 8	 0	 1	 0	 1	 0	 1	 1	 0	 2	 2	 1	569.65	  0.00
545	29	18	v	 1	 2	 8	 3	 2	 0	 1	 0	 1	 1	 0	 1	 1	 1	469.43	  0.00
546	29	18	v	 1	 2	 8	 1	 1	 2	 2	 0	 1	 1	 0	 2	 2	 1	500.00	  0.00
547	29	18	v	 1	 2	 8	 1	 1	 0	 1	 0	 1	 1	 0	 2	 2	 1	513.94	  0.00
548	29	18	v	 1	 2	 8	 1	 1	 1	 1	 1	 1	 1	 0	 2	 2	 1	429.37	  0.00
549	29	18	v	 1	 2	 8	 2	 2	 3	 2	 1	 1	 1	 0	 1	 1	 1	541.33	  0.00
550	29	18	v	 1	 2	 8	 2	 2	 0	 1	 1	 1	 1	 0	 1	 1	 1	522.94	  0.00
551	29	18	v	 1	 2	 8	 0	 1	 1	 1	 0	 1	 1	 0	 2	 2	 1	545.08	  0.00
552	29	18	v	 1	 2	 8	 1	 1	 3	 2	 0	 1	 1	 0	 2	 2	 1	461.44	  0.00
553	29	18	v	 1	 2	 8	 0	 1	 0	 1	 1	 1	 1	 0	 2	 2	 1	483.80	  0.00
554	29	18	v	 1	 2	 8	 2	 2	 2	 2	 1	 1	 1	 0	 1	 1	 1	456.95	  0.00
555	29	18	v	 1	 2	 8	 1	 1	 1	 1	 1	 1	 1	 0	 2	 2	 1	641.11	  0.00
556	29	18	v	 1	 2	 8	 3	 2	 3	 2	 0	 1	 1	 0	 1	 1	 1	476.11	  0.00
557	29	18	v	 1	 2	 8	 2	 2	 1	 1	 0	 1	 1	 0	 1	 1	 1	424.95	  0.00
558	29	18	v	 1	 2	 8	 1	 1	 2	 2	 1	 1	 1	 0	 2	 2	 1	504.58	  0.00
559	29	18	v	 1	 2	 8	 3	 2	 3	 2	 0	 1	 1	 0	 1	 1	 1	608.44	  0.00
560	29	18	v	 1	 2	 8	 2	 2	 3	 2	 0	 1	 1	 0	 1	 1	 1	442.91	  0.00
561	29	18	v	 1	 2	 8	 0	 1	 0	 1	 0	 1	 1	 0	 2	 2	 1	685.65	  0.00
562	29	18	v	 1	 2	 8	 3	 2	 1	 1	 1	 1	 1	 0	 1	 1	 1	559.73	  0.00
563	29	18	v	 1	 2	 8	 3	 2	 2	 2	 1	 1	 1	 0	 1	 1	 1	418.73	  0.00
564	29	18	v	 1	 2	 8	 1	 1	 3	 2	 1	 1	 1	 0	 2	 2	 1	465.45	  0.00
565	29	18	v	 1	 2	 8	 3	 2	 1	 1	 1	 1	 1	 0	 1	 1	 1	1287.46	  0.00
566	29	18	v	 1	 2	 8	 0	 1	 2	 2	 0	 1	 1	 0	 2	 2	 1	729.28	  0.00
567	29	18	v	 1	 2	 8	 2	 2	 1	 1	 1	 1	 1	 0	 1	 1	 1	996.31	  0.00
568	29	18	v	 1	 2	 8	 0	 1	 3	 2	 1	 1	 1	 0	 2	 2	 1	453.92	  0.00
569	29	18	v	 1	 2	 8	 3	 2	 2	 2	 1	 1	 1	 0	 1	 1	 1	451.75	  0.00
570	29	18	v	 1	 2	 8	 1	 1	 1	 1	 0	 1	 1	 0	 2	 2	 1	441.34	  0.00
571	29	18	v	 1	 2	 8	 1	 1	 0	 1	 0	 1	 1	 0	 2	 2	 1	504.48	  0.00
572	29	18	v	 1	 2	 8	 0	 1	 2	 2	 1	 1	 1	 0	 2	 2	 1	445.36	  0.00
573	29	18	v	 1	 2	 8	 3	 2	 2	 2	 0	 1	 1	 0	 1	 1	 1	467.74	  0.00
574	29	18	v	 1	 2	 8	 0	 1	 3	 2	 0	 1	 1	 0	 2	 2	 1	481.87	  0.00
575	29	18	v	 1	 2	 8	 1	 1	 3	 2	 0	 1	 1	 0	 2	 2	 1	438.99	  0.00
576	29	18	v	 1	 2	 9	 1	 1	 1	 1	 0	 1	 1	 0	 2	 2	 1	964.57	  0.00
577	29	18	v	 1	 2	 9	 1	 1	 2	 2	 0	 1	 1	 0	 2	 2	 1	463.67	  0.00
578	29	18	v	 1	 2	 9	 0	 1	 0	 1	 0	 1	 1	 0	 2	 2	 1	363.82	  0.00
579	29	18	v	 1	 2	 9	 0	 1	 0	 1	 1	 1	 1	 0	 2	 2	 1	370.34	  0.00
580	29	18	v	 1	 2	 9	 0	 1	 3	 2	 0	 1	 1	 0	 2	 2	 1	360.92	  0.00
581	29	18	v	 1	 2	 9	 3	 2	 3	 2	 1	 1	 1	 0	 1	 1	 1	375.70	  0.00
582	29	18	v	 1	 2	 9	 3	 2	 2	 2	 1	 1	 1	 0	 1	 1	 1	545.54	  0.00
583	29	18	v	 1	 2	 9	 0	 1	 3	 2	 1	 1	 1	 0	 2	 2	 1	405.06	  0.00
584	29	18	v	 1	 2	 9	 2	 2	 2	 2	 0	 1	 1	 0	 1	 1	 1	427.76	  0.00
585	29	18	v	 1	 2	 9	 2	 2	 0	 1	 1	 1	 1	 0	 1	 1	 1	450.65	  0.00
586	29	18	v	 1	 2	 9	 2	 2	 1	 1	 0	 1	 1	 0	 1	 1	 1	375.81	  0.00
587	29	18	v	 1	 2	 9	 3	 2	 0	 1	 0	 1	 1	 0	 1	 1	 1	464.01	  0.00
588	29	18	v	 1	 2	 9	 0	 1	 1	 1	 1	 1	 1	 0	 2	 2	 1	445.88	  0.00
589	29	18	v	 1	 2	 9	 2	 2	 2	 2	 0	 1	 1	 0	 1	 1	 1	410.70	  0.00
590	29	18	v	 1	 2	 9	 1	 1	 3	 2	 0	 1	 1	 0	 2	 2	 1	319.43	  0.00
591	29	18	v	 1	 2	 9	 3	 2	 2	 2	 1	 1	 1	 0	 1	 1	 1	448.24	  0.00
592	29	18	v	 1	 2	 9	 2	 2	 3	 2	 1	 1	 1	 0	 1	 2	 0	291.82	  0.00
593	29	18	v	 1	 2	 9	 0	 1	 3	 2	 0	 1	 1	 0	 2	 2	 1	428.96	  0.00
594	29	18	v	 1	 2	 9	 2	 2	 2	 2	 1	 1	 1	 0	 1	 1	 1	443.94	  0.00
595	29	18	v	 1	 2	 9	 0	 1	 2	 2	 0	 1	 1	 0	 2	 2	 1	352.48	  0.00
596	29	18	v	 1	 2	 9	 0	 1	 0	 1	 1	 1	 1	 0	 2	 2	 1	497.92	  0.00
597	29	18	v	 1	 2	 9	 0	 1	 2	 2	 1	 1	 1	 0	 2	 2	 1	324.80	  0.00
598	29	18	v	 1	 2	 9	 1	 1	 0	 1	 0	 1	 1	 0	 2	 2	 1	387.79	  0.00
599	29	18	v	 1	 2	 9	 1	 1	 1	 1	 1	 1	 1	 0	 2	 2	 1	361.65	  0.00
600	29	18	v	 1	 2	 9	 1	 1	 0	 1	 1	 1	 1	 0	 2	 2	 1	384.59	  0.00
601	29	18	v	 1	 2	 9	 2	 2	 1	 1	 1	 1	 1	 0	 1	 1	 1	481.04	  0.00
602	29	18	v	 1	 2	 9	 3	 2	 0	 1	 1	 1	 1	 0	 1	 1	 1	511.81	  0.00
603	29	18	v	 1	 2	 9	 3	 2	 1	 1	 1	 1	 1	 0	 1	 1	 1	403.94	  0.00
604	29	18	v	 1	 2	 9	 3	 2	 0	 1	 1	 1	 1	 0	 1	 1	 1	484.18	  0.00
605	29	18	v	 1	 2	 9	 0	 1	 3	 2	 1	 1	 1	 0	 2	 2	 1	482.29	  0.00
606	29	18	v	 1	 2	 9	 2	 2	 2	 2	 1	 1	 1	 0	 1	 1	 1	422.95	  0.00
607	29	18	v	 1	 2	 9	 2	 2	 1	 1	 0	 1	 1	 0	 1	 1	 1	479.06	  0.00
608	29	18	v	 1	 2	 9	 1	 1	 3	 2	 1	 1	 1	 0	 2	 2	 1	508.57	  0.00
609	29	18	v	 1	 2	 9	 3	 2	 3	 2	 0	 1	 1	 0	 1	 1	 1	474.84	  0.00
610	29	18	v	 1	 2	 9	 2	 2	 3	 2	 0	 1	 1	 0	 1	 1	 1	538.41	  0.00
611	29	18	v	 1	 2	 9	 2	 2	 1	 1	 1	 1	 1	 0	 1	 1	 1	373.51	  0.00
612	29	18	v	 1	 2	 9	 2	 2	 0	 1	 0	 1	 1	 0	 1	 1	 1	1367.41	  0.00
613	29	18	v	 1	 2	 9	 0	 1	 2	 2	 0	 1	 1	 0	 2	 2	 1	450.66	  0.00
614	29	18	v	 1	 2	 9	 2	 2	 3	 2	 1	 1	 1	 0	 1	 1	 1	391.67	  0.00
615	29	18	v	 1	 2	 9	 3	 2	 1	 1	 0	 1	 1	 0	 1	 1	 1	454.58	  0.00
616	29	18	v	 1	 2	 9	 1	 1	 0	 1	 0	 1	 1	 0	 2	 2	 1	461.33	  0.00
617	29	18	v	 1	 2	 9	 3	 2	 1	 1	 0	 1	 1	 0	 1	 1	 1	352.27	  0.00
618	29	18	v	 1	 2	 9	 1	 1	 3	 2	 0	 1	 1	 0	 2	 2	 1	490.64	  0.00
619	29	18	v	 1	 2	 9	 2	 2	 0	 1	 1	 1	 1	 0	 1	 1	 1	374.69	  0.00
620	29	18	v	 1	 2	 9	 3	 2	 2	 2	 0	 1	 1	 0	 1	 1	 1	593.50	  0.00
621	29	18	v	 1	 2	 9	 3	 2	 2	 2	 0	 1	 1	 0	 1	 1	 1	477.18	  0.00
622	29	18	v	 1	 2	 9	 2	 2	 0	 1	 0	 1	 1	 0	 1	 1	 1	394.18	  0.00
623	29	18	v	 1	 2	 9	 0	 1	 1	 1	 1	 1	 1	 0	 2	 2	 1	449.49	  0.00
624	29	18	v	 1	 2	 9	 2	 2	 3	 2	 0	 1	 1	 0	 1	 1	 1	325.71	  0.00
625	29	18	v	 1	 2	 9	 1	 1	 2	 2	 1	 1	 1	 0	 2	 2	 1	364.79	  0.00
626	29	18	v	 1	 2	 9	 0	 1	 0	 1	 0	 1	 1	 0	 2	 2	 1	484.46	  0.00
627	29	18	v	 1	 2	 9	 3	 2	 3	 2	 0	 1	 1	 0	 1	 1	 1	360.84	  0.00
628	29	18	v	 1	 2	 9	 1	 1	 0	 1	 1	 1	 1	 0	 2	 2	 1	497.88	  0.00
629	29	18	v	 1	 2	 9	 3	 2	 0	 1	 0	 1	 1	 0	 1	 1	 1	365.71	  0.00
630	29	18	v	 1	 2	 9	 3	 2	 1	 1	 1	 1	 1	 0	 1	 1	 1	437.59	  0.00
631	29	18	v	 1	 2	 9	 1	 1	 3	 2	 1	 1	 1	 0	 2	 2	 1	468.57	  0.00
632	29	18	v	 1	 2	 9	 1	 1	 2	 2	 1	 1	 1	 0	 2	 1	 0	271.14	  0.00
633	29	18	v	 1	 2	 9	 0	 1	 2	 2	 1	 1	 1	 0	 2	 2	 1	481.97	  0.00
634	29	18	v	 1	 2	 9	 0	 1	 1	 1	 0	 1	 1	 0	 2	 2	 1	406.67	  0.00
635	29	18	v	 1	 2	 9	 0	 1	 1	 1	 0	 1	 1	 0	 2	 2	 1	348.12	  0.00
636	29	18	v	 1	 2	 9	 1	 1	 2	 2	 0	 1	 1	 0	 2	 2	 1	330.12	  0.00
637	29	18	v	 1	 2	 9	 3	 2	 3	 2	 1	 1	 1	 0	 1	 1	 1	434.04	  0.00
638	29	18	v	 1	 2	 9	 1	 1	 1	 1	 0	 1	 1	 0	 2	 2	 1	489.45	  0.00
639	29	18	v	 1	 2	 9	 1	 1	 1	 1	 1	 1	 1	 0	 2	 2	 1	479.63	  0.00
640	29	18	v	 1	 2	10	 2	 2	 1	 1	 1	 1	 1	 0	 1	 0	 0	2000.20	  0.00
641	29	18	v	 1	 2	10	 2	 2	 3	 2	 0	 1	 1	 0	 1	 1	 1	1547.28	  0.00
642	29	18	v	 1	 2	10	 3	 2	 3	 2	 1	 1	 1	 0	 1	 1	 1	1151.50	  0.00
643	29	18	v	 1	 2	10	 0	 1	 0	 1	 1	 1	 1	 0	 2	 2	 1	634.58	  0.00
644	29	18	v	 1	 2	10	 3	 2	 2	 2	 0	 1	 1	 0	 1	 1	 1	632.45	  0.00
645	29	18	v	 1	 2	10	 2	 2	 2	 2	 0	 1	 1	 0	 1	 1	 1	563.77	  0.00
646	29	18	v	 1	 2	10	 1	 1	 0	 1	 1	 1	 1	 0	 2	 2	 1	561.55	  0.00
647	29	18	v	 1	 2	10	 2	 2	 1	 1	 0	 1	 1	 0	 2	 2	 1	681.64	  0.00
648	29	18	v	 1	 2	10	 1	 1	 1	 1	 0	 1	 1	 0	 2	 2	 1	515.98	  0.00
649	29	18	v	 1	 2	10	 1	 1	 2	 2	 1	 1	 1	 0	 2	 2	 1	579.06	  0.00
650	29	18	v	 1	 2	10	 2	 2	 2	 2	 1	 1	 1	 0	 1	 1	 1	511.54	  0.00
651	29	18	v	 1	 2	10	 0	 1	 1	 1	 0	 1	 1	 0	 2	 2	 1	721.53	  0.00
652	29	18	v	 1	 2	10	 2	 2	 0	 1	 0	 1	 1	 0	 2	 2	 1	848.58	  0.00
653	29	18	v	 1	 2	10	 1	 1	 0	 1	 0	 1	 1	 0	 2	 2	 1	470.48	  0.00
654	29	18	v	 1	 2	10	 1	 1	 3	 2	 0	 1	 1	 0	 1	 1	 1	590.81	  0.00
655	29	18	v	 1	 2	10	 0	 1	 3	 2	 1	 1	 1	 0	 2	 2	 1	1045.44	  0.00
656	29	18	v	 1	 2	10	 3	 2	 0	 1	 1	 1	 1	 0	 1	 1	 1	659.03	  0.00
657	29	18	v	 1	 2	10	 0	 1	 3	 2	 0	 1	 1	 0	 1	 1	 1	697.42	  0.00
658	29	18	v	 1	 2	10	 2	 2	 0	 1	 1	 1	 1	 0	 1	 1	 1	703.11	  0.00
659	29	18	v	 1	 2	10	 3	 2	 1	 1	 0	 1	 1	 0	 2	 2	 1	715.98	  0.00
660	29	18	v	 1	 2	10	 2	 2	 3	 2	 0	 1	 1	 0	 1	 1	 1	561.37	  0.00
661	29	18	v	 1	 2	10	 1	 1	 0	 1	 0	 1	 1	 0	 2	 2	 1	621.46	  0.00
662	29	18	v	 1	 2	10	 2	 2	 2	 2	 1	 1	 1	 0	 1	 1	 1	610.96	  0.00
663	29	18	v	 1	 2	10	 1	 1	 3	 2	 0	 1	 1	 0	 1	 1	 1	820.84	  0.00
664	29	18	v	 1	 2	10	 1	 1	 1	 1	 1	 1	 1	 0	 2	 2	 1	516.22	  0.00
665	29	18	v	 1	 2	10	 3	 2	 2	 2	 0	 1	 1	 0	 1	 1	 1	994.46	  0.00
666	29	18	v	 1	 2	10	 2	 2	 1	 1	 0	 1	 1	 0	 2	 2	 1	640.77	  0.00
667	29	18	v	 1	 2	10	 3	 2	 0	 1	 1	 1	 1	 0	 1	 1	 1	1282.95	  0.00
668	29	18	v	 1	 2	10	 1	 1	 2	 2	 1	 1	 1	 0	 2	 2	 1	520.82	  0.00
669	29	18	v	 1	 2	10	 3	 2	 2	 2	 1	 1	 1	 0	 1	 1	 1	510.33	  0.00
670	29	18	v	 1	 2	10	 1	 1	 2	 2	 0	 1	 1	 0	 1	 1	 1	524.60	  0.00
671	29	18	v	 1	 2	10	 2	 2	 1	 1	 1	 1	 1	 0	 1	 2	 0	545.91	  0.00
672	29	18	v	 1	 2	10	 1	 1	 1	 1	 1	 1	 1	 0	 2	 2	 1	543.61	  0.00
673	29	18	v	 1	 2	10	 0	 1	 1	 1	 1	 1	 1	 0	 2	 2	 1	443.45	  0.00
674	29	18	v	 1	 2	10	 2	 2	 2	 2	 0	 1	 1	 0	 1	 1	 1	563.79	  0.00
675	29	18	v	 1	 2	10	 3	 2	 3	 2	 0	 1	 1	 0	 1	 1	 1	553.33	  0.00
676	29	18	v	 1	 2	10	 0	 1	 3	 2	 0	 1	 1	 0	 1	 1	 1	453.21	  0.00
677	29	18	v	 1	 2	10	 1	 1	 1	 1	 0	 1	 1	 0	 2	 2	 1	736.63	  0.00
678	29	18	v	 1	 2	10	 3	 2	 2	 2	 1	 1	 1	 0	 1	 1	 1	496.56	  0.00
679	29	18	v	 1	 2	10	 2	 2	 3	 2	 1	 1	 1	 0	 1	 1	 1	657.51	  0.00
680	29	18	v	 1	 2	10	 0	 1	 3	 2	 1	 1	 1	 0	 2	 2	 1	573.57	  0.00
681	29	18	v	 1	 2	10	 0	 1	 2	 2	 1	 1	 1	 0	 2	 2	 1	416.00	  0.00
682	29	18	v	 1	 2	10	 3	 2	 0	 1	 0	 1	 1	 0	 2	 1	 0	601.83	  0.00
683	29	18	v	 1	 2	10	 0	 1	 2	 2	 1	 1	 1	 0	 2	 2	 1	664.58	  0.00
684	29	18	v	 1	 2	10	 2	 2	 3	 2	 1	 1	 1	 0	 1	 1	 1	637.90	  0.00
685	29	18	v	 1	 2	10	 3	 2	 1	 1	 1	 1	 1	 0	 1	 1	 1	790.58	  0.00
686	29	18	v	 1	 2	10	 3	 2	 1	 1	 0	 1	 1	 0	 2	 2	 1	566.72	  0.00
687	29	18	v	 1	 2	10	 3	 2	 1	 1	 1	 1	 1	 0	 1	 1	 1	825.54	  0.00
688	29	18	v	 1	 2	10	 2	 2	 0	 1	 0	 1	 1	 0	 2	 2	 1	814.83	  0.00
689	29	18	v	 1	 2	10	 1	 1	 2	 2	 0	 1	 1	 0	 1	 1	 1	559.14	  0.00
690	29	18	v	 1	 2	10	 0	 1	 2	 2	 0	 1	 1	 0	 1	 1	 1	565.04	  0.00
691	29	18	v	 1	 2	10	 1	 1	 0	 1	 1	 1	 1	 0	 2	 2	 1	603.54	  0.00
692	29	18	v	 1	 2	10	 0	 1	 2	 2	 0	 1	 1	 0	 1	 1	 1	975.55	  0.00
693	29	18	v	 1	 2	10	 1	 1	 3	 2	 1	 1	 1	 0	 2	 2	 1	629.72	  0.00
694	29	18	v	 1	 2	10	 3	 2	 3	 2	 1	 1	 1	 0	 1	 1	 1	586.81	  0.00
695	29	18	v	 1	 2	10	 0	 1	 0	 1	 0	 1	 1	 0	 2	 2	 1	813.01	  0.00
696	29	18	v	 1	 2	10	 2	 2	 0	 1	 1	 1	 1	 0	 1	 1	 1	712.27	  0.00
697	29	18	v	 1	 2	10	 3	 2	 3	 2	 0	 1	 1	 0	 1	 1	 1	579.23	  0.00
698	29	18	v	 1	 2	10	 0	 1	 0	 1	 1	 1	 1	 0	 2	 2	 1	567.84	  0.00
699	29	18	v	 1	 2	10	 1	 1	 3	 2	 1	 1	 1	 0	 2	 2	 1	508.57	  0.00
700	29	18	v	 1	 2	10	 3	 2	 0	 1	 0	 1	 1	 0	 2	 1	 0	522.82	  0.00
701	29	18	v	 1	 2	10	 0	 1	 1	 1	 1	 1	 1	 0	 2	 1	 0	863.21	  0.00
702	29	18	v	 1	 2	10	 0	 1	 1	 1	 0	 1	 1	 0	 2	 2	 1	656.56	  0.00
703	29	18	v	 1	 2	10	 0	 1	 0	 1	 0	 1	 1	 0	 2	 2	 1	539.91	  0.00
704	29	18	v	 1	 2	11	 0	 1	 1	 1	 0	 1	 1	 0	 2	 2	 1	1149.47	  0.00
705	29	18	v	 1	 2	11	 2	 2	 3	 2	 1	 1	 1	 0	 1	 1	 1	1644.58	  0.00
706	29	18	v	 1	 2	11	 1	 1	 2	 2	 1	 1	 1	 0	 2	 2	 1	474.24	  0.00
707	29	18	v	 1	 2	11	 2	 2	 1	 1	 0	 1	 1	 0	 2	 2	 1	946.09	  0.00
708	29	18	v	 1	 2	11	 1	 1	 3	 2	 0	 1	 1	 0	 1	 1	 1	559.33	  0.00
709	29	18	v	 1	 2	11	 3	 2	 3	 2	 1	 1	 1	 0	 1	 1	 1	720.59	  0.00
710	29	18	v	 1	 2	11	 0	 1	 1	 1	 0	 1	 1	 0	 2	 2	 1	1110.26	  0.00
711	29	18	v	 1	 2	11	 0	 1	 2	 2	 1	 1	 1	 0	 2	 2	 1	724.09	  0.00
712	29	18	v	 1	 2	11	 3	 2	 3	 2	 0	 1	 1	 0	 1	 1	 1	762.94	  0.00
713	29	18	v	 1	 2	11	 2	 2	 0	 1	 1	 1	 1	 0	 1	 1	 1	850.36	  0.00
714	29	18	v	 1	 2	11	 3	 2	 3	 2	 0	 1	 1	 0	 1	 1	 1	521.99	  0.00
715	29	18	v	 1	 2	11	 1	 1	 1	 1	 0	 1	 1	 0	 2	 2	 1	520.19	  0.00
716	29	18	v	 1	 2	11	 3	 2	 0	 1	 0	 1	 1	 0	 2	 2	 1	721.41	  0.00
717	29	18	v	 1	 2	11	 3	 2	 2	 2	 1	 1	 1	 0	 1	 1	 1	613.05	  0.00
718	29	18	v	 1	 2	11	 1	 1	 2	 2	 0	 1	 1	 0	 1	 1	 1	595.18	  0.00
719	29	18	v	 1	 2	11	 1	 1	 1	 1	 1	 1	 1	 0	 2	 2	 1	552.41	  0.00
720	29	18	v	 1	 2	11	 2	 2	 3	 2	 0	 1	 1	 0	 1	 1	 1	330.37	  0.00
721	29	18	v	 1	 2	11	 2	 2	 2	 2	 1	 1	 1	 0	 1	 1	 1	598.08	  0.00
722	29	18	v	 1	 2	11	 3	 2	 1	 1	 0	 1	 1	 0	 2	 2	 1	604.65	  0.00
723	29	18	v	 1	 2	11	 1	 1	 3	 2	 1	 1	 1	 0	 2	 2	 1	504.76	  0.00
724	29	18	v	 1	 2	11	 3	 2	 1	 1	 1	 1	 1	 0	 1	 1	 1	501.97	  0.00
725	29	18	v	 1	 2	11	 0	 1	 1	 1	 1	 1	 1	 0	 2	 2	 1	451.18	  0.00
726	29	18	v	 1	 2	11	 0	 1	 0	 1	 0	 1	 1	 0	 2	 2	 1	596.64	  0.00
727	29	18	v	 1	 2	11	 1	 1	 3	 2	 0	 1	 1	 0	 1	 1	 1	643.83	  0.00
728	29	18	v	 1	 2	11	 1	 1	 1	 1	 1	 1	 1	 0	 2	 2	 1	527.61	  0.00
729	29	18	v	 1	 2	11	 2	 2	 0	 1	 0	 1	 1	 0	 2	 2	 1	444.29	  0.00
730	29	18	v	 1	 2	11	 1	 1	 0	 1	 0	 1	 1	 0	 2	 2	 1	450.80	  0.00
731	29	18	v	 1	 2	11	 3	 2	 2	 2	 0	 1	 1	 0	 1	 1	 1	522.58	  0.00
732	29	18	v	 1	 2	11	 3	 2	 3	 2	 1	 1	 1	 0	 1	 1	 1	822.80	  0.00
733	29	18	v	 1	 2	11	 1	 1	 1	 1	 0	 1	 1	 0	 2	 2	 1	566.79	  0.00
734	29	18	v	 1	 2	11	 1	 1	 0	 1	 1	 1	 1	 0	 2	 1	 0	409.74	  0.00
735	29	18	v	 1	 2	11	 2	 2	 1	 1	 1	 1	 1	 0	 1	 1	 1	1199.65	  0.00
736	29	18	v	 1	 2	11	 2	 2	 1	 1	 0	 1	 1	 0	 2	 2	 1	633.98	  0.00
737	29	18	v	 1	 2	11	 2	 2	 3	 2	 1	 1	 1	 0	 1	 1	 1	517.85	  0.00
738	29	18	v	 1	 2	11	 0	 1	 3	 2	 1	 1	 1	 0	 2	 2	 1	540.43	  0.00
739	29	18	v	 1	 2	11	 2	 2	 3	 2	 0	 1	 1	 0	 1	 1	 1	506.24	  0.00
740	29	18	v	 1	 2	11	 3	 2	 1	 1	 1	 1	 1	 0	 1	 2	 0	569.34	  0.00
741	29	18	v	 1	 2	11	 0	 1	 3	 2	 1	 1	 1	 0	 2	 2	 1	991.40	  0.00
742	29	18	v	 1	 2	11	 1	 1	 3	 2	 1	 1	 1	 0	 2	 2	 1	556.37	  0.00
743	29	18	v	 1	 2	11	 2	 2	 2	 2	 0	 1	 1	 0	 1	 1	 1	611.77	  0.00
744	29	18	v	 1	 2	11	 1	 1	 0	 1	 0	 1	 1	 0	 2	 2	 1	928.12	  0.00
745	29	18	v	 1	 2	11	 0	 1	 0	 1	 1	 1	 1	 0	 2	 2	 1	550.28	  0.00
746	29	18	v	 1	 2	11	 3	 2	 1	 1	 0	 1	 1	 0	 2	 2	 1	475.22	  0.00
747	29	18	v	 1	 2	11	 0	 1	 1	 1	 1	 1	 1	 0	 2	 2	 1	693.27	  0.00
748	29	18	v	 1	 2	11	 1	 1	 2	 2	 1	 1	 1	 0	 2	 2	 1	659.27	  0.00
749	29	18	v	 1	 2	11	 2	 2	 0	 1	 1	 1	 1	 0	 1	 1	 1	518.64	  0.00
750	29	18	v	 1	 2	11	 3	 2	 0	 1	 1	 1	 1	 0	 1	 1	 1	426.12	  0.00
751	29	18	v	 1	 2	11	 2	 2	 0	 1	 0	 1	 1	 0	 2	 2	 1	613.21	  0.00
752	29	18	v	 1	 2	11	 0	 1	 3	 2	 0	 1	 1	 0	 1	 1	 1	561.42	  0.00
753	29	18	v	 1	 2	11	 1	 1	 2	 2	 0	 1	 1	 0	 1	 2	 0	371.89	  0.00
754	29	18	v	 1	 2	11	 0	 1	 2	 2	 1	 1	 1	 0	 2	 2	 1	541.47	  0.00
755	29	18	v	 1	 2	11	 3	 2	 2	 2	 0	 1	 1	 0	 1	 2	 0	417.54	  0.00
756	29	18	v	 1	 2	11	 0	 1	 2	 2	 0	 1	 1	 0	 1	 1	 1	628.07	  0.00
757	29	18	v	 1	 2	11	 2	 2	 2	 2	 1	 1	 1	 0	 1	 2	 0	512.02	  0.00
758	29	18	v	 1	 2	11	 3	 2	 0	 1	 1	 1	 1	 0	 1	 1	 1	582.75	  0.00
759	29	18	v	 1	 2	11	 2	 2	 1	 1	 1	 1	 1	 0	 1	 1	 1	450.41	  0.00
760	29	18	v	 1	 2	11	 3	 2	 2	 2	 1	 1	 1	 0	 1	 1	 1	383.24	  0.00
761	29	18	v	 1	 2	11	 0	 1	 2	 2	 0	 1	 1	 0	 1	 1	 1	577.78	  0.00
762	29	18	v	 1	 2	11	 3	 2	 0	 1	 0	 1	 1	 0	 2	 2	 1	730.96	  0.00
763	29	18	v	 1	 2	11	 1	 1	 0	 1	 1	 1	 1	 0	 2	 2	 1	875.80	  0.00
764	29	18	v	 1	 2	11	 0	 1	 0	 1	 0	 1	 1	 0	 2	 2	 1	685.88	  0.00
765	29	18	v	 1	 2	11	 0	 1	 3	 2	 0	 1	 1	 0	 1	 1	 1	537.08	  0.00
766	29	18	v	 1	 2	11	 2	 2	 2	 2	 0	 1	 1	 0	 1	 1	 1	527.18	  0.00
767	29	18	v	 1	 2	11	 0	 1	 0	 1	 1	 1	 1	 0	 2	 2	 1	761.07	  0.00
768	29	18	v	 1	 2	12	 2	 2	 1	 1	 1	 1	 1	 0	 1	 1	 1	579.40	  0.00
769	29	18	v	 1	 2	12	 1	 1	 3	 2	 0	 1	 1	 0	 1	 1	 1	1426.24	  0.00
770	29	18	v	 1	 2	12	 1	 1	 1	 1	 0	 1	 1	 0	 2	 2	 1	566.40	  0.00
771	29	18	v	 1	 2	12	 3	 2	 2	 2	 1	 1	 1	 0	 1	 1	 1	548.28	  0.00
772	29	18	v	 1	 2	12	 3	 2	 1	 1	 1	 1	 1	 0	 1	 1	 1	448.60	  0.00
773	29	18	v	 1	 2	12	 3	 2	 3	 2	 0	 1	 1	 0	 1	 1	 1	569.39	  0.00
774	29	18	v	 1	 2	12	 1	 1	 0	 1	 1	 1	 1	 0	 2	 2	 1	689.97	  0.00
775	29	18	v	 1	 2	12	 0	 1	 1	 1	 0	 1	 1	 0	 2	 1	 0	418.67	  0.00
776	29	18	v	 1	 2	12	 3	 2	 0	 1	 1	 1	 1	 0	 1	 1	 1	563.07	  0.00
777	29	18	v	 1	 2	12	 3	 2	 3	 2	 1	 1	 1	 0	 1	 1	 1	487.61	  0.00
778	29	18	v	 1	 2	12	 0	 1	 0	 1	 0	 1	 1	 0	 2	 2	 1	592.12	  0.00
779	29	18	v	 1	 2	12	 0	 1	 0	 1	 1	 1	 1	 0	 2	 2	 1	712.45	  0.00
780	29	18	v	 1	 2	12	 2	 2	 2	 2	 1	 1	 1	 0	 1	 1	 1	686.22	  0.00
781	29	18	v	 1	 2	12	 1	 1	 0	 1	 0	 1	 1	 0	 2	 2	 1	757.63	  0.00
782	29	18	v	 1	 2	12	 3	 2	 0	 1	 0	 1	 1	 0	 2	 2	 1	559.76	  0.00
783	29	18	v	 1	 2	12	 2	 2	 3	 2	 0	 1	 1	 0	 1	 2	 0	802.75	  0.00
784	29	18	v	 1	 2	12	 3	 2	 1	 1	 0	 1	 1	 0	 2	 2	 1	793.22	  0.00
785	29	18	v	 1	 2	12	 1	 1	 1	 1	 1	 1	 1	 0	 2	 2	 1	707.77	  0.00
786	29	18	v	 1	 2	12	 3	 2	 2	 2	 0	 1	 1	 0	 1	 1	 1	640.44	  0.00
787	29	18	v	 1	 2	12	 2	 2	 1	 1	 0	 1	 1	 0	 2	 2	 1	712.04	  0.00
788	29	18	v	 1	 2	12	 0	 1	 1	 1	 1	 1	 1	 0	 2	 1	 0	718.16	  0.00
789	29	18	v	 1	 2	12	 1	 1	 2	 2	 1	 1	 1	 0	 2	 2	 1	659.07	  0.00
790	29	18	v	 1	 2	12	 1	 1	 0	 1	 0	 1	 1	 0	 2	 2	 1	583.72	  0.00
791	29	18	v	 1	 2	12	 3	 2	 0	 1	 1	 1	 1	 0	 1	 2	 0	557.28	  0.00
792	29	18	v	 1	 2	12	 0	 1	 1	 1	 0	 1	 1	 0	 2	 2	 1	628.11	  0.00
793	29	18	v	 1	 2	12	 2	 2	 2	 2	 1	 1	 1	 0	 1	 2	 0	422.21	  0.00
794	29	18	v	 1	 2	12	 1	 1	 3	 2	 1	 1	 1	 0	 2	 2	 1	649.08	  0.00
795	29	18	v	 1	 2	12	 2	 2	 0	 1	 1	 1	 1	 0	 1	 1	 1	541.09	  0.00
796	29	18	v	 1	 2	12	 2	 2	 2	 2	 0	 1	 1	 0	 1	 1	 1	588.31	  0.00
797	29	18	v	 1	 2	12	 3	 2	 3	 2	 1	 1	 1	 0	 1	 1	 1	439.39	  0.00
798	29	18	v	 1	 2	12	 2	 2	 0	 1	 0	 1	 1	 0	 2	 2	 1	560.32	  0.00
799	29	18	v	 1	 2	12	 2	 2	 1	 1	 1	 1	 1	 0	 1	 1	 1	909.24	  0.00
800	29	18	v	 1	 2	12	 1	 1	 2	 2	 0	 1	 1	 0	 1	 1	 1	686.87	  0.00
801	29	18	v	 1	 2	12	 1	 1	 1	 1	 1	 1	 1	 0	 2	 2	 1	536.83	  0.00
802	29	18	v	 1	 2	12	 0	 1	 3	 2	 0	 1	 1	 0	 1	 1	 1	763.66	  0.00
803	29	18	v	 1	 2	12	 3	 2	 3	 2	 0	 1	 1	 0	 1	 1	 1	606.50	  0.00
804	29	18	v	 1	 2	12	 0	 1	 2	 2	 1	 1	 1	 0	 2	 1	 0	1126.88	  0.00
805	29	18	v	 1	 2	12	 1	 1	 1	 1	 0	 1	 1	 0	 2	 1	 0	993.77	  0.00
806	29	18	v	 1	 2	12	 1	 1	 2	 2	 0	 1	 1	 0	 1	 1	 1	575.16	  0.00
807	29	18	v	 1	 2	12	 2	 2	 0	 1	 0	 1	 1	 0	 2	 2	 1	532.60	  0.00
808	29	18	v	 1	 2	12	 2	 2	 3	 2	 1	 1	 1	 0	 1	 1	 1	766.55	  0.00
809	29	18	v	 1	 2	12	 3	 2	 1	 1	 0	 1	 1	 0	 2	 2	 1	593.07	  0.00
810	29	18	v	 1	 2	12	 3	 2	 0	 1	 0	 1	 1	 0	 2	 2	 1	525.90	  0.00
811	29	18	v	 1	 2	12	 3	 2	 2	 2	 1	 1	 1	 0	 1	 1	 1	678.98	  0.00
812	29	18	v	 1	 2	12	 2	 2	 3	 2	 1	 1	 1	 0	 1	 1	 1	652.64	  0.00
813	29	18	v	 1	 2	12	 2	 2	 3	 2	 0	 1	 1	 0	 1	 1	 1	536.58	  0.00
814	29	18	v	 1	 2	12	 0	 1	 3	 2	 1	 1	 1	 0	 2	 2	 1	559.29	  0.00
815	29	18	v	 1	 2	12	 1	 1	 0	 1	 1	 1	 1	 0	 2	 2	 1	508.47	  0.00
816	29	18	v	 1	 2	12	 0	 1	 2	 2	 1	 1	 1	 0	 2	 2	 1	466.04	  0.00
817	29	18	v	 1	 2	12	 0	 1	 0	 1	 1	 1	 1	 0	 2	 2	 1	438.97	  0.00
818	29	18	v	 1	 2	12	 0	 1	 1	 1	 1	 1	 1	 0	 2	 2	 1	404.65	  0.00
819	29	18	v	 1	 2	12	 0	 1	 3	 2	 1	 1	 1	 0	 2	 2	 1	541.62	  0.00
820	29	18	v	 1	 2	12	 0	 1	 2	 2	 0	 1	 1	 0	 1	 1	 1	580.79	  0.00
821	29	18	v	 1	 2	12	 0	 1	 3	 2	 0	 1	 1	 0	 1	 1	 1	660.61	  0.00
822	29	18	v	 1	 2	12	 3	 2	 2	 2	 0	 1	 1	 0	 1	 1	 1	454.70	  0.00
823	29	18	v	 1	 2	12	 1	 1	 2	 2	 1	 1	 1	 0	 2	 1	 0	469.38	  0.00
824	29	18	v	 1	 2	12	 1	 1	 3	 2	 1	 1	 1	 0	 2	 2	 1	622.76	  0.00
825	29	18	v	 1	 2	12	 0	 1	 2	 2	 0	 1	 1	 0	 1	 1	 1	547.46	  0.00
826	29	18	v	 1	 2	12	 2	 2	 0	 1	 1	 1	 1	 0	 1	 1	 1	634.44	  0.00
827	29	18	v	 1	 2	12	 2	 2	 2	 2	 0	 1	 1	 0	 1	 1	 1	477.56	  0.00
828	29	18	v	 1	 2	12	 1	 1	 3	 2	 0	 1	 1	 0	 1	 1	 1	492.12	  0.00
829	29	18	v	 1	 2	12	 3	 2	 1	 1	 1	 1	 1	 0	 1	 1	 1	661.81	  0.00
830	29	18	v	 1	 2	12	 0	 1	 0	 1	 0	 1	 1	 0	 2	 2	 1	586.45	  0.00
831	29	18	v	 1	 2	12	 2	 2	 1	 1	 0	 1	 1	 0	 2	 1	 0	910.99	  0.00
832	29	18	v	 1	 2	13	 3	 2	 1	 1	 0	 1	 1	 0	 2	 1	 0	973.89	  0.00
833	29	18	v	 1	 2	13	 3	 2	 0	 1	 1	 1	 1	 0	 1	 1	 1	653.37	  0.00
834	29	18	v	 1	 2	13	 2	 2	 0	 1	 1	 1	 1	 0	 1	 1	 1	878.94	  0.00
835	29	18	v	 1	 2	13	 2	 2	 1	 1	 0	 1	 1	 0	 2	 2	 1	1145.94	  0.00
836	29	18	v	 1	 2	13	 3	 2	 1	 1	 1	 1	 1	 0	 1	 1	 1	465.68	  0.00
837	29	18	v	 1	 2	13	 1	 1	 2	 2	 1	 1	 1	 0	 2	 2	 1	472.55	  0.00
838	29	18	v	 1	 2	13	 3	 2	 0	 1	 0	 1	 1	 0	 2	 2	 1	699.43	  0.00
839	29	18	v	 1	 2	13	 0	 1	 0	 1	 0	 1	 1	 0	 2	 2	 1	778.99	  0.00
840	29	18	v	 1	 2	13	 2	 2	 3	 2	 0	 1	 1	 0	 1	 1	 1	597.42	  0.00
841	29	18	v	 1	 2	13	 1	 1	 2	 2	 0	 1	 1	 0	 1	 1	 1	587.43	  0.00
842	29	18	v	 1	 2	13	 0	 1	 1	 1	 1	 1	 1	 0	 2	 2	 1	576.43	  0.00
843	29	18	v	 1	 2	13	 0	 1	 2	 2	 0	 1	 1	 0	 1	 1	 1	974.47	  0.00
844	29	18	v	 1	 2	13	 0	 1	 1	 1	 0	 1	 1	 0	 2	 2	 1	449.79	  0.00
845	29	18	v	 1	 2	13	 1	 1	 0	 1	 1	 1	 1	 0	 2	 2	 1	717.45	  0.00
846	29	18	v	 1	 2	13	 2	 2	 2	 2	 1	 1	 1	 0	 1	 1	 1	495.14	  0.00
847	29	18	v	 1	 2	13	 3	 2	 2	 2	 0	 1	 1	 0	 1	 1	 1	583.18	  0.00
848	29	18	v	 1	 2	13	 3	 2	 0	 1	 1	 1	 1	 0	 1	 1	 1	646.67	  0.00
849	29	18	v	 1	 2	13	 1	 1	 1	 1	 1	 1	 1	 0	 2	 2	 1	555.00	  0.00
850	29	18	v	 1	 2	13	 2	 2	 0	 1	 1	 1	 1	 0	 1	 1	 1	381.84	  0.00
851	29	18	v	 1	 2	13	 3	 2	 1	 1	 0	 1	 1	 0	 2	 2	 1	583.36	  0.00
852	29	18	v	 1	 2	13	 2	 2	 0	 1	 0	 1	 1	 0	 2	 2	 1	614.12	  0.00
853	29	18	v	 1	 2	13	 0	 1	 0	 1	 0	 1	 1	 0	 2	 2	 1	473.65	  0.00
854	29	18	v	 1	 2	13	 2	 2	 3	 2	 1	 1	 1	 0	 1	 1	 1	553.43	  0.00
855	29	18	v	 1	 2	13	 2	 2	 1	 1	 1	 1	 1	 0	 1	 1	 1	682.30	  0.00
856	29	18	v	 1	 2	13	 1	 1	 3	 2	 0	 1	 1	 0	 1	 1	 1	729.31	  0.00
857	29	18	v	 1	 2	13	 1	 1	 3	 2	 1	 1	 1	 0	 2	 2	 1	506.93	  0.00
858	29	18	v	 1	 2	13	 0	 1	 2	 2	 1	 1	 1	 0	 2	 2	 1	513.39	  0.00
859	29	18	v	 1	 2	13	 2	 2	 0	 1	 0	 1	 1	 0	 2	 2	 1	600.51	  0.00
860	29	18	v	 1	 2	13	 1	 1	 2	 2	 0	 1	 1	 0	 1	 1	 1	614.86	  0.00
861	29	18	v	 1	 2	13	 1	 1	 0	 1	 1	 1	 1	 0	 2	 2	 1	865.42	  0.00
862	29	18	v	 1	 2	13	 3	 2	 3	 2	 1	 1	 1	 0	 1	 1	 1	725.03	  0.00
863	29	18	v	 1	 2	13	 1	 1	 1	 1	 0	 1	 1	 0	 2	 2	 1	657.69	  0.00
864	29	18	v	 1	 2	13	 3	 2	 2	 2	 1	 1	 1	 0	 1	 1	 1	1047.32	  0.00
865	29	18	v	 1	 2	13	 1	 1	 0	 1	 0	 1	 1	 0	 2	 2	 1	563.51	  0.00
866	29	18	v	 1	 2	13	 2	 2	 2	 2	 1	 1	 1	 0	 1	 1	 1	684.14	  0.00
867	29	18	v	 1	 2	13	 2	 2	 3	 2	 0	 1	 1	 0	 1	 1	 1	746.48	  0.00
868	29	18	v	 1	 2	13	 0	 1	 3	 2	 0	 1	 1	 0	 1	 1	 1	540.38	  0.00
869	29	18	v	 1	 2	13	 0	 1	 2	 2	 0	 1	 1	 0	 1	 1	 1	685.48	  0.00
870	29	18	v	 1	 2	13	 3	 2	 0	 1	 0	 1	 1	 0	 2	 2	 1	577.45	  0.00
871	29	18	v	 1	 2	13	 0	 1	 0	 1	 1	 1	 1	 0	 2	 1	 0	771.27	  0.00
872	29	18	v	 1	 2	13	 1	 1	 3	 2	 1	 1	 1	 0	 2	 2	 1	1038.40	  0.00
873	29	18	v	 1	 2	13	 2	 2	 1	 1	 0	 1	 1	 0	 2	 2	 1	701.63	  0.00
874	29	18	v	 1	 2	13	 2	 2	 2	 2	 0	 1	 1	 0	 1	 1	 1	642.52	  0.00
875	29	18	v	 1	 2	13	 1	 1	 1	 1	 0	 1	 1	 0	 2	 1	 0	476.36	  0.00
876	29	18	v	 1	 2	13	 2	 2	 3	 2	 1	 1	 1	 0	 1	 1	 1	523.63	  0.00
877	29	18	v	 1	 2	13	 1	 1	 1	 1	 1	 1	 1	 0	 2	 2	 1	595.31	  0.00
878	29	18	v	 1	 2	13	 1	 1	 3	 2	 0	 1	 1	 0	 1	 1	 1	952.45	  0.00
879	29	18	v	 1	 2	13	 2	 2	 2	 2	 0	 1	 1	 0	 1	 1	 1	648.25	  0.00
880	29	18	v	 1	 2	13	 3	 2	 2	 2	 1	 1	 1	 0	 1	 1	 1	568.34	  0.00
881	29	18	v	 1	 2	13	 0	 1	 2	 2	 1	 1	 1	 0	 2	 2	 1	562.68	  0.00
882	29	18	v	 1	 2	13	 3	 2	 3	 2	 0	 1	 1	 0	 1	 1	 1	544.76	  0.00
883	29	18	v	 1	 2	13	 3	 2	 2	 2	 0	 1	 1	 0	 1	 1	 1	574.74	  0.00
884	29	18	v	 1	 2	13	 0	 1	 3	 2	 0	 1	 1	 0	 1	 1	 1	540.27	  0.00
885	29	18	v	 1	 2	13	 2	 2	 1	 1	 1	 1	 1	 0	 1	 2	 0	522.14	  0.00
886	29	18	v	 1	 2	13	 0	 1	 1	 1	 0	 1	 1	 0	 2	 1	 0	667.26	  0.00
887	29	18	v	 1	 2	13	 1	 1	 0	 1	 0	 1	 1	 0	 2	 2	 1	738.75	  0.00
888	29	18	v	 1	 2	13	 3	 2	 3	 2	 0	 1	 1	 0	 1	 1	 1	671.46	  0.00
889	29	18	v	 1	 2	13	 0	 1	 3	 2	 1	 1	 1	 0	 2	 2	 1	498.14	  0.00
890	29	18	v	 1	 2	13	 0	 1	 3	 2	 1	 1	 1	 0	 2	 2	 1	431.16	  0.00
891	29	18	v	 1	 2	13	 0	 1	 0	 1	 1	 1	 1	 0	 2	 2	 1	445.92	  0.00
892	29	18	v	 1	 2	13	 3	 2	 1	 1	 1	 1	 1	 0	 1	 1	 1	728.71	  0.00
893	29	18	v	 1	 2	13	 0	 1	 1	 1	 1	 1	 1	 0	 2	 2	 1	579.90	  0.00
894	29	18	v	 1	 2	13	 3	 2	 3	 2	 1	 1	 1	 0	 1	 1	 1	520.97	  0.00
895	29	18	v	 1	 2	13	 1	 1	 2	 2	 1	 1	 1	 0	 2	 2	 1	625.23	  0.00
