00	20	18	v	 0	 1	 0	 2	 2	 3	 2	 1	 0	 1	 0	 2	 2	 1	555.96	  0.00
01	20	18	v	 0	 1	 0	 0	 1	 1	 1	 0	 0	 1	 0	 1	 1	 1	428.91	  0.00
02	20	18	v	 0	 1	 0	 0	 1	 2	 2	 1	 0	 1	 0	 1	 1	 1	782.07	  0.00
03	20	18	v	 0	 1	 0	 2	 2	 1	 1	 1	 0	 1	 0	 2	 2	 1	616.83	  0.00
04	20	18	v	 0	 1	 0	 3	 2	 0	 1	 0	 0	 1	 0	 2	 2	 1	499.85	  0.00
05	20	18	v	 0	 1	 0	 3	 2	 3	 2	 0	 0	 1	 0	 2	 2	 1	489.70	  0.00
06	20	18	v	 0	 1	 0	 1	 1	 2	 2	 1	 0	 1	 0	 1	 1	 1	514.19	  0.00
07	20	18	v	 0	 1	 0	 2	 2	 3	 2	 0	 0	 1	 0	 2	 2	 1	735.03	  0.00
08	20	18	v	 0	 1	 0	 1	 1	 1	 1	 0	 0	 1	 0	 1	 1	 1	356.48	  0.00
09	20	18	v	 0	 1	 0	 3	 2	 3	 2	 0	 0	 1	 0	 2	 2	 1	452.97	  0.00
10	20	18	v	 0	 1	 0	 2	 2	 2	 2	 1	 0	 1	 0	 2	 2	 1	515.07	  0.00
11	20	18	v	 0	 1	 0	 1	 1	 0	 1	 0	 0	 1	 0	 1	 1	 1	480.80	  0.00
12	20	18	v	 0	 1	 0	 3	 2	 3	 2	 1	 0	 1	 0	 2	 2	 1	518.67	  0.00
13	20	18	v	 0	 1	 0	 3	 2	 1	 1	 1	 0	 1	 0	 2	 2	 1	516.49	  0.00
14	20	18	v	 0	 1	 0	 0	 1	 3	 2	 1	 0	 1	 0	 1	 1	 1	401.23	  0.00
15	20	18	v	 0	 1	 0	 1	 1	 0	 1	 0	 0	 1	 0	 1	 1	 1	471.08	  0.00
16	20	18	v	 0	 1	 0	 1	 1	 3	 2	 1	 0	 1	 0	 1	 1	 1	428.96	  0.00
17	20	18	v	 0	 1	 0	 3	 2	 1	 1	 0	 0	 1	 0	 2	 2	 1	618.79	  0.00
18	20	18	v	 0	 1	 0	 2	 2	 3	 2	 0	 0	 1	 0	 2	 2	 1	544.46	  0.00
19	20	18	v	 0	 1	 0	 0	 1	 3	 2	 1	 0	 1	 0	 1	 1	 1	478.17	  0.00
20	20	18	v	 0	 1	 0	 0	 1	 0	 1	 1	 0	 1	 0	 1	 1	 1	484.05	  0.00
21	20	18	v	 0	 1	 0	 2	 2	 1	 1	 0	 0	 1	 0	 2	 2	 1	360.39	  0.00
22	20	18	v	 0	 1	 0	 1	 1	 2	 2	 0	 0	 1	 0	 1	 1	 1	462.86	  0.00
23	20	18	v	 0	 1	 0	 1	 1	 3	 2	 1	 0	 1	 0	 1	 1	 1	508.72	  0.00
24	20	18	v	 0	 1	 0	 0	 1	 0	 1	 0	 0	 1	 0	 1	 1	 1	458.55	  0.00
25	20	18	v	 0	 1	 0	 3	 2	 1	 1	 0	 0	 1	 0	 2	 2	 1	479.99	  0.00
26	20	18	v	 0	 1	 0	 0	 1	 2	 2	 0	 0	 1	 0	 1	 1	 1	494.20	  0.00
27	20	18	v	 0	 1	 0	 2	 2	 0	 1	 0	 0	 1	 0	 2	 2	 1	435.95	  0.00
28	20	18	v	 0	 1	 0	 3	 2	 0	 1	 1	 0	 1	 0	 2	 2	 1	505.87	  0.00
29	20	18	v	 0	 1	 0	 3	 2	 0	 1	 0	 0	 1	 0	 2	 2	 1	462.55	  0.00
30	20	18	v	 0	 1	 0	 1	 1	 3	 2	 0	 0	 1	 0	 1	 1	 1	516.60	  0.00
31	20	18	v	 0	 1	 0	 0	 1	 1	 1	 0	 0	 1	 0	 1	 1	 1	386.37	  0.00
32	20	18	v	 0	 1	 0	 1	 1	 2	 2	 0	 0	 1	 0	 1	 1	 1	408.32	  0.00
33	20	18	v	 0	 1	 0	 2	 2	 0	 1	 0	 0	 1	 0	 2	 2	 1	382.29	  0.00
34	20	18	v	 0	 1	 0	 3	 2	 3	 2	 1	 0	 1	 0	 2	 2	 1	532.30	  0.00
35	20	18	v	 0	 1	 0	 0	 1	 2	 2	 1	 0	 1	 0	 1	 1	 1	378.01	  0.00
36	20	18	v	 0	 1	 0	 3	 2	 1	 1	 1	 0	 1	 0	 2	 2	 1	511.84	  0.00
37	20	18	v	 0	 1	 0	 2	 2	 0	 1	 1	 0	 1	 0	 2	 2	 1	515.85	  0.00
38	20	18	v	 0	 1	 0	 2	 2	 2	 2	 0	 0	 1	 0	 2	 2	 1	506.57	  0.00
39	20	18	v	 0	 1	 0	 0	 1	 3	 2	 0	 0	 1	 0	 1	 1	 1	472.36	  0.00
40	20	18	v	 0	 1	 0	 1	 1	 1	 1	 1	 0	 1	 0	 1	 1	 1	501.94	  0.00
41	20	18	v	 0	 1	 0	 1	 1	 3	 2	 0	 0	 1	 0	 1	 1	 1	443.93	  0.00
42	20	18	v	 0	 1	 0	 0	 1	 1	 1	 1	 0	 1	 0	 1	 1	 1	409.85	  0.00
43	20	18	v	 0	 1	 0	 2	 2	 3	 2	 1	 0	 1	 0	 2	 2	 1	551.80	  0.00
44	20	18	v	 0	 1	 0	 1	 1	 1	 1	 1	 0	 1	 0	 1	 1	 1	404.29	  0.00
45	20	18	v	 0	 1	 0	 2	 2	 2	 2	 0	 0	 1	 0	 2	 2	 1	562.25	  0.00
46	20	18	v	 0	 1	 0	 2	 2	 0	 1	 1	 0	 1	 0	 2	 2	 1	464.20	  0.00
47	20	18	v	 0	 1	 0	 0	 1	 0	 1	 0	 0	 1	 0	 1	 1	 1	374.02	  0.00
48	20	18	v	 0	 1	 0	 0	 1	 0	 1	 1	 0	 1	 0	 1	 1	 1	419.98	  0.00
49	20	18	v	 0	 1	 0	 1	 1	 0	 1	 1	 0	 1	 0	 1	 2	 0	553.80	  0.00
50	20	18	v	 0	 1	 0	 0	 1	 2	 2	 0	 0	 1	 0	 1	 1	 1	439.69	  0.00
51	20	18	v	 0	 1	 0	 1	 1	 0	 1	 1	 0	 1	 0	 1	 1	 1	476.51	  0.00
52	20	18	v	 0	 1	 0	 3	 2	 2	 2	 0	 0	 1	 0	 2	 2	 1	538.41	  0.00
53	20	18	v	 0	 1	 0	 2	 2	 1	 1	 0	 0	 1	 0	 2	 2	 1	559.91	  0.00
54	20	18	v	 0	 1	 0	 3	 2	 2	 2	 1	 0	 1	 0	 2	 2	 1	485.79	  0.00
55	20	18	v	 0	 1	 0	 1	 1	 2	 2	 1	 0	 1	 0	 1	 1	 1	419.66	  0.00
56	20	18	v	 0	 1	 0	 3	 2	 2	 2	 1	 0	 1	 0	 2	 2	 1	609.62	  0.00
57	20	18	v	 0	 1	 0	 2	 2	 2	 2	 1	 0	 1	 0	 2	 2	 1	454.38	  0.00
58	20	18	v	 0	 1	 0	 3	 2	 2	 2	 0	 0	 1	 0	 2	 2	 1	492.17	  0.00
59	20	18	v	 0	 1	 0	 3	 2	 0	 1	 1	 0	 1	 0	 2	 2	 1	489.91	  0.00
60	20	18	v	 0	 1	 0	 0	 1	 1	 1	 1	 0	 1	 0	 1	 1	 1	383.76	  0.00
61	20	18	v	 0	 1	 0	 2	 2	 1	 1	 1	 0	 1	 0	 2	 2	 1	469.77	  0.00
62	20	18	v	 0	 1	 0	 1	 1	 1	 1	 0	 0	 1	 0	 1	 1	 1	547.34	  0.00
63	20	18	v	 0	 1	 0	 0	 1	 3	 2	 0	 0	 1	 0	 1	 1	 1	473.29	  0.00
64	20	18	v	 0	 1	 1	 0	 1	 1	 1	 1	 0	 1	 0	 1	 1	 1	531.78	  0.00
65	20	18	v	 0	 1	 1	 1	 1	 1	 1	 0	 0	 1	 0	 1	 1	 1	474.09	  0.00
66	20	18	v	 0	 1	 1	 2	 2	 0	 1	 0	 0	 1	 0	 2	 2	 1	512.51	  0.00
67	20	18	v	 0	 1	 1	 1	 1	 0	 1	 1	 0	 1	 0	 1	 1	 1	454.75	  0.00
68	20	18	v	 0	 1	 1	 1	 1	 1	 1	 1	 0	 1	 0	 1	 1	 1	373.11	  0.00
69	20	18	v	 0	 1	 1	 3	 2	 1	 1	 0	 0	 1	 0	 2	 2	 1	355.56	  0.00
70	20	18	v	 0	 1	 1	 0	 1	 3	 2	 0	 0	 1	 0	 1	 1	 1	450.04	  0.00
71	20	18	v	 0	 1	 1	 0	 1	 1	 1	 0	 0	 1	 0	 1	 1	 1	407.57	  0.00
72	20	18	v	 0	 1	 1	 3	 2	 2	 2	 0	 0	 1	 0	 2	 2	 1	470.68	  0.00
73	20	18	v	 0	 1	 1	 1	 1	 2	 2	 0	 0	 1	 0	 1	 1	 1	516.37	  0.00
74	20	18	v	 0	 1	 1	 2	 2	 2	 2	 1	 0	 1	 0	 2	 2	 1	482.30	  0.00
75	20	18	v	 0	 1	 1	 1	 1	 3	 2	 1	 0	 1	 0	 1	 1	 1	536.84	  0.00
76	20	18	v	 0	 1	 1	 1	 1	 1	 1	 0	 0	 1	 0	 1	 1	 1	447.03	  0.00
77	20	18	v	 0	 1	 1	 1	 1	 3	 2	 1	 0	 1	 0	 1	 1	 1	437.49	  0.00
78	20	18	v	 0	 1	 1	 2	 2	 1	 1	 1	 0	 1	 0	 2	 2	 1	427.77	  0.00
79	20	18	v	 0	 1	 1	 3	 2	 1	 1	 1	 0	 1	 0	 2	 2	 1	490.31	  0.00
80	20	18	v	 0	 1	 1	 3	 2	 1	 1	 0	 0	 1	 0	 2	 2	 1	352.60	  0.00
81	20	18	v	 0	 1	 1	 3	 2	 3	 2	 1	 0	 1	 0	 2	 2	 1	351.12	  0.00
82	20	18	v	 0	 1	 1	 3	 2	 0	 1	 1	 0	 1	 0	 2	 2	 1	429.48	  0.00
83	20	18	v	 0	 1	 1	 1	 1	 2	 2	 1	 0	 1	 0	 1	 1	 1	579.99	  0.00
84	20	18	v	 0	 1	 1	 2	 2	 2	 2	 0	 0	 1	 0	 2	 2	 1	449.20	  0.00
85	20	18	v	 0	 1	 1	 3	 2	 3	 2	 0	 0	 1	 0	 2	 2	 1	463.36	  0.00
86	20	18	v	 0	 1	 1	 0	 1	 0	 1	 1	 0	 1	 0	 1	 1	 1	341.91	  0.00
87	20	18	v	 0	 1	 1	 3	 2	 3	 2	 1	 0	 1	 0	 2	 2	 1	460.43	  0.00
88	20	18	v	 0	 1	 1	 2	 2	 0	 1	 0	 0	 1	 0	 2	 2	 1	458.66	  0.00
89	20	18	v	 0	 1	 1	 2	 2	 3	 2	 0	 0	 1	 0	 2	 2	 1	416.99	  0.00
90	20	18	v	 0	 1	 1	 2	 2	 3	 2	 0	 0	 1	 0	 2	 2	 1	375.46	  0.00
91	20	18	v	 0	 1	 1	 3	 2	 1	 1	 1	 0	 1	 0	 2	 2	 1	477.69	  0.00
92	20	18	v	 0	 1	 1	 2	 2	 1	 1	 1	 0	 1	 0	 2	 2	 1	476.25	  0.00
93	20	18	v	 0	 1	 1	 1	 1	 0	 1	 1	 0	 1	 0	 1	 1	 1	433.56	  0.00
94	20	18	v	 0	 1	 1	 1	 1	 3	 2	 0	 0	 1	 0	 1	 1	 1	368.01	  0.00
95	20	18	v	 0	 1	 1	 0	 1	 0	 1	 1	 0	 1	 0	 1	 1	 1	454.29	  0.00
96	20	18	v	 0	 1	 1	 2	 2	 3	 2	 1	 0	 1	 0	 2	 2	 1	460.81	  0.00
97	20	18	v	 0	 1	 1	 2	 2	 3	 2	 1	 0	 1	 0	 2	 2	 1	515.11	  0.00
98	20	18	v	 0	 1	 1	 0	 1	 3	 2	 1	 0	 1	 0	 1	 1	 1	433.48	  0.00
99	20	18	v	 0	 1	 1	 2	 2	 2	 2	 1	 0	 1	 0	 2	 2	 1	495.84	  0.00
100	20	18	v	 0	 1	 1	 1	 1	 3	 2	 0	 0	 1	 0	 1	 1	 1	462.12	  0.00
101	20	18	v	 0	 1	 1	 3	 2	 0	 1	 0	 0	 1	 0	 2	 2	 1	388.46	  0.00
102	20	18	v	 0	 1	 1	 2	 2	 2	 2	 0	 0	 1	 0	 2	 2	 1	465.88	  0.00
103	20	18	v	 0	 1	 1	 0	 1	 2	 2	 0	 0	 1	 0	 1	 1	 1	408.16	  0.00
104	20	18	v	 0	 1	 1	 1	 1	 2	 2	 0	 0	 1	 0	 1	 1	 1	470.69	  0.00
105	20	18	v	 0	 1	 1	 0	 1	 3	 2	 1	 0	 1	 0	 1	 1	 1	397.00	  0.00
106	20	18	v	 0	 1	 1	 1	 1	 0	 1	 0	 0	 1	 0	 1	 1	 1	387.48	  0.00
107	20	18	v	 0	 1	 1	 2	 2	 1	 1	 0	 0	 1	 0	 2	 2	 1	489.91	  0.00
108	20	18	v	 0	 1	 1	 0	 1	 2	 2	 1	 0	 1	 0	 1	 1	 1	536.30	  0.00
109	20	18	v	 0	 1	 1	 1	 1	 2	 2	 1	 0	 1	 0	 1	 1	 1	486.51	  0.00
110	20	18	v	 0	 1	 1	 1	 1	 0	 1	 0	 0	 1	 0	 1	 1	 1	372.88	  0.00
111	20	18	v	 0	 1	 1	 0	 1	 3	 2	 0	 0	 1	 0	 1	 1	 1	347.42	  0.00
112	20	18	v	 0	 1	 1	 1	 1	 1	 1	 1	 0	 1	 0	 1	 1	 1	296.84	  0.00
113	20	18	v	 0	 1	 1	 3	 2	 3	 2	 0	 0	 1	 0	 2	 2	 1	383.00	  0.00
114	20	18	v	 0	 1	 1	 0	 1	 2	 2	 1	 0	 1	 0	 1	 1	 1	557.86	  0.00
115	20	18	v	 0	 1	 1	 0	 1	 1	 1	 1	 0	 1	 0	 1	 1	 1	452.09	  0.00
116	20	18	v	 0	 1	 1	 3	 2	 2	 2	 1	 0	 1	 0	 2	 2	 1	450.49	  0.00
117	20	18	v	 0	 1	 1	 0	 1	 0	 1	 0	 0	 1	 0	 1	 1	 1	408.79	  0.00
118	20	18	v	 0	 1	 1	 2	 2	 0	 1	 1	 0	 1	 0	 2	 2	 1	375.31	  0.00
119	20	18	v	 0	 1	 1	 3	 2	 0	 1	 0	 0	 1	 0	 2	 2	 1	573.44	  0.00
120	20	18	v	 0	 1	 1	 0	 1	 2	 2	 0	 0	 1	 0	 1	 1	 1	427.93	  0.00
121	20	18	v	 0	 1	 1	 3	 2	 2	 2	 1	 0	 1	 0	 2	 2	 1	457.48	  0.00
122	20	18	v	 0	 1	 1	 2	 2	 1	 1	 0	 0	 1	 0	 2	 2	 1	527.74	  0.00
123	20	18	v	 0	 1	 1	 3	 2	 0	 1	 1	 0	 1	 0	 2	 2	 1	478.00	  0.00
124	20	18	v	 0	 1	 1	 0	 1	 0	 1	 0	 0	 1	 0	 1	 1	 1	500.35	  0.00
125	20	18	v	 0	 1	 1	 0	 1	 1	 1	 0	 0	 1	 0	 1	 1	 1	450.64	  0.00
126	20	18	v	 0	 1	 1	 3	 2	 2	 2	 0	 0	 1	 0	 2	 2	 1	513.04	  0.00
127	20	18	v	 0	 1	 1	 2	 2	 0	 1	 1	 0	 1	 0	 2	 2	 1	519.31	  0.00
128	20	18	v	 0	 1	 2	 3	 2	 1	 1	 0	 0	 1	 0	 2	 2	 1	730.62	  0.00
129	20	18	v	 0	 1	 2	 2	 2	 0	 1	 0	 0	 1	 0	 2	 2	 1	544.06	  0.00
130	20	18	v	 0	 1	 2	 1	 1	 2	 2	 0	 0	 1	 0	 1	 1	 1	549.82	  0.00
131	20	18	v	 0	 1	 2	 3	 2	 0	 1	 0	 0	 1	 0	 2	 2	 1	619.54	  0.00
132	20	18	v	 0	 1	 2	 2	 2	 0	 1	 0	 0	 1	 0	 2	 2	 1	489.23	  0.00
133	20	18	v	 0	 1	 2	 0	 1	 0	 1	 1	 0	 1	 0	 2	 2	 1	518.01	  0.00
134	20	18	v	 0	 1	 2	 3	 2	 1	 1	 1	 0	 1	 0	 2	 2	 1	715.80	  0.00
135	20	18	v	 0	 1	 2	 0	 1	 3	 2	 1	 0	 1	 0	 1	 1	 1	537.29	  0.00
136	20	18	v	 0	 1	 2	 3	 2	 1	 1	 0	 0	 1	 0	 2	 2	 1	551.01	  0.00
137	20	18	v	 0	 1	 2	 1	 1	 1	 1	 0	 0	 1	 0	 2	 2	 1	532.52	  0.00
138	20	18	v	 0	 1	 2	 3	 2	 0	 1	 0	 0	 1	 0	 2	 2	 1	482.48	  0.00
139	20	18	v	 0	 1	 2	 3	 2	 2	 2	 0	 0	 1	 0	 1	 1	 1	472.23	  0.00
140	20	18	v	 0	 1	 2	 3	 2	 3	 2	 1	 0	 1	 0	 1	 1	 1	517.08	  0.00
141	20	18	v	 0	 1	 2	 0	 1	 3	 2	 0	 0	 1	 0	 1	 1	 1	490.29	  0.00
142	20	18	v	 0	 1	 2	 1	 1	 2	 2	 1	 0	 1	 0	 1	 1	 1	576.61	  0.00
143	20	18	v	 0	 1	 2	 1	 1	 1	 1	 1	 0	 1	 0	 2	 2	 1	454.33	  0.00
144	20	18	v	 0	 1	 2	 1	 1	 3	 2	 0	 0	 1	 0	 1	 1	 1	540.24	  0.00
145	20	18	v	 0	 1	 2	 2	 2	 3	 2	 0	 0	 1	 0	 1	 1	 1	514.09	  0.00
146	20	18	v	 0	 1	 2	 2	 2	 0	 1	 1	 0	 1	 0	 2	 2	 1	526.88	  0.00
147	20	18	v	 0	 1	 2	 3	 2	 0	 1	 1	 0	 1	 0	 2	 2	 1	484.62	  0.00
148	20	18	v	 0	 1	 2	 3	 2	 2	 2	 1	 0	 1	 0	 1	 1	 1	418.42	  0.00
149	20	18	v	 0	 1	 2	 2	 2	 2	 2	 1	 0	 1	 0	 1	 1	 1	392.35	  0.00
150	20	18	v	 0	 1	 2	 1	 1	 3	 2	 1	 0	 1	 0	 1	 1	 1	518.27	  0.00
151	20	18	v	 0	 1	 2	 3	 2	 3	 2	 0	 0	 1	 0	 1	 1	 1	492.03	  0.00
152	20	18	v	 0	 1	 2	 0	 1	 3	 2	 0	 0	 1	 0	 1	 1	 1	641.87	  0.00
153	20	18	v	 0	 1	 2	 3	 2	 3	 2	 0	 0	 1	 0	 1	 1	 1	447.47	  0.00
154	20	18	v	 0	 1	 2	 1	 1	 1	 1	 1	 0	 1	 0	 2	 2	 1	572.29	  0.00
155	20	18	v	 0	 1	 2	 3	 2	 2	 2	 0	 0	 1	 0	 1	 1	 1	473.98	  0.00
156	20	18	v	 0	 1	 2	 3	 2	 0	 1	 1	 0	 1	 0	 2	 2	 1	567.86	  0.00
157	20	18	v	 0	 1	 2	 1	 1	 0	 1	 1	 0	 1	 0	 2	 2	 1	581.64	  0.00
158	20	18	v	 0	 1	 2	 2	 2	 1	 1	 0	 0	 1	 0	 2	 2	 1	563.26	  0.00
159	20	18	v	 0	 1	 2	 0	 1	 1	 1	 0	 0	 1	 0	 2	 2	 1	552.17	  0.00
160	20	18	v	 0	 1	 2	 0	 1	 0	 1	 0	 0	 1	 0	 2	 2	 1	621.70	  0.00
161	20	18	v	 0	 1	 2	 0	 1	 1	 1	 0	 0	 1	 0	 2	 1	 0	515.32	  0.00
162	20	18	v	 0	 1	 2	 2	 2	 3	 2	 1	 0	 1	 0	 1	 1	 1	513.08	  0.00
163	20	18	v	 0	 1	 2	 2	 2	 1	 1	 0	 0	 1	 0	 2	 2	 1	670.85	  0.00
164	20	18	v	 0	 1	 2	 2	 2	 1	 1	 1	 0	 1	 0	 2	 2	 1	492.39	  0.00
165	20	18	v	 0	 1	 2	 0	 1	 2	 2	 0	 0	 1	 0	 1	 1	 1	562.19	  0.00
166	20	18	v	 0	 1	 2	 2	 2	 2	 2	 0	 0	 1	 0	 1	 1	 1	503.90	  0.00
167	20	18	v	 0	 1	 2	 0	 1	 0	 1	 0	 0	 1	 0	 2	 2	 1	612.70	  0.00
168	20	18	v	 0	 1	 2	 1	 1	 0	 1	 1	 0	 1	 0	 2	 2	 1	506.41	  0.00
169	20	18	v	 0	 1	 2	 3	 2	 3	 2	 1	 0	 1	 0	 1	 1	 1	520.18	  0.00
170	20	18	v	 0	 1	 2	 1	 1	 2	 2	 0	 0	 1	 0	 1	 1	 1	485.98	  0.00
171	20	18	v	 0	 1	 2	 1	 1	 0	 1	 0	 0	 1	 0	 2	 2	 1	523.78	  0.00
172	20	18	v	 0	 1	 2	 0	 1	 2	 2	 1	 0	 1	 0	 1	 1	 1	521.43	  0.00
173	20	18	v	 0	 1	 2	 1	 1	 0	 1	 0	 0	 1	 0	 2	 2	 1	559.34	  0.00
174	20	18	v	 0	 1	 2	 3	 2	 1	 1	 1	 0	 1	 0	 2	 2	 1	620.03	  0.00
175	20	18	v	 0	 1	 2	 3	 2	 2	 2	 1	 0	 1	 0	 1	 1	 1	425.68	  0.00
176	20	18	v	 0	 1	 2	 2	 2	 3	 2	 0	 0	 1	 0	 1	 1	 1	543.61	  0.00
177	20	18	v	 0	 1	 2	 0	 1	 1	 1	 1	 0	 1	 0	 2	 2	 1	557.33	  0.00
178	20	18	v	 0	 1	 2	 1	 1	 2	 2	 1	 0	 1	 0	 1	 1	 1	443.03	  0.00
179	20	18	v	 0	 1	 2	 0	 1	 0	 1	 1	 0	 1	 0	 2	 2	 1	544.87	  0.00
180	20	18	v	 0	 1	 2	 2	 2	 1	 1	 1	 0	 1	 0	 2	 2	 1	542.68	  0.00
181	20	18	v	 0	 1	 2	 0	 1	 3	 2	 1	 0	 1	 0	 1	 1	 1	459.48	  0.00
182	20	18	v	 0	 1	 2	 0	 1	 2	 2	 0	 0	 1	 0	 1	 1	 1	553.31	  0.00
183	20	18	v	 0	 1	 2	 2	 2	 2	 2	 1	 0	 1	 0	 1	 1	 1	591.04	  0.00
184	20	18	v	 0	 1	 2	 2	 2	 2	 2	 0	 0	 1	 0	 1	 1	 1	540.73	  0.00
185	20	18	v	 0	 1	 2	 2	 2	 3	 2	 1	 0	 1	 0	 1	 1	 1	602.45	  0.00
186	20	18	v	 0	 1	 2	 1	 1	 1	 1	 0	 0	 1	 0	 2	 2	 1	600.09	  0.00
187	20	18	v	 0	 1	 2	 1	 1	 3	 2	 0	 0	 1	 0	 1	 1	 1	445.67	  0.00
188	20	18	v	 0	 1	 2	 0	 1	 1	 1	 1	 0	 1	 0	 2	 2	 1	538.62	  0.00
189	20	18	v	 0	 1	 2	 1	 1	 3	 2	 1	 0	 1	 0	 1	 1	 1	400.43	  0.00
190	20	18	v	 0	 1	 2	 2	 2	 0	 1	 1	 0	 1	 0	 2	 2	 1	606.35	  0.00
191	20	18	v	 0	 1	 2	 0	 1	 2	 2	 1	 0	 1	 0	 1	 1	 1	420.00	  0.00
192	20	18	v	 0	 1	 3	 2	 2	 1	 1	 0	 0	 1	 0	 2	 2	 1	514.10	  0.00
193	20	18	v	 0	 1	 3	 3	 2	 1	 1	 0	 0	 1	 0	 2	 2	 1	440.41	  0.00
194	20	18	v	 0	 1	 3	 3	 2	 0	 1	 0	 0	 1	 0	 2	 2	 1	486.86	  0.00
195	20	18	v	 0	 1	 3	 0	 1	 0	 1	 0	 0	 1	 0	 2	 2	 1	396.19	  0.00
196	20	18	v	 0	 1	 3	 3	 2	 2	 2	 1	 0	 1	 0	 1	 1	 1	378.53	  0.00
197	20	18	v	 0	 1	 3	 2	 2	 3	 2	 0	 0	 1	 0	 1	 1	 1	385.05	  0.00
198	20	18	v	 0	 1	 3	 1	 1	 1	 1	 1	 0	 1	 0	 2	 2	 1	607.48	  0.00
199	20	18	v	 0	 1	 3	 1	 1	 3	 2	 0	 0	 1	 0	 1	 1	 1	509.67	  0.00
200	20	18	v	 0	 1	 3	 3	 2	 1	 1	 0	 0	 1	 0	 2	 2	 1	443.88	  0.00
201	20	18	v	 0	 1	 3	 2	 2	 2	 2	 1	 0	 1	 0	 1	 1	 1	506.34	  0.00
202	20	18	v	 0	 1	 3	 1	 1	 2	 2	 1	 0	 1	 0	 1	 1	 1	472.63	  0.00
203	20	18	v	 0	 1	 3	 0	 1	 2	 2	 1	 0	 1	 0	 1	 1	 1	406.95	  0.00
204	20	18	v	 0	 1	 3	 3	 2	 1	 1	 1	 0	 1	 0	 2	 2	 1	509.43	  0.00
205	20	18	v	 0	 1	 3	 3	 2	 2	 2	 0	 0	 1	 0	 1	 1	 1	563.74	  0.00
206	20	18	v	 0	 1	 3	 0	 1	 3	 2	 1	 0	 1	 0	 1	 1	 1	464.88	  0.00
207	20	18	v	 0	 1	 3	 2	 2	 2	 2	 0	 0	 1	 0	 1	 1	 1	639.28	  0.00
208	20	18	v	 0	 1	 3	 1	 1	 0	 1	 0	 0	 1	 0	 2	 2	 1	469.35	  0.00
209	20	18	v	 0	 1	 3	 2	 2	 1	 1	 0	 0	 1	 0	 2	 2	 1	523.69	  0.00
210	20	18	v	 0	 1	 3	 1	 1	 0	 1	 0	 0	 1	 0	 2	 2	 1	401.90	  0.00
211	20	18	v	 0	 1	 3	 1	 1	 1	 1	 0	 0	 1	 0	 2	 2	 1	576.35	  0.00
212	20	18	v	 0	 1	 3	 1	 1	 3	 2	 0	 0	 1	 0	 1	 1	 1	406.57	  0.00
213	20	18	v	 0	 1	 3	 1	 1	 1	 1	 0	 0	 1	 0	 2	 2	 1	533.06	  0.00
214	20	18	v	 0	 1	 3	 3	 2	 2	 2	 1	 0	 1	 0	 1	 1	 1	474.28	  0.00
215	20	18	v	 0	 1	 3	 2	 2	 0	 1	 0	 0	 1	 0	 2	 2	 1	472.66	  0.00
216	20	18	v	 0	 1	 3	 1	 1	 3	 2	 1	 0	 1	 0	 1	 1	 1	423.05	  0.00
217	20	18	v	 0	 1	 3	 0	 1	 2	 2	 0	 0	 1	 0	 1	 1	 1	541.38	  0.00
218	20	18	v	 0	 1	 3	 2	 2	 2	 2	 0	 0	 1	 0	 1	 1	 1	571.62	  0.00
219	20	18	v	 0	 1	 3	 0	 1	 3	 2	 0	 0	 1	 0	 1	 1	 1	513.83	  0.00
220	20	18	v	 0	 1	 3	 1	 1	 0	 1	 1	 0	 1	 0	 2	 2	 1	456.06	  0.00
221	20	18	v	 0	 1	 3	 2	 2	 0	 1	 1	 0	 1	 0	 2	 2	 1	382.44	  0.00
222	20	18	v	 0	 1	 3	 3	 2	 0	 1	 1	 0	 1	 0	 2	 2	 1	532.97	  0.00
223	20	18	v	 0	 1	 3	 0	 1	 3	 2	 1	 0	 1	 0	 1	 2	 0	371.09	  0.00
224	20	18	v	 0	 1	 3	 3	 2	 3	 2	 1	 0	 1	 0	 1	 1	 1	456.59	  0.00
225	20	18	v	 0	 1	 3	 1	 1	 0	 1	 1	 0	 1	 0	 2	 2	 1	495.04	  0.00
226	20	18	v	 0	 1	 3	 0	 1	 0	 1	 1	 0	 1	 0	 2	 2	 1	573.28	  0.00
227	20	18	v	 0	 1	 3	 0	 1	 1	 1	 0	 0	 1	 0	 2	 2	 1	459.62	  0.00
228	20	18	v	 0	 1	 3	 2	 2	 0	 1	 1	 0	 1	 0	 2	 2	 1	562.69	  0.00
229	20	18	v	 0	 1	 3	 0	 1	 2	 2	 1	 0	 1	 0	 1	 1	 1	448.06	  0.00
230	20	18	v	 0	 1	 3	 1	 1	 2	 2	 0	 0	 1	 0	 1	 1	 1	454.47	  0.00
231	20	18	v	 0	 1	 3	 0	 1	 3	 2	 0	 0	 1	 0	 1	 1	 1	436.94	  0.00
232	20	18	v	 0	 1	 3	 2	 2	 2	 2	 1	 0	 1	 0	 1	 1	 1	578.28	  0.00
233	20	18	v	 0	 1	 3	 1	 1	 2	 2	 1	 0	 1	 0	 1	 1	 1	464.51	  0.00
234	20	18	v	 0	 1	 3	 2	 2	 3	 2	 1	 0	 1	 0	 1	 1	 1	534.68	  0.00
235	20	18	v	 0	 1	 3	 3	 2	 3	 2	 0	 0	 1	 0	 1	 1	 1	748.99	  0.00
236	20	18	v	 0	 1	 3	 2	 2	 1	 1	 1	 0	 1	 0	 2	 2	 1	538.85	  0.00
237	20	18	v	 0	 1	 3	 3	 2	 2	 2	 0	 0	 1	 0	 1	 1	 1	569.02	  0.00
238	20	18	v	 0	 1	 3	 3	 2	 3	 2	 0	 0	 1	 0	 1	 1	 1	631.39	  0.00
239	20	18	v	 0	 1	 3	 0	 1	 2	 2	 0	 0	 1	 0	 1	 2	 0	429.36	  0.00
240	20	18	v	 0	 1	 3	 1	 1	 1	 1	 1	 0	 1	 0	 2	 2	 1	771.71	  0.00
241	20	18	v	 0	 1	 3	 2	 2	 0	 1	 0	 0	 1	 0	 2	 2	 1	584.75	  0.00
242	20	18	v	 0	 1	 3	 3	 2	 0	 1	 0	 0	 1	 0	 2	 2	 1	582.93	  0.00
243	20	18	v	 0	 1	 3	 0	 1	 1	 1	 1	 0	 1	 0	 2	 2	 1	597.07	  0.00
244	20	18	v	 0	 1	 3	 2	 2	 3	 2	 0	 0	 1	 0	 1	 1	 1	483.24	  0.00
245	20	18	v	 0	 1	 3	 2	 2	 3	 2	 1	 0	 1	 0	 1	 1	 1	433.58	  0.00
246	20	18	v	 0	 1	 3	 0	 1	 1	 1	 1	 0	 1	 0	 2	 2	 1	607.94	  0.00
247	20	18	v	 0	 1	 3	 3	 2	 3	 2	 1	 0	 1	 0	 1	 1	 1	686.14	  0.00
248	20	18	v	 0	 1	 3	 3	 2	 1	 1	 1	 0	 1	 0	 2	 2	 1	556.17	  0.00
249	20	18	v	 0	 1	 3	 0	 1	 1	 1	 0	 0	 1	 0	 2	 2	 1	586.53	  0.00
250	20	18	v	 0	 1	 3	 0	 1	 0	 1	 1	 0	 1	 0	 2	 2	 1	559.54	  0.00
251	20	18	v	 0	 1	 3	 0	 1	 0	 1	 0	 0	 1	 0	 2	 2	 1	573.79	  0.00
252	20	18	v	 0	 1	 3	 3	 2	 0	 1	 1	 0	 1	 0	 2	 2	 1	555.88	  0.00
253	20	18	v	 0	 1	 3	 1	 1	 2	 2	 0	 0	 1	 0	 1	 1	 1	506.16	  0.00
254	20	18	v	 0	 1	 3	 2	 2	 1	 1	 1	 0	 1	 0	 2	 2	 1	520.46	  0.00
255	20	18	v	 0	 1	 3	 1	 1	 3	 2	 1	 0	 1	 0	 1	 1	 1	590.71	  0.00
256	20	18	v	 0	 1	 4	 2	 2	 0	 1	 1	 0	 1	 0	 2	 2	 1	686.50	  0.00
257	20	18	v	 0	 1	 4	 3	 2	 3	 2	 1	 0	 1	 0	 2	 2	 1	444.01	  0.00
258	20	18	v	 0	 1	 4	 0	 1	 1	 1	 1	 0	 1	 0	 1	 1	 1	585.90	  0.00
259	20	18	v	 0	 1	 4	 3	 2	 0	 1	 0	 0	 1	 0	 2	 2	 1	583.54	  0.00
260	20	18	v	 0	 1	 4	 0	 1	 2	 2	 0	 0	 1	 0	 1	 1	 1	485.32	  0.00
261	20	18	v	 0	 1	 4	 0	 1	 1	 1	 1	 0	 1	 0	 1	 1	 1	683.17	  0.00
262	20	18	v	 0	 1	 4	 2	 2	 3	 2	 1	 0	 1	 0	 2	 2	 1	504.50	  0.00
263	20	18	v	 0	 1	 4	 1	 1	 3	 2	 1	 0	 1	 0	 1	 1	 1	549.54	  0.00
264	20	18	v	 0	 1	 4	 1	 1	 0	 1	 0	 0	 1	 0	 2	 2	 1	531.25	  0.00
265	20	18	v	 0	 1	 4	 1	 1	 1	 1	 0	 0	 1	 0	 2	 2	 1	616.92	  0.00
266	20	18	v	 0	 1	 4	 1	 1	 3	 2	 1	 0	 1	 0	 1	 1	 1	582.59	  0.00
267	20	18	v	 0	 1	 4	 1	 1	 2	 2	 1	 0	 1	 0	 1	 1	 1	444.31	  0.00
268	20	18	v	 0	 1	 4	 3	 2	 3	 2	 0	 0	 1	 0	 1	 1	 1	450.17	  0.00
269	20	18	v	 0	 1	 4	 1	 1	 2	 2	 0	 0	 1	 0	 1	 1	 1	544.06	  0.00
270	20	18	v	 0	 1	 4	 3	 2	 2	 2	 0	 0	 1	 0	 1	 1	 1	404.80	  0.00
271	20	18	v	 0	 1	 4	 1	 1	 0	 1	 1	 0	 1	 0	 1	 1	 1	682.87	  0.00
272	20	18	v	 0	 1	 4	 2	 2	 0	 1	 0	 0	 1	 0	 2	 2	 1	608.35	  0.00
273	20	18	v	 0	 1	 4	 2	 2	 2	 2	 1	 0	 1	 0	 2	 2	 1	541.68	  0.00
274	20	18	v	 0	 1	 4	 2	 2	 1	 1	 1	 0	 1	 0	 2	 2	 1	563.68	  0.00
275	20	18	v	 0	 1	 4	 3	 2	 2	 2	 1	 0	 1	 0	 2	 2	 1	473.30	  0.00
276	20	18	v	 0	 1	 4	 2	 2	 2	 2	 1	 0	 1	 0	 2	 2	 1	495.23	  0.00
277	20	18	v	 0	 1	 4	 2	 2	 3	 2	 0	 0	 1	 0	 1	 1	 1	499.91	  0.00
278	20	18	v	 0	 1	 4	 3	 2	 0	 1	 0	 0	 1	 0	 2	 2	 1	553.85	  0.00
279	20	18	v	 0	 1	 4	 2	 2	 1	 1	 1	 0	 1	 0	 2	 2	 1	559.66	  0.00
280	20	18	v	 0	 1	 4	 1	 1	 1	 1	 1	 0	 1	 0	 1	 1	 1	589.34	  0.00
281	20	18	v	 0	 1	 4	 0	 1	 2	 2	 0	 0	 1	 0	 1	 1	 1	490.89	  0.00
282	20	18	v	 0	 1	 4	 0	 1	 1	 1	 0	 0	 1	 0	 2	 2	 1	592.76	  0.00
283	20	18	v	 0	 1	 4	 1	 1	 0	 1	 0	 0	 1	 0	 2	 2	 1	542.32	  0.00
284	20	18	v	 0	 1	 4	 2	 2	 0	 1	 1	 0	 1	 0	 2	 2	 1	523.20	  0.00
285	20	18	v	 0	 1	 4	 1	 1	 3	 2	 0	 0	 1	 0	 1	 1	 1	496.78	  0.00
286	20	18	v	 0	 1	 4	 3	 2	 0	 1	 1	 0	 1	 0	 2	 2	 1	509.90	  0.00
287	20	18	v	 0	 1	 4	 2	 2	 1	 1	 0	 0	 1	 0	 2	 2	 1	572.41	  0.00
288	20	18	v	 0	 1	 4	 3	 2	 3	 2	 1	 0	 1	 0	 2	 2	 1	450.23	  0.00
289	20	18	v	 0	 1	 4	 1	 1	 3	 2	 0	 0	 1	 0	 1	 1	 1	512.06	  0.00
290	20	18	v	 0	 1	 4	 1	 1	 0	 1	 1	 0	 1	 0	 1	 1	 1	612.80	  0.00
291	20	18	v	 0	 1	 4	 2	 2	 3	 2	 1	 0	 1	 0	 2	 2	 1	538.35	  0.00
292	20	18	v	 0	 1	 4	 1	 1	 1	 1	 0	 0	 1	 0	 2	 2	 1	608.30	  0.00
293	20	18	v	 0	 1	 4	 1	 1	 1	 1	 1	 0	 1	 0	 1	 1	 1	613.91	  0.00
294	20	18	v	 0	 1	 4	 2	 2	 3	 2	 0	 0	 1	 0	 1	 1	 1	523.56	  0.00
295	20	18	v	 0	 1	 4	 0	 1	 3	 2	 0	 0	 1	 0	 1	 1	 1	497.33	  0.00
296	20	18	v	 0	 1	 4	 0	 1	 3	 2	 0	 0	 1	 0	 1	 1	 1	495.10	  0.00
297	20	18	v	 0	 1	 4	 3	 2	 1	 1	 1	 0	 1	 0	 2	 2	 1	500.96	  0.00
298	20	18	v	 0	 1	 4	 3	 2	 2	 2	 1	 0	 1	 0	 2	 2	 1	809.63	  0.00
299	20	18	v	 0	 1	 4	 2	 2	 2	 2	 0	 0	 1	 0	 1	 1	 1	511.12	  0.00
300	20	18	v	 0	 1	 4	 2	 2	 2	 2	 0	 0	 1	 0	 1	 1	 1	508.88	  0.00
301	20	18	v	 0	 1	 4	 2	 2	 0	 1	 0	 0	 1	 0	 2	 2	 1	578.70	  0.00
302	20	18	v	 0	 1	 4	 2	 2	 1	 1	 0	 0	 1	 0	 2	 2	 1	688.39	  0.00
303	20	18	v	 0	 1	 4	 0	 1	 0	 1	 1	 0	 1	 0	 1	 1	 1	581.94	  0.00
304	20	18	v	 0	 1	 4	 3	 2	 1	 1	 1	 0	 1	 0	 2	 2	 1	587.52	  0.00
305	20	18	v	 0	 1	 4	 3	 2	 0	 1	 1	 0	 1	 0	 2	 2	 1	448.31	  0.00
306	20	18	v	 0	 1	 4	 3	 2	 2	 2	 0	 0	 1	 0	 1	 1	 1	478.05	  0.00
307	20	18	v	 0	 1	 4	 0	 1	 2	 2	 1	 0	 1	 0	 1	 1	 1	643.97	  0.00
308	20	18	v	 0	 1	 4	 0	 1	 0	 1	 0	 0	 1	 0	 2	 2	 1	545.56	  0.00
309	20	18	v	 0	 1	 4	 3	 2	 1	 1	 0	 0	 1	 0	 2	 2	 1	687.29	  0.00
310	20	18	v	 0	 1	 4	 3	 2	 1	 1	 0	 0	 1	 0	 2	 2	 1	643.96	  0.00
311	20	18	v	 0	 1	 4	 0	 1	 3	 2	 1	 0	 1	 0	 1	 1	 1	697.47	  0.00
312	20	18	v	 0	 1	 4	 0	 1	 1	 1	 0	 0	 1	 0	 2	 2	 1	638.91	  0.00
313	20	18	v	 0	 1	 4	 0	 1	 0	 1	 1	 0	 1	 0	 1	 1	 1	580.61	  0.00
314	20	18	v	 0	 1	 4	 1	 1	 2	 2	 0	 0	 1	 0	 1	 1	 1	426.30	  0.00
315	20	18	v	 0	 1	 4	 0	 1	 2	 2	 1	 0	 1	 0	 1	 1	 1	528.21	  0.00
316	20	18	v	 0	 1	 4	 0	 1	 0	 1	 0	 0	 1	 0	 2	 2	 1	541.96	  0.00
317	20	18	v	 0	 1	 4	 3	 2	 3	 2	 0	 0	 1	 0	 1	 1	 1	546.75	  0.00
318	20	18	v	 0	 1	 4	 0	 1	 3	 2	 1	 0	 1	 0	 1	 1	 1	712.25	  0.00
319	20	18	v	 0	 1	 4	 1	 1	 2	 2	 1	 0	 1	 0	 1	 1	 1	637.92	  0.00
320	20	18	v	 0	 1	 5	 2	 2	 3	 2	 1	 0	 1	 0	 2	 2	 1	532.54	  0.00
321	20	18	v	 0	 1	 5	 0	 1	 3	 2	 1	 0	 1	 0	 1	 1	 1	522.81	  0.00
322	20	18	v	 0	 1	 5	 1	 1	 1	 1	 1	 0	 1	 0	 1	 1	 1	424.12	  0.00
323	20	18	v	 0	 1	 5	 3	 2	 0	 1	 1	 0	 1	 0	 2	 2	 1	454.31	  0.00
324	20	18	v	 0	 1	 5	 3	 2	 3	 2	 1	 0	 1	 0	 2	 2	 1	612.88	  0.00
325	20	18	v	 0	 1	 5	 3	 2	 1	 1	 1	 0	 1	 0	 2	 2	 1	443.02	  0.00
326	20	18	v	 0	 1	 5	 2	 2	 3	 2	 0	 0	 1	 0	 1	 1	 1	505.41	  0.00
327	20	18	v	 0	 1	 5	 1	 1	 1	 1	 0	 0	 1	 0	 2	 2	 1	471.56	  0.00
328	20	18	v	 0	 1	 5	 0	 1	 1	 1	 1	 0	 1	 0	 1	 1	 1	478.04	  0.00
329	20	18	v	 0	 1	 5	 1	 1	 3	 2	 0	 0	 1	 0	 1	 1	 1	532.32	  0.00
330	20	18	v	 0	 1	 5	 3	 2	 2	 2	 0	 0	 1	 0	 1	 1	 1	570.57	  0.00
331	20	18	v	 0	 1	 5	 2	 2	 2	 2	 0	 0	 1	 0	 1	 1	 1	487.78	  0.00
332	20	18	v	 0	 1	 5	 0	 1	 0	 1	 1	 0	 1	 0	 1	 1	 1	582.24	  0.00
333	20	18	v	 0	 1	 5	 3	 2	 2	 2	 1	 0	 1	 0	 2	 2	 1	492.32	  0.00
334	20	18	v	 0	 1	 5	 3	 2	 0	 1	 0	 0	 1	 0	 2	 2	 1	618.64	  0.00
335	20	18	v	 0	 1	 5	 3	 2	 1	 1	 1	 0	 1	 0	 2	 2	 1	432.80	  0.00
336	20	18	v	 0	 1	 5	 0	 1	 2	 2	 0	 0	 1	 0	 1	 1	 1	511.17	  0.00
337	20	18	v	 0	 1	 5	 1	 1	 3	 2	 1	 0	 1	 0	 1	 1	 1	605.49	  0.00
338	20	18	v	 0	 1	 5	 2	 2	 3	 2	 1	 0	 1	 0	 2	 2	 1	459.42	  0.00
339	20	18	v	 0	 1	 5	 0	 1	 2	 2	 1	 0	 1	 0	 1	 1	 1	513.08	  0.00
340	20	18	v	 0	 1	 5	 2	 2	 0	 1	 1	 0	 1	 0	 2	 2	 1	534.08	  0.00
341	20	18	v	 0	 1	 5	 1	 1	 1	 1	 1	 0	 1	 0	 1	 1	 1	549.45	  0.00
342	20	18	v	 0	 1	 5	 0	 1	 2	 2	 1	 0	 1	 0	 1	 1	 1	563.68	  0.00
343	20	18	v	 0	 1	 5	 3	 2	 3	 2	 0	 0	 1	 0	 1	 1	 1	513.95	  0.00
344	20	18	v	 0	 1	 5	 2	 2	 1	 1	 1	 0	 1	 0	 2	 2	 1	496.26	  0.00
345	20	18	v	 0	 1	 5	 3	 2	 2	 2	 0	 0	 1	 0	 1	 1	 1	510.46	  0.00
346	20	18	v	 0	 1	 5	 1	 1	 3	 2	 0	 0	 1	 0	 1	 1	 1	396.72	  0.00
347	20	18	v	 0	 1	 5	 2	 2	 2	 2	 1	 0	 1	 0	 2	 2	 1	427.25	  0.00
348	20	18	v	 0	 1	 5	 1	 1	 2	 2	 0	 0	 1	 0	 1	 1	 1	472.70	  0.00
349	20	18	v	 0	 1	 5	 3	 2	 3	 2	 0	 0	 1	 0	 1	 1	 1	542.88	  0.00
350	20	18	v	 0	 1	 5	 3	 2	 1	 1	 0	 0	 1	 0	 2	 2	 1	613.19	  0.00
351	20	18	v	 0	 1	 5	 2	 2	 2	 2	 1	 0	 1	 0	 2	 2	 1	467.09	  0.00
352	20	18	v	 0	 1	 5	 1	 1	 0	 1	 1	 0	 1	 0	 1	 2	 0	441.68	  0.00
353	20	18	v	 0	 1	 5	 1	 1	 2	 2	 0	 0	 1	 0	 1	 1	 1	503.94	  0.00
354	20	18	v	 0	 1	 5	 0	 1	 3	 2	 0	 0	 1	 0	 1	 1	 1	550.39	  0.00
355	20	18	v	 0	 1	 5	 0	 1	 0	 1	 1	 0	 1	 0	 1	 1	 1	452.23	  0.00
356	20	18	v	 0	 1	 5	 0	 1	 0	 1	 0	 0	 1	 0	 2	 2	 1	546.84	  0.00
357	20	18	v	 0	 1	 5	 2	 2	 1	 1	 1	 0	 1	 0	 2	 2	 1	465.20	  0.00
358	20	18	v	 0	 1	 5	 0	 1	 2	 2	 0	 0	 1	 0	 1	 1	 1	494.49	  0.00
359	20	18	v	 0	 1	 5	 1	 1	 1	 1	 0	 0	 1	 0	 2	 2	 1	580.78	  0.00
360	20	18	v	 0	 1	 5	 2	 2	 1	 1	 0	 0	 1	 0	 2	 2	 1	507.00	  0.00
361	20	18	v	 0	 1	 5	 0	 1	 1	 1	 0	 0	 1	 0	 2	 2	 1	609.23	  0.00
362	20	18	v	 0	 1	 5	 0	 1	 3	 2	 1	 0	 1	 0	 1	 1	 1	487.44	  0.00
363	20	18	v	 0	 1	 5	 1	 1	 0	 1	 1	 0	 1	 0	 1	 1	 1	437.06	  0.00
364	20	18	v	 0	 1	 5	 1	 1	 2	 2	 1	 0	 1	 0	 1	 1	 1	428.12	  0.00
365	20	18	v	 0	 1	 5	 0	 1	 3	 2	 0	 0	 1	 0	 1	 1	 1	530.60	  0.00
366	20	18	v	 0	 1	 5	 3	 2	 1	 1	 0	 0	 1	 0	 2	 2	 1	552.75	  0.00
367	20	18	v	 0	 1	 5	 2	 2	 1	 1	 0	 0	 1	 0	 2	 2	 1	429.96	  0.00
368	20	18	v	 0	 1	 5	 0	 1	 0	 1	 0	 0	 1	 0	 2	 2	 1	700.36	  0.00
369	20	18	v	 0	 1	 5	 1	 1	 2	 2	 1	 0	 1	 0	 1	 1	 1	722.44	  0.00
370	20	18	v	 0	 1	 5	 0	 1	 1	 1	 1	 0	 1	 0	 1	 1	 1	440.24	  0.00
371	20	18	v	 0	 1	 5	 1	 1	 3	 2	 1	 0	 1	 0	 1	 1	 1	382.79	  0.00
372	20	18	v	 0	 1	 5	 0	 1	 1	 1	 0	 0	 1	 0	 2	 2	 1	541.23	  0.00
373	20	18	v	 0	 1	 5	 2	 2	 3	 2	 0	 0	 1	 0	 1	 1	 1	443.45	  0.00
374	20	18	v	 0	 1	 5	 1	 1	 0	 1	 0	 0	 1	 0	 2	 2	 1	433.76	  0.00
375	20	18	v	 0	 1	 5	 2	 2	 2	 2	 0	 0	 1	 0	 1	 1	 1	528.21	  0.00
376	20	18	v	 0	 1	 5	 3	 2	 3	 2	 1	 0	 1	 0	 2	 2	 1	445.55	  0.00
377	20	18	v	 0	 1	 5	 3	 2	 2	 2	 1	 0	 1	 0	 2	 2	 1	339.74	  0.00
378	20	18	v	 0	 1	 5	 3	 2	 0	 1	 0	 0	 1	 0	 2	 2	 1	578.34	  0.00
379	20	18	v	 0	 1	 5	 2	 2	 0	 1	 0	 0	 1	 0	 2	 2	 1	440.61	  0.00
380	20	18	v	 0	 1	 5	 2	 2	 0	 1	 0	 0	 1	 0	 2	 2	 1	422.96	  0.00
381	20	18	v	 0	 1	 5	 1	 1	 0	 1	 0	 0	 1	 0	 2	 2	 1	469.34	  0.00
382	20	18	v	 0	 1	 5	 3	 2	 0	 1	 1	 0	 1	 0	 2	 2	 1	763.50	  0.00
383	20	18	v	 0	 1	 5	 2	 2	 0	 1	 1	 0	 1	 0	 2	 2	 1	384.99	  0.00
384	20	18	v	 0	 1	 6	 2	 2	 2	 2	 1	 0	 1	 0	 2	 2	 1	383.18	  0.00
385	20	18	v	 0	 1	 6	 2	 2	 0	 1	 0	 0	 1	 0	 2	 2	 1	549.51	  0.00
386	20	18	v	 0	 1	 6	 3	 2	 0	 1	 1	 0	 1	 0	 2	 2	 1	419.81	  0.00
387	20	18	v	 0	 1	 6	 2	 2	 1	 1	 0	 0	 1	 0	 2	 2	 1	514.24	  0.00
388	20	18	v	 0	 1	 6	 0	 1	 3	 2	 0	 0	 1	 0	 1	 1	 1	424.45	  0.00
389	20	18	v	 0	 1	 6	 3	 2	 1	 1	 0	 0	 1	 0	 2	 2	 1	606.81	  0.00
390	20	18	v	 0	 1	 6	 2	 2	 1	 1	 1	 0	 1	 0	 2	 2	 1	541.04	  0.00
391	20	18	v	 0	 1	 6	 1	 1	 1	 1	 1	 0	 1	 0	 1	 2	 0	451.27	  0.00
392	20	18	v	 0	 1	 6	 2	 2	 3	 2	 0	 0	 1	 0	 1	 1	 1	449.60	  0.00
393	20	18	v	 0	 1	 6	 1	 1	 0	 1	 1	 0	 1	 0	 1	 1	 1	552.07	  0.00
394	20	18	v	 0	 1	 6	 1	 1	 3	 2	 1	 0	 1	 0	 1	 1	 1	437.24	  0.00
395	20	18	v	 0	 1	 6	 2	 2	 0	 1	 1	 0	 1	 0	 2	 2	 1	491.66	  0.00
396	20	18	v	 0	 1	 6	 0	 1	 1	 1	 1	 0	 1	 0	 1	 1	 1	385.86	  0.00
397	20	18	v	 0	 1	 6	 0	 1	 0	 1	 0	 0	 1	 0	 2	 2	 1	520.35	  0.00
398	20	18	v	 0	 1	 6	 1	 1	 0	 1	 0	 0	 1	 0	 2	 2	 1	398.74	  0.00
399	20	18	v	 0	 1	 6	 3	 2	 3	 2	 1	 0	 1	 0	 2	 2	 1	581.17	  0.00
400	20	18	v	 0	 1	 6	 3	 2	 0	 1	 0	 0	 1	 0	 2	 2	 1	611.32	  0.00
401	20	18	v	 0	 1	 6	 1	 1	 3	 2	 0	 0	 1	 0	 1	 1	 1	561.45	  0.00
402	20	18	v	 0	 1	 6	 2	 2	 3	 2	 0	 0	 1	 0	 1	 1	 1	558.74	  0.00
403	20	18	v	 0	 1	 6	 0	 1	 2	 2	 1	 0	 1	 0	 1	 1	 1	725.03	  0.00
404	20	18	v	 0	 1	 6	 2	 2	 3	 2	 1	 0	 1	 0	 2	 2	 1	458.95	  0.00
405	20	18	v	 0	 1	 6	 3	 2	 2	 2	 1	 0	 1	 0	 2	 2	 1	649.27	  0.00
406	20	18	v	 0	 1	 6	 3	 2	 2	 2	 1	 0	 1	 0	 2	 2	 1	455.35	  0.00
407	20	18	v	 0	 1	 6	 0	 1	 3	 2	 1	 0	 1	 0	 1	 1	 1	581.71	  0.00
408	20	18	v	 0	 1	 6	 1	 1	 0	 1	 0	 0	 1	 0	 2	 2	 1	547.77	  0.00
409	20	18	v	 0	 1	 6	 1	 1	 1	 1	 0	 0	 1	 0	 2	 2	 1	514.19	  0.00
410	20	18	v	 0	 1	 6	 3	 2	 2	 2	 0	 0	 1	 0	 1	 1	 1	560.39	  0.00
411	20	18	v	 0	 1	 6	 0	 1	 0	 1	 1	 0	 1	 0	 1	 1	 1	566.62	  0.00
412	20	18	v	 0	 1	 6	 1	 1	 0	 1	 1	 0	 1	 0	 1	 1	 1	419.60	  0.00
413	20	18	v	 0	 1	 6	 1	 1	 3	 2	 1	 0	 1	 0	 1	 1	 1	410.22	  0.00
414	20	18	v	 0	 1	 6	 2	 2	 0	 1	 1	 0	 1	 0	 2	 2	 1	488.68	  0.00
415	20	18	v	 0	 1	 6	 1	 1	 1	 1	 0	 0	 1	 0	 2	 2	 1	638.98	  0.00
416	20	18	v	 0	 1	 6	 3	 2	 0	 1	 0	 0	 1	 0	 2	 2	 1	509.10	  0.00
417	20	18	v	 0	 1	 6	 2	 2	 1	 1	 1	 0	 1	 0	 2	 1	 0	651.45	  0.00
418	20	18	v	 0	 1	 6	 3	 2	 1	 1	 1	 0	 1	 0	 2	 2	 1	593.39	  0.00
419	20	18	v	 0	 1	 6	 3	 2	 1	 1	 1	 0	 1	 0	 2	 2	 1	399.67	  0.00
420	20	18	v	 0	 1	 6	 0	 1	 3	 2	 1	 0	 1	 0	 1	 1	 1	549.17	  0.00
421	20	18	v	 0	 1	 6	 2	 2	 1	 1	 0	 0	 1	 0	 2	 2	 1	603.29	  0.00
422	20	18	v	 0	 1	 6	 1	 1	 1	 1	 1	 0	 1	 0	 1	 1	 1	641.51	  0.00
423	20	18	v	 0	 1	 6	 1	 1	 2	 2	 1	 0	 1	 0	 1	 1	 1	510.98	  0.00
424	20	18	v	 0	 1	 6	 3	 2	 1	 1	 0	 0	 1	 0	 2	 2	 1	549.84	  0.00
425	20	18	v	 0	 1	 6	 1	 1	 2	 2	 0	 0	 1	 0	 1	 1	 1	500.02	  0.00
426	20	18	v	 0	 1	 6	 0	 1	 1	 1	 0	 0	 1	 0	 2	 2	 1	562.36	  0.00
427	20	18	v	 0	 1	 6	 2	 2	 2	 2	 0	 0	 1	 0	 1	 1	 1	600.59	  0.00
428	20	18	v	 0	 1	 6	 2	 2	 2	 2	 1	 0	 1	 0	 2	 2	 1	486.00	  0.00
429	20	18	v	 0	 1	 6	 0	 1	 2	 2	 0	 0	 1	 0	 1	 1	 1	692.08	  0.00
430	20	18	v	 0	 1	 6	 2	 2	 2	 2	 0	 0	 1	 0	 1	 1	 1	466.17	  0.00
431	20	18	v	 0	 1	 6	 0	 1	 2	 2	 1	 0	 1	 0	 1	 1	 1	672.39	  0.00
432	20	18	v	 0	 1	 6	 3	 2	 3	 2	 1	 0	 1	 0	 2	 2	 1	486.50	  0.00
433	20	18	v	 0	 1	 6	 0	 1	 1	 1	 1	 0	 1	 0	 1	 1	 1	716.87	  0.00
434	20	18	v	 0	 1	 6	 3	 2	 2	 2	 0	 0	 1	 0	 1	 1	 1	530.86	  0.00
435	20	18	v	 0	 1	 6	 0	 1	 0	 1	 1	 0	 1	 0	 1	 1	 1	473.12	  0.00
436	20	18	v	 0	 1	 6	 3	 2	 3	 2	 0	 0	 1	 0	 1	 1	 1	511.49	  0.00
437	20	18	v	 0	 1	 6	 1	 1	 2	 2	 0	 0	 1	 0	 1	 1	 1	493.67	  0.00
438	20	18	v	 0	 1	 6	 3	 2	 0	 1	 1	 0	 1	 0	 2	 2	 1	443.00	  0.00
439	20	18	v	 0	 1	 6	 0	 1	 3	 2	 0	 0	 1	 0	 1	 1	 1	793.35	  0.00
440	20	18	v	 0	 1	 6	 2	 2	 3	 2	 1	 0	 1	 0	 2	 2	 1	671.33	  0.00
441	20	18	v	 0	 1	 6	 3	 2	 3	 2	 0	 0	 1	 0	 1	 1	 1	477.36	  0.00
442	20	18	v	 0	 1	 6	 1	 1	 2	 2	 1	 0	 1	 0	 1	 1	 1	579.50	  0.00
443	20	18	v	 0	 1	 6	 0	 1	 0	 1	 0	 0	 1	 0	 2	 2	 1	593.75	  0.00
444	20	18	v	 0	 1	 6	 0	 1	 1	 1	 0	 0	 1	 0	 2	 2	 1	583.92	  0.00
445	20	18	v	 0	 1	 6	 1	 1	 3	 2	 0	 0	 1	 0	 1	 1	 1	550.12	  0.00
446	20	18	v	 0	 1	 6	 0	 1	 2	 2	 0	 0	 1	 0	 1	 1	 1	507.39	  0.00
447	20	18	v	 0	 1	 6	 2	 2	 0	 1	 0	 0	 1	 0	 2	 2	 1	617.71	  0.00
448	20	18	v	 0	 1	 7	 3	 2	 2	 2	 1	 0	 1	 0	 2	 2	 1	559.85	  0.00
449	20	18	v	 0	 1	 7	 2	 2	 0	 1	 1	 0	 1	 0	 2	 2	 1	437.99	  0.00
450	20	18	v	 0	 1	 7	 3	 2	 2	 2	 0	 0	 1	 0	 1	 1	 1	500.42	  0.00
451	20	18	v	 0	 1	 7	 3	 2	 0	 1	 0	 0	 1	 0	 2	 2	 1	530.66	  0.00
452	20	18	v	 0	 1	 7	 2	 2	 2	 2	 1	 0	 1	 0	 2	 2	 1	576.99	  0.00
453	20	18	v	 0	 1	 7	 1	 1	 3	 2	 0	 0	 1	 0	 1	 1	 1	615.19	  0.00
454	20	18	v	 0	 1	 7	 1	 1	 3	 2	 1	 0	 1	 0	 1	 1	 1	604.35	  0.00
455	20	18	v	 0	 1	 7	 3	 2	 0	 1	 1	 0	 1	 0	 2	 2	 1	474.62	  0.00
456	20	18	v	 0	 1	 7	 2	 2	 3	 2	 0	 0	 1	 0	 1	 1	 1	656.73	  0.00
457	20	18	v	 0	 1	 7	 0	 1	 0	 1	 0	 0	 1	 0	 2	 2	 1	510.78	  0.00
458	20	18	v	 0	 1	 7	 2	 2	 1	 1	 0	 0	 1	 0	 2	 2	 1	517.02	  0.00
459	20	18	v	 0	 1	 7	 2	 2	 3	 2	 0	 0	 1	 0	 1	 1	 1	595.35	  0.00
460	20	18	v	 0	 1	 7	 3	 2	 3	 2	 1	 0	 1	 0	 2	 2	 1	481.53	  0.00
461	20	18	v	 0	 1	 7	 2	 2	 0	 1	 0	 0	 1	 0	 2	 2	 1	519.78	  0.00
462	20	18	v	 0	 1	 7	 3	 2	 1	 1	 0	 0	 1	 0	 2	 2	 1	542.13	  0.00
463	20	18	v	 0	 1	 7	 3	 2	 1	 1	 1	 0	 1	 0	 2	 2	 1	531.42	  0.00
464	20	18	v	 0	 1	 7	 0	 1	 2	 2	 1	 0	 1	 0	 1	 1	 1	594.63	  0.00
465	20	18	v	 0	 1	 7	 3	 2	 1	 1	 0	 0	 1	 0	 2	 2	 1	535.79	  0.00
466	20	18	v	 0	 1	 7	 1	 1	 2	 2	 1	 0	 1	 0	 1	 1	 1	678.01	  0.00
467	20	18	v	 0	 1	 7	 3	 2	 0	 1	 1	 0	 1	 0	 2	 2	 1	500.10	  0.00
468	20	18	v	 0	 1	 7	 1	 1	 0	 1	 0	 0	 1	 0	 2	 2	 1	586.37	  0.00
469	20	18	v	 0	 1	 7	 1	 1	 1	 1	 1	 0	 1	 0	 1	 1	 1	672.52	  0.00
470	20	18	v	 0	 1	 7	 1	 1	 1	 1	 0	 0	 1	 0	 2	 2	 1	454.59	  0.00
471	20	18	v	 0	 1	 7	 1	 1	 1	 1	 1	 0	 1	 0	 1	 2	 0	460.07	  0.00
472	20	18	v	 0	 1	 7	 1	 1	 0	 1	 1	 0	 1	 0	 1	 1	 1	507.21	  0.00
473	20	18	v	 0	 1	 7	 1	 1	 3	 2	 1	 0	 1	 0	 1	 1	 1	416.52	  0.00
474	20	18	v	 0	 1	 7	 0	 1	 3	 2	 1	 0	 1	 0	 1	 1	 1	414.94	  0.00
475	20	18	v	 0	 1	 7	 1	 1	 2	 2	 0	 0	 1	 0	 1	 1	 1	525.42	  0.00
476	20	18	v	 0	 1	 7	 3	 2	 0	 1	 0	 0	 1	 0	 2	 2	 1	595.54	  0.00
477	20	18	v	 0	 1	 7	 2	 2	 2	 2	 1	 0	 1	 0	 2	 2	 1	617.77	  0.00
478	20	18	v	 0	 1	 7	 0	 1	 1	 1	 1	 0	 1	 0	 1	 1	 1	527.84	  0.00
479	20	18	v	 0	 1	 7	 0	 1	 1	 1	 0	 0	 1	 0	 2	 2	 1	606.13	  0.00
480	20	18	v	 0	 1	 7	 3	 2	 3	 2	 0	 0	 1	 0	 1	 1	 1	532.24	  0.00
481	20	18	v	 0	 1	 7	 1	 1	 2	 2	 1	 0	 1	 0	 1	 1	 1	553.46	  0.00
482	20	18	v	 0	 1	 7	 1	 1	 0	 1	 0	 0	 1	 0	 2	 2	 1	487.75	  0.00
483	20	18	v	 0	 1	 7	 0	 1	 0	 1	 1	 0	 1	 0	 1	 1	 1	678.06	  0.00
484	20	18	v	 0	 1	 7	 0	 1	 0	 1	 1	 0	 1	 0	 1	 1	 1	564.21	  0.00
485	20	18	v	 0	 1	 7	 0	 1	 2	 2	 0	 0	 1	 0	 1	 1	 1	562.37	  0.00
486	20	18	v	 0	 1	 7	 2	 2	 0	 1	 0	 0	 1	 0	 2	 2	 1	480.76	  0.00
487	20	18	v	 0	 1	 7	 2	 2	 0	 1	 1	 0	 1	 0	 2	 2	 1	655.04	  0.00
488	20	18	v	 0	 1	 7	 2	 2	 3	 2	 1	 0	 1	 0	 2	 2	 1	484.82	  0.00
489	20	18	v	 0	 1	 7	 1	 1	 1	 1	 0	 0	 1	 0	 2	 2	 1	658.49	  0.00
490	20	18	v	 0	 1	 7	 2	 2	 1	 1	 1	 0	 1	 0	 2	 2	 1	480.42	  0.00
491	20	18	v	 0	 1	 7	 0	 1	 1	 1	 1	 0	 1	 0	 1	 1	 1	574.76	  0.00
492	20	18	v	 0	 1	 7	 2	 2	 1	 1	 0	 0	 1	 0	 2	 2	 1	660.92	  0.00
493	20	18	v	 0	 1	 7	 2	 2	 3	 2	 1	 0	 1	 0	 2	 2	 1	634.88	  0.00
494	20	18	v	 0	 1	 7	 0	 1	 3	 2	 0	 0	 1	 0	 1	 1	 1	465.06	  0.00
495	20	18	v	 0	 1	 7	 3	 2	 2	 2	 1	 0	 1	 0	 2	 2	 1	583.44	  0.00
496	20	18	v	 0	 1	 7	 0	 1	 2	 2	 1	 0	 1	 0	 1	 1	 1	541.44	  0.00
497	20	18	v	 0	 1	 7	 2	 2	 1	 1	 1	 0	 1	 0	 2	 2	 1	443.80	  0.00
498	20	18	v	 0	 1	 7	 0	 1	 1	 1	 0	 0	 1	 0	 2	 2	 1	657.31	  0.00
499	20	18	v	 0	 1	 7	 2	 2	 2	 2	 0	 0	 1	 0	 1	 1	 1	591.24	  0.00
500	20	18	v	 0	 1	 7	 3	 2	 1	 1	 1	 0	 1	 0	 2	 2	 1	477.42	  0.00
501	20	18	v	 0	 1	 7	 0	 1	 3	 2	 1	 0	 1	 0	 1	 1	 1	467.75	  0.00
502	20	18	v	 0	 1	 7	 0	 1	 2	 2	 0	 0	 1	 0	 1	 1	 1	601.99	  0.00
503	20	18	v	 0	 1	 7	 2	 2	 2	 2	 0	 0	 1	 0	 1	 1	 1	512.25	  0.00
504	20	18	v	 0	 1	 7	 3	 2	 2	 2	 0	 0	 1	 0	 1	 1	 1	454.54	  0.00
505	20	18	v	 0	 1	 7	 0	 1	 3	 2	 0	 0	 1	 0	 1	 1	 1	492.97	  0.00
506	20	18	v	 0	 1	 7	 1	 1	 0	 1	 1	 0	 1	 0	 1	 1	 1	649.95	  0.00
507	20	18	v	 0	 1	 7	 3	 2	 3	 2	 0	 0	 1	 0	 1	 1	 1	545.31	  0.00
508	20	18	v	 0	 1	 7	 3	 2	 3	 2	 1	 0	 1	 0	 2	 2	 1	478.54	  0.00
509	20	18	v	 0	 1	 7	 1	 1	 2	 2	 0	 0	 1	 0	 1	 1	 1	524.73	  0.00
510	20	18	v	 0	 1	 7	 0	 1	 0	 1	 0	 0	 1	 0	 2	 2	 1	507.07	  0.00
511	20	18	v	 0	 1	 7	 1	 1	 3	 2	 0	 0	 1	 0	 1	 1	 1	537.44	  0.00
512	20	18	v	 0	 1	 8	 2	 2	 0	 1	 0	 1	 1	 1	 1	 1	 1	594.28	  0.00
513	20	18	v	 0	 1	 8	 2	 2	 1	 1	 0	 1	 1	 1	 1	 1	 1	463.94	  0.00
514	20	18	v	 0	 1	 8	 3	 2	 0	 1	 0	 1	 1	 1	 1	 1	 1	445.82	  0.00
515	20	18	v	 0	 1	 8	 2	 2	 3	 2	 0	 1	 1	 1	 1	 1	 1	427.64	  0.00
516	20	18	v	 0	 1	 8	 3	 2	 1	 1	 0	 1	 1	 1	 1	 1	 1	425.58	  0.00
517	20	18	v	 0	 1	 8	 1	 1	 3	 2	 0	 1	 1	 1	 2	 2	 1	342.53	  0.00
518	20	18	v	 0	 1	 8	 1	 1	 0	 1	 0	 1	 1	 1	 2	 2	 1	380.37	  0.00
519	20	18	v	 0	 1	 8	 1	 1	 0	 1	 1	 1	 1	 1	 2	 2	 1	378.57	  0.00
520	20	18	v	 0	 1	 8	 3	 2	 1	 1	 1	 1	 1	 1	 1	 1	 1	504.55	  0.00
521	20	18	v	 0	 1	 8	 2	 2	 3	 2	 1	 1	 1	 1	 1	 1	 1	685.95	  0.00
522	20	18	v	 0	 1	 8	 2	 2	 1	 1	 1	 1	 1	 1	 1	 1	 1	443.65	  0.00
523	20	18	v	 0	 1	 8	 1	 1	 2	 2	 0	 1	 1	 1	 2	 2	 1	497.76	  0.00
524	20	18	v	 0	 1	 8	 2	 2	 0	 1	 0	 1	 1	 1	 1	 1	 1	318.64	  0.00
525	20	18	v	 0	 1	 8	 2	 2	 2	 2	 0	 1	 1	 1	 1	 1	 1	508.65	  0.00
526	20	18	v	 0	 1	 8	 0	 1	 1	 1	 1	 1	 1	 1	 2	 2	 1	418.40	  0.00
527	20	18	v	 0	 1	 8	 3	 2	 3	 2	 1	 1	 1	 1	 1	 1	 1	376.34	  0.00
528	20	18	v	 0	 1	 8	 1	 1	 0	 1	 0	 1	 1	 1	 2	 2	 1	518.33	  0.00
529	20	18	v	 0	 1	 8	 3	 2	 3	 2	 0	 1	 1	 1	 1	 1	 1	348.01	  0.00
530	20	18	v	 0	 1	 8	 3	 2	 3	 2	 1	 1	 1	 1	 1	 1	 1	498.06	  0.00
531	20	18	v	 0	 1	 8	 1	 1	 3	 2	 1	 1	 1	 1	 2	 2	 1	486.76	  0.00
532	20	18	v	 0	 1	 8	 2	 2	 3	 2	 1	 1	 1	 1	 1	 1	 1	444.75	  0.00
533	20	18	v	 0	 1	 8	 3	 2	 0	 1	 1	 1	 1	 1	 1	 1	 1	466.64	  0.00
534	20	18	v	 0	 1	 8	 0	 1	 3	 2	 1	 1	 1	 1	 2	 2	 1	560.46	  0.00
535	20	18	v	 0	 1	 8	 1	 1	 2	 2	 1	 1	 1	 1	 2	 2	 1	534.04	  0.00
536	20	18	v	 0	 1	 8	 2	 2	 2	 2	 1	 1	 1	 1	 1	 1	 1	347.89	  0.00
537	20	18	v	 0	 1	 8	 3	 2	 1	 1	 0	 1	 1	 1	 1	 1	 1	457.65	  0.00
538	20	18	v	 0	 1	 8	 3	 2	 0	 1	 1	 1	 1	 1	 1	 1	 1	463.69	  0.00
539	20	18	v	 0	 1	 8	 0	 1	 3	 2	 0	 1	 1	 1	 2	 2	 1	380.66	  0.00
540	20	18	v	 0	 1	 8	 0	 1	 2	 2	 1	 1	 1	 1	 2	 2	 1	474.66	  0.00
541	20	18	v	 0	 1	 8	 2	 2	 1	 1	 1	 1	 1	 1	 1	 1	 1	536.45	  0.00
542	20	18	v	 0	 1	 8	 0	 1	 3	 2	 1	 1	 1	 1	 2	 2	 1	342.20	  0.00
543	20	18	v	 0	 1	 8	 1	 1	 0	 1	 1	 1	 1	 1	 2	 2	 1	460.07	  0.00
544	20	18	v	 0	 1	 8	 3	 2	 1	 1	 1	 1	 1	 1	 1	 1	 1	474.17	  0.00
545	20	18	v	 0	 1	 8	 0	 1	 1	 1	 1	 1	 1	 1	 2	 2	 1	542.54	  0.00
546	20	18	v	 0	 1	 8	 0	 1	 2	 2	 0	 1	 1	 1	 2	 2	 1	549.74	  0.00
547	20	18	v	 0	 1	 8	 2	 2	 0	 1	 1	 1	 1	 1	 1	 1	 1	378.26	  0.00
548	20	18	v	 0	 1	 8	 2	 2	 2	 2	 0	 1	 1	 1	 1	 1	 1	544.41	  0.00
549	20	18	v	 0	 1	 8	 3	 2	 2	 2	 0	 1	 1	 1	 1	 1	 1	366.18	  0.00
550	20	18	v	 0	 1	 8	 0	 1	 0	 1	 1	 1	 1	 1	 2	 2	 1	340.18	  0.00
551	20	18	v	 0	 1	 8	 3	 2	 2	 2	 1	 1	 1	 1	 1	 1	 1	498.27	  0.00
552	20	18	v	 0	 1	 8	 3	 2	 2	 2	 0	 1	 1	 1	 1	 1	 1	463.25	  0.00
553	20	18	v	 0	 1	 8	 1	 1	 3	 2	 0	 1	 1	 1	 2	 2	 1	437.93	  0.00
554	20	18	v	 0	 1	 8	 0	 1	 0	 1	 0	 1	 1	 1	 2	 2	 1	482.78	  0.00
555	20	18	v	 0	 1	 8	 0	 1	 2	 2	 0	 1	 1	 1	 2	 2	 1	448.65	  0.00
556	20	18	v	 0	 1	 8	 0	 1	 1	 1	 0	 1	 1	 1	 2	 2	 1	366.54	  0.00
557	20	18	v	 0	 1	 8	 1	 1	 3	 2	 1	 1	 1	 1	 2	 2	 1	412.50	  0.00
558	20	18	v	 0	 1	 8	 0	 1	 1	 1	 0	 1	 1	 1	 2	 2	 1	482.47	  0.00
559	20	18	v	 0	 1	 8	 0	 1	 0	 1	 0	 1	 1	 1	 2	 2	 1	440.28	  0.00
560	20	18	v	 0	 1	 8	 1	 1	 2	 2	 0	 1	 1	 1	 2	 2	 1	485.88	  0.00
561	20	18	v	 0	 1	 8	 2	 2	 0	 1	 1	 1	 1	 1	 1	 1	 1	314.99	  0.00
562	20	18	v	 0	 1	 8	 1	 1	 1	 1	 0	 1	 1	 1	 2	 2	 1	312.77	  0.00
563	20	18	v	 0	 1	 8	 0	 1	 0	 1	 1	 1	 1	 1	 2	 2	 1	447.04	  0.00
564	20	18	v	 0	 1	 8	 2	 2	 2	 2	 1	 1	 1	 1	 1	 1	 1	524.95	  0.00
565	20	18	v	 0	 1	 8	 2	 2	 3	 2	 0	 1	 1	 1	 1	 1	 1	498.69	  0.00
566	20	18	v	 0	 1	 8	 2	 2	 1	 1	 0	 1	 1	 1	 1	 1	 1	536.24	  0.00
567	20	18	v	 0	 1	 8	 0	 1	 3	 2	 0	 1	 1	 1	 2	 2	 1	350.03	  0.00
568	20	18	v	 0	 1	 8	 1	 1	 1	 1	 1	 1	 1	 1	 2	 2	 1	419.30	  0.00
569	20	18	v	 0	 1	 8	 1	 1	 2	 2	 1	 1	 1	 1	 2	 2	 1	385.21	  0.00
570	20	18	v	 0	 1	 8	 3	 2	 0	 1	 0	 1	 1	 1	 1	 2	 0	367.19	  0.00
571	20	18	v	 0	 1	 8	 1	 1	 1	 1	 0	 1	 1	 1	 2	 2	 1	524.61	  0.00
572	20	18	v	 0	 1	 8	 3	 2	 2	 2	 1	 1	 1	 1	 1	 1	 1	514.95	  0.00
573	20	18	v	 0	 1	 8	 1	 1	 1	 1	 1	 1	 1	 1	 2	 2	 1	488.70	  0.00
574	20	18	v	 0	 1	 8	 3	 2	 3	 2	 0	 1	 1	 1	 1	 1	 1	526.54	  0.00
575	20	18	v	 0	 1	 8	 0	 1	 2	 2	 1	 1	 1	 1	 2	 2	 1	451.33	  0.00
576	20	18	v	 0	 1	 9	 0	 1	 0	 1	 1	 1	 1	 1	 2	 1	 0	594.95	  0.00
577	20	18	v	 0	 1	 9	 1	 1	 1	 1	 1	 1	 1	 1	 2	 1	 0	729.09	  0.00
578	20	18	v	 0	 1	 9	 2	 2	 2	 2	 0	 1	 1	 1	 1	 1	 1	815.16	  0.00
579	20	18	v	 0	 1	 9	 1	 1	 1	 1	 0	 1	 1	 1	 2	 2	 1	516.14	  0.00
580	20	18	v	 0	 1	 9	 3	 2	 1	 1	 0	 1	 1	 1	 1	 1	 1	514.24	  0.00
581	20	18	v	 0	 1	 9	 0	 1	 2	 2	 1	 1	 1	 1	 2	 2	 1	736.50	  0.00
582	20	18	v	 0	 1	 9	 0	 1	 1	 1	 0	 1	 1	 1	 2	 2	 1	430.44	  0.00
583	20	18	v	 0	 1	 9	 2	 2	 1	 1	 1	 1	 1	 1	 1	 1	 1	428.83	  0.00
584	20	18	v	 0	 1	 9	 2	 2	 3	 2	 1	 1	 1	 1	 1	 1	 1	435.23	  0.00
585	20	18	v	 0	 1	 9	 3	 2	 0	 1	 0	 1	 1	 1	 1	 1	 1	385.60	  0.00
586	20	18	v	 0	 1	 9	 3	 2	 1	 1	 1	 1	 1	 1	 1	 1	 1	360.08	  0.00
587	20	18	v	 0	 1	 9	 3	 2	 2	 2	 1	 1	 1	 1	 1	 1	 1	374.62	  0.00
588	20	18	v	 0	 1	 9	 0	 1	 1	 1	 0	 1	 1	 1	 2	 2	 1	596.97	  0.00
589	20	18	v	 0	 1	 9	 2	 2	 0	 1	 1	 1	 1	 1	 1	 1	 1	778.20	  0.00
590	20	18	v	 0	 1	 9	 1	 1	 3	 2	 0	 1	 1	 1	 2	 2	 1	544.09	  0.00
591	20	18	v	 0	 1	 9	 0	 1	 2	 2	 1	 1	 1	 1	 2	 2	 1	438.19	  0.00
592	20	18	v	 0	 1	 9	 2	 2	 0	 1	 0	 1	 1	 1	 1	 1	 1	508.71	  0.00
593	20	18	v	 0	 1	 9	 0	 1	 1	 1	 1	 1	 1	 1	 2	 2	 1	490.97	  0.00
594	20	18	v	 0	 1	 9	 3	 2	 3	 2	 1	 1	 1	 1	 1	 1	 1	473.31	  0.00
595	20	18	v	 0	 1	 9	 0	 1	 1	 1	 1	 1	 1	 1	 2	 2	 1	543.52	  0.00
596	20	18	v	 0	 1	 9	 3	 2	 1	 1	 0	 1	 1	 1	 1	 1	 1	413.93	  0.00
597	20	18	v	 0	 1	 9	 0	 1	 0	 1	 1	 1	 1	 1	 2	 2	 1	379.10	  0.00
598	20	18	v	 0	 1	 9	 3	 2	 3	 2	 0	 1	 1	 1	 1	 1	 1	370.72	  0.00
599	20	18	v	 0	 1	 9	 3	 2	 2	 2	 1	 1	 1	 1	 1	 1	 1	464.22	  0.00
600	20	18	v	 0	 1	 9	 1	 1	 3	 2	 1	 1	 1	 1	 2	 2	 1	446.11	  0.00
601	20	18	v	 0	 1	 9	 1	 1	 0	 1	 0	 1	 1	 1	 2	 2	 1	356.94	  0.00
602	20	18	v	 0	 1	 9	 1	 1	 2	 2	 0	 1	 1	 1	 2	 2	 1	363.51	  0.00
603	20	18	v	 0	 1	 9	 0	 1	 0	 1	 0	 1	 1	 1	 2	 2	 1	473.99	  0.00
604	20	18	v	 0	 1	 9	 1	 1	 0	 1	 1	 1	 1	 1	 2	 2	 1	368.02	  0.00
605	20	18	v	 0	 1	 9	 1	 1	 2	 2	 1	 1	 1	 1	 2	 2	 1	374.82	  0.00
606	20	18	v	 0	 1	 9	 3	 2	 0	 1	 0	 1	 1	 1	 1	 1	 1	405.12	  0.00
607	20	18	v	 0	 1	 9	 2	 2	 3	 2	 0	 1	 1	 1	 1	 1	 1	787.72	  0.00
608	20	18	v	 0	 1	 9	 3	 2	 2	 2	 0	 1	 1	 1	 1	 1	 1	368.66	  0.00
609	20	18	v	 0	 1	 9	 3	 2	 3	 2	 1	 1	 1	 1	 1	 1	 1	375.10	  0.00
610	20	18	v	 0	 1	 9	 3	 2	 0	 1	 1	 1	 1	 1	 1	 1	 1	333.51	  0.00
611	20	18	v	 0	 1	 9	 0	 1	 2	 2	 0	 1	 1	 1	 2	 2	 1	324.09	  0.00
612	20	18	v	 0	 1	 9	 2	 2	 1	 1	 0	 1	 1	 1	 1	 1	 1	394.68	  0.00
613	20	18	v	 0	 1	 9	 2	 2	 1	 1	 0	 1	 1	 1	 1	 1	 1	448.90	  0.00
614	20	18	v	 0	 1	 9	 2	 2	 3	 2	 1	 1	 1	 1	 1	 1	 1	375.55	  0.00
615	20	18	v	 0	 1	 9	 2	 2	 0	 1	 0	 1	 1	 1	 1	 1	 1	301.97	  0.00
616	20	18	v	 0	 1	 9	 2	 2	 2	 2	 1	 1	 1	 1	 1	 1	 1	324.53	  0.00
617	20	18	v	 0	 1	 9	 1	 1	 3	 2	 0	 1	 1	 1	 2	 2	 1	283.13	  0.00
618	20	18	v	 0	 1	 9	 2	 2	 3	 2	 0	 1	 1	 1	 1	 1	 1	369.74	  0.00
619	20	18	v	 0	 1	 9	 1	 1	 1	 1	 1	 1	 1	 1	 2	 2	 1	463.01	  0.00
620	20	18	v	 0	 1	 9	 1	 1	 0	 1	 1	 1	 1	 1	 2	 2	 1	525.61	  0.00
621	20	18	v	 0	 1	 9	 1	 1	 2	 2	 0	 1	 1	 1	 2	 2	 1	474.48	  0.00
622	20	18	v	 0	 1	 9	 0	 1	 3	 2	 0	 1	 1	 1	 2	 2	 1	370.08	  0.00
623	20	18	v	 0	 1	 9	 2	 2	 2	 2	 1	 1	 1	 1	 1	 1	 1	512.73	  0.00
624	20	18	v	 0	 1	 9	 3	 2	 2	 2	 0	 1	 1	 1	 1	 1	 1	374.83	  0.00
625	20	18	v	 0	 1	 9	 0	 1	 0	 1	 0	 1	 1	 1	 2	 2	 1	453.08	  0.00
626	20	18	v	 0	 1	 9	 0	 1	 3	 2	 1	 1	 1	 1	 2	 2	 1	499.76	  0.00
627	20	18	v	 0	 1	 9	 0	 1	 3	 2	 0	 1	 1	 1	 2	 2	 1	465.09	  0.00
628	20	18	v	 0	 1	 9	 2	 2	 2	 2	 0	 1	 1	 1	 1	 1	 1	407.27	  0.00
629	20	18	v	 0	 1	 9	 0	 1	 3	 2	 1	 1	 1	 1	 2	 2	 1	445.82	  0.00
630	20	18	v	 0	 1	 9	 1	 1	 2	 2	 1	 1	 1	 1	 2	 2	 1	428.27	  0.00
631	20	18	v	 0	 1	 9	 3	 2	 0	 1	 1	 1	 1	 1	 1	 1	 1	498.64	  0.00
632	20	18	v	 0	 1	 9	 2	 2	 1	 1	 1	 1	 1	 1	 1	 1	 1	400.70	  0.00
633	20	18	v	 0	 1	 9	 1	 1	 0	 1	 0	 1	 1	 1	 2	 2	 1	599.34	  0.00
634	20	18	v	 0	 1	 9	 3	 2	 1	 1	 1	 1	 1	 1	 1	 1	 1	404.70	  0.00
635	20	18	v	 0	 1	 9	 1	 1	 3	 2	 1	 1	 1	 1	 2	 2	 1	467.78	  0.00
636	20	18	v	 0	 1	 9	 2	 2	 0	 1	 1	 1	 1	 1	 1	 1	 1	434.32	  0.00
637	20	18	v	 0	 1	 9	 1	 1	 1	 1	 0	 1	 1	 1	 2	 2	 1	400.67	  0.00
638	20	18	v	 0	 1	 9	 3	 2	 3	 2	 0	 1	 1	 1	 1	 1	 1	374.18	  0.00
639	20	18	v	 0	 1	 9	 0	 1	 2	 2	 0	 1	 1	 1	 2	 2	 1	340.60	  0.00
640	20	18	v	 0	 1	10	 3	 2	 3	 2	 1	 1	 1	 1	 1	 1	 1	866.29	  0.00
641	20	18	v	 0	 1	10	 0	 1	 0	 1	 1	 1	 1	 1	 2	 2	 1	502.58	  0.00
642	20	18	v	 0	 1	10	 3	 2	 3	 2	 0	 1	 1	 1	 1	 1	 1	420.40	  0.00
643	20	18	v	 0	 1	10	 0	 1	 0	 1	 0	 1	 1	 1	 2	 2	 1	514.31	  0.00
644	20	18	v	 0	 1	10	 0	 1	 2	 2	 0	 1	 1	 1	 1	 1	 1	528.08	  0.00
645	20	18	v	 0	 1	10	 3	 2	 2	 2	 1	 1	 1	 1	 1	 1	 1	565.86	  0.00
646	20	18	v	 0	 1	10	 1	 1	 0	 1	 0	 1	 1	 1	 2	 2	 1	571.52	  0.00
647	20	18	v	 0	 1	10	 3	 2	 0	 1	 0	 1	 1	 1	 2	 2	 1	465.22	  0.00
648	20	18	v	 0	 1	10	 0	 1	 1	 1	 0	 1	 1	 1	 2	 2	 1	535.13	  0.00
649	20	18	v	 0	 1	10	 3	 2	 1	 1	 0	 1	 1	 1	 2	 2	 1	403.91	  0.00
650	20	18	v	 0	 1	10	 2	 2	 1	 1	 0	 1	 1	 1	 2	 2	 1	561.83	  0.00
651	20	18	v	 0	 1	10	 1	 1	 0	 1	 0	 1	 1	 1	 2	 2	 1	479.52	  0.00
652	20	18	v	 0	 1	10	 0	 1	 1	 1	 1	 1	 1	 1	 2	 1	 0	517.40	  0.00
653	20	18	v	 0	 1	10	 2	 2	 2	 2	 0	 1	 1	 1	 1	 1	 1	515.11	  0.00
654	20	18	v	 0	 1	10	 3	 2	 1	 1	 0	 1	 1	 1	 2	 2	 1	584.89	  0.00
655	20	18	v	 0	 1	10	 0	 1	 2	 2	 0	 1	 1	 1	 1	 1	 1	517.68	  0.00
656	20	18	v	 0	 1	10	 2	 2	 0	 1	 1	 1	 1	 1	 1	 1	 1	755.36	  0.00
657	20	18	v	 0	 1	10	 2	 2	 3	 2	 1	 1	 1	 1	 1	 1	 1	456.78	  0.00
658	20	18	v	 0	 1	10	 2	 2	 1	 1	 1	 1	 1	 1	 1	 1	 1	486.69	  0.00
659	20	18	v	 0	 1	10	 0	 1	 0	 1	 0	 1	 1	 1	 2	 2	 1	484.47	  0.00
660	20	18	v	 0	 1	10	 2	 2	 1	 1	 0	 1	 1	 1	 2	 2	 1	450.29	  0.00
661	20	18	v	 0	 1	10	 1	 1	 3	 2	 1	 1	 1	 1	 2	 2	 1	967.46	  0.00
662	20	18	v	 0	 1	10	 0	 1	 2	 2	 1	 1	 1	 1	 2	 2	 1	436.50	  0.00
663	20	18	v	 0	 1	10	 0	 1	 1	 1	 1	 1	 1	 1	 2	 2	 1	393.45	  0.00
664	20	18	v	 0	 1	10	 2	 2	 0	 1	 0	 1	 1	 1	 2	 2	 1	648.08	  0.00
665	20	18	v	 0	 1	10	 1	 1	 3	 2	 1	 1	 1	 1	 2	 1	 0	589.73	  0.00
666	20	18	v	 0	 1	10	 0	 1	 1	 1	 0	 1	 1	 1	 2	 2	 1	539.37	  0.00
667	20	18	v	 0	 1	10	 3	 2	 2	 2	 0	 1	 1	 1	 1	 1	 1	545.06	  0.00
668	20	18	v	 0	 1	10	 2	 2	 3	 2	 0	 1	 1	 1	 1	 1	 1	502.86	  0.00
669	20	18	v	 0	 1	10	 2	 2	 2	 2	 1	 1	 1	 1	 1	 2	 0	523.53	  0.00
670	20	18	v	 0	 1	10	 0	 1	 3	 2	 1	 1	 1	 1	 2	 2	 1	697.27	  0.00
671	20	18	v	 0	 1	10	 3	 2	 2	 2	 0	 1	 1	 1	 1	 1	 1	518.90	  0.00
672	20	18	v	 0	 1	10	 2	 2	 3	 2	 0	 1	 1	 1	 1	 1	 1	508.79	  0.00
673	20	18	v	 0	 1	10	 2	 2	 2	 2	 0	 1	 1	 1	 1	 1	 1	450.51	  0.00
674	20	18	v	 0	 1	10	 3	 2	 3	 2	 1	 1	 1	 1	 1	 1	 1	656.28	  0.00
675	20	18	v	 0	 1	10	 1	 1	 0	 1	 1	 1	 1	 1	 2	 2	 1	389.06	  0.00
676	20	18	v	 0	 1	10	 3	 2	 0	 1	 0	 1	 1	 1	 2	 2	 1	546.89	  0.00
677	20	18	v	 0	 1	10	 0	 1	 0	 1	 1	 1	 1	 1	 2	 2	 1	544.64	  0.00
678	20	18	v	 0	 1	10	 1	 1	 2	 2	 1	 1	 1	 1	 2	 2	 1	462.43	  0.00
679	20	18	v	 0	 1	10	 2	 2	 1	 1	 1	 1	 1	 1	 1	 1	 1	588.38	  0.00
680	20	18	v	 0	 1	10	 2	 2	 2	 2	 1	 1	 1	 1	 1	 1	 1	465.95	  0.00
681	20	18	v	 0	 1	10	 1	 1	 2	 2	 0	 1	 1	 1	 1	 1	 1	543.80	  0.00
682	20	18	v	 0	 1	10	 1	 1	 2	 2	 0	 1	 1	 1	 1	 1	 1	468.62	  0.00
683	20	18	v	 0	 1	10	 2	 2	 0	 1	 1	 1	 1	 1	 1	 1	 1	586.37	  0.00
684	20	18	v	 0	 1	10	 0	 1	 2	 2	 1	 1	 1	 1	 2	 2	 1	504.06	  0.00
685	20	18	v	 0	 1	10	 3	 2	 1	 1	 1	 1	 1	 1	 1	 1	 1	549.77	  0.00
686	20	18	v	 0	 1	10	 3	 2	 3	 2	 0	 1	 1	 1	 1	 1	 1	459.66	  0.00
687	20	18	v	 0	 1	10	 1	 1	 1	 1	 0	 1	 1	 1	 2	 2	 1	617.50	  0.00
688	20	18	v	 0	 1	10	 1	 1	 1	 1	 1	 1	 1	 1	 2	 2	 1	847.20	  0.00
689	20	18	v	 0	 1	10	 3	 2	 0	 1	 1	 1	 1	 1	 1	 1	 1	563.47	  0.00
690	20	18	v	 0	 1	10	 1	 1	 3	 2	 0	 1	 1	 1	 1	 1	 1	473.09	  0.00
691	20	18	v	 0	 1	10	 1	 1	 0	 1	 1	 1	 1	 1	 2	 2	 1	462.98	  0.00
692	20	18	v	 0	 1	10	 1	 1	 3	 2	 0	 1	 1	 1	 1	 1	 1	484.79	  0.00
693	20	18	v	 0	 1	10	 3	 2	 2	 2	 1	 1	 1	 1	 1	 1	 1	618.77	  0.00
694	20	18	v	 0	 1	10	 0	 1	 3	 2	 0	 1	 1	 1	 1	 1	 1	528.28	  0.00
695	20	18	v	 0	 1	10	 1	 1	 1	 1	 0	 1	 1	 1	 2	 1	 0	374.12	  0.00
696	20	18	v	 0	 1	10	 2	 2	 3	 2	 1	 1	 1	 1	 1	 1	 1	603.21	  0.00
697	20	18	v	 0	 1	10	 1	 1	 2	 2	 1	 1	 1	 1	 2	 2	 1	488.75	  0.00
698	20	18	v	 0	 1	10	 2	 2	 0	 1	 0	 1	 1	 1	 2	 2	 1	542.52	  0.00
699	20	18	v	 0	 1	10	 0	 1	 3	 2	 1	 1	 1	 1	 2	 2	 1	724.11	  0.00
700	20	18	v	 0	 1	10	 1	 1	 1	 1	 1	 1	 1	 1	 2	 2	 1	417.79	  0.00
701	20	18	v	 0	 1	10	 0	 1	 3	 2	 0	 1	 1	 1	 1	 1	 1	503.72	  0.00
702	20	18	v	 0	 1	10	 3	 2	 1	 1	 1	 1	 1	 1	 1	 1	 1	701.44	  0.00
703	20	18	v	 0	 1	10	 3	 2	 0	 1	 1	 1	 1	 1	 1	 1	 1	562.15	  0.00
704	20	18	v	 0	 1	11	 3	 2	 2	 2	 0	 1	 1	 1	 1	 1	 1	498.70	  0.00
705	20	18	v	 0	 1	11	 2	 2	 1	 1	 0	 1	 1	 1	 2	 2	 1	576.06	  0.00
706	20	18	v	 0	 1	11	 3	 2	 2	 2	 0	 1	 1	 1	 1	 2	 0	454.27	  0.00
707	20	18	v	 0	 1	11	 3	 2	 0	 1	 0	 1	 1	 1	 2	 2	 1	532.67	  0.00
708	20	18	v	 0	 1	11	 1	 1	 3	 2	 0	 1	 1	 1	 1	 1	 1	578.87	  0.00
709	20	18	v	 0	 1	11	 1	 1	 0	 1	 1	 1	 1	 1	 2	 2	 1	696.96	  0.00
710	20	18	v	 0	 1	11	 0	 1	 3	 2	 1	 1	 1	 1	 2	 2	 1	823.09	  0.00
711	20	18	v	 0	 1	11	 3	 2	 1	 1	 1	 1	 1	 1	 1	 1	 1	452.95	  0.00
712	20	18	v	 0	 1	11	 3	 2	 1	 1	 0	 1	 1	 1	 2	 2	 1	610.29	  0.00
713	20	18	v	 0	 1	11	 2	 2	 0	 1	 1	 1	 1	 1	 1	 1	 1	697.46	  0.00
714	20	18	v	 0	 1	11	 1	 1	 2	 2	 0	 1	 1	 1	 1	 1	 1	654.41	  0.00
715	20	18	v	 0	 1	11	 0	 1	 2	 2	 1	 1	 1	 1	 2	 2	 1	499.45	  0.00
716	20	18	v	 0	 1	11	 1	 1	 0	 1	 0	 1	 1	 1	 2	 2	 1	474.84	  0.00
717	20	18	v	 0	 1	11	 1	 1	 2	 2	 1	 1	 1	 1	 2	 2	 1	513.14	  0.00
718	20	18	v	 0	 1	11	 2	 2	 1	 1	 1	 1	 1	 1	 1	 1	 1	479.38	  0.00
719	20	18	v	 0	 1	11	 2	 2	 1	 1	 1	 1	 1	 1	 1	 1	 1	501.69	  0.00
720	20	18	v	 0	 1	11	 0	 1	 3	 2	 1	 1	 1	 1	 2	 1	 0	587.21	  0.00
721	20	18	v	 0	 1	11	 3	 2	 0	 1	 0	 1	 1	 1	 2	 2	 1	530.17	  0.00
722	20	18	v	 0	 1	11	 2	 2	 2	 2	 1	 1	 1	 1	 1	 1	 1	623.50	  0.00
723	20	18	v	 0	 1	11	 3	 2	 3	 2	 0	 1	 1	 1	 1	 1	 1	501.60	  0.00
724	20	18	v	 0	 1	11	 1	 1	 1	 1	 0	 1	 1	 1	 2	 2	 1	419.83	  0.00
725	20	18	v	 0	 1	11	 2	 2	 3	 2	 0	 1	 1	 1	 1	 1	 1	498.24	  0.00
726	20	18	v	 0	 1	11	 0	 1	 0	 1	 1	 1	 1	 1	 2	 2	 1	496.57	  0.00
727	20	18	v	 0	 1	11	 2	 2	 1	 1	 0	 1	 1	 1	 2	 2	 1	462.78	  0.00
728	20	18	v	 0	 1	11	 2	 2	 3	 2	 1	 1	 1	 1	 1	 1	 1	740.08	  0.00
729	20	18	v	 0	 1	11	 2	 2	 0	 1	 1	 1	 1	 1	 1	 1	 1	427.01	  0.00
730	20	18	v	 0	 1	11	 1	 1	 2	 2	 0	 1	 1	 1	 1	 1	 1	616.49	  0.00
731	20	18	v	 0	 1	11	 3	 2	 3	 2	 0	 1	 1	 1	 1	 1	 1	574.60	  0.00
732	20	18	v	 0	 1	11	 3	 2	 3	 2	 1	 1	 1	 1	 1	 1	 1	532.70	  0.00
733	20	18	v	 0	 1	11	 0	 1	 3	 2	 0	 1	 1	 1	 1	 1	 1	435.03	  0.00
734	20	18	v	 0	 1	11	 2	 2	 2	 2	 1	 1	 1	 1	 1	 1	 1	449.42	  0.00
735	20	18	v	 0	 1	11	 2	 2	 0	 1	 0	 1	 1	 1	 2	 2	 1	535.75	  0.00
736	20	18	v	 0	 1	11	 3	 2	 2	 2	 1	 1	 1	 1	 1	 1	 1	646.06	  0.00
737	20	18	v	 0	 1	11	 0	 1	 0	 1	 0	 1	 1	 1	 2	 2	 1	508.15	  0.00
738	20	18	v	 0	 1	11	 3	 2	 3	 2	 1	 1	 1	 1	 1	 2	 0	426.48	  0.00
739	20	18	v	 0	 1	11	 3	 2	 1	 1	 1	 1	 1	 1	 1	 1	 1	503.65	  0.00
740	20	18	v	 0	 1	11	 0	 1	 1	 1	 0	 1	 1	 1	 2	 2	 1	542.19	  0.00
741	20	18	v	 0	 1	11	 3	 2	 1	 1	 0	 1	 1	 1	 2	 2	 1	748.30	  0.00
742	20	18	v	 0	 1	11	 2	 2	 3	 2	 1	 1	 1	 1	 1	 1	 1	498.17	  0.00
743	20	18	v	 0	 1	11	 0	 1	 0	 1	 1	 1	 1	 1	 2	 2	 1	704.55	  0.00
744	20	18	v	 0	 1	11	 0	 1	 1	 1	 1	 1	 1	 1	 2	 2	 1	478.51	  0.00
745	20	18	v	 0	 1	11	 1	 1	 3	 2	 1	 1	 1	 1	 2	 2	 1	428.83	  0.00
746	20	18	v	 0	 1	11	 0	 1	 2	 2	 1	 1	 1	 1	 2	 2	 1	395.32	  0.00
747	20	18	v	 0	 1	11	 0	 1	 2	 2	 0	 1	 1	 1	 1	 1	 1	497.69	  0.00
748	20	18	v	 0	 1	11	 2	 2	 2	 2	 0	 1	 1	 1	 1	 1	 1	439.03	  0.00
749	20	18	v	 0	 1	11	 1	 1	 0	 1	 0	 1	 1	 1	 2	 2	 1	485.38	  0.00
750	20	18	v	 0	 1	11	 0	 1	 3	 2	 0	 1	 1	 1	 1	 1	 1	555.69	  0.00
751	20	18	v	 0	 1	11	 1	 1	 1	 1	 1	 1	 1	 1	 2	 2	 1	473.95	  0.00
752	20	18	v	 0	 1	11	 0	 1	 2	 2	 0	 1	 1	 1	 1	 1	 1	536.31	  0.00
753	20	18	v	 0	 1	11	 3	 2	 0	 1	 1	 1	 1	 1	 1	 1	 1	526.54	  0.00
754	20	18	v	 0	 1	11	 2	 2	 3	 2	 0	 1	 1	 1	 1	 1	 1	436.74	  0.00
755	20	18	v	 0	 1	11	 0	 1	 1	 1	 1	 1	 1	 1	 2	 2	 1	427.18	  0.00
756	20	18	v	 0	 1	11	 1	 1	 1	 1	 1	 1	 1	 1	 2	 2	 1	457.45	  0.00
757	20	18	v	 0	 1	11	 0	 1	 1	 1	 0	 1	 1	 1	 2	 1	 0	422.93	  0.00
758	20	18	v	 0	 1	11	 2	 2	 0	 1	 0	 1	 1	 1	 2	 2	 1	653.29	  0.00
759	20	18	v	 0	 1	11	 1	 1	 0	 1	 1	 1	 1	 1	 2	 2	 1	459.44	  0.00
760	20	18	v	 0	 1	11	 1	 1	 1	 1	 0	 1	 1	 1	 2	 2	 1	577.72	  0.00
761	20	18	v	 0	 1	11	 2	 2	 2	 2	 0	 1	 1	 1	 1	 1	 1	543.84	  0.00
762	20	18	v	 0	 1	11	 3	 2	 2	 2	 1	 1	 1	 1	 1	 1	 1	558.14	  0.00
763	20	18	v	 0	 1	11	 0	 1	 0	 1	 0	 1	 1	 1	 2	 2	 1	548.30	  0.00
764	20	18	v	 0	 1	11	 1	 1	 3	 2	 0	 1	 1	 1	 1	 1	 1	506.51	  0.00
765	20	18	v	 0	 1	11	 1	 1	 2	 2	 1	 1	 1	 1	 2	 2	 1	552.70	  0.00
766	20	18	v	 0	 1	11	 1	 1	 3	 2	 1	 1	 1	 1	 2	 2	 1	470.11	  0.00
767	20	18	v	 0	 1	11	 3	 2	 0	 1	 1	 1	 1	 1	 1	 1	 1	604.37	  0.00
768	20	18	v	 0	 1	12	 3	 2	 1	 1	 0	 1	 1	 1	 2	 2	 1	506.56	  0.00
769	20	18	v	 0	 1	12	 2	 2	 1	 1	 1	 1	 1	 1	 1	 2	 0	400.80	  0.00
770	20	18	v	 0	 1	12	 1	 1	 1	 1	 0	 1	 1	 1	 2	 2	 1	591.29	  0.00
771	20	18	v	 0	 1	12	 1	 1	 3	 2	 0	 1	 1	 1	 1	 1	 1	493.37	  0.00
772	20	18	v	 0	 1	12	 2	 2	 0	 1	 1	 1	 1	 1	 1	 1	 1	483.74	  0.00
773	20	18	v	 0	 1	12	 2	 2	 3	 2	 0	 1	 1	 1	 1	 1	 1	450.21	  0.00
774	20	18	v	 0	 1	12	 2	 2	 3	 2	 1	 1	 1	 1	 1	 1	 1	623.37	  0.00
775	20	18	v	 0	 1	12	 0	 1	 1	 1	 1	 1	 1	 1	 2	 2	 1	533.45	  0.00
776	20	18	v	 0	 1	12	 2	 2	 3	 2	 1	 1	 1	 1	 1	 2	 0	515.80	  0.00
777	20	18	v	 0	 1	12	 2	 2	 0	 1	 1	 1	 1	 1	 1	 1	 1	1010.07	  0.00
778	20	18	v	 0	 1	12	 2	 2	 2	 2	 1	 1	 1	 1	 1	 1	 1	423.70	  0.00
779	20	18	v	 0	 1	12	 2	 2	 2	 2	 0	 1	 1	 1	 1	 1	 1	518.05	  0.00
780	20	18	v	 0	 1	12	 0	 1	 3	 2	 1	 1	 1	 1	 2	 2	 1	596.39	  0.00
781	20	18	v	 0	 1	12	 3	 2	 3	 2	 1	 1	 1	 1	 1	 1	 1	521.52	  0.00
782	20	18	v	 0	 1	12	 1	 1	 0	 1	 0	 1	 1	 1	 2	 2	 1	544.80	  0.00
783	20	18	v	 0	 1	12	 3	 2	 1	 1	 1	 1	 1	 1	 1	 1	 1	646.07	  0.00
784	20	18	v	 0	 1	12	 0	 1	 0	 1	 0	 1	 1	 1	 2	 2	 1	756.24	  0.00
785	20	18	v	 0	 1	12	 0	 1	 2	 2	 0	 1	 1	 1	 1	 1	 1	554.09	  0.00
786	20	18	v	 0	 1	12	 3	 2	 2	 2	 1	 1	 1	 1	 1	 1	 1	519.95	  0.00
787	20	18	v	 0	 1	12	 0	 1	 3	 2	 1	 1	 1	 1	 2	 2	 1	398.43	  0.00
788	20	18	v	 0	 1	12	 1	 1	 1	 1	 1	 1	 1	 1	 2	 2	 1	445.06	  0.00
789	20	18	v	 0	 1	12	 1	 1	 2	 2	 0	 1	 1	 1	 1	 1	 1	475.31	  0.00
790	20	18	v	 0	 1	12	 1	 1	 3	 2	 0	 1	 1	 1	 1	 1	 1	561.71	  0.00
791	20	18	v	 0	 1	12	 0	 1	 3	 2	 0	 1	 1	 1	 1	 1	 1	431.93	  0.00
792	20	18	v	 0	 1	12	 0	 1	 3	 2	 0	 1	 1	 1	 1	 1	 1	405.48	  0.00
793	20	18	v	 0	 1	12	 2	 2	 2	 2	 1	 1	 1	 1	 1	 1	 1	603.77	  0.00
794	20	18	v	 0	 1	12	 3	 2	 3	 2	 0	 1	 1	 1	 1	 1	 1	465.97	  0.00
795	20	18	v	 0	 1	12	 3	 2	 3	 2	 1	 1	 1	 1	 1	 1	 1	480.32	  0.00
796	20	18	v	 0	 1	12	 1	 1	 2	 2	 1	 1	 1	 1	 2	 2	 1	502.52	  0.00
797	20	18	v	 0	 1	12	 0	 1	 0	 1	 1	 1	 1	 1	 2	 2	 1	500.88	  0.00
798	20	18	v	 0	 1	12	 3	 2	 2	 2	 0	 1	 1	 1	 1	 1	 1	483.19	  0.00
799	20	18	v	 0	 1	12	 0	 1	 1	 1	 0	 1	 1	 1	 2	 2	 1	553.51	  0.00
800	20	18	v	 0	 1	12	 2	 2	 1	 1	 0	 1	 1	 1	 2	 2	 1	423.71	  0.00
801	20	18	v	 0	 1	12	 3	 2	 0	 1	 0	 1	 1	 1	 2	 2	 1	493.14	  0.00
802	20	18	v	 0	 1	12	 1	 1	 1	 1	 1	 1	 1	 1	 2	 2	 1	459.33	  0.00
803	20	18	v	 0	 1	12	 1	 1	 0	 1	 0	 1	 1	 1	 2	 2	 1	521.71	  0.00
804	20	18	v	 0	 1	12	 1	 1	 1	 1	 0	 1	 1	 1	 2	 2	 1	367.99	  0.00
805	20	18	v	 0	 1	12	 3	 2	 0	 1	 0	 1	 1	 1	 2	 2	 1	478.55	  0.00
806	20	18	v	 0	 1	12	 2	 2	 0	 1	 0	 1	 1	 1	 2	 2	 1	413.00	  0.00
807	20	18	v	 0	 1	12	 0	 1	 1	 1	 1	 1	 1	 1	 2	 2	 1	458.45	  0.00
808	20	18	v	 0	 1	12	 2	 2	 3	 2	 0	 1	 1	 1	 1	 1	 1	577.67	  0.00
809	20	18	v	 0	 1	12	 1	 1	 3	 2	 1	 1	 1	 1	 2	 2	 1	623.85	  0.00
810	20	18	v	 0	 1	12	 0	 1	 2	 2	 0	 1	 1	 1	 1	 1	 1	469.10	  0.00
811	20	18	v	 0	 1	12	 0	 1	 2	 2	 1	 1	 1	 1	 2	 2	 1	451.37	  0.00
812	20	18	v	 0	 1	12	 1	 1	 0	 1	 1	 1	 1	 1	 2	 2	 1	489.53	  0.00
813	20	18	v	 0	 1	12	 2	 2	 2	 2	 0	 1	 1	 1	 1	 1	 1	472.07	  0.00
814	20	18	v	 0	 1	12	 3	 2	 2	 2	 0	 1	 1	 1	 1	 1	 1	526.34	  0.00
815	20	18	v	 0	 1	12	 3	 2	 0	 1	 1	 1	 1	 1	 1	 1	 1	540.46	  0.00
816	20	18	v	 0	 1	12	 3	 2	 1	 1	 0	 1	 1	 1	 2	 2	 1	602.84	  0.00
817	20	18	v	 0	 1	12	 0	 1	 0	 1	 1	 1	 1	 1	 2	 2	 1	568.97	  0.00
818	20	18	v	 0	 1	12	 2	 2	 0	 1	 0	 1	 1	 1	 2	 2	 1	471.21	  0.00
819	20	18	v	 0	 1	12	 1	 1	 2	 2	 1	 1	 1	 1	 2	 2	 1	389.60	  0.00
820	20	18	v	 0	 1	12	 1	 1	 2	 2	 0	 1	 1	 1	 1	 1	 1	459.03	  0.00
821	20	18	v	 0	 1	12	 1	 1	 0	 1	 1	 1	 1	 1	 2	 2	 1	457.41	  0.00
822	20	18	v	 0	 1	12	 2	 2	 1	 1	 0	 1	 1	 1	 2	 2	 1	615.66	  0.00
823	20	18	v	 0	 1	12	 2	 2	 1	 1	 1	 1	 1	 1	 1	 1	 1	653.82	  0.00
824	20	18	v	 0	 1	12	 0	 1	 2	 2	 1	 1	 1	 1	 2	 2	 1	835.89	  0.00
825	20	18	v	 0	 1	12	 3	 2	 0	 1	 1	 1	 1	 1	 1	 1	 1	561.66	  0.00
826	20	18	v	 0	 1	12	 3	 2	 2	 2	 1	 1	 1	 1	 1	 1	 1	407.95	  0.00
827	20	18	v	 0	 1	12	 3	 2	 1	 1	 1	 1	 1	 1	 1	 1	 1	398.34	  0.00
828	20	18	v	 0	 1	12	 0	 1	 0	 1	 0	 1	 1	 1	 2	 2	 1	492.00	  0.00
829	20	18	v	 0	 1	12	 3	 2	 3	 2	 0	 1	 1	 1	 1	 1	 1	571.19	  0.00
830	20	18	v	 0	 1	12	 1	 1	 3	 2	 1	 1	 1	 1	 2	 2	 1	488.18	  0.00
831	20	18	v	 0	 1	12	 0	 1	 1	 1	 0	 1	 1	 1	 2	 2	 1	574.71	  0.00
832	20	18	v	 0	 1	13	 2	 2	 0	 1	 1	 1	 1	 1	 1	 1	 1	508.93	  0.00
833	20	18	v	 0	 1	13	 3	 2	 0	 1	 1	 1	 1	 1	 1	 1	 1	475.17	  0.00
834	20	18	v	 0	 1	13	 0	 1	 2	 2	 0	 1	 1	 1	 1	 1	 1	529.45	  0.00
835	20	18	v	 0	 1	13	 3	 2	 2	 2	 1	 1	 1	 1	 1	 1	 1	607.83	  0.00
836	20	18	v	 0	 1	13	 0	 1	 0	 1	 1	 1	 1	 1	 2	 2	 1	573.96	  0.00
837	20	18	v	 0	 1	13	 0	 1	 0	 1	 0	 1	 1	 1	 2	 2	 1	555.14	  0.00
838	20	18	v	 0	 1	13	 3	 2	 1	 1	 1	 1	 1	 1	 1	 2	 0	409.40	  0.00
839	20	18	v	 0	 1	13	 3	 2	 1	 1	 0	 1	 1	 1	 2	 1	 0	431.83	  0.00
840	20	18	v	 0	 1	13	 0	 1	 1	 1	 1	 1	 1	 1	 2	 2	 1	622.24	  0.00
841	20	18	v	 0	 1	13	 3	 2	 3	 2	 1	 1	 1	 1	 1	 1	 1	596.29	  0.00
842	20	18	v	 0	 1	13	 2	 2	 3	 2	 0	 1	 1	 1	 1	 1	 1	490.37	  0.00
843	20	18	v	 0	 1	13	 1	 1	 1	 1	 0	 1	 1	 1	 2	 2	 1	576.76	  0.00
844	20	18	v	 0	 1	13	 0	 1	 2	 2	 0	 1	 1	 1	 1	 1	 1	526.94	  0.00
845	20	18	v	 0	 1	13	 2	 2	 2	 2	 1	 1	 1	 1	 1	 1	 1	645.25	  0.00
846	20	18	v	 0	 1	13	 1	 1	 3	 2	 1	 1	 1	 1	 2	 2	 1	626.34	  0.00
847	20	18	v	 0	 1	13	 2	 2	 0	 1	 0	 1	 1	 1	 2	 2	 1	512.43	  0.00
848	20	18	v	 0	 1	13	 1	 1	 2	 2	 0	 1	 1	 1	 1	 1	 1	446.70	  0.00
849	20	18	v	 0	 1	13	 1	 1	 0	 1	 0	 1	 1	 1	 2	 2	 1	477.14	  0.00
850	20	18	v	 0	 1	13	 3	 2	 2	 2	 0	 1	 1	 1	 1	 1	 1	459.52	  0.00
851	20	18	v	 0	 1	13	 1	 1	 2	 2	 0	 1	 1	 1	 1	 1	 1	505.73	  0.00
852	20	18	v	 0	 1	13	 1	 1	 1	 1	 1	 1	 1	 1	 2	 2	 1	496.10	  0.00
853	20	18	v	 0	 1	13	 0	 1	 3	 2	 1	 1	 1	 1	 2	 2	 1	486.26	  0.00
854	20	18	v	 0	 1	13	 2	 2	 1	 1	 1	 1	 1	 1	 1	 1	 1	499.90	  0.00
855	20	18	v	 0	 1	13	 2	 2	 3	 2	 0	 1	 1	 1	 1	 1	 1	769.95	  0.00
856	20	18	v	 0	 1	13	 1	 1	 0	 1	 0	 1	 1	 1	 2	 1	 0	503.82	  0.00
857	20	18	v	 0	 1	13	 2	 2	 3	 2	 1	 1	 1	 1	 1	 1	 1	653.98	  0.00
858	20	18	v	 0	 1	13	 0	 1	 3	 2	 0	 1	 1	 1	 1	 1	 1	564.27	  0.00
859	20	18	v	 0	 1	13	 2	 2	 1	 1	 0	 1	 1	 1	 2	 2	 1	482.45	  0.00
860	20	18	v	 0	 1	13	 1	 1	 3	 2	 0	 1	 1	 1	 1	 1	 1	552.78	  0.00
861	20	18	v	 0	 1	13	 3	 2	 1	 1	 1	 1	 1	 1	 1	 2	 0	495.08	  0.00
862	20	18	v	 0	 1	13	 0	 1	 1	 1	 1	 1	 1	 1	 2	 2	 1	709.31	  0.00
863	20	18	v	 0	 1	13	 1	 1	 2	 2	 1	 1	 1	 1	 2	 2	 1	611.35	  0.00
864	20	18	v	 0	 1	13	 0	 1	 1	 1	 0	 1	 1	 1	 2	 2	 1	648.47	  0.00
865	20	18	v	 0	 1	13	 3	 2	 3	 2	 1	 1	 1	 1	 1	 1	 1	558.15	  0.00
866	20	18	v	 0	 1	13	 2	 2	 0	 1	 1	 1	 1	 1	 1	 1	 1	604.84	  0.00
867	20	18	v	 0	 1	13	 0	 1	 1	 1	 0	 1	 1	 1	 2	 2	 1	482.82	  0.00
868	20	18	v	 0	 1	13	 1	 1	 2	 2	 1	 1	 1	 1	 2	 2	 1	593.32	  0.00
869	20	18	v	 0	 1	13	 1	 1	 0	 1	 1	 1	 1	 1	 2	 2	 1	391.44	  0.00
870	20	18	v	 0	 1	13	 3	 2	 2	 2	 0	 1	 1	 1	 1	 1	 1	477.88	  0.00
871	20	18	v	 0	 1	13	 2	 2	 3	 2	 1	 1	 1	 1	 1	 1	 1	644.05	  0.00
872	20	18	v	 0	 1	13	 3	 2	 3	 2	 0	 1	 1	 1	 1	 1	 1	466.42	  0.00
873	20	18	v	 0	 1	13	 1	 1	 1	 1	 1	 1	 1	 1	 2	 2	 1	495.46	  0.00
874	20	18	v	 0	 1	13	 0	 1	 3	 2	 1	 1	 1	 1	 2	 2	 1	1029.96	  0.00
875	20	18	v	 0	 1	13	 2	 2	 2	 2	 0	 1	 1	 1	 1	 1	 1	443.50	  0.00
876	20	18	v	 0	 1	13	 1	 1	 0	 1	 1	 1	 1	 1	 2	 2	 1	481.88	  0.00
877	20	18	v	 0	 1	13	 1	 1	 3	 2	 1	 1	 1	 1	 2	 2	 1	480.20	  0.00
878	20	18	v	 0	 1	13	 3	 2	 2	 2	 1	 1	 1	 1	 1	 1	 1	614.61	  0.00
879	20	18	v	 0	 1	13	 2	 2	 2	 2	 1	 1	 1	 1	 1	 2	 0	476.70	  0.00
880	20	18	v	 0	 1	13	 3	 2	 0	 1	 0	 1	 1	 1	 2	 2	 1	666.06	  0.00
881	20	18	v	 0	 1	13	 1	 1	 3	 2	 0	 1	 1	 1	 1	 1	 1	528.95	  0.00
882	20	18	v	 0	 1	13	 0	 1	 0	 1	 0	 1	 1	 1	 2	 2	 1	542.31	  0.00
883	20	18	v	 0	 1	13	 3	 2	 0	 1	 1	 1	 1	 1	 1	 1	 1	628.55	  0.00
884	20	18	v	 0	 1	13	 0	 1	 2	 2	 1	 1	 1	 1	 2	 2	 1	834.68	  0.00
885	20	18	v	 0	 1	13	 3	 2	 3	 2	 0	 1	 1	 1	 1	 1	 1	464.41	  0.00
886	20	18	v	 0	 1	13	 2	 2	 1	 1	 0	 1	 1	 1	 2	 2	 1	534.74	  0.00
887	20	18	v	 0	 1	13	 0	 1	 3	 2	 0	 1	 1	 1	 1	 1	 1	533.10	  0.00
888	20	18	v	 0	 1	13	 2	 2	 2	 2	 0	 1	 1	 1	 1	 1	 1	603.27	  0.00
889	20	18	v	 0	 1	13	 3	 2	 0	 1	 0	 1	 1	 1	 2	 2	 1	528.58	  0.00
890	20	18	v	 0	 1	13	 3	 2	 1	 1	 0	 1	 1	 1	 2	 2	 1	454.70	  0.00
891	20	18	v	 0	 1	13	 2	 2	 0	 1	 0	 1	 1	 1	 2	 2	 1	421.02	  0.00
892	20	18	v	 0	 1	13	 0	 1	 2	 2	 1	 1	 1	 1	 2	 2	 1	579.53	  0.00
893	20	18	v	 0	 1	13	 1	 1	 1	 1	 0	 1	 1	 1	 2	 2	 1	449.69	  0.00
894	20	18	v	 0	 1	13	 2	 2	 1	 1	 1	 1	 1	 1	 1	 1	 1	472.15	  0.00
895	20	18	v	 0	 1	13	 0	 1	 0	 1	 1	 1	 1	 1	 2	 2	 1	374.48	  0.00
