00	06	18	v	 0	 1	 0	 0	 1	 0	 1	 0	 0	 0	 1	 1	 2	 0	1489.67	  0.00
01	06	18	v	 0	 1	 0	 0	 1	 1	 1	 1	 0	 0	 1	 1	 1	 1	868.72	  0.00
02	06	18	v	 0	 1	 0	 2	 2	 3	 2	 1	 0	 0	 1	 2	 2	 1	417.28	  0.00
03	06	18	v	 0	 1	 0	 3	 2	 2	 2	 0	 0	 0	 1	 2	 2	 1	423.15	  0.00
04	06	18	v	 0	 1	 0	 3	 2	 1	 1	 1	 0	 0	 1	 2	 2	 1	398.44	  0.00
05	06	18	v	 0	 1	 0	 2	 2	 1	 1	 0	 0	 0	 1	 2	 2	 1	380.87	  0.00
06	06	18	v	 0	 1	 0	 3	 2	 0	 1	 0	 0	 0	 1	 2	 2	 1	356.60	  0.00
07	06	18	v	 0	 1	 0	 1	 1	 2	 2	 1	 0	 0	 1	 1	 1	 1	523.84	  0.00
08	06	18	v	 0	 1	 0	 0	 1	 2	 2	 1	 0	 0	 1	 1	 1	 1	469.97	  0.00
09	06	18	v	 0	 1	 0	 3	 2	 2	 2	 1	 0	 0	 1	 2	 2	 1	511.45	  0.00
10	06	18	v	 0	 1	 0	 0	 1	 2	 2	 1	 0	 0	 1	 1	 1	 1	668.63	  0.00
11	06	18	v	 0	 1	 0	 0	 1	 3	 2	 0	 0	 0	 1	 1	 1	 1	516.75	  0.00
12	06	18	v	 0	 1	 0	 3	 2	 1	 1	 1	 0	 0	 1	 2	 2	 1	441.08	  0.00
13	06	18	v	 0	 1	 0	 0	 1	 3	 2	 0	 0	 0	 1	 1	 1	 1	520.40	  0.00
14	06	18	v	 0	 1	 0	 0	 1	 1	 1	 1	 0	 0	 1	 1	 1	 1	436.76	  0.00
15	06	18	v	 0	 1	 0	 3	 2	 0	 1	 0	 0	 0	 1	 2	 2	 1	312.32	  0.00
16	06	18	v	 0	 1	 0	 1	 1	 3	 2	 1	 0	 0	 1	 1	 1	 1	555.19	  0.00
17	06	18	v	 0	 1	 0	 2	 2	 0	 1	 1	 0	 0	 1	 2	 2	 1	1042.35	  0.00
18	06	18	v	 0	 1	 0	 1	 1	 0	 1	 1	 0	 0	 1	 1	 1	 1	565.35	  0.00
19	06	18	v	 0	 1	 0	 3	 2	 3	 2	 0	 0	 0	 1	 2	 2	 1	416.21	  0.00
20	06	18	v	 0	 1	 0	 2	 2	 3	 2	 0	 0	 0	 1	 2	 2	 1	528.33	  0.00
21	06	18	v	 0	 1	 0	 3	 2	 0	 1	 1	 0	 0	 1	 2	 2	 1	460.91	  0.00
22	06	18	v	 0	 1	 0	 3	 2	 0	 1	 1	 0	 0	 1	 2	 2	 1	417.87	  0.00
23	06	18	v	 0	 1	 0	 1	 1	 3	 2	 0	 0	 0	 1	 1	 1	 1	448.38	  0.00
24	06	18	v	 0	 1	 0	 2	 2	 1	 1	 0	 0	 0	 1	 2	 2	 1	470.71	  0.00
25	06	18	v	 0	 1	 0	 3	 2	 2	 2	 0	 0	 0	 1	 2	 2	 1	377.93	  0.00
26	06	18	v	 0	 1	 0	 2	 2	 2	 2	 0	 0	 0	 1	 2	 2	 1	416.89	  0.00
27	06	18	v	 0	 1	 0	 1	 1	 0	 1	 1	 0	 0	 1	 1	 1	 1	439.05	  0.00
28	06	18	v	 0	 1	 0	 3	 2	 3	 2	 1	 0	 0	 1	 2	 2	 1	428.67	  0.00
29	06	18	v	 0	 1	 0	 2	 2	 2	 2	 1	 0	 0	 1	 2	 2	 1	353.59	  0.00
30	06	18	v	 0	 1	 0	 1	 1	 3	 2	 0	 0	 0	 1	 1	 1	 1	375.82	  0.00
31	06	18	v	 0	 1	 0	 0	 1	 1	 1	 0	 0	 0	 1	 1	 1	 1	969.63	  0.00
32	06	18	v	 0	 1	 0	 3	 2	 3	 2	 0	 0	 0	 1	 2	 2	 1	803.62	  0.00
33	06	18	v	 0	 1	 0	 2	 2	 1	 1	 1	 0	 0	 1	 2	 2	 1	507.05	  0.00
34	06	18	v	 0	 1	 0	 1	 1	 2	 2	 1	 0	 0	 1	 1	 1	 1	446.95	  0.00
35	06	18	v	 0	 1	 0	 1	 1	 3	 2	 1	 0	 0	 1	 1	 2	 0	436.65	  0.00
36	06	18	v	 0	 1	 0	 0	 1	 2	 2	 0	 0	 0	 1	 1	 1	 1	532.45	  0.00
37	06	18	v	 0	 1	 0	 1	 1	 1	 1	 0	 0	 0	 1	 1	 1	 1	415.31	  0.00
38	06	18	v	 0	 1	 0	 0	 1	 0	 1	 1	 0	 0	 1	 1	 1	 1	405.81	  0.00
39	06	18	v	 0	 1	 0	 0	 1	 1	 1	 0	 0	 0	 1	 1	 1	 1	477.25	  0.00
40	06	18	v	 0	 1	 0	 1	 1	 0	 1	 0	 0	 0	 1	 1	 1	 1	441.39	  0.00
41	06	18	v	 0	 1	 0	 0	 1	 2	 2	 0	 0	 0	 1	 1	 1	 1	618.80	  0.00
42	06	18	v	 0	 1	 0	 3	 2	 1	 1	 0	 0	 0	 1	 2	 2	 1	477.79	  0.00
43	06	18	v	 0	 1	 0	 2	 2	 0	 1	 1	 0	 0	 1	 2	 2	 1	393.76	  0.00
44	06	18	v	 0	 1	 0	 2	 2	 3	 2	 0	 0	 0	 1	 2	 2	 1	473.58	  0.00
45	06	18	v	 0	 1	 0	 0	 1	 0	 1	 1	 0	 0	 1	 1	 1	 1	569.41	  0.00
46	06	18	v	 0	 1	 0	 0	 1	 3	 2	 1	 0	 0	 1	 1	 1	 1	615.93	  0.00
47	06	18	v	 0	 1	 0	 0	 1	 3	 2	 1	 0	 0	 1	 1	 1	 1	678.04	  0.00
48	06	18	v	 0	 1	 0	 3	 2	 3	 2	 1	 0	 0	 1	 2	 2	 1	439.01	  0.00
49	06	18	v	 0	 1	 0	 1	 1	 1	 1	 1	 0	 0	 1	 1	 1	 1	551.17	  0.00
50	06	18	v	 0	 1	 0	 2	 2	 0	 1	 0	 0	 0	 1	 2	 2	 1	434.72	  0.00
51	06	18	v	 0	 1	 0	 1	 1	 1	 1	 0	 0	 0	 1	 1	 1	 1	375.27	  0.00
52	06	18	v	 0	 1	 0	 2	 2	 3	 2	 1	 0	 0	 1	 2	 2	 1	422.46	  0.00
53	06	18	v	 0	 1	 0	 2	 2	 2	 2	 0	 0	 0	 1	 2	 2	 1	501.63	  0.00
54	06	18	v	 0	 1	 0	 2	 2	 0	 1	 0	 0	 0	 1	 2	 2	 1	524.34	  0.00
55	06	18	v	 0	 1	 0	 1	 1	 2	 2	 0	 0	 0	 1	 1	 1	 1	439.27	  0.00
56	06	18	v	 0	 1	 0	 1	 1	 2	 2	 0	 0	 0	 1	 1	 1	 1	558.58	  0.00
57	06	18	v	 0	 1	 0	 3	 2	 2	 2	 1	 0	 0	 1	 2	 2	 1	451.41	  0.00
58	06	18	v	 0	 1	 0	 2	 2	 2	 2	 1	 0	 0	 1	 2	 2	 1	571.74	  0.00
59	06	18	v	 0	 1	 0	 0	 1	 0	 1	 0	 0	 0	 1	 1	 1	 1	512.32	  0.00
60	06	18	v	 0	 1	 0	 1	 1	 0	 1	 0	 0	 0	 1	 1	 1	 1	567.02	  0.00
61	06	18	v	 0	 1	 0	 2	 2	 1	 1	 1	 0	 0	 1	 2	 2	 1	442.59	  0.00
62	06	18	v	 0	 1	 0	 1	 1	 1	 1	 1	 0	 0	 1	 1	 1	 1	594.59	  0.00
63	06	18	v	 0	 1	 0	 3	 2	 1	 1	 0	 0	 0	 1	 2	 2	 1	575.90	  0.00
64	06	18	v	 0	 1	 1	 0	 1	 2	 2	 1	 0	 0	 1	 1	 1	 1	671.69	  0.00
65	06	18	v	 0	 1	 1	 0	 1	 0	 1	 0	 0	 0	 1	 1	 1	 1	400.50	  0.00
66	06	18	v	 0	 1	 1	 1	 1	 1	 1	 1	 0	 0	 1	 1	 1	 1	333.60	  0.00
67	06	18	v	 0	 1	 1	 1	 1	 3	 2	 1	 0	 0	 1	 1	 1	 1	364.83	  0.00
68	06	18	v	 0	 1	 1	 0	 1	 1	 1	 1	 0	 0	 1	 1	 1	 1	281.48	  0.00
69	06	18	v	 0	 1	 1	 0	 1	 2	 2	 0	 0	 0	 1	 1	 1	 1	427.15	  0.00
70	06	18	v	 0	 1	 1	 1	 1	 3	 2	 1	 0	 0	 1	 1	 1	 1	319.54	  0.00
71	06	18	v	 0	 1	 1	 0	 1	 3	 2	 1	 0	 0	 1	 1	 1	 1	301.51	  0.00
72	06	18	v	 0	 1	 1	 1	 1	 0	 1	 1	 0	 0	 1	 1	 1	 1	323.79	  0.00
73	06	18	v	 0	 1	 1	 2	 2	 0	 1	 0	 0	 0	 1	 2	 2	 1	411.81	  0.00
74	06	18	v	 0	 1	 1	 2	 2	 3	 2	 0	 0	 0	 1	 2	 2	 1	320.72	  0.00
75	06	18	v	 0	 1	 1	 3	 2	 3	 2	 0	 0	 0	 1	 2	 2	 1	327.42	  0.00
76	06	18	v	 0	 1	 1	 2	 2	 0	 1	 0	 0	 0	 1	 2	 2	 1	293.29	  0.00
77	06	18	v	 0	 1	 1	 3	 2	 0	 1	 0	 0	 0	 1	 2	 2	 1	308.22	  0.00
78	06	18	v	 0	 1	 1	 2	 2	 0	 1	 1	 0	 0	 1	 2	 2	 1	281.41	  0.00
79	06	18	v	 0	 1	 1	 1	 1	 0	 1	 0	 0	 0	 1	 1	 1	 1	460.27	  0.00
80	06	18	v	 0	 1	 1	 0	 1	 1	 1	 1	 0	 0	 1	 1	 1	 1	328.24	  0.00
81	06	18	v	 0	 1	 1	 3	 2	 0	 1	 1	 0	 0	 1	 2	 2	 1	440.07	  0.00
82	06	18	v	 0	 1	 1	 0	 1	 1	 1	 0	 0	 0	 1	 1	 1	 1	578.09	  0.00
83	06	18	v	 0	 1	 1	 3	 2	 3	 2	 0	 0	 0	 1	 2	 2	 1	436.35	  0.00
84	06	18	v	 0	 1	 1	 1	 1	 2	 2	 0	 0	 0	 1	 1	 1	 1	467.56	  0.00
85	06	18	v	 0	 1	 1	 1	 1	 0	 1	 0	 0	 0	 1	 1	 1	 1	588.09	  0.00
86	06	18	v	 0	 1	 1	 1	 1	 3	 2	 0	 0	 0	 1	 1	 1	 1	415.14	  0.00
87	06	18	v	 0	 1	 1	 0	 1	 2	 2	 0	 0	 0	 1	 1	 1	 1	454.42	  0.00
88	06	18	v	 0	 1	 1	 3	 2	 1	 1	 0	 0	 0	 1	 2	 2	 1	509.88	  0.00
89	06	18	v	 0	 1	 1	 3	 2	 0	 1	 1	 0	 0	 1	 2	 2	 1	483.51	  0.00
90	06	18	v	 0	 1	 1	 3	 2	 2	 2	 1	 0	 0	 1	 2	 2	 1	571.47	  0.00
91	06	18	v	 0	 1	 1	 3	 2	 1	 1	 1	 0	 0	 1	 2	 2	 1	1172.76	  0.00
92	06	18	v	 0	 1	 1	 0	 1	 3	 2	 0	 0	 0	 1	 1	 1	 1	386.67	  0.00
93	06	18	v	 0	 1	 1	 3	 2	 2	 2	 0	 0	 0	 1	 2	 2	 1	556.55	  0.00
94	06	18	v	 0	 1	 1	 1	 1	 1	 1	 0	 0	 0	 1	 1	 1	 1	383.44	  0.00
95	06	18	v	 0	 1	 1	 3	 2	 0	 1	 0	 0	 0	 1	 2	 2	 1	920.47	  0.00
96	06	18	v	 0	 1	 1	 2	 2	 2	 2	 0	 0	 0	 1	 2	 2	 1	485.51	  0.00
97	06	18	v	 0	 1	 1	 2	 2	 2	 2	 1	 0	 0	 1	 2	 2	 1	369.60	  0.00
98	06	18	v	 0	 1	 1	 1	 1	 3	 2	 0	 0	 0	 1	 1	 1	 1	408.31	  0.00
99	06	18	v	 0	 1	 1	 3	 2	 2	 2	 1	 0	 0	 1	 2	 2	 1	471.71	  0.00
100	06	18	v	 0	 1	 1	 2	 2	 3	 2	 0	 0	 0	 1	 2	 1	 0	714.87	  0.00
101	06	18	v	 0	 1	 1	 1	 1	 1	 1	 0	 0	 0	 1	 1	 1	 1	541.47	  0.00
102	06	18	v	 0	 1	 1	 2	 2	 2	 2	 0	 0	 0	 1	 2	 2	 1	507.12	  0.00
103	06	18	v	 0	 1	 1	 2	 2	 2	 2	 1	 0	 0	 1	 2	 2	 1	366.72	  0.00
104	06	18	v	 0	 1	 1	 0	 1	 0	 1	 1	 0	 0	 1	 1	 1	 1	463.07	  0.00
105	06	18	v	 0	 1	 1	 0	 1	 0	 1	 1	 0	 0	 1	 1	 1	 1	779.54	  0.00
106	06	18	v	 0	 1	 1	 1	 1	 1	 1	 1	 0	 0	 1	 1	 1	 1	369.45	  0.00
107	06	18	v	 0	 1	 1	 3	 2	 1	 1	 1	 0	 0	 1	 2	 2	 1	441.56	  0.00
108	06	18	v	 0	 1	 1	 1	 1	 2	 2	 1	 0	 0	 1	 1	 1	 1	962.07	  0.00
109	06	18	v	 0	 1	 1	 0	 1	 3	 2	 1	 0	 0	 1	 1	 2	 0	518.21	  0.00
110	06	18	v	 0	 1	 1	 1	 1	 2	 2	 0	 0	 0	 1	 1	 1	 1	549.00	  0.00
111	06	18	v	 0	 1	 1	 2	 2	 3	 2	 1	 0	 0	 1	 2	 2	 1	465.65	  0.00
112	06	18	v	 0	 1	 1	 2	 2	 3	 2	 1	 0	 0	 1	 2	 2	 1	463.87	  0.00
113	06	18	v	 0	 1	 1	 1	 1	 2	 2	 1	 0	 0	 1	 1	 1	 1	388.84	  0.00
114	06	18	v	 0	 1	 1	 2	 2	 0	 1	 1	 0	 0	 1	 2	 2	 1	395.59	  0.00
115	06	18	v	 0	 1	 1	 1	 1	 0	 1	 1	 0	 0	 1	 1	 1	 1	393.33	  0.00
116	06	18	v	 0	 1	 1	 2	 2	 1	 1	 1	 0	 0	 1	 2	 2	 1	441.17	  0.00
117	06	18	v	 0	 1	 1	 2	 2	 1	 1	 0	 0	 0	 1	 2	 2	 1	390.84	  0.00
118	06	18	v	 0	 1	 1	 3	 2	 3	 2	 1	 0	 0	 1	 2	 2	 1	363.82	  0.00
119	06	18	v	 0	 1	 1	 2	 2	 1	 1	 1	 0	 0	 1	 2	 2	 1	329.54	  0.00
120	06	18	v	 0	 1	 1	 0	 1	 1	 1	 0	 0	 0	 1	 1	 1	 1	450.52	  0.00
121	06	18	v	 0	 1	 1	 0	 1	 3	 2	 0	 0	 0	 1	 1	 1	 1	326.48	  0.00
122	06	18	v	 0	 1	 1	 0	 1	 2	 2	 1	 0	 0	 1	 1	 1	 1	381.97	  0.00
123	06	18	v	 0	 1	 1	 3	 2	 2	 2	 0	 0	 0	 1	 2	 2	 1	421.47	  0.00
124	06	18	v	 0	 1	 1	 2	 2	 1	 1	 0	 0	 0	 1	 2	 1	 0	509.44	  0.00
125	06	18	v	 0	 1	 1	 3	 2	 1	 1	 0	 0	 0	 1	 2	 2	 1	556.90	  0.00
126	06	18	v	 0	 1	 1	 0	 1	 0	 1	 0	 0	 0	 1	 1	 1	 1	408.11	  0.00
127	06	18	v	 0	 1	 1	 3	 2	 3	 2	 1	 0	 0	 1	 2	 2	 1	422.80	  0.00
128	06	18	v	 0	 1	 2	 3	 2	 2	 2	 0	 0	 0	 1	 2	 2	 1	1693.65	  0.00
129	06	18	v	 0	 1	 2	 1	 1	 2	 2	 0	 0	 0	 1	 2	 2	 1	833.05	  0.00
130	06	18	v	 0	 1	 2	 1	 1	 2	 2	 1	 0	 0	 1	 2	 2	 1	406.09	  0.00
131	06	18	v	 0	 1	 2	 0	 1	 0	 1	 1	 0	 0	 1	 1	 1	 1	559.06	  0.00
132	06	18	v	 0	 1	 2	 0	 1	 2	 2	 0	 0	 0	 1	 2	 2	 1	401.56	  0.00
133	06	18	v	 0	 1	 2	 1	 1	 3	 2	 1	 0	 0	 1	 2	 2	 1	611.89	  0.00
134	06	18	v	 0	 1	 2	 2	 2	 3	 2	 1	 0	 0	 1	 2	 2	 1	397.40	  0.00
135	06	18	v	 0	 1	 2	 2	 2	 2	 2	 1	 0	 0	 1	 2	 2	 1	541.21	  0.00
136	06	18	v	 0	 1	 2	 2	 2	 0	 1	 1	 0	 0	 1	 1	 1	 1	441.03	  0.00
137	06	18	v	 0	 1	 2	 1	 1	 3	 2	 0	 0	 0	 1	 2	 2	 1	642.97	  0.00
138	06	18	v	 0	 1	 2	 0	 1	 3	 2	 1	 0	 0	 1	 2	 2	 1	583.43	  0.00
139	06	18	v	 0	 1	 2	 1	 1	 1	 1	 0	 0	 0	 1	 1	 1	 1	752.30	  0.00
140	06	18	v	 0	 1	 2	 2	 2	 0	 1	 1	 0	 0	 1	 1	 1	 1	627.54	  0.00
141	06	18	v	 0	 1	 2	 1	 1	 1	 1	 1	 0	 0	 1	 1	 1	 1	568.05	  0.00
142	06	18	v	 0	 1	 2	 2	 2	 1	 1	 0	 0	 0	 1	 1	 1	 1	606.67	  0.00
143	06	18	v	 0	 1	 2	 2	 2	 1	 1	 0	 0	 0	 1	 1	 1	 1	546.13	  0.00
144	06	18	v	 0	 1	 2	 2	 2	 2	 2	 0	 0	 0	 1	 2	 2	 1	405.16	  0.00
145	06	18	v	 0	 1	 2	 0	 1	 1	 1	 1	 0	 0	 1	 1	 1	 1	501.12	  0.00
146	06	18	v	 0	 1	 2	 0	 1	 3	 2	 0	 0	 0	 1	 2	 2	 1	531.65	  0.00
147	06	18	v	 0	 1	 2	 1	 1	 3	 2	 1	 0	 0	 1	 2	 2	 1	684.39	  0.00
148	06	18	v	 0	 1	 2	 1	 1	 0	 1	 0	 0	 0	 1	 1	 1	 1	477.86	  0.00
149	06	18	v	 0	 1	 2	 2	 2	 0	 1	 0	 0	 0	 1	 1	 1	 1	401.35	  0.00
150	06	18	v	 0	 1	 2	 3	 2	 1	 1	 0	 0	 0	 1	 1	 1	 1	505.40	  0.00
151	06	18	v	 0	 1	 2	 3	 2	 1	 1	 0	 0	 0	 1	 1	 1	 1	503.21	  0.00
152	06	18	v	 0	 1	 2	 0	 1	 0	 1	 0	 0	 0	 1	 1	 1	 1	933.51	  0.00
153	06	18	v	 0	 1	 2	 0	 1	 2	 2	 1	 0	 0	 1	 2	 2	 1	481.89	  0.00
154	06	18	v	 0	 1	 2	 1	 1	 0	 1	 1	 0	 0	 1	 1	 1	 1	659.22	  0.00
155	06	18	v	 0	 1	 2	 3	 2	 2	 2	 1	 0	 0	 1	 2	 2	 1	542.64	  0.00
156	06	18	v	 0	 1	 2	 1	 1	 2	 2	 1	 0	 0	 1	 2	 2	 1	457.84	  0.00
157	06	18	v	 0	 1	 2	 2	 2	 1	 1	 1	 0	 0	 1	 1	 1	 1	455.67	  0.00
158	06	18	v	 0	 1	 2	 3	 2	 3	 2	 1	 0	 0	 1	 2	 1	 0	502.51	  0.00
159	06	18	v	 0	 1	 2	 2	 2	 3	 2	 0	 0	 0	 1	 2	 2	 1	875.72	  0.00
160	06	18	v	 0	 1	 2	 0	 1	 3	 2	 0	 0	 0	 1	 2	 2	 1	538.48	  0.00
161	06	18	v	 0	 1	 2	 1	 1	 3	 2	 0	 0	 0	 1	 2	 2	 1	438.17	  0.00
162	06	18	v	 0	 1	 2	 2	 2	 2	 2	 1	 0	 0	 1	 2	 2	 1	574.96	  0.00
163	06	18	v	 0	 1	 2	 0	 1	 1	 1	 0	 0	 0	 1	 1	 1	 1	506.32	  0.00
164	06	18	v	 0	 1	 2	 3	 2	 2	 2	 0	 0	 0	 1	 2	 2	 1	593.93	  0.00
165	06	18	v	 0	 1	 2	 1	 1	 1	 1	 0	 0	 0	 1	 1	 1	 1	656.92	  0.00
166	06	18	v	 0	 1	 2	 0	 1	 1	 1	 1	 0	 0	 1	 1	 1	 1	548.44	  0.00
167	06	18	v	 0	 1	 2	 2	 2	 0	 1	 0	 0	 0	 1	 1	 1	 1	554.42	  0.00
168	06	18	v	 0	 1	 2	 1	 1	 1	 1	 1	 0	 0	 1	 1	 1	 1	405.31	  0.00
169	06	18	v	 0	 1	 2	 3	 2	 1	 1	 1	 0	 0	 1	 1	 1	 1	459.58	  0.00
170	06	18	v	 0	 1	 2	 0	 1	 2	 2	 0	 0	 0	 1	 2	 2	 1	644.99	  0.00
171	06	18	v	 0	 1	 2	 2	 2	 3	 2	 1	 0	 0	 1	 2	 1	 0	495.64	  0.00
172	06	18	v	 0	 1	 2	 3	 2	 3	 2	 0	 0	 0	 1	 2	 2	 1	673.00	  0.00
173	06	18	v	 0	 1	 2	 0	 1	 0	 1	 0	 0	 0	 1	 1	 1	 1	735.85	  0.00
174	06	18	v	 0	 1	 2	 1	 1	 0	 1	 1	 0	 0	 1	 1	 1	 1	406.96	  0.00
175	06	18	v	 0	 1	 2	 3	 2	 3	 2	 1	 0	 0	 1	 2	 2	 1	478.32	  0.00
176	06	18	v	 0	 1	 2	 0	 1	 0	 1	 1	 0	 0	 1	 1	 1	 1	655.73	  0.00
177	06	18	v	 0	 1	 2	 3	 2	 1	 1	 1	 0	 0	 1	 1	 1	 1	635.97	  0.00
178	06	18	v	 0	 1	 2	 1	 1	 2	 2	 0	 0	 0	 1	 2	 2	 1	658.10	  0.00
179	06	18	v	 0	 1	 2	 0	 1	 2	 2	 1	 0	 0	 1	 2	 2	 1	655.65	  0.00
180	06	18	v	 0	 1	 2	 3	 2	 0	 1	 0	 0	 0	 1	 1	 1	 1	1069.44	  0.00
181	06	18	v	 0	 1	 2	 2	 2	 1	 1	 1	 0	 0	 1	 1	 1	 1	699.28	  0.00
182	06	18	v	 0	 1	 2	 3	 2	 0	 1	 0	 0	 0	 1	 1	 1	 1	737.63	  0.00
183	06	18	v	 0	 1	 2	 3	 2	 0	 1	 1	 0	 0	 1	 1	 1	 1	425.03	  0.00
184	06	18	v	 0	 1	 2	 3	 2	 3	 2	 0	 0	 0	 1	 2	 2	 1	723.97	  0.00
185	06	18	v	 0	 1	 2	 2	 2	 3	 2	 0	 0	 0	 1	 2	 2	 1	615.31	  0.00
186	06	18	v	 0	 1	 2	 0	 1	 3	 2	 1	 0	 0	 1	 2	 2	 1	384.48	  0.00
187	06	18	v	 0	 1	 2	 3	 2	 2	 2	 1	 0	 0	 1	 2	 2	 1	700.64	  0.00
188	06	18	v	 0	 1	 2	 0	 1	 1	 1	 0	 0	 0	 1	 1	 1	 1	779.86	  0.00
189	06	18	v	 0	 1	 2	 3	 2	 0	 1	 1	 0	 0	 1	 1	 1	 1	956.83	  0.00
190	06	18	v	 0	 1	 2	 2	 2	 2	 2	 0	 0	 0	 1	 2	 2	 1	691.83	  0.00
191	06	18	v	 0	 1	 2	 1	 1	 0	 1	 0	 0	 0	 1	 1	 1	 1	958.51	  0.00
192	06	18	v	 0	 1	 3	 2	 2	 3	 2	 1	 0	 0	 1	 2	 2	 1	518.57	  0.00
193	06	18	v	 0	 1	 3	 1	 1	 1	 1	 1	 0	 0	 1	 1	 2	 0	394.42	  0.00
194	06	18	v	 0	 1	 3	 3	 2	 3	 2	 1	 0	 0	 1	 2	 2	 1	531.53	  0.00
195	06	18	v	 0	 1	 3	 1	 1	 0	 1	 1	 0	 0	 1	 1	 1	 1	505.36	  0.00
196	06	18	v	 0	 1	 3	 2	 2	 3	 2	 0	 0	 0	 1	 2	 2	 1	495.52	  0.00
197	06	18	v	 0	 1	 3	 2	 2	 2	 2	 0	 0	 0	 1	 2	 2	 1	583.57	  0.00
198	06	18	v	 0	 1	 3	 1	 1	 1	 1	 1	 0	 0	 1	 1	 1	 1	614.36	  0.00
199	06	18	v	 0	 1	 3	 3	 2	 1	 1	 0	 0	 0	 1	 1	 1	 1	440.33	  0.00
200	06	18	v	 0	 1	 3	 3	 2	 3	 2	 1	 0	 0	 1	 2	 2	 1	552.75	  0.00
201	06	18	v	 0	 1	 3	 1	 1	 2	 2	 0	 0	 0	 1	 2	 2	 1	575.50	  0.00
202	06	18	v	 0	 1	 3	 1	 1	 2	 2	 1	 0	 0	 1	 2	 2	 1	475.75	  0.00
203	06	18	v	 0	 1	 3	 1	 1	 0	 1	 0	 0	 0	 1	 1	 1	 1	449.60	  0.00
204	06	18	v	 0	 1	 3	 1	 1	 3	 2	 0	 0	 0	 1	 2	 2	 1	505.09	  0.00
205	06	18	v	 0	 1	 3	 0	 1	 1	 1	 0	 0	 0	 1	 1	 2	 0	438.10	  0.00
206	06	18	v	 0	 1	 3	 0	 1	 0	 1	 0	 0	 0	 1	 1	 1	 1	664.96	  0.00
207	06	18	v	 0	 1	 3	 3	 2	 1	 1	 1	 0	 0	 1	 1	 1	 1	581.42	  0.00
208	06	18	v	 0	 1	 3	 3	 2	 2	 2	 0	 0	 0	 1	 2	 2	 1	1092.73	  0.00
209	06	18	v	 0	 1	 3	 3	 2	 2	 2	 1	 0	 0	 1	 2	 2	 1	388.29	  0.00
210	06	18	v	 0	 1	 3	 2	 2	 0	 1	 1	 0	 0	 1	 1	 1	 1	452.13	  0.00
211	06	18	v	 0	 1	 3	 2	 2	 1	 1	 0	 0	 0	 1	 1	 1	 1	548.37	  0.00
212	06	18	v	 0	 1	 3	 2	 2	 1	 1	 1	 0	 0	 1	 1	 1	 1	383.44	  0.00
213	06	18	v	 0	 1	 3	 3	 2	 0	 1	 0	 0	 0	 1	 1	 2	 0	700.16	  0.00
214	06	18	v	 0	 1	 3	 2	 2	 2	 2	 0	 0	 0	 1	 2	 2	 1	942.97	  0.00
215	06	18	v	 0	 1	 3	 0	 1	 0	 1	 1	 0	 0	 1	 1	 1	 1	663.17	  0.00
216	06	18	v	 0	 1	 3	 1	 1	 3	 2	 1	 0	 0	 1	 2	 2	 1	628.58	  0.00
217	06	18	v	 0	 1	 3	 1	 1	 3	 2	 0	 0	 0	 1	 2	 2	 1	780.79	  0.00
218	06	18	v	 0	 1	 3	 0	 1	 1	 1	 0	 0	 0	 1	 1	 1	 1	550.19	  0.00
219	06	18	v	 0	 1	 3	 1	 1	 0	 1	 0	 0	 0	 1	 1	 1	 1	385.26	  0.00
220	06	18	v	 0	 1	 3	 1	 1	 2	 2	 1	 0	 0	 1	 2	 2	 1	530.56	  0.00
221	06	18	v	 0	 1	 3	 3	 2	 3	 2	 0	 0	 0	 1	 2	 2	 1	520.63	  0.00
222	06	18	v	 0	 1	 3	 3	 2	 3	 2	 0	 0	 0	 1	 2	 2	 1	518.88	  0.00
223	06	18	v	 0	 1	 3	 0	 1	 3	 2	 1	 0	 0	 1	 2	 2	 1	362.13	  0.00
224	06	18	v	 0	 1	 3	 2	 2	 2	 2	 1	 0	 0	 1	 2	 1	 0	466.72	  0.00
225	06	18	v	 0	 1	 3	 0	 1	 3	 2	 0	 0	 0	 1	 2	 2	 1	855.84	  0.00
226	06	18	v	 0	 1	 3	 0	 1	 1	 1	 1	 0	 0	 1	 1	 1	 1	698.41	  0.00
227	06	18	v	 0	 1	 3	 1	 1	 1	 1	 0	 0	 0	 1	 1	 1	 1	623.00	  0.00
228	06	18	v	 0	 1	 3	 2	 2	 3	 2	 1	 0	 0	 1	 2	 2	 1	596.64	  0.00
229	06	18	v	 0	 1	 3	 0	 1	 0	 1	 1	 0	 0	 1	 1	 1	 1	521.35	  0.00
230	06	18	v	 0	 1	 3	 0	 1	 1	 1	 1	 0	 0	 1	 1	 2	 0	446.22	  0.00
231	06	18	v	 0	 1	 3	 2	 2	 3	 2	 0	 0	 0	 1	 2	 2	 1	770.89	  0.00
232	06	18	v	 0	 1	 3	 2	 2	 1	 1	 0	 0	 0	 1	 1	 1	 1	809.64	  0.00
233	06	18	v	 0	 1	 3	 2	 2	 0	 1	 0	 0	 0	 1	 1	 1	 1	799.31	  0.00
234	06	18	v	 0	 1	 3	 3	 2	 2	 2	 0	 0	 0	 1	 2	 2	 1	698.40	  0.00
235	06	18	v	 0	 1	 3	 3	 2	 2	 2	 1	 0	 0	 1	 2	 2	 1	451.52	  0.00
236	06	18	v	 0	 1	 3	 3	 2	 0	 1	 0	 0	 0	 1	 1	 1	 1	735.45	  0.00
237	06	18	v	 0	 1	 3	 0	 1	 2	 2	 0	 0	 0	 1	 2	 2	 1	896.61	  0.00
238	06	18	v	 0	 1	 3	 1	 1	 0	 1	 1	 0	 0	 1	 1	 1	 1	543.42	  0.00
239	06	18	v	 0	 1	 3	 2	 2	 0	 1	 1	 0	 0	 1	 1	 1	 1	435.62	  0.00
240	06	18	v	 0	 1	 3	 3	 2	 0	 1	 1	 0	 0	 1	 1	 1	 1	393.18	  0.00
241	06	18	v	 0	 1	 3	 0	 1	 2	 2	 1	 0	 0	 1	 2	 2	 1	465.06	  0.00
242	06	18	v	 0	 1	 3	 1	 1	 3	 2	 1	 0	 0	 1	 2	 2	 1	854.30	  0.00
243	06	18	v	 0	 1	 3	 2	 2	 1	 1	 1	 0	 0	 1	 1	 1	 1	517.35	  0.00
244	06	18	v	 0	 1	 3	 2	 2	 2	 2	 1	 0	 0	 1	 2	 2	 1	491.07	  0.00
245	06	18	v	 0	 1	 3	 0	 1	 3	 2	 0	 0	 0	 1	 2	 2	 1	595.50	  0.00
246	06	18	v	 0	 1	 3	 0	 1	 2	 2	 0	 0	 0	 1	 2	 2	 1	405.96	  0.00
247	06	18	v	 0	 1	 3	 0	 1	 0	 1	 0	 0	 0	 1	 1	 2	 0	632.85	  0.00
248	06	18	v	 0	 1	 3	 1	 1	 2	 2	 0	 0	 0	 1	 2	 2	 1	451.49	  0.00
249	06	18	v	 0	 1	 3	 3	 2	 1	 1	 0	 0	 0	 1	 1	 1	 1	735.42	  0.00
250	06	18	v	 0	 1	 3	 0	 1	 2	 2	 1	 0	 0	 1	 2	 2	 1	684.41	  0.00
251	06	18	v	 0	 1	 3	 3	 2	 1	 1	 1	 0	 0	 1	 1	 1	 1	567.19	  0.00
252	06	18	v	 0	 1	 3	 3	 2	 0	 1	 1	 0	 0	 1	 1	 1	 1	597.92	  0.00
253	06	18	v	 0	 1	 3	 2	 2	 0	 1	 0	 0	 0	 1	 1	 1	 1	637.00	  0.00
254	06	18	v	 0	 1	 3	 1	 1	 1	 1	 0	 0	 0	 1	 1	 1	 1	667.78	  0.00
255	06	18	v	 0	 1	 3	 0	 1	 3	 2	 1	 0	 0	 1	 2	 2	 1	984.06	  0.00
256	06	18	v	 0	 1	 4	 1	 1	 2	 2	 0	 0	 0	 1	 2	 2	 1	721.03	  0.00
257	06	18	v	 0	 1	 4	 3	 2	 1	 1	 0	 0	 0	 1	 1	 1	 1	555.41	  0.00
258	06	18	v	 0	 1	 4	 0	 1	 2	 2	 0	 0	 0	 1	 2	 2	 1	536.75	  0.00
259	06	18	v	 0	 1	 4	 1	 1	 1	 1	 1	 0	 0	 1	 1	 1	 1	714.02	  0.00
260	06	18	v	 0	 1	 4	 1	 1	 1	 1	 0	 0	 0	 1	 1	 1	 1	563.75	  0.00
261	06	18	v	 0	 1	 4	 0	 1	 3	 2	 0	 0	 0	 1	 2	 2	 1	569.64	  0.00
262	06	18	v	 0	 1	 4	 2	 2	 2	 2	 0	 0	 0	 1	 2	 1	 0	493.89	  0.00
263	06	18	v	 0	 1	 4	 3	 2	 0	 1	 1	 0	 0	 1	 2	 2	 1	973.15	  0.00
264	06	18	v	 0	 1	 4	 3	 2	 0	 1	 1	 0	 0	 1	 2	 2	 1	390.95	  0.00
265	06	18	v	 0	 1	 4	 0	 1	 0	 1	 0	 0	 0	 1	 1	 1	 1	625.59	  0.00
266	06	18	v	 0	 1	 4	 0	 1	 3	 2	 1	 0	 0	 1	 1	 1	 1	598.77	  0.00
267	06	18	v	 0	 1	 4	 3	 2	 3	 2	 0	 0	 0	 1	 2	 2	 1	1191.10	  0.00
268	06	18	v	 0	 1	 4	 3	 2	 1	 1	 1	 0	 0	 1	 2	 2	 1	616.71	  0.00
269	06	18	v	 0	 1	 4	 2	 2	 3	 2	 0	 0	 0	 1	 2	 2	 1	671.47	  0.00
270	06	18	v	 0	 1	 4	 1	 1	 0	 1	 0	 0	 0	 1	 1	 1	 1	481.44	  0.00
271	06	18	v	 0	 1	 4	 0	 1	 1	 1	 1	 0	 0	 1	 1	 1	 1	593.52	  0.00
272	06	18	v	 0	 1	 4	 1	 1	 3	 2	 1	 0	 0	 1	 1	 1	 1	476.12	  0.00
273	06	18	v	 0	 1	 4	 0	 1	 3	 2	 0	 0	 0	 1	 2	 2	 1	645.21	  0.00
274	06	18	v	 0	 1	 4	 0	 1	 1	 1	 0	 0	 0	 1	 1	 1	 1	667.21	  0.00
275	06	18	v	 0	 1	 4	 3	 2	 3	 2	 1	 0	 0	 1	 2	 2	 1	534.25	  0.00
276	06	18	v	 0	 1	 4	 0	 1	 0	 1	 1	 0	 0	 1	 1	 1	 1	654.46	  0.00
277	06	18	v	 0	 1	 4	 1	 1	 0	 1	 0	 0	 0	 1	 1	 1	 1	1035.58	  0.00
278	06	18	v	 0	 1	 4	 2	 2	 1	 1	 0	 0	 0	 1	 1	 1	 1	477.76	  0.00
279	06	18	v	 0	 1	 4	 2	 2	 2	 2	 1	 0	 0	 1	 2	 2	 1	507.32	  0.00
280	06	18	v	 0	 1	 4	 3	 2	 2	 2	 0	 0	 0	 1	 2	 2	 1	537.75	  0.00
281	06	18	v	 0	 1	 4	 0	 1	 0	 1	 0	 0	 0	 1	 1	 1	 1	641.55	  0.00
282	06	18	v	 0	 1	 4	 1	 1	 2	 2	 0	 0	 0	 1	 2	 2	 1	606.51	  0.00
283	06	18	v	 0	 1	 4	 3	 2	 0	 1	 0	 0	 0	 1	 1	 1	 1	816.38	  0.00
284	06	18	v	 0	 1	 4	 1	 1	 0	 1	 1	 0	 0	 1	 1	 1	 1	772.92	  0.00
285	06	18	v	 0	 1	 4	 3	 2	 2	 2	 0	 0	 0	 1	 2	 2	 1	468.42	  0.00
286	06	18	v	 0	 1	 4	 3	 2	 3	 2	 0	 0	 0	 1	 2	 2	 1	538.82	  0.00
287	06	18	v	 0	 1	 4	 1	 1	 3	 2	 0	 0	 0	 1	 2	 2	 1	422.27	  0.00
288	06	18	v	 0	 1	 4	 0	 1	 2	 2	 0	 0	 0	 1	 2	 2	 1	477.32	  0.00
289	06	18	v	 0	 1	 4	 0	 1	 2	 2	 1	 0	 0	 1	 1	 1	 1	744.09	  0.00
290	06	18	v	 0	 1	 4	 3	 2	 1	 1	 1	 0	 0	 1	 2	 2	 1	627.53	  0.00
291	06	18	v	 0	 1	 4	 1	 1	 2	 2	 1	 0	 0	 1	 1	 1	 1	641.66	  0.00
292	06	18	v	 0	 1	 4	 2	 2	 0	 1	 0	 0	 0	 1	 1	 1	 1	810.65	  0.00
293	06	18	v	 0	 1	 4	 1	 1	 1	 1	 0	 0	 0	 1	 1	 1	 1	1818.85	  0.00
294	06	18	v	 0	 1	 4	 1	 1	 2	 2	 1	 0	 0	 1	 1	 1	 1	541.57	  0.00
295	06	18	v	 0	 1	 4	 3	 2	 1	 1	 0	 0	 0	 1	 1	 1	 1	1200.25	  0.00
296	06	18	v	 0	 1	 4	 2	 2	 1	 1	 1	 0	 0	 1	 2	 2	 1	871.00	  0.00
297	06	18	v	 0	 1	 4	 3	 2	 2	 2	 1	 0	 0	 1	 2	 2	 1	770.29	  0.00
298	06	18	v	 0	 1	 4	 0	 1	 1	 1	 0	 0	 0	 1	 1	 1	 1	946.37	  0.00
299	06	18	v	 0	 1	 4	 1	 1	 3	 2	 0	 0	 0	 1	 2	 2	 1	772.18	  0.00
300	06	18	v	 0	 1	 4	 3	 2	 0	 1	 0	 0	 0	 1	 1	 1	 1	590.08	  0.00
301	06	18	v	 0	 1	 4	 2	 2	 1	 1	 0	 0	 0	 1	 1	 1	 1	620.38	  0.00
302	06	18	v	 0	 1	 4	 2	 2	 2	 2	 0	 0	 0	 1	 2	 2	 1	495.69	  0.00
303	06	18	v	 0	 1	 4	 0	 1	 1	 1	 1	 0	 0	 1	 1	 1	 1	575.10	  0.00
304	06	18	v	 0	 1	 4	 2	 2	 3	 2	 1	 0	 0	 1	 2	 2	 1	474.92	  0.00
305	06	18	v	 0	 1	 4	 1	 1	 1	 1	 1	 0	 0	 1	 1	 2	 0	464.62	  0.00
306	06	18	v	 0	 1	 4	 0	 1	 0	 1	 1	 0	 0	 1	 1	 1	 1	649.21	  0.00
307	06	18	v	 0	 1	 4	 2	 2	 0	 1	 1	 0	 0	 1	 2	 2	 1	458.91	  0.00
308	06	18	v	 0	 1	 4	 3	 2	 2	 2	 1	 0	 0	 1	 2	 2	 1	660.72	  0.00
309	06	18	v	 0	 1	 4	 1	 1	 3	 2	 1	 0	 0	 1	 1	 1	 1	511.74	  0.00
310	06	18	v	 0	 1	 4	 2	 2	 1	 1	 1	 0	 0	 1	 2	 2	 1	680.90	  0.00
311	06	18	v	 0	 1	 4	 3	 2	 3	 2	 1	 0	 0	 1	 2	 2	 1	612.41	  0.00
312	06	18	v	 0	 1	 4	 1	 1	 0	 1	 1	 0	 0	 1	 1	 1	 1	569.05	  0.00
313	06	18	v	 0	 1	 4	 2	 2	 3	 2	 0	 0	 0	 1	 2	 2	 1	640.26	  0.00
314	06	18	v	 0	 1	 4	 2	 2	 0	 1	 0	 0	 0	 1	 1	 1	 1	890.74	  0.00
315	06	18	v	 0	 1	 4	 2	 2	 0	 1	 1	 0	 0	 1	 2	 2	 1	1042.55	  0.00
316	06	18	v	 0	 1	 4	 2	 2	 2	 2	 1	 0	 0	 1	 2	 2	 1	901.22	  0.00
317	06	18	v	 0	 1	 4	 0	 1	 2	 2	 1	 0	 0	 1	 1	 1	 1	923.06	  0.00
318	06	18	v	 0	 1	 4	 2	 2	 3	 2	 1	 0	 0	 1	 2	 2	 1	1670.08	  0.00
319	06	18	v	 0	 1	 4	 0	 1	 3	 2	 1	 0	 0	 1	 1	 1	 1	572.58	  0.00
320	06	18	v	 0	 1	 5	 2	 2	 3	 2	 1	 0	 0	 1	 2	 2	 1	860.52	  0.00
321	06	18	v	 0	 1	 5	 3	 2	 1	 1	 0	 0	 0	 1	 1	 1	 1	728.40	  0.00
322	06	18	v	 0	 1	 5	 3	 2	 0	 1	 1	 0	 0	 1	 2	 2	 1	448.87	  0.00
323	06	18	v	 0	 1	 5	 1	 1	 0	 1	 0	 0	 0	 1	 1	 1	 1	496.23	  0.00
324	06	18	v	 0	 1	 5	 2	 2	 1	 1	 1	 0	 0	 1	 2	 2	 1	616.91	  0.00
325	06	18	v	 0	 1	 5	 0	 1	 0	 1	 1	 0	 0	 1	 1	 1	 1	606.90	  0.00
326	06	18	v	 0	 1	 5	 3	 2	 1	 1	 1	 0	 0	 1	 2	 2	 1	490.57	  0.00
327	06	18	v	 0	 1	 5	 3	 2	 0	 1	 0	 0	 0	 1	 1	 1	 1	529.84	  0.00
328	06	18	v	 0	 1	 5	 2	 2	 0	 1	 1	 0	 0	 1	 2	 2	 1	592.41	  0.00
329	06	18	v	 0	 1	 5	 2	 2	 0	 1	 0	 0	 0	 1	 1	 1	 1	549.78	  0.00
330	06	18	v	 0	 1	 5	 3	 2	 1	 1	 1	 0	 0	 1	 2	 2	 1	384.80	  0.00
331	06	18	v	 0	 1	 5	 0	 1	 1	 1	 1	 0	 0	 1	 1	 1	 1	619.94	  0.00
332	06	18	v	 0	 1	 5	 1	 1	 3	 2	 1	 0	 0	 1	 1	 1	 1	503.76	  0.00
333	06	18	v	 0	 1	 5	 3	 2	 0	 1	 0	 0	 0	 1	 1	 1	 1	567.41	  0.00
334	06	18	v	 0	 1	 5	 0	 1	 0	 1	 0	 0	 0	 1	 1	 1	 1	435.08	  0.00
335	06	18	v	 0	 1	 5	 0	 1	 3	 2	 1	 0	 0	 1	 1	 1	 1	653.64	  0.00
336	06	18	v	 0	 1	 5	 2	 2	 1	 1	 0	 0	 0	 1	 1	 1	 1	854.95	  0.00
337	06	18	v	 0	 1	 5	 3	 2	 2	 2	 0	 0	 0	 1	 2	 1	 0	420.10	  0.00
338	06	18	v	 0	 1	 5	 1	 1	 3	 2	 0	 0	 0	 1	 2	 2	 1	475.66	  0.00
339	06	18	v	 0	 1	 5	 0	 1	 3	 2	 1	 0	 0	 1	 1	 1	 1	1175.68	  0.00
340	06	18	v	 0	 1	 5	 3	 2	 1	 1	 0	 0	 0	 1	 1	 1	 1	1034.31	  0.00
341	06	18	v	 0	 1	 5	 2	 2	 3	 2	 1	 0	 0	 1	 2	 2	 1	509.42	  0.00
342	06	18	v	 0	 1	 5	 0	 1	 2	 2	 1	 0	 0	 1	 1	 1	 1	629.22	  0.00
343	06	18	v	 0	 1	 5	 1	 1	 1	 1	 1	 0	 0	 1	 1	 1	 1	432.63	  0.00
344	06	18	v	 0	 1	 5	 1	 1	 2	 2	 1	 0	 0	 1	 1	 1	 1	585.27	  0.00
345	06	18	v	 0	 1	 5	 2	 2	 3	 2	 0	 0	 0	 1	 2	 2	 1	534.30	  0.00
346	06	18	v	 0	 1	 5	 3	 2	 3	 2	 0	 0	 0	 1	 2	 2	 1	393.81	  0.00
347	06	18	v	 0	 1	 5	 0	 1	 3	 2	 0	 0	 0	 1	 2	 2	 1	392.31	  0.00
348	06	18	v	 0	 1	 5	 1	 1	 3	 2	 1	 0	 0	 1	 1	 1	 1	847.71	  0.00
349	06	18	v	 0	 1	 5	 2	 2	 2	 2	 0	 0	 0	 1	 2	 2	 1	608.85	  0.00
350	06	18	v	 0	 1	 5	 0	 1	 0	 1	 0	 0	 0	 1	 1	 1	 1	541.70	  0.00
351	06	18	v	 0	 1	 5	 0	 1	 1	 1	 0	 0	 0	 1	 1	 1	 1	874.48	  0.00
352	06	18	v	 0	 1	 5	 3	 2	 2	 2	 1	 0	 0	 1	 2	 2	 1	537.40	  0.00
353	06	18	v	 0	 1	 5	 3	 2	 0	 1	 1	 0	 0	 1	 2	 2	 1	510.43	  0.00
354	06	18	v	 0	 1	 5	 2	 2	 2	 2	 0	 0	 0	 1	 2	 1	 0	476.17	  0.00
355	06	18	v	 0	 1	 5	 1	 1	 1	 1	 0	 0	 0	 1	 1	 1	 1	490.76	  0.00
356	06	18	v	 0	 1	 5	 0	 1	 2	 2	 1	 0	 0	 1	 1	 1	 1	619.48	  0.00
357	06	18	v	 0	 1	 5	 1	 1	 3	 2	 0	 0	 0	 1	 2	 2	 1	487.18	  0.00
358	06	18	v	 0	 1	 5	 1	 1	 0	 1	 1	 0	 0	 1	 1	 1	 1	787.38	  0.00
359	06	18	v	 0	 1	 5	 2	 2	 1	 1	 0	 0	 0	 1	 1	 1	 1	875.03	  0.00
360	06	18	v	 0	 1	 5	 1	 1	 0	 1	 0	 0	 0	 1	 1	 1	 1	603.56	  0.00
361	06	18	v	 0	 1	 5	 1	 1	 2	 2	 1	 0	 0	 1	 1	 1	 1	568.82	  0.00
362	06	18	v	 0	 1	 5	 1	 1	 1	 1	 0	 0	 0	 1	 1	 1	 1	615.23	  0.00
363	06	18	v	 0	 1	 5	 2	 2	 3	 2	 0	 0	 0	 1	 2	 2	 1	507.19	  0.00
364	06	18	v	 0	 1	 5	 2	 2	 0	 1	 1	 0	 0	 1	 2	 2	 1	521.66	  0.00
365	06	18	v	 0	 1	 5	 3	 2	 3	 2	 0	 0	 0	 1	 2	 2	 1	365.05	  0.00
366	06	18	v	 0	 1	 5	 2	 2	 0	 1	 0	 0	 0	 1	 1	 1	 1	697.97	  0.00
367	06	18	v	 0	 1	 5	 0	 1	 1	 1	 0	 0	 0	 1	 1	 1	 1	867.43	  0.00
368	06	18	v	 0	 1	 5	 2	 2	 2	 2	 1	 0	 0	 1	 2	 2	 1	514.35	  0.00
369	06	18	v	 0	 1	 5	 3	 2	 3	 2	 1	 0	 0	 1	 2	 2	 1	773.74	  0.00
370	06	18	v	 0	 1	 5	 2	 2	 1	 1	 1	 0	 0	 1	 2	 2	 1	427.93	  0.00
371	06	18	v	 0	 1	 5	 1	 1	 0	 1	 1	 0	 0	 1	 1	 2	 0	410.07	  0.00
372	06	18	v	 0	 1	 5	 3	 2	 2	 2	 0	 0	 0	 1	 2	 2	 1	1656.96	  0.00
373	06	18	v	 0	 1	 5	 3	 2	 2	 2	 1	 0	 0	 1	 2	 2	 1	527.50	  0.00
374	06	18	v	 0	 1	 5	 1	 1	 1	 1	 1	 0	 0	 1	 1	 2	 0	419.65	  0.00
375	06	18	v	 0	 1	 5	 3	 2	 3	 2	 1	 0	 0	 1	 2	 2	 1	564.98	  0.00
376	06	18	v	 0	 1	 5	 1	 1	 2	 2	 0	 0	 0	 1	 2	 2	 1	677.32	  0.00
377	06	18	v	 0	 1	 5	 0	 1	 1	 1	 1	 0	 0	 1	 1	 1	 1	422.29	  0.00
378	06	18	v	 0	 1	 5	 0	 1	 2	 2	 0	 0	 0	 1	 2	 1	 0	437.23	  0.00
379	06	18	v	 0	 1	 5	 0	 1	 2	 2	 0	 0	 0	 1	 2	 2	 1	623.31	  0.00
380	06	18	v	 0	 1	 5	 0	 1	 0	 1	 1	 0	 0	 1	 1	 1	 1	612.22	  0.00
381	06	18	v	 0	 1	 5	 1	 1	 2	 2	 0	 0	 0	 1	 2	 2	 1	594.03	  0.00
382	06	18	v	 0	 1	 5	 0	 1	 3	 2	 0	 0	 0	 1	 2	 2	 1	600.39	  0.00
383	06	18	v	 0	 1	 5	 2	 2	 2	 2	 1	 0	 0	 1	 2	 2	 1	565.66	  0.00
384	06	18	v	 0	 1	 6	 1	 1	 2	 2	 0	 0	 0	 1	 2	 2	 1	702.80	  0.00
385	06	18	v	 0	 1	 6	 2	 2	 1	 1	 0	 0	 0	 1	 1	 1	 1	668.18	  0.00
386	06	18	v	 0	 1	 6	 1	 1	 1	 1	 0	 0	 0	 1	 1	 1	 1	437.30	  0.00
387	06	18	v	 0	 1	 6	 0	 1	 3	 2	 0	 0	 0	 1	 2	 2	 1	492.41	  0.00
388	06	18	v	 0	 1	 6	 0	 1	 0	 1	 1	 0	 0	 1	 1	 1	 1	825.05	  0.00
389	06	18	v	 0	 1	 6	 3	 2	 3	 2	 0	 0	 0	 1	 2	 2	 1	782.09	  0.00
390	06	18	v	 0	 1	 6	 0	 1	 1	 1	 0	 0	 0	 1	 1	 1	 1	633.13	  0.00
391	06	18	v	 0	 1	 6	 3	 2	 1	 1	 0	 0	 0	 1	 1	 1	 1	419.02	  0.00
392	06	18	v	 0	 1	 6	 2	 2	 0	 1	 1	 0	 0	 1	 2	 2	 1	482.56	  0.00
393	06	18	v	 0	 1	 6	 1	 1	 3	 2	 0	 0	 0	 1	 2	 2	 1	603.51	  0.00
394	06	18	v	 0	 1	 6	 1	 1	 2	 2	 1	 0	 0	 1	 1	 1	 1	544.44	  0.00
395	06	18	v	 0	 1	 6	 0	 1	 3	 2	 1	 0	 0	 1	 1	 1	 1	558.81	  0.00
396	06	18	v	 0	 1	 6	 0	 1	 2	 2	 0	 0	 0	 1	 2	 2	 1	475.68	  0.00
397	06	18	v	 0	 1	 6	 1	 1	 0	 1	 0	 0	 0	 1	 1	 1	 1	742.26	  0.00
398	06	18	v	 0	 1	 6	 3	 2	 0	 1	 1	 0	 0	 1	 2	 2	 1	536.29	  0.00
399	06	18	v	 0	 1	 6	 1	 1	 1	 1	 1	 0	 0	 1	 1	 2	 0	681.01	  0.00
400	06	18	v	 0	 1	 6	 3	 2	 2	 2	 1	 0	 0	 1	 2	 2	 1	426.42	  0.00
401	06	18	v	 0	 1	 6	 0	 1	 1	 1	 1	 0	 0	 1	 1	 1	 1	416.67	  0.00
402	06	18	v	 0	 1	 6	 3	 2	 2	 2	 1	 0	 0	 1	 2	 2	 1	366.13	  0.00
403	06	18	v	 0	 1	 6	 0	 1	 2	 2	 1	 0	 0	 1	 1	 1	 1	454.36	  0.00
404	06	18	v	 0	 1	 6	 1	 1	 0	 1	 0	 0	 0	 1	 1	 1	 1	1007.63	  0.00
405	06	18	v	 0	 1	 6	 2	 2	 3	 2	 0	 0	 0	 1	 2	 2	 1	579.85	  0.00
406	06	18	v	 0	 1	 6	 2	 2	 1	 1	 0	 0	 0	 1	 1	 1	 1	635.14	  0.00
407	06	18	v	 0	 1	 6	 2	 2	 1	 1	 1	 0	 0	 1	 2	 2	 1	1179.94	  0.00
408	06	18	v	 0	 1	 6	 0	 1	 0	 1	 0	 0	 0	 1	 1	 1	 1	581.65	  0.00
409	06	18	v	 0	 1	 6	 1	 1	 0	 1	 1	 0	 0	 1	 1	 0	 0	2000.33	  0.00
410	06	18	v	 0	 1	 6	 2	 2	 0	 1	 0	 0	 0	 1	 1	 1	 1	788.10	  0.00
411	06	18	v	 0	 1	 6	 0	 1	 3	 2	 0	 0	 0	 1	 2	 2	 1	646.22	  0.00
412	06	18	v	 0	 1	 6	 0	 1	 3	 2	 1	 0	 0	 1	 1	 1	 1	562.70	  0.00
413	06	18	v	 0	 1	 6	 2	 2	 0	 1	 1	 0	 0	 1	 2	 2	 1	454.80	  0.00
414	06	18	v	 0	 1	 6	 3	 2	 1	 1	 1	 0	 0	 1	 2	 2	 1	640.88	  0.00
415	06	18	v	 0	 1	 6	 2	 2	 2	 2	 0	 0	 0	 1	 2	 2	 1	565.52	  0.00
416	06	18	v	 0	 1	 6	 1	 1	 3	 2	 0	 0	 0	 1	 2	 2	 1	465.68	  0.00
417	06	18	v	 0	 1	 6	 0	 1	 0	 1	 1	 0	 0	 1	 1	 1	 1	684.41	  0.00
418	06	18	v	 0	 1	 6	 3	 2	 3	 2	 1	 0	 0	 1	 2	 1	 0	453.74	  0.00
419	06	18	v	 0	 1	 6	 3	 2	 0	 1	 0	 0	 0	 1	 1	 1	 1	557.68	  0.00
420	06	18	v	 0	 1	 6	 1	 1	 2	 2	 0	 0	 0	 1	 2	 2	 1	588.26	  0.00
421	06	18	v	 0	 1	 6	 1	 1	 0	 1	 1	 0	 0	 1	 1	 1	 1	912.78	  0.00
422	06	18	v	 0	 1	 6	 0	 1	 2	 2	 0	 0	 0	 1	 2	 2	 1	559.75	  0.00
423	06	18	v	 0	 1	 6	 2	 2	 2	 2	 1	 0	 0	 1	 2	 2	 1	671.82	  0.00
424	06	18	v	 0	 1	 6	 1	 1	 3	 2	 1	 0	 0	 1	 1	 1	 1	604.69	  0.00
425	06	18	v	 0	 1	 6	 2	 2	 2	 2	 1	 0	 0	 1	 2	 2	 1	537.71	  0.00
426	06	18	v	 0	 1	 6	 2	 2	 0	 1	 0	 0	 0	 1	 1	 1	 1	911.30	  0.00
427	06	18	v	 0	 1	 6	 1	 1	 3	 2	 1	 0	 0	 1	 1	 1	 1	859.45	  0.00
428	06	18	v	 0	 1	 6	 1	 1	 1	 1	 0	 0	 0	 1	 1	 1	 1	1297.52	  0.00
429	06	18	v	 0	 1	 6	 2	 2	 3	 2	 1	 0	 0	 1	 2	 2	 1	568.36	  0.00
430	06	18	v	 0	 1	 6	 2	 2	 3	 2	 0	 0	 0	 1	 2	 2	 1	1398.87	  0.00
431	06	18	v	 0	 1	 6	 1	 1	 2	 2	 1	 0	 0	 1	 1	 1	 1	498.27	  0.00
432	06	18	v	 0	 1	 6	 3	 2	 0	 1	 0	 0	 0	 1	 1	 1	 1	831.10	  0.00
433	06	18	v	 0	 1	 6	 1	 1	 1	 1	 1	 0	 0	 1	 1	 1	 1	388.34	  0.00
434	06	18	v	 0	 1	 6	 3	 2	 3	 2	 1	 0	 0	 1	 2	 2	 1	443.93	  0.00
435	06	18	v	 0	 1	 6	 0	 1	 1	 1	 0	 0	 0	 1	 1	 1	 1	580.21	  0.00
436	06	18	v	 0	 1	 6	 0	 1	 1	 1	 1	 0	 0	 1	 1	 1	 1	668.00	  0.00
437	06	18	v	 0	 1	 6	 0	 1	 0	 1	 0	 0	 0	 1	 1	 2	 0	690.48	  0.00
438	06	18	v	 0	 1	 6	 3	 2	 0	 1	 1	 0	 0	 1	 2	 2	 1	680.30	  0.00
439	06	18	v	 0	 1	 6	 3	 2	 1	 1	 1	 0	 0	 1	 2	 2	 1	457.99	  0.00
440	06	18	v	 0	 1	 6	 3	 2	 2	 2	 0	 0	 0	 1	 2	 2	 1	578.81	  0.00
441	06	18	v	 0	 1	 6	 3	 2	 2	 2	 0	 0	 0	 1	 2	 2	 1	421.93	  0.00
442	06	18	v	 0	 1	 6	 0	 1	 2	 2	 1	 0	 0	 1	 1	 1	 1	656.83	  0.00
443	06	18	v	 0	 1	 6	 2	 2	 2	 2	 0	 0	 0	 1	 2	 2	 1	622.45	  0.00
444	06	18	v	 0	 1	 6	 2	 2	 3	 2	 1	 0	 0	 1	 2	 2	 1	424.47	  0.00
445	06	18	v	 0	 1	 6	 3	 2	 3	 2	 0	 0	 0	 1	 2	 2	 1	862.77	  0.00
446	06	18	v	 0	 1	 6	 3	 2	 1	 1	 0	 0	 0	 1	 1	 1	 1	566.71	  0.00
447	06	18	v	 0	 1	 6	 2	 2	 1	 1	 1	 0	 0	 1	 2	 2	 1	581.25	  0.00
448	06	18	v	 0	 1	 7	 0	 1	 3	 2	 0	 0	 0	 1	 2	 2	 1	628.37	  0.00
449	06	18	v	 0	 1	 7	 0	 1	 2	 2	 1	 0	 0	 1	 1	 1	 1	602.10	  0.00
450	06	18	v	 0	 1	 7	 1	 1	 3	 2	 1	 0	 0	 1	 1	 1	 1	853.14	  0.00
451	06	18	v	 0	 1	 7	 2	 2	 0	 1	 1	 0	 0	 1	 2	 2	 1	924.12	  0.00
452	06	18	v	 0	 1	 7	 2	 2	 1	 1	 0	 0	 0	 1	 1	 1	 1	579.38	  0.00
453	06	18	v	 0	 1	 7	 3	 2	 1	 1	 1	 0	 0	 1	 2	 2	 1	984.51	  0.00
454	06	18	v	 0	 1	 7	 1	 1	 2	 2	 1	 0	 0	 1	 1	 1	 1	533.10	  0.00
455	06	18	v	 0	 1	 7	 3	 2	 2	 2	 0	 0	 0	 1	 2	 2	 1	702.93	  0.00
456	06	18	v	 0	 1	 7	 1	 1	 0	 1	 1	 0	 0	 1	 1	 1	 1	594.85	  0.00
457	06	18	v	 0	 1	 7	 0	 1	 1	 1	 0	 0	 0	 1	 1	 1	 1	642.03	  0.00
458	06	18	v	 0	 1	 7	 1	 1	 1	 1	 0	 0	 0	 1	 1	 1	 1	460.61	  0.00
459	06	18	v	 0	 1	 7	 2	 2	 2	 2	 1	 0	 0	 1	 2	 2	 1	442.57	  0.00
460	06	18	v	 0	 1	 7	 0	 1	 3	 2	 1	 0	 0	 1	 1	 1	 1	808.08	  0.00
461	06	18	v	 0	 1	 7	 0	 1	 2	 2	 1	 0	 0	 1	 1	 1	 1	388.90	  0.00
462	06	18	v	 0	 1	 7	 2	 2	 3	 2	 0	 0	 0	 1	 2	 2	 1	672.93	  0.00
463	06	18	v	 0	 1	 7	 2	 2	 0	 1	 1	 0	 0	 1	 2	 1	 0	426.16	  0.00
464	06	18	v	 0	 1	 7	 1	 1	 3	 2	 1	 0	 0	 1	 1	 1	 1	489.87	  0.00
465	06	18	v	 0	 1	 7	 3	 2	 2	 2	 1	 0	 0	 1	 2	 2	 1	479.99	  0.00
466	06	18	v	 0	 1	 7	 3	 2	 0	 1	 0	 0	 0	 1	 1	 1	 1	772.05	  0.00
467	06	18	v	 0	 1	 7	 0	 1	 0	 1	 1	 0	 0	 1	 1	 1	 1	982.12	  0.00
468	06	18	v	 0	 1	 7	 3	 2	 3	 2	 1	 0	 0	 1	 2	 2	 1	481.72	  0.00
469	06	18	v	 0	 1	 7	 0	 1	 0	 1	 1	 0	 0	 1	 1	 1	 1	578.25	  0.00
470	06	18	v	 0	 1	 7	 2	 2	 3	 2	 1	 0	 0	 1	 2	 2	 1	714.08	  0.00
471	06	18	v	 0	 1	 7	 3	 2	 2	 2	 0	 0	 0	 1	 2	 2	 1	1014.05	  0.00
472	06	18	v	 0	 1	 7	 3	 2	 2	 2	 1	 0	 0	 1	 2	 2	 1	1035.94	  0.00
473	06	18	v	 0	 1	 7	 2	 2	 1	 1	 0	 0	 0	 1	 1	 1	 1	552.13	  0.00
474	06	18	v	 0	 1	 7	 2	 2	 2	 2	 1	 0	 0	 1	 2	 1	 0	713.58	  0.00
475	06	18	v	 0	 1	 7	 3	 2	 1	 1	 0	 0	 0	 1	 1	 1	 1	417.85	  0.00
476	06	18	v	 0	 1	 7	 3	 2	 0	 1	 1	 0	 0	 1	 2	 2	 1	1444.43	  0.00
477	06	18	v	 0	 1	 7	 0	 1	 0	 1	 0	 0	 0	 1	 1	 1	 1	754.94	  0.00
478	06	18	v	 0	 1	 7	 1	 1	 2	 2	 0	 0	 0	 1	 2	 2	 1	532.51	  0.00
479	06	18	v	 0	 1	 7	 2	 2	 0	 1	 0	 0	 0	 1	 1	 1	 1	530.83	  0.00
480	06	18	v	 0	 1	 7	 0	 1	 1	 1	 1	 0	 0	 1	 1	 1	 1	480.07	  0.00
481	06	18	v	 0	 1	 7	 1	 1	 1	 1	 1	 0	 0	 1	 1	 1	 1	502.88	  0.00
482	06	18	v	 0	 1	 7	 1	 1	 3	 2	 0	 0	 0	 1	 2	 2	 1	484.86	  0.00
483	06	18	v	 0	 1	 7	 3	 2	 1	 1	 1	 0	 0	 1	 2	 1	 0	564.52	  0.00
484	06	18	v	 0	 1	 7	 3	 2	 3	 2	 0	 0	 0	 1	 2	 2	 1	668.88	  0.00
485	06	18	v	 0	 1	 7	 1	 1	 0	 1	 0	 0	 0	 1	 1	 1	 1	567.87	  0.00
486	06	18	v	 0	 1	 7	 0	 1	 3	 2	 1	 0	 0	 1	 1	 1	 1	957.79	  0.00
487	06	18	v	 0	 1	 7	 1	 1	 1	 1	 0	 0	 0	 1	 1	 1	 1	882.20	  0.00
488	06	18	v	 0	 1	 7	 0	 1	 2	 2	 0	 0	 0	 1	 2	 2	 1	676.01	  0.00
489	06	18	v	 0	 1	 7	 2	 2	 3	 2	 0	 0	 0	 1	 2	 2	 1	1024.99	  0.00
490	06	18	v	 0	 1	 7	 0	 1	 0	 1	 0	 0	 0	 1	 1	 1	 1	900.10	  0.00
491	06	18	v	 0	 1	 7	 3	 2	 3	 2	 0	 0	 0	 1	 2	 2	 1	791.78	  0.00
492	06	18	v	 0	 1	 7	 1	 1	 2	 2	 0	 0	 0	 1	 2	 1	 0	658.27	  0.00
493	06	18	v	 0	 1	 7	 1	 1	 1	 1	 1	 0	 0	 1	 1	 1	 1	1202.89	  0.00
494	06	18	v	 0	 1	 7	 1	 1	 2	 2	 1	 0	 0	 1	 1	 1	 1	522.87	  0.00
495	06	18	v	 0	 1	 7	 3	 2	 3	 2	 1	 0	 0	 1	 2	 2	 1	431.35	  0.00
496	06	18	v	 0	 1	 7	 2	 2	 0	 1	 0	 0	 0	 1	 1	 1	 1	1286.57	  0.00
497	06	18	v	 0	 1	 7	 2	 2	 2	 2	 0	 0	 0	 1	 2	 2	 1	671.80	  0.00
498	06	18	v	 0	 1	 7	 2	 2	 1	 1	 1	 0	 0	 1	 2	 2	 1	637.22	  0.00
499	06	18	v	 0	 1	 7	 1	 1	 3	 2	 0	 0	 0	 1	 2	 1	 0	464.02	  0.00
500	06	18	v	 0	 1	 7	 0	 1	 2	 2	 0	 0	 0	 1	 2	 2	 1	673.59	  0.00
501	06	18	v	 0	 1	 7	 3	 2	 0	 1	 1	 0	 0	 1	 2	 2	 1	475.70	  0.00
502	06	18	v	 0	 1	 7	 2	 2	 3	 2	 1	 0	 0	 1	 2	 2	 1	400.58	  0.00
503	06	18	v	 0	 1	 7	 2	 2	 2	 2	 0	 0	 0	 1	 2	 2	 1	374.58	  0.00
504	06	18	v	 0	 1	 7	 3	 2	 0	 1	 0	 0	 0	 1	 1	 1	 1	560.80	  0.00
505	06	18	v	 0	 1	 7	 3	 2	 1	 1	 0	 0	 0	 1	 1	 1	 1	583.42	  0.00
506	06	18	v	 0	 1	 7	 2	 2	 1	 1	 1	 0	 0	 1	 2	 2	 1	483.47	  0.00
507	06	18	v	 0	 1	 7	 0	 1	 1	 1	 1	 0	 0	 1	 1	 1	 1	555.05	  0.00
508	06	18	v	 0	 1	 7	 0	 1	 1	 1	 0	 0	 0	 1	 1	 1	 1	578.10	  0.00
509	06	18	v	 0	 1	 7	 1	 1	 0	 1	 1	 0	 0	 1	 1	 1	 1	453.71	  0.00
510	06	18	v	 0	 1	 7	 0	 1	 3	 2	 0	 0	 0	 1	 2	 2	 1	524.78	  0.00
511	06	18	v	 0	 1	 7	 1	 1	 0	 1	 0	 0	 0	 1	 1	 1	 1	629.04	  0.00
512	06	18	v	 0	 1	 8	 3	 2	 0	 1	 1	 1	 0	 0	 1	 1	 1	590.20	  0.00
513	06	18	v	 0	 1	 8	 2	 2	 0	 1	 1	 1	 0	 0	 1	 1	 1	325.74	  0.00
514	06	18	v	 0	 1	 8	 2	 2	 3	 2	 1	 1	 0	 0	 1	 1	 1	389.08	  0.00
515	06	18	v	 0	 1	 8	 3	 2	 0	 1	 0	 1	 0	 0	 1	 1	 1	354.52	  0.00
516	06	18	v	 0	 1	 8	 0	 1	 3	 2	 1	 1	 0	 0	 2	 2	 1	352.67	  0.00
517	06	18	v	 0	 1	 8	 1	 1	 2	 2	 1	 1	 0	 0	 2	 2	 1	285.48	  0.00
518	06	18	v	 0	 1	 8	 3	 2	 0	 1	 1	 1	 0	 0	 1	 1	 1	471.24	  0.00
519	06	18	v	 0	 1	 8	 3	 2	 3	 2	 1	 1	 0	 0	 1	 1	 1	346.75	  0.00
520	06	18	v	 0	 1	 8	 2	 2	 0	 1	 0	 1	 0	 0	 1	 1	 1	320.31	  0.00
521	06	18	v	 0	 1	 8	 2	 2	 2	 2	 1	 1	 0	 0	 1	 1	 1	333.74	  0.00
522	06	18	v	 0	 1	 8	 2	 2	 3	 2	 0	 1	 0	 0	 1	 1	 1	739.81	  0.00
523	06	18	v	 0	 1	 8	 3	 2	 3	 2	 1	 1	 0	 0	 1	 1	 1	370.10	  0.00
524	06	18	v	 0	 1	 8	 0	 1	 2	 2	 1	 1	 0	 0	 2	 2	 1	343.41	  0.00
525	06	18	v	 0	 1	 8	 2	 2	 1	 1	 0	 1	 0	 0	 1	 1	 1	463.92	  0.00
526	06	18	v	 0	 1	 8	 0	 1	 1	 1	 0	 1	 0	 0	 2	 2	 1	527.05	  0.00
527	06	18	v	 0	 1	 8	 0	 1	 1	 1	 1	 1	 0	 0	 2	 2	 1	475.11	  0.00
528	06	18	v	 0	 1	 8	 2	 2	 1	 1	 1	 1	 0	 0	 1	 1	 1	456.64	  0.00
529	06	18	v	 0	 1	 8	 3	 2	 2	 2	 1	 1	 0	 0	 1	 2	 0	495.31	  0.00
530	06	18	v	 0	 1	 8	 3	 2	 2	 2	 1	 1	 0	 0	 1	 1	 1	492.14	  0.00
531	06	18	v	 0	 1	 8	 1	 1	 3	 2	 0	 1	 0	 0	 2	 2	 1	450.03	  0.00
532	06	18	v	 0	 1	 8	 0	 1	 0	 1	 0	 1	 0	 0	 2	 2	 1	815.12	  0.00
533	06	18	v	 0	 1	 8	 1	 1	 3	 2	 1	 1	 0	 0	 2	 2	 1	429.11	  0.00
534	06	18	v	 0	 1	 8	 1	 1	 0	 1	 0	 1	 0	 0	 2	 2	 1	435.26	  0.00
535	06	18	v	 0	 1	 8	 3	 2	 1	 1	 1	 1	 0	 0	 1	 1	 1	456.70	  0.00
536	06	18	v	 0	 1	 8	 1	 1	 2	 2	 1	 1	 0	 0	 2	 2	 1	454.47	  0.00
537	06	18	v	 0	 1	 8	 1	 1	 3	 2	 0	 1	 0	 0	 2	 2	 1	395.27	  0.00
538	06	18	v	 0	 1	 8	 2	 2	 2	 2	 0	 1	 0	 0	 1	 1	 1	694.92	  0.00
539	06	18	v	 0	 1	 8	 2	 2	 1	 1	 0	 1	 0	 0	 1	 1	 1	357.21	  0.00
540	06	18	v	 0	 1	 8	 1	 1	 2	 2	 0	 1	 0	 0	 2	 2	 1	535.67	  0.00
541	06	18	v	 0	 1	 8	 1	 1	 0	 1	 0	 1	 0	 0	 2	 2	 1	394.74	  0.00
542	06	18	v	 0	 1	 8	 3	 2	 1	 1	 0	 1	 0	 0	 1	 1	 1	465.17	  0.00
543	06	18	v	 0	 1	 8	 0	 1	 3	 2	 0	 1	 0	 0	 2	 1	 0	544.59	  0.00
544	06	18	v	 0	 1	 8	 0	 1	 1	 1	 0	 1	 0	 0	 2	 2	 1	272.86	  0.00
545	06	18	v	 0	 1	 8	 3	 2	 3	 2	 0	 1	 0	 0	 1	 1	 1	491.55	  0.00
546	06	18	v	 0	 1	 8	 1	 1	 1	 1	 1	 1	 0	 0	 2	 2	 1	374.94	  0.00
547	06	18	v	 0	 1	 8	 0	 1	 1	 1	 1	 1	 0	 0	 2	 2	 1	438.38	  0.00
548	06	18	v	 0	 1	 8	 3	 2	 1	 1	 1	 1	 0	 0	 1	 1	 1	485.23	  0.00
549	06	18	v	 0	 1	 8	 2	 2	 2	 2	 1	 1	 0	 0	 1	 1	 1	580.96	  0.00
550	06	18	v	 0	 1	 8	 1	 1	 1	 1	 1	 1	 0	 0	 2	 2	 1	488.02	  0.00
551	06	18	v	 0	 1	 8	 2	 2	 1	 1	 1	 1	 0	 0	 1	 2	 0	420.50	  0.00
552	06	18	v	 0	 1	 8	 0	 1	 3	 2	 0	 1	 0	 0	 2	 2	 1	557.19	  0.00
553	06	18	v	 0	 1	 8	 2	 2	 3	 2	 0	 1	 0	 0	 1	 1	 1	350.78	  0.00
554	06	18	v	 0	 1	 8	 2	 2	 0	 1	 0	 1	 0	 0	 1	 1	 1	528.26	  0.00
555	06	18	v	 0	 1	 8	 1	 1	 2	 2	 0	 1	 0	 0	 2	 2	 1	485.51	  0.00
556	06	18	v	 0	 1	 8	 0	 1	 3	 2	 1	 1	 0	 0	 2	 2	 1	425.25	  0.00
557	06	18	v	 0	 1	 8	 1	 1	 0	 1	 1	 1	 0	 0	 2	 2	 1	521.20	  0.00
558	06	18	v	 0	 1	 8	 0	 1	 0	 1	 1	 1	 0	 0	 2	 2	 1	575.91	  0.00
559	06	18	v	 0	 1	 8	 3	 2	 2	 2	 0	 1	 0	 0	 1	 1	 1	614.32	  0.00
560	06	18	v	 0	 1	 8	 2	 2	 3	 2	 1	 1	 0	 0	 1	 1	 1	628.53	  0.00
561	06	18	v	 0	 1	 8	 0	 1	 0	 1	 0	 1	 0	 0	 2	 2	 1	593.52	  0.00
562	06	18	v	 0	 1	 8	 3	 2	 1	 1	 0	 1	 0	 0	 1	 1	 1	705.47	  0.00
563	06	18	v	 0	 1	 8	 1	 1	 0	 1	 1	 1	 0	 0	 2	 2	 1	1558.95	  0.00
564	06	18	v	 0	 1	 8	 1	 1	 1	 1	 0	 1	 0	 0	 2	 2	 1	567.55	  0.00
565	06	18	v	 0	 1	 8	 3	 2	 0	 1	 0	 1	 0	 0	 1	 1	 1	524.63	  0.00
566	06	18	v	 0	 1	 8	 0	 1	 2	 2	 0	 1	 0	 0	 2	 2	 1	635.26	  0.00
567	06	18	v	 0	 1	 8	 1	 1	 1	 1	 0	 1	 0	 0	 2	 2	 1	601.51	  0.00
568	06	18	v	 0	 1	 8	 3	 2	 3	 2	 0	 1	 0	 0	 1	 1	 1	566.73	  0.00
569	06	18	v	 0	 1	 8	 0	 1	 0	 1	 1	 1	 0	 0	 2	 2	 1	466.55	  0.00
570	06	18	v	 0	 1	 8	 2	 2	 0	 1	 1	 1	 0	 0	 1	 2	 0	585.71	  0.00
571	06	18	v	 0	 1	 8	 0	 1	 2	 2	 1	 1	 0	 0	 2	 2	 1	501.76	  0.00
572	06	18	v	 0	 1	 8	 2	 2	 2	 2	 0	 1	 0	 0	 1	 1	 1	638.48	  0.00
573	06	18	v	 0	 1	 8	 0	 1	 2	 2	 0	 1	 0	 0	 2	 2	 1	636.16	  0.00
574	06	18	v	 0	 1	 8	 3	 2	 2	 2	 0	 1	 0	 0	 1	 1	 1	674.59	  0.00
575	06	18	v	 0	 1	 8	 1	 1	 3	 2	 1	 1	 0	 0	 2	 2	 1	443.69	  0.00
576	06	18	v	 0	 1	 9	 0	 1	 0	 1	 0	 1	 0	 0	 2	 2	 1	534.28	  0.00
577	06	18	v	 0	 1	 9	 2	 2	 3	 2	 0	 1	 0	 0	 1	 1	 1	793.63	  0.00
578	06	18	v	 0	 1	 9	 1	 1	 1	 1	 0	 1	 0	 0	 2	 2	 1	399.81	  0.00
579	06	18	v	 0	 1	 9	 1	 1	 2	 2	 1	 1	 0	 0	 2	 2	 1	357.44	  0.00
580	06	18	v	 0	 1	 9	 3	 2	 3	 2	 0	 1	 0	 0	 1	 1	 1	420.12	  0.00
581	06	18	v	 0	 1	 9	 1	 1	 2	 2	 0	 1	 0	 0	 2	 2	 1	384.80	  0.00
582	06	18	v	 0	 1	 9	 3	 2	 2	 2	 1	 1	 0	 0	 1	 1	 1	441.59	  0.00
583	06	18	v	 0	 1	 9	 2	 2	 0	 1	 1	 1	 0	 0	 1	 1	 1	962.15	  0.00
584	06	18	v	 0	 1	 9	 3	 2	 1	 1	 1	 1	 0	 0	 1	 1	 1	478.45	  0.00
585	06	18	v	 0	 1	 9	 3	 2	 3	 2	 1	 1	 0	 0	 1	 1	 1	378.77	  0.00
586	06	18	v	 0	 1	 9	 2	 2	 0	 1	 0	 1	 0	 0	 1	 1	 1	352.77	  0.00
587	06	18	v	 0	 1	 9	 3	 2	 3	 2	 1	 1	 0	 0	 1	 1	 1	326.84	  0.00
588	06	18	v	 0	 1	 9	 1	 1	 3	 2	 0	 1	 0	 0	 2	 2	 1	439.64	  0.00
589	06	18	v	 0	 1	 9	 0	 1	 3	 2	 0	 1	 0	 0	 2	 2	 1	304.60	  0.00
590	06	18	v	 0	 1	 9	 1	 1	 3	 2	 0	 1	 0	 0	 2	 2	 1	322.15	  0.00
591	06	18	v	 0	 1	 9	 2	 2	 0	 1	 1	 1	 0	 0	 1	 1	 1	434.12	  0.00
592	06	18	v	 0	 1	 9	 1	 1	 1	 1	 1	 1	 0	 0	 2	 2	 1	325.85	  0.00
593	06	18	v	 0	 1	 9	 2	 2	 2	 2	 0	 1	 0	 0	 1	 1	 1	390.27	  0.00
594	06	18	v	 0	 1	 9	 2	 2	 3	 2	 0	 1	 0	 0	 1	 1	 1	405.05	  0.00
595	06	18	v	 0	 1	 9	 0	 1	 0	 1	 1	 1	 0	 0	 2	 2	 1	419.76	  0.00
596	06	18	v	 0	 1	 9	 3	 2	 0	 1	 1	 1	 0	 0	 1	 1	 1	410.01	  0.00
597	06	18	v	 0	 1	 9	 1	 1	 3	 2	 1	 1	 0	 0	 2	 2	 1	359.31	  0.00
598	06	18	v	 0	 1	 9	 2	 2	 2	 2	 0	 1	 0	 0	 1	 1	 1	619.07	  0.00
599	06	18	v	 0	 1	 9	 2	 2	 1	 1	 1	 1	 0	 0	 1	 1	 1	534.68	  0.00
600	06	18	v	 0	 1	 9	 0	 1	 2	 2	 0	 1	 0	 0	 2	 2	 1	557.37	  0.00
601	06	18	v	 0	 1	 9	 2	 2	 3	 2	 1	 1	 0	 0	 1	 1	 1	547.42	  0.00
602	06	18	v	 0	 1	 9	 0	 1	 0	 1	 1	 1	 0	 0	 2	 2	 1	561.80	  0.00
603	06	18	v	 0	 1	 9	 3	 2	 1	 1	 0	 1	 0	 0	 1	 1	 1	470.39	  0.00
604	06	18	v	 0	 1	 9	 0	 1	 1	 1	 0	 1	 0	 0	 2	 2	 1	411.06	  0.00
605	06	18	v	 0	 1	 9	 3	 2	 0	 1	 0	 1	 0	 0	 1	 2	 0	491.49	  0.00
606	06	18	v	 0	 1	 9	 3	 2	 2	 2	 1	 1	 0	 0	 1	 1	 1	905.45	  0.00
607	06	18	v	 0	 1	 9	 3	 2	 0	 1	 1	 1	 0	 0	 1	 1	 1	405.23	  0.00
608	06	18	v	 0	 1	 9	 1	 1	 1	 1	 0	 1	 0	 0	 2	 2	 1	363.46	  0.00
609	06	18	v	 0	 1	 9	 0	 1	 3	 2	 0	 1	 0	 0	 2	 2	 1	385.63	  0.00
610	06	18	v	 0	 1	 9	 1	 1	 3	 2	 1	 1	 0	 0	 2	 2	 1	375.96	  0.00
611	06	18	v	 0	 1	 9	 1	 1	 0	 1	 1	 1	 0	 0	 2	 2	 1	382.59	  0.00
612	06	18	v	 0	 1	 9	 3	 2	 2	 2	 0	 1	 0	 0	 1	 1	 1	454.53	  0.00
613	06	18	v	 0	 1	 9	 3	 2	 1	 1	 0	 1	 0	 0	 1	 1	 1	428.25	  0.00
614	06	18	v	 0	 1	 9	 3	 2	 0	 1	 0	 1	 0	 0	 1	 1	 1	345.22	  0.00
615	06	18	v	 0	 1	 9	 1	 1	 2	 2	 1	 1	 0	 0	 2	 2	 1	417.23	  0.00
616	06	18	v	 0	 1	 9	 0	 1	 2	 2	 0	 1	 0	 0	 2	 2	 1	309.34	  0.00
617	06	18	v	 0	 1	 9	 0	 1	 1	 1	 1	 1	 0	 0	 2	 2	 1	365.27	  0.00
618	06	18	v	 0	 1	 9	 3	 2	 2	 2	 0	 1	 0	 0	 1	 2	 0	306.46	  0.00
619	06	18	v	 0	 1	 9	 3	 2	 1	 1	 1	 1	 0	 0	 1	 1	 1	663.24	  0.00
620	06	18	v	 0	 1	 9	 2	 2	 0	 1	 0	 1	 0	 0	 1	 1	 1	326.70	  0.00
621	06	18	v	 0	 1	 9	 0	 1	 2	 2	 1	 1	 0	 0	 2	 2	 1	463.79	  0.00
622	06	18	v	 0	 1	 9	 0	 1	 2	 2	 1	 1	 0	 0	 2	 2	 1	552.11	  0.00
623	06	18	v	 0	 1	 9	 1	 1	 0	 1	 1	 1	 0	 0	 2	 2	 1	354.54	  0.00
624	06	18	v	 0	 1	 9	 0	 1	 3	 2	 1	 1	 0	 0	 2	 2	 1	336.67	  0.00
625	06	18	v	 0	 1	 9	 1	 1	 0	 1	 0	 1	 0	 0	 2	 2	 1	326.94	  0.00
626	06	18	v	 0	 1	 9	 0	 1	 1	 1	 0	 1	 0	 0	 2	 2	 1	341.79	  0.00
627	06	18	v	 0	 1	 9	 2	 2	 2	 2	 1	 1	 0	 0	 1	 1	 1	429.39	  0.00
628	06	18	v	 0	 1	 9	 2	 2	 1	 1	 0	 1	 0	 0	 1	 1	 1	347.04	  0.00
629	06	18	v	 0	 1	 9	 2	 2	 1	 1	 1	 1	 0	 0	 1	 1	 1	319.89	  0.00
630	06	18	v	 0	 1	 9	 1	 1	 1	 1	 1	 1	 0	 0	 2	 2	 1	383.93	  0.00
631	06	18	v	 0	 1	 9	 2	 2	 2	 2	 1	 1	 0	 0	 1	 1	 1	317.09	  0.00
632	06	18	v	 0	 1	 9	 0	 1	 3	 2	 1	 1	 0	 0	 2	 2	 1	405.21	  0.00
633	06	18	v	 0	 1	 9	 1	 1	 2	 2	 0	 1	 0	 0	 2	 2	 1	362.99	  0.00
634	06	18	v	 0	 1	 9	 3	 2	 3	 2	 0	 1	 0	 0	 1	 1	 1	434.78	  0.00
635	06	18	v	 0	 1	 9	 0	 1	 0	 1	 0	 1	 0	 0	 2	 2	 1	408.91	  0.00
636	06	18	v	 0	 1	 9	 2	 2	 3	 2	 1	 1	 0	 0	 1	 1	 1	594.98	  0.00
637	06	18	v	 0	 1	 9	 0	 1	 1	 1	 1	 1	 0	 0	 2	 2	 1	495.03	  0.00
638	06	18	v	 0	 1	 9	 1	 1	 0	 1	 0	 1	 0	 0	 2	 2	 1	411.94	  0.00
639	06	18	v	 0	 1	 9	 2	 2	 1	 1	 0	 1	 0	 0	 1	 1	 1	400.95	  0.00
640	06	18	v	 0	 1	10	 2	 2	 0	 1	 0	 1	 0	 0	 1	 1	 1	1086.26	  0.00
641	06	18	v	 0	 1	10	 1	 1	 1	 1	 1	 1	 0	 0	 2	 2	 1	495.11	  0.00
642	06	18	v	 0	 1	10	 3	 2	 3	 2	 1	 1	 0	 0	 1	 1	 1	477.06	  0.00
643	06	18	v	 0	 1	10	 0	 1	 0	 1	 0	 1	 0	 0	 1	 1	 1	483.29	  0.00
644	06	18	v	 0	 1	10	 1	 1	 2	 2	 1	 1	 0	 0	 2	 2	 1	513.71	  0.00
645	06	18	v	 0	 1	10	 1	 1	 2	 2	 0	 1	 0	 0	 2	 2	 1	552.37	  0.00
646	06	18	v	 0	 1	10	 3	 2	 3	 2	 1	 1	 0	 0	 1	 1	 1	427.77	  0.00
647	06	18	v	 0	 1	10	 2	 2	 1	 1	 1	 1	 0	 0	 1	 1	 1	424.69	  0.00
648	06	18	v	 0	 1	10	 0	 1	 0	 1	 1	 1	 0	 0	 2	 2	 1	569.32	  0.00
649	06	18	v	 0	 1	10	 3	 2	 0	 1	 0	 1	 0	 0	 1	 1	 1	722.29	  0.00
650	06	18	v	 0	 1	10	 2	 2	 0	 1	 1	 1	 0	 0	 1	 2	 0	621.81	  0.00
651	06	18	v	 0	 1	10	 3	 2	 1	 1	 1	 1	 0	 0	 1	 1	 1	1508.91	  0.00
652	06	18	v	 0	 1	10	 2	 2	 2	 2	 1	 1	 0	 0	 1	 1	 1	582.41	  0.00
653	06	18	v	 0	 1	10	 1	 1	 0	 1	 0	 1	 0	 0	 1	 1	 1	702.36	  0.00
654	06	18	v	 0	 1	10	 1	 1	 1	 1	 0	 1	 0	 0	 1	 1	 1	561.08	  0.00
655	06	18	v	 0	 1	10	 0	 1	 3	 2	 1	 1	 0	 0	 2	 2	 1	656.75	  0.00
656	06	18	v	 0	 1	10	 2	 2	 1	 1	 0	 1	 0	 0	 1	 1	 1	621.75	  0.00
657	06	18	v	 0	 1	10	 1	 1	 1	 1	 0	 1	 0	 0	 1	 1	 1	521.46	  0.00
658	06	18	v	 0	 1	10	 3	 2	 2	 2	 0	 1	 0	 0	 2	 2	 1	511.09	  0.00
659	06	18	v	 0	 1	10	 2	 2	 2	 2	 0	 1	 0	 0	 2	 2	 1	419.14	  0.00
660	06	18	v	 0	 1	10	 2	 2	 1	 1	 0	 1	 0	 0	 1	 2	 0	465.08	  0.00
661	06	18	v	 0	 1	10	 1	 1	 1	 1	 1	 1	 0	 0	 2	 2	 1	625.98	  0.00
662	06	18	v	 0	 1	10	 3	 2	 2	 2	 1	 1	 0	 0	 1	 1	 1	1088.89	  0.00
663	06	18	v	 0	 1	10	 1	 1	 0	 1	 0	 1	 0	 0	 1	 1	 1	588.15	  0.00
664	06	18	v	 0	 1	10	 1	 1	 3	 2	 1	 1	 0	 0	 2	 2	 1	594.00	  0.00
665	06	18	v	 0	 1	10	 3	 2	 1	 1	 1	 1	 0	 0	 1	 1	 1	656.83	  0.00
666	06	18	v	 0	 1	10	 2	 2	 2	 2	 1	 1	 0	 0	 1	 1	 1	963.81	  0.00
667	06	18	v	 0	 1	10	 3	 2	 2	 2	 0	 1	 0	 0	 2	 2	 1	609.98	  0.00
668	06	18	v	 0	 1	10	 3	 2	 0	 1	 0	 1	 0	 0	 1	 1	 1	566.85	  0.00
669	06	18	v	 0	 1	10	 3	 2	 2	 2	 1	 1	 0	 0	 1	 1	 1	556.40	  0.00
670	06	18	v	 0	 1	10	 1	 1	 2	 2	 1	 1	 0	 0	 2	 2	 1	366.49	  0.00
671	06	18	v	 0	 1	10	 3	 2	 0	 1	 1	 1	 0	 0	 1	 1	 1	511.40	  0.00
672	06	18	v	 0	 1	10	 0	 1	 2	 2	 1	 1	 0	 0	 2	 2	 1	460.27	  0.00
673	06	18	v	 0	 1	10	 0	 1	 3	 2	 1	 1	 0	 0	 2	 2	 1	628.54	  0.00
674	06	18	v	 0	 1	10	 1	 1	 3	 2	 0	 1	 0	 0	 2	 2	 1	789.35	  0.00
675	06	18	v	 0	 1	10	 0	 1	 3	 2	 0	 1	 0	 0	 2	 2	 1	354.31	  0.00
676	06	18	v	 0	 1	10	 0	 1	 1	 1	 0	 1	 0	 0	 1	 1	 1	580.80	  0.00
677	06	18	v	 0	 1	10	 2	 2	 3	 2	 0	 1	 0	 0	 2	 2	 1	570.36	  0.00
678	06	18	v	 0	 1	10	 0	 1	 1	 1	 1	 1	 0	 0	 2	 2	 1	543.39	  0.00
679	06	18	v	 0	 1	10	 0	 1	 3	 2	 0	 1	 0	 0	 2	 2	 1	745.41	  0.00
680	06	18	v	 0	 1	10	 2	 2	 2	 2	 0	 1	 0	 0	 2	 2	 1	529.79	  0.00
681	06	18	v	 0	 1	10	 2	 2	 0	 1	 1	 1	 0	 0	 1	 1	 1	633.54	  0.00
682	06	18	v	 0	 1	10	 2	 2	 3	 2	 1	 1	 0	 0	 1	 1	 1	516.93	  0.00
683	06	18	v	 0	 1	10	 0	 1	 0	 1	 1	 1	 0	 0	 2	 2	 1	531.05	  0.00
684	06	18	v	 0	 1	10	 0	 1	 0	 1	 0	 1	 0	 0	 1	 1	 1	561.48	  0.00
685	06	18	v	 0	 1	10	 0	 1	 2	 2	 0	 1	 0	 0	 2	 2	 1	828.46	  0.00
686	06	18	v	 0	 1	10	 1	 1	 0	 1	 1	 1	 0	 0	 2	 2	 1	564.01	  0.00
687	06	18	v	 0	 1	10	 0	 1	 1	 1	 0	 1	 0	 0	 1	 1	 1	520.76	  0.00
688	06	18	v	 0	 1	10	 0	 1	 2	 2	 1	 1	 0	 0	 2	 2	 1	640.74	  0.00
689	06	18	v	 0	 1	10	 0	 1	 2	 2	 0	 1	 0	 0	 2	 2	 1	548.62	  0.00
690	06	18	v	 0	 1	10	 1	 1	 2	 2	 0	 1	 0	 0	 2	 2	 1	415.85	  0.00
691	06	18	v	 0	 1	10	 3	 2	 3	 2	 0	 1	 0	 0	 2	 2	 1	503.55	  0.00
692	06	18	v	 0	 1	10	 2	 2	 1	 1	 1	 1	 0	 0	 1	 2	 0	664.06	  0.00
693	06	18	v	 0	 1	10	 1	 1	 3	 2	 1	 1	 0	 0	 2	 2	 1	474.50	  0.00
694	06	18	v	 0	 1	10	 2	 2	 0	 1	 0	 1	 0	 0	 1	 1	 1	903.88	  0.00
695	06	18	v	 0	 1	10	 3	 2	 1	 1	 0	 1	 0	 0	 1	 1	 1	460.49	  0.00
696	06	18	v	 0	 1	10	 1	 1	 3	 2	 0	 1	 0	 0	 2	 2	 1	686.85	  0.00
697	06	18	v	 0	 1	10	 1	 1	 0	 1	 1	 1	 0	 0	 2	 2	 1	561.60	  0.00
698	06	18	v	 0	 1	10	 3	 2	 3	 2	 0	 1	 0	 0	 2	 2	 1	551.57	  0.00
699	06	18	v	 0	 1	10	 3	 2	 1	 1	 0	 1	 0	 0	 1	 2	 0	459.57	  0.00
700	06	18	v	 0	 1	10	 2	 2	 3	 2	 1	 1	 0	 0	 1	 2	 0	612.53	  0.00
701	06	18	v	 0	 1	10	 0	 1	 1	 1	 1	 1	 0	 0	 2	 2	 1	544.02	  0.00
702	06	18	v	 0	 1	10	 2	 2	 3	 2	 0	 1	 0	 0	 2	 2	 1	851.64	  0.00
703	06	18	v	 0	 1	10	 3	 2	 0	 1	 1	 1	 0	 0	 1	 2	 0	612.38	  0.00
704	06	18	v	 0	 1	11	 0	 1	 2	 2	 1	 1	 0	 0	 2	 0	 0	2000.20	  0.00
705	06	18	v	 0	 1	11	 3	 2	 1	 1	 1	 1	 0	 0	 1	 1	 1	514.48	  0.00
706	06	18	v	 0	 1	11	 1	 1	 1	 1	 1	 1	 0	 0	 2	 2	 1	488.32	  0.00
707	06	18	v	 0	 1	11	 3	 2	 0	 1	 0	 1	 0	 0	 1	 1	 1	486.63	  0.00
708	06	18	v	 0	 1	11	 1	 1	 0	 1	 1	 1	 0	 0	 2	 2	 1	542.04	  0.00
709	06	18	v	 0	 1	11	 0	 1	 3	 2	 1	 1	 0	 0	 2	 2	 1	409.72	  0.00
710	06	18	v	 0	 1	11	 1	 1	 1	 1	 1	 1	 0	 0	 2	 2	 1	326.56	  0.00
711	06	18	v	 0	 1	11	 2	 2	 1	 1	 0	 1	 0	 0	 1	 1	 1	601.61	  0.00
712	06	18	v	 0	 1	11	 0	 1	 0	 1	 0	 1	 0	 0	 1	 1	 1	477.20	  0.00
713	06	18	v	 0	 1	11	 2	 2	 2	 2	 1	 1	 0	 0	 1	 1	 1	1193.34	  0.00
714	06	18	v	 0	 1	11	 0	 1	 2	 2	 1	 1	 0	 0	 2	 2	 1	456.29	  0.00
715	06	18	v	 0	 1	11	 0	 1	 2	 2	 0	 1	 0	 0	 2	 2	 1	569.11	  0.00
716	06	18	v	 0	 1	11	 3	 2	 2	 2	 1	 1	 0	 0	 1	 1	 1	526.31	  0.00
717	06	18	v	 0	 1	11	 3	 2	 1	 1	 0	 1	 0	 0	 1	 1	 1	541.10	  0.00
718	06	18	v	 0	 1	11	 0	 1	 0	 1	 1	 1	 0	 0	 2	 2	 1	490.37	  0.00
719	06	18	v	 0	 1	11	 3	 2	 3	 2	 1	 1	 0	 0	 1	 1	 1	855.66	  0.00
720	06	18	v	 0	 1	11	 3	 2	 1	 1	 0	 1	 0	 0	 1	 1	 1	462.01	  0.00
721	06	18	v	 0	 1	11	 1	 1	 3	 2	 0	 1	 0	 0	 2	 2	 1	581.68	  0.00
722	06	18	v	 0	 1	11	 0	 1	 1	 1	 0	 1	 0	 0	 1	 2	 0	449.31	  0.00
723	06	18	v	 0	 1	11	 0	 1	 0	 1	 1	 1	 0	 0	 2	 2	 1	871.94	  0.00
724	06	18	v	 0	 1	11	 2	 2	 3	 2	 1	 1	 0	 0	 1	 1	 1	624.99	  0.00
725	06	18	v	 0	 1	11	 1	 1	 0	 1	 1	 1	 0	 0	 2	 2	 1	427.04	  0.00
726	06	18	v	 0	 1	11	 3	 2	 2	 2	 1	 1	 0	 0	 1	 1	 1	327.60	  0.00
727	06	18	v	 0	 1	11	 1	 1	 2	 2	 0	 1	 0	 0	 2	 2	 1	726.16	  0.00
728	06	18	v	 0	 1	11	 1	 1	 2	 2	 1	 1	 0	 0	 2	 1	 0	601.74	  0.00
729	06	18	v	 0	 1	11	 0	 1	 1	 1	 1	 1	 0	 0	 2	 2	 1	598.73	  0.00
730	06	18	v	 0	 1	11	 1	 1	 3	 2	 1	 1	 0	 0	 2	 2	 1	368.25	  0.00
731	06	18	v	 0	 1	11	 1	 1	 2	 2	 1	 1	 0	 0	 2	 2	 1	342.48	  0.00
732	06	18	v	 0	 1	11	 3	 2	 0	 1	 1	 1	 0	 0	 1	 1	 1	389.98	  0.00
733	06	18	v	 0	 1	11	 3	 2	 3	 2	 0	 1	 0	 0	 2	 2	 1	486.35	  0.00
734	06	18	v	 0	 1	11	 3	 2	 2	 2	 0	 1	 0	 0	 2	 2	 1	737.61	  0.00
735	06	18	v	 0	 1	11	 2	 2	 2	 2	 1	 1	 0	 0	 1	 1	 1	923.00	  0.00
736	06	18	v	 0	 1	11	 1	 1	 3	 2	 1	 1	 0	 0	 2	 2	 1	553.53	  0.00
737	06	18	v	 0	 1	11	 0	 1	 2	 2	 0	 1	 0	 0	 2	 2	 1	836.81	  0.00
738	06	18	v	 0	 1	11	 2	 2	 3	 2	 0	 1	 0	 0	 2	 2	 1	557.01	  0.00
739	06	18	v	 0	 1	11	 0	 1	 1	 1	 0	 1	 0	 0	 1	 1	 1	449.17	  0.00
740	06	18	v	 0	 1	11	 0	 1	 1	 1	 1	 1	 0	 0	 2	 1	 0	586.22	  0.00
741	06	18	v	 0	 1	11	 2	 2	 0	 1	 1	 1	 0	 0	 1	 1	 1	845.55	  0.00
742	06	18	v	 0	 1	11	 2	 2	 1	 1	 1	 1	 0	 0	 1	 1	 1	410.85	  0.00
743	06	18	v	 0	 1	11	 0	 1	 0	 1	 0	 1	 0	 0	 1	 1	 1	1306.87	  0.00
744	06	18	v	 0	 1	11	 3	 2	 2	 2	 0	 1	 0	 0	 2	 2	 1	520.62	  0.00
745	06	18	v	 0	 1	11	 0	 1	 3	 2	 1	 1	 0	 0	 2	 2	 1	1488.21	  0.00
746	06	18	v	 0	 1	11	 2	 2	 2	 2	 0	 1	 0	 0	 2	 2	 1	816.66	  0.00
747	06	18	v	 0	 1	11	 2	 2	 3	 2	 0	 1	 0	 0	 2	 2	 1	414.70	  0.00
748	06	18	v	 0	 1	11	 1	 1	 1	 1	 0	 1	 0	 0	 1	 1	 1	470.21	  0.00
749	06	18	v	 0	 1	11	 1	 1	 0	 1	 0	 1	 0	 0	 1	 1	 1	460.49	  0.00
750	06	18	v	 0	 1	11	 3	 2	 3	 2	 1	 1	 0	 0	 1	 1	 1	817.64	  0.00
751	06	18	v	 0	 1	11	 1	 1	 1	 1	 0	 1	 0	 0	 1	 1	 1	1125.70	  0.00
752	06	18	v	 0	 1	11	 3	 2	 0	 1	 1	 1	 0	 0	 1	 1	 1	543.09	  0.00
753	06	18	v	 0	 1	11	 2	 2	 0	 1	 0	 1	 0	 0	 1	 1	 1	656.31	  0.00
754	06	18	v	 0	 1	11	 2	 2	 0	 1	 1	 1	 0	 0	 1	 1	 1	408.55	  0.00
755	06	18	v	 0	 1	11	 3	 2	 3	 2	 0	 1	 0	 0	 2	 2	 1	488.59	  0.00
756	06	18	v	 0	 1	11	 2	 2	 3	 2	 1	 1	 0	 0	 1	 1	 1	527.64	  0.00
757	06	18	v	 0	 1	11	 2	 2	 2	 2	 0	 1	 0	 0	 2	 2	 1	509.58	  0.00
758	06	18	v	 0	 1	11	 3	 2	 1	 1	 1	 1	 0	 0	 1	 1	 1	507.84	  0.00
759	06	18	v	 0	 1	11	 1	 1	 0	 1	 0	 1	 0	 0	 1	 1	 1	563.29	  0.00
760	06	18	v	 0	 1	11	 0	 1	 3	 2	 0	 1	 0	 0	 2	 2	 1	683.86	  0.00
761	06	18	v	 0	 1	11	 0	 1	 3	 2	 0	 1	 0	 0	 2	 2	 1	388.17	  0.00
762	06	18	v	 0	 1	11	 2	 2	 0	 1	 0	 1	 0	 0	 1	 1	 1	721.16	  0.00
763	06	18	v	 0	 1	11	 1	 1	 2	 2	 0	 1	 0	 0	 2	 2	 1	873.14	  0.00
764	06	18	v	 0	 1	11	 1	 1	 3	 2	 0	 1	 0	 0	 2	 2	 1	642.47	  0.00
765	06	18	v	 0	 1	11	 2	 2	 1	 1	 0	 1	 0	 0	 1	 1	 1	811.85	  0.00
766	06	18	v	 0	 1	11	 2	 2	 1	 1	 1	 1	 0	 0	 1	 1	 1	687.29	  0.00
767	06	18	v	 0	 1	11	 3	 2	 0	 1	 0	 1	 0	 0	 1	 1	 1	603.71	  0.00
768	06	18	v	 0	 1	12	 1	 1	 3	 2	 0	 1	 0	 0	 2	 2	 1	585.49	  0.00
769	06	18	v	 0	 1	12	 1	 1	 1	 1	 1	 1	 0	 0	 2	 1	 0	820.17	  0.00
770	06	18	v	 0	 1	12	 1	 1	 2	 2	 1	 1	 0	 0	 2	 2	 1	743.70	  0.00
771	06	18	v	 0	 1	12	 1	 1	 0	 1	 1	 1	 0	 0	 2	 2	 1	390.59	  0.00
772	06	18	v	 0	 1	12	 2	 2	 1	 1	 1	 1	 0	 0	 1	 1	 1	698.23	  0.00
773	06	18	v	 0	 1	12	 3	 2	 1	 1	 0	 1	 0	 0	 1	 1	 1	1040.07	  0.00
774	06	18	v	 0	 1	12	 3	 2	 2	 2	 1	 1	 0	 0	 1	 1	 1	956.02	  0.00
775	06	18	v	 0	 1	12	 3	 2	 2	 2	 0	 1	 0	 0	 2	 2	 1	627.28	  0.00
776	06	18	v	 0	 1	12	 3	 2	 1	 1	 0	 1	 0	 0	 1	 1	 1	552.01	  0.00
777	06	18	v	 0	 1	12	 1	 1	 2	 2	 1	 1	 0	 0	 2	 1	 0	566.53	  0.00
778	06	18	v	 0	 1	12	 3	 2	 1	 1	 1	 1	 0	 0	 1	 1	 1	383.20	  0.00
779	06	18	v	 0	 1	12	 1	 1	 0	 1	 1	 1	 0	 0	 2	 2	 1	424.51	  0.00
780	06	18	v	 0	 1	12	 0	 1	 3	 2	 1	 1	 0	 0	 2	 2	 1	421.75	  0.00
781	06	18	v	 0	 1	12	 0	 1	 0	 1	 1	 1	 0	 0	 2	 2	 1	444.67	  0.00
782	06	18	v	 0	 1	12	 0	 1	 1	 1	 0	 1	 0	 0	 1	 1	 1	1169.43	  0.00
783	06	18	v	 0	 1	12	 2	 2	 0	 1	 0	 1	 0	 0	 1	 1	 1	318.10	  0.00
784	06	18	v	 0	 1	12	 3	 2	 3	 2	 0	 1	 0	 0	 2	 1	 0	414.60	  0.00
785	06	18	v	 0	 1	12	 2	 2	 3	 2	 1	 1	 0	 0	 1	 1	 1	568.05	  0.00
786	06	18	v	 0	 1	12	 2	 2	 1	 1	 0	 1	 0	 0	 1	 1	 1	574.38	  0.00
787	06	18	v	 0	 1	12	 2	 2	 0	 1	 1	 1	 0	 0	 1	 1	 1	645.99	  0.00
788	06	18	v	 0	 1	12	 1	 1	 3	 2	 0	 1	 0	 0	 2	 2	 1	512.51	  0.00
789	06	18	v	 0	 1	12	 1	 1	 1	 1	 0	 1	 0	 0	 1	 1	 1	608.73	  0.00
790	06	18	v	 0	 1	12	 2	 2	 3	 2	 1	 1	 0	 0	 1	 1	 1	1071.92	  0.00
791	06	18	v	 0	 1	12	 2	 2	 2	 2	 0	 1	 0	 0	 2	 2	 1	963.44	  0.00
792	06	18	v	 0	 1	12	 1	 1	 2	 2	 0	 1	 0	 0	 2	 2	 1	349.07	  0.00
793	06	18	v	 0	 1	12	 2	 2	 2	 2	 1	 1	 0	 0	 1	 1	 1	486.31	  0.00
794	06	18	v	 0	 1	12	 1	 1	 3	 2	 1	 1	 0	 0	 2	 2	 1	1031.29	  0.00
795	06	18	v	 0	 1	12	 2	 2	 1	 1	 0	 1	 0	 0	 1	 1	 1	831.96	  0.00
796	06	18	v	 0	 1	12	 3	 2	 0	 1	 1	 1	 0	 0	 1	 1	 1	756.29	  0.00
797	06	18	v	 0	 1	12	 0	 1	 0	 1	 1	 1	 0	 0	 2	 2	 1	770.68	  0.00
798	06	18	v	 0	 1	12	 0	 1	 3	 2	 0	 1	 0	 0	 2	 1	 0	401.38	  0.00
799	06	18	v	 0	 1	12	 3	 2	 2	 2	 0	 1	 0	 0	 2	 2	 1	603.77	  0.00
800	06	18	v	 0	 1	12	 0	 1	 1	 1	 1	 1	 0	 0	 2	 2	 1	732.48	  0.00
801	06	18	v	 0	 1	12	 3	 2	 0	 1	 0	 1	 0	 0	 1	 1	 1	705.95	  0.00
802	06	18	v	 0	 1	12	 0	 1	 2	 2	 0	 1	 0	 0	 2	 2	 1	728.44	  0.00
803	06	18	v	 0	 1	12	 1	 1	 2	 2	 0	 1	 0	 0	 2	 2	 1	480.68	  0.00
804	06	18	v	 0	 1	12	 0	 1	 2	 2	 1	 1	 0	 0	 2	 2	 1	519.64	  0.00
805	06	18	v	 0	 1	12	 0	 1	 1	 1	 0	 1	 0	 0	 1	 1	 1	624.03	  0.00
806	06	18	v	 0	 1	12	 3	 2	 0	 1	 1	 1	 0	 0	 1	 1	 1	1144.36	  0.00
807	06	18	v	 0	 1	12	 1	 1	 0	 1	 0	 1	 0	 0	 1	 1	 1	692.94	  0.00
808	06	18	v	 0	 1	12	 0	 1	 3	 2	 0	 1	 0	 0	 2	 2	 1	601.21	  0.00
809	06	18	v	 0	 1	12	 2	 2	 2	 2	 0	 1	 0	 0	 2	 2	 1	664.56	  0.00
810	06	18	v	 0	 1	12	 1	 1	 3	 2	 1	 1	 0	 0	 2	 2	 1	662.65	  0.00
811	06	18	v	 0	 1	12	 0	 1	 3	 2	 1	 1	 0	 0	 2	 2	 1	398.59	  0.00
812	06	18	v	 0	 1	12	 3	 2	 3	 2	 0	 1	 0	 0	 2	 1	 0	568.38	  0.00
813	06	18	v	 0	 1	12	 3	 2	 1	 1	 1	 1	 0	 0	 1	 1	 1	648.16	  0.00
814	06	18	v	 0	 1	12	 0	 1	 1	 1	 1	 1	 0	 0	 2	 2	 1	760.51	  0.00
815	06	18	v	 0	 1	12	 2	 2	 0	 1	 1	 1	 0	 0	 1	 1	 1	652.11	  0.00
816	06	18	v	 0	 1	12	 2	 2	 2	 2	 1	 1	 0	 0	 1	 1	 1	592.99	  0.00
817	06	18	v	 0	 1	12	 0	 1	 2	 2	 1	 1	 0	 0	 2	 2	 1	558.82	  0.00
818	06	18	v	 0	 1	12	 2	 2	 3	 2	 0	 1	 0	 0	 2	 2	 1	589.63	  0.00
819	06	18	v	 0	 1	12	 1	 1	 1	 1	 0	 1	 0	 0	 1	 2	 0	333.98	  0.00
820	06	18	v	 0	 1	12	 3	 2	 3	 2	 1	 1	 0	 0	 1	 1	 1	707.64	  0.00
821	06	18	v	 0	 1	12	 0	 1	 0	 1	 0	 1	 0	 0	 1	 1	 1	460.98	  0.00
822	06	18	v	 0	 1	12	 0	 1	 0	 1	 0	 1	 0	 0	 1	 1	 1	492.00	  0.00
823	06	18	v	 0	 1	12	 3	 2	 3	 2	 1	 1	 0	 0	 1	 1	 1	571.70	  0.00
824	06	18	v	 0	 1	12	 2	 2	 1	 1	 1	 1	 0	 0	 1	 1	 1	406.86	  0.00
825	06	18	v	 0	 1	12	 1	 1	 0	 1	 0	 1	 0	 0	 1	 1	 1	511.40	  0.00
826	06	18	v	 0	 1	12	 2	 2	 3	 2	 0	 1	 0	 0	 2	 2	 1	526.02	  0.00
827	06	18	v	 0	 1	12	 1	 1	 1	 1	 1	 1	 0	 0	 2	 2	 1	532.35	  0.00
828	06	18	v	 0	 1	12	 3	 2	 2	 2	 1	 1	 0	 0	 1	 2	 0	431.68	  0.00
829	06	18	v	 0	 1	12	 2	 2	 0	 1	 0	 1	 0	 0	 1	 1	 1	764.67	  0.00
830	06	18	v	 0	 1	12	 0	 1	 2	 2	 0	 1	 0	 0	 2	 2	 1	607.56	  0.00
831	06	18	v	 0	 1	12	 3	 2	 0	 1	 0	 1	 0	 0	 1	 1	 1	695.43	  0.00
832	06	18	v	 0	 1	13	 3	 2	 2	 2	 0	 1	 0	 0	 2	 2	 1	489.47	  0.00
833	06	18	v	 0	 1	13	 1	 1	 1	 1	 1	 1	 0	 0	 2	 2	 1	797.86	  0.00
834	06	18	v	 0	 1	13	 0	 1	 1	 1	 1	 1	 0	 0	 2	 2	 1	436.64	  0.00
835	06	18	v	 0	 1	13	 2	 2	 3	 2	 0	 1	 0	 0	 2	 2	 1	565.64	  0.00
836	06	18	v	 0	 1	13	 1	 1	 1	 1	 0	 1	 0	 0	 1	 1	 1	571.96	  0.00
837	06	18	v	 0	 1	13	 1	 1	 1	 1	 0	 1	 0	 0	 1	 1	 1	585.58	  0.00
838	06	18	v	 0	 1	13	 2	 2	 3	 2	 0	 1	 0	 0	 2	 2	 1	502.09	  0.00
839	06	18	v	 0	 1	13	 2	 2	 1	 1	 0	 1	 0	 0	 1	 1	 1	492.16	  0.00
840	06	18	v	 0	 1	13	 2	 2	 2	 2	 1	 1	 0	 0	 1	 2	 0	531.25	  0.00
841	06	18	v	 0	 1	13	 0	 1	 3	 2	 0	 1	 0	 0	 2	 2	 1	994.65	  0.00
842	06	18	v	 0	 1	13	 0	 1	 1	 1	 0	 1	 0	 0	 1	 2	 0	657.68	  0.00
843	06	18	v	 0	 1	13	 3	 2	 1	 1	 0	 1	 0	 0	 1	 2	 0	467.93	  0.00
844	06	18	v	 0	 1	13	 2	 2	 2	 2	 0	 1	 0	 0	 2	 2	 1	1690.41	  0.00
845	06	18	v	 0	 1	13	 3	 2	 0	 1	 0	 1	 0	 0	 1	 1	 1	837.36	  0.00
846	06	18	v	 0	 1	13	 0	 1	 2	 2	 1	 1	 0	 0	 2	 2	 1	827.03	  0.00
847	06	18	v	 0	 1	13	 1	 1	 2	 2	 0	 1	 0	 0	 2	 2	 1	816.76	  0.00
848	06	18	v	 0	 1	13	 3	 2	 1	 1	 1	 1	 0	 0	 1	 1	 1	1018.35	  0.00
849	06	18	v	 0	 1	13	 3	 2	 1	 1	 0	 1	 0	 0	 1	 1	 1	1220.10	  0.00
850	06	18	v	 0	 1	13	 3	 2	 3	 2	 0	 1	 0	 0	 2	 2	 1	466.65	  0.00
851	06	18	v	 0	 1	13	 1	 1	 3	 2	 0	 1	 0	 0	 2	 2	 1	464.98	  0.00
852	06	18	v	 0	 1	13	 2	 2	 0	 1	 0	 1	 0	 0	 1	 2	 0	429.81	  0.00
853	06	18	v	 0	 1	13	 1	 1	 3	 2	 1	 1	 0	 0	 2	 2	 1	565.86	  0.00
854	06	18	v	 0	 1	13	 2	 2	 2	 2	 0	 1	 0	 0	 2	 2	 1	516.08	  0.00
855	06	18	v	 0	 1	13	 1	 1	 0	 1	 0	 1	 0	 0	 1	 2	 0	473.56	  0.00
856	06	18	v	 0	 1	13	 3	 2	 2	 2	 1	 1	 0	 0	 1	 1	 1	592.98	  0.00
857	06	18	v	 0	 1	13	 1	 1	 2	 2	 1	 1	 0	 0	 2	 2	 1	576.18	  0.00
858	06	18	v	 0	 1	13	 2	 2	 0	 1	 0	 1	 0	 0	 1	 1	 1	476.47	  0.00
859	06	18	v	 0	 1	13	 2	 2	 0	 1	 1	 1	 0	 0	 1	 1	 1	531.80	  0.00
860	06	18	v	 0	 1	13	 1	 1	 0	 1	 1	 1	 0	 0	 2	 2	 1	765.90	  0.00
861	06	18	v	 0	 1	13	 0	 1	 0	 1	 0	 1	 0	 0	 1	 1	 1	486.28	  0.00
862	06	18	v	 0	 1	13	 0	 1	 2	 2	 0	 1	 0	 0	 2	 2	 1	468.18	  0.00
863	06	18	v	 0	 1	13	 0	 1	 1	 1	 0	 1	 0	 0	 1	 1	 1	531.81	  0.00
864	06	18	v	 0	 1	13	 1	 1	 3	 2	 1	 1	 0	 0	 2	 2	 1	734.10	  0.00
865	06	18	v	 0	 1	13	 1	 1	 0	 1	 0	 1	 0	 0	 1	 1	 1	593.30	  0.00
866	06	18	v	 0	 1	13	 3	 2	 1	 1	 1	 1	 0	 0	 1	 1	 1	526.21	  0.00
867	06	18	v	 0	 1	13	 1	 1	 2	 2	 0	 1	 0	 0	 2	 1	 0	516.27	  0.00
868	06	18	v	 0	 1	13	 0	 1	 0	 1	 1	 1	 0	 0	 2	 2	 1	481.98	  0.00
869	06	18	v	 0	 1	13	 0	 1	 3	 2	 1	 1	 0	 0	 2	 2	 1	463.94	  0.00
870	06	18	v	 0	 1	13	 1	 1	 1	 1	 1	 1	 0	 0	 2	 2	 1	469.31	  0.00
871	06	18	v	 0	 1	13	 2	 2	 3	 2	 1	 1	 0	 0	 1	 1	 1	476.03	  0.00
872	06	18	v	 0	 1	13	 0	 1	 3	 2	 0	 1	 0	 0	 2	 2	 1	653.74	  0.00
873	06	18	v	 0	 1	13	 2	 2	 0	 1	 1	 1	 0	 0	 1	 2	 0	872.15	  0.00
874	06	18	v	 0	 1	13	 2	 2	 1	 1	 0	 1	 0	 0	 1	 1	 1	478.28	  0.00
875	06	18	v	 0	 1	13	 1	 1	 0	 1	 1	 1	 0	 0	 2	 2	 1	484.56	  0.00
876	06	18	v	 0	 1	13	 0	 1	 3	 2	 1	 1	 0	 0	 2	 2	 1	450.17	  0.00
877	06	18	v	 0	 1	13	 3	 2	 2	 2	 1	 1	 0	 0	 1	 1	 1	522.18	  0.00
878	06	18	v	 0	 1	13	 2	 2	 2	 2	 1	 1	 0	 0	 1	 1	 1	447.00	  0.00
879	06	18	v	 0	 1	13	 0	 1	 2	 2	 1	 1	 0	 0	 2	 2	 1	444.34	  0.00
880	06	18	v	 0	 1	13	 1	 1	 2	 2	 1	 1	 0	 0	 2	 2	 1	442.70	  0.00
881	06	18	v	 0	 1	13	 2	 2	 1	 1	 1	 1	 0	 0	 1	 1	 1	506.16	  0.00
882	06	18	v	 0	 1	13	 0	 1	 1	 1	 1	 1	 0	 0	 2	 1	 0	503.95	  0.00
883	06	18	v	 0	 1	13	 0	 1	 0	 1	 0	 1	 0	 0	 1	 1	 1	454.05	  0.00
884	06	18	v	 0	 1	13	 3	 2	 0	 1	 0	 1	 0	 0	 1	 1	 1	460.49	  0.00
885	06	18	v	 0	 1	13	 3	 2	 2	 2	 0	 1	 0	 0	 2	 2	 1	915.47	  0.00
886	06	18	v	 0	 1	13	 0	 1	 2	 2	 0	 1	 0	 0	 2	 2	 1	472.81	  0.00
887	06	18	v	 0	 1	13	 3	 2	 3	 2	 1	 1	 0	 0	 1	 1	 1	748.69	  0.00
888	06	18	v	 0	 1	13	 2	 2	 1	 1	 1	 1	 0	 0	 1	 1	 1	460.20	  0.00
889	06	18	v	 0	 1	13	 1	 1	 3	 2	 0	 1	 0	 0	 2	 2	 1	597.17	  0.00
890	06	18	v	 0	 1	13	 3	 2	 3	 2	 0	 1	 0	 0	 2	 2	 1	481.13	  0.00
891	06	18	v	 0	 1	13	 3	 2	 3	 2	 1	 1	 0	 0	 1	 1	 1	503.85	  0.00
892	06	18	v	 0	 1	13	 0	 1	 0	 1	 1	 1	 0	 0	 2	 2	 1	1154.78	  0.00
893	06	18	v	 0	 1	13	 2	 2	 3	 2	 1	 1	 0	 0	 1	 1	 1	426.07	  0.00
894	06	18	v	 0	 1	13	 3	 2	 0	 1	 1	 1	 0	 0	 1	 1	 1	611.98	  0.00
895	06	18	v	 0	 1	13	 3	 2	 0	 1	 1	 1	 0	 0	 1	 1	 1	789.86	  0.00
