00	04	19	m	 0	 1	 0	 3	 2	 0	 1	 1	 0	 0	 1	 2	 0	 0	2000.22	  0.00
01	04	19	m	 0	 1	 0	 2	 2	 2	 2	 1	 0	 0	 1	 2	 2	 1	981.25	  0.00
02	04	19	m	 0	 1	 0	 2	 2	 2	 2	 0	 0	 0	 1	 2	 2	 1	725.57	  0.00
03	04	19	m	 0	 1	 0	 3	 2	 1	 1	 0	 0	 0	 1	 2	 2	 1	712.20	  0.00
04	04	19	m	 0	 1	 0	 2	 2	 1	 1	 1	 0	 0	 1	 2	 2	 1	483.45	  0.00
05	04	19	m	 0	 1	 0	 1	 1	 3	 2	 0	 0	 0	 1	 1	 1	 1	682.81	  0.00
06	04	19	m	 0	 1	 0	 1	 1	 2	 2	 1	 0	 0	 1	 1	 1	 1	441.05	  0.00
07	04	19	m	 0	 1	 0	 1	 1	 0	 1	 1	 0	 0	 1	 1	 1	 1	439.01	  0.00
08	04	19	m	 0	 1	 0	 3	 2	 2	 2	 0	 0	 0	 1	 2	 2	 1	526.71	  0.00
09	04	19	m	 0	 1	 0	 3	 2	 1	 1	 1	 0	 0	 1	 2	 2	 1	459.28	  0.00
10	04	19	m	 0	 1	 0	 2	 2	 1	 1	 0	 0	 0	 1	 2	 2	 1	546.92	  0.00
11	04	19	m	 0	 1	 0	 0	 1	 3	 2	 0	 0	 0	 1	 1	 1	 1	631.63	  0.00
12	04	19	m	 0	 1	 0	 1	 1	 0	 1	 0	 0	 0	 1	 1	 1	 1	413.53	  0.00
13	04	19	m	 0	 1	 0	 3	 2	 3	 2	 0	 0	 0	 1	 2	 2	 1	612.75	  0.00
14	04	19	m	 0	 1	 0	 0	 1	 0	 1	 1	 0	 0	 1	 1	 1	 1	653.94	  0.00
15	04	19	m	 0	 1	 0	 0	 1	 0	 1	 0	 0	 0	 1	 1	 1	 1	376.59	  0.00
16	04	19	m	 0	 1	 0	 0	 1	 0	 1	 0	 0	 0	 1	 1	 1	 1	448.18	  0.00
17	04	19	m	 0	 1	 0	 1	 1	 3	 2	 1	 0	 0	 1	 1	 1	 1	315.52	  0.00
18	04	19	m	 0	 1	 0	 1	 1	 1	 1	 1	 0	 0	 1	 1	 1	 1	432.27	  0.00
19	04	19	m	 0	 1	 0	 3	 2	 0	 1	 0	 0	 0	 1	 2	 1	 0	307.81	  0.00
20	04	19	m	 0	 1	 0	 2	 2	 2	 2	 0	 0	 0	 1	 2	 2	 1	1021.09	  0.00
21	04	19	m	 0	 1	 0	 1	 1	 2	 2	 0	 0	 0	 1	 1	 2	 0	648.40	  0.00
22	04	19	m	 0	 1	 0	 3	 2	 3	 2	 1	 0	 0	 1	 2	 2	 1	1393.89	  0.00
23	04	19	m	 0	 1	 0	 3	 2	 1	 1	 1	 0	 0	 1	 2	 2	 1	1077.66	  0.00
24	04	19	m	 0	 1	 0	 2	 2	 3	 2	 1	 0	 0	 1	 2	 2	 1	585.05	  0.00
25	04	19	m	 0	 1	 0	 2	 2	 2	 2	 1	 0	 0	 1	 2	 2	 1	910.75	  0.00
26	04	19	m	 0	 1	 0	 2	 2	 0	 1	 1	 0	 0	 1	 2	 2	 1	357.01	  0.00
27	04	19	m	 0	 1	 0	 0	 1	 2	 2	 0	 0	 0	 1	 1	 1	 1	476.15	  0.00
28	04	19	m	 0	 1	 0	 2	 2	 1	 1	 0	 0	 0	 1	 2	 1	 0	468.69	  0.00
29	04	19	m	 0	 1	 0	 1	 1	 3	 2	 0	 0	 0	 1	 1	 2	 0	708.58	  0.00
30	04	19	m	 0	 1	 0	 2	 2	 1	 1	 1	 0	 0	 1	 2	 2	 1	1260.09	  0.00
31	04	19	m	 0	 1	 0	 1	 1	 1	 1	 0	 0	 0	 1	 1	 0	 0	2000.16	  0.00
32	04	19	m	 0	 1	 0	 3	 2	 2	 2	 1	 0	 0	 1	 2	 2	 1	974.63	  0.00
33	04	19	m	 0	 1	 0	 0	 1	 2	 2	 0	 0	 0	 1	 1	 1	 1	860.51	  0.00
34	04	19	m	 0	 1	 0	 1	 1	 1	 1	 1	 0	 0	 1	 1	 1	 1	463.43	  0.00
35	04	19	m	 0	 1	 0	 2	 2	 0	 1	 0	 0	 0	 1	 2	 2	 1	494.01	  0.00
36	04	19	m	 0	 1	 0	 1	 1	 0	 1	 1	 0	 0	 1	 1	 1	 1	569.51	  0.00
37	04	19	m	 0	 1	 0	 1	 1	 2	 2	 0	 0	 0	 1	 1	 1	 1	343.72	  0.00
38	04	19	m	 0	 1	 0	 3	 2	 0	 1	 1	 0	 0	 1	 2	 2	 1	350.58	  0.00
39	04	19	m	 0	 1	 0	 1	 1	 2	 2	 1	 0	 0	 1	 1	 1	 1	370.31	  0.00
40	04	19	m	 0	 1	 0	 0	 1	 3	 2	 0	 0	 0	 1	 1	 1	 1	520.42	  0.00
41	04	19	m	 0	 1	 0	 3	 2	 3	 2	 1	 0	 0	 1	 2	 2	 1	1282.70	  0.00
42	04	19	m	 0	 1	 0	 0	 1	 3	 2	 1	 0	 0	 1	 1	 1	 1	563.31	  0.00
43	04	19	m	 0	 1	 0	 0	 1	 3	 2	 1	 0	 0	 1	 1	 1	 1	272.50	  0.00
44	04	19	m	 0	 1	 0	 2	 2	 3	 2	 0	 0	 0	 1	 2	 2	 1	548.02	  0.00
45	04	19	m	 0	 1	 0	 1	 1	 3	 2	 1	 0	 0	 1	 1	 1	 1	425.89	  0.00
46	04	19	m	 0	 1	 0	 0	 1	 0	 1	 1	 0	 0	 1	 1	 1	 1	307.05	  0.00
47	04	19	m	 0	 1	 0	 2	 2	 0	 1	 0	 0	 0	 1	 2	 2	 1	639.15	  0.00
48	04	19	m	 0	 1	 0	 0	 1	 2	 2	 1	 0	 0	 1	 1	 1	 1	533.90	  0.00
49	04	19	m	 0	 1	 0	 3	 2	 0	 1	 0	 0	 0	 1	 2	 1	 0	618.66	  0.00
50	04	19	m	 0	 1	 0	 0	 1	 2	 2	 1	 0	 0	 1	 1	 1	 1	454.90	  0.00
51	04	19	m	 0	 1	 0	 2	 2	 3	 2	 1	 0	 0	 1	 2	 2	 1	702.82	  0.00
52	04	19	m	 0	 1	 0	 2	 2	 0	 1	 1	 0	 0	 1	 2	 2	 1	368.65	  0.00
53	04	19	m	 0	 1	 0	 0	 1	 1	 1	 1	 0	 0	 1	 1	 1	 1	429.18	  0.00
54	04	19	m	 0	 1	 0	 0	 1	 1	 1	 0	 0	 0	 1	 1	 1	 1	513.86	  0.00
55	04	19	m	 0	 1	 0	 3	 2	 2	 2	 1	 0	 0	 1	 2	 2	 1	574.43	  0.00
56	04	19	m	 0	 1	 0	 3	 2	 2	 2	 0	 0	 0	 1	 2	 2	 1	457.84	  0.00
57	04	19	m	 0	 1	 0	 3	 2	 3	 2	 0	 0	 0	 1	 2	 2	 1	439.48	  0.00
58	04	19	m	 0	 1	 0	 3	 2	 1	 1	 0	 0	 0	 1	 2	 1	 0	335.47	  0.00
59	04	19	m	 0	 1	 0	 2	 2	 3	 2	 0	 0	 0	 1	 2	 2	 1	717.30	  0.00
60	04	19	m	 0	 1	 0	 0	 1	 1	 1	 0	 0	 0	 1	 1	 1	 1	521.64	  0.00
61	04	19	m	 0	 1	 0	 1	 1	 1	 1	 0	 0	 0	 1	 1	 1	 1	453.99	  0.00
62	04	19	m	 0	 1	 0	 1	 1	 0	 1	 0	 0	 0	 1	 1	 1	 1	593.34	  0.00
63	04	19	m	 0	 1	 0	 0	 1	 1	 1	 1	 0	 0	 1	 1	 1	 1	705.35	  0.00
64	04	19	m	 0	 1	 1	 3	 2	 3	 2	 1	 0	 0	 1	 2	 2	 1	1567.24	  0.00
65	04	19	m	 0	 1	 1	 2	 2	 3	 2	 1	 0	 0	 1	 2	 2	 1	571.10	  0.00
66	04	19	m	 0	 1	 1	 0	 1	 1	 1	 1	 0	 0	 1	 1	 2	 0	637.30	  0.00
67	04	19	m	 0	 1	 1	 0	 1	 0	 1	 0	 0	 0	 1	 1	 1	 1	455.90	  0.00
68	04	19	m	 0	 1	 1	 3	 2	 3	 2	 0	 0	 0	 1	 2	 2	 1	527.73	  0.00
69	04	19	m	 0	 1	 1	 1	 1	 1	 1	 0	 0	 0	 1	 1	 0	 0	2000.18	  0.00
70	04	19	m	 0	 1	 1	 3	 2	 2	 2	 1	 0	 0	 1	 2	 2	 1	1248.43	  0.00
71	04	19	m	 0	 1	 1	 1	 1	 0	 1	 0	 0	 0	 1	 1	 1	 1	918.33	  0.00
72	04	19	m	 0	 1	 1	 1	 1	 3	 2	 0	 0	 0	 1	 1	 1	 1	464.23	  0.00
73	04	19	m	 0	 1	 1	 1	 1	 1	 1	 0	 0	 0	 1	 1	 1	 1	470.99	  0.00
74	04	19	m	 0	 1	 1	 0	 1	 3	 2	 0	 0	 0	 1	 1	 1	 1	401.38	  0.00
75	04	19	m	 0	 1	 1	 0	 1	 3	 2	 1	 0	 0	 1	 1	 1	 1	481.18	  0.00
76	04	19	m	 0	 1	 1	 3	 2	 0	 1	 1	 0	 0	 1	 2	 2	 1	313.81	  0.00
77	04	19	m	 0	 1	 1	 3	 2	 1	 1	 1	 0	 0	 1	 2	 1	 0	418.41	  0.00
78	04	19	m	 0	 1	 1	 1	 1	 0	 1	 0	 0	 0	 1	 1	 1	 1	531.12	  0.00
79	04	19	m	 0	 1	 1	 3	 2	 3	 2	 1	 0	 0	 1	 2	 2	 1	425.94	  0.00
80	04	19	m	 0	 1	 1	 3	 2	 2	 2	 0	 0	 0	 1	 2	 2	 1	334.25	  0.00
81	04	19	m	 0	 1	 1	 1	 1	 1	 1	 1	 0	 0	 1	 1	 1	 1	487.21	  0.00
82	04	19	m	 0	 1	 1	 2	 2	 3	 2	 1	 0	 0	 1	 2	 2	 1	531.67	  0.00
83	04	19	m	 0	 1	 1	 1	 1	 3	 2	 1	 0	 0	 1	 1	 1	 1	459.30	  0.00
84	04	19	m	 0	 1	 1	 2	 2	 1	 1	 0	 0	 0	 1	 2	 2	 1	542.06	  0.00
85	04	19	m	 0	 1	 1	 2	 2	 1	 1	 1	 0	 0	 1	 2	 2	 1	368.92	  0.00
86	04	19	m	 0	 1	 1	 0	 1	 1	 1	 1	 0	 0	 1	 1	 1	 1	432.70	  0.00
87	04	19	m	 0	 1	 1	 2	 2	 0	 1	 1	 0	 0	 1	 2	 2	 1	539.98	  0.00
88	04	19	m	 0	 1	 1	 3	 2	 2	 2	 1	 0	 0	 1	 2	 2	 1	361.41	  0.00
89	04	19	m	 0	 1	 1	 0	 1	 2	 2	 0	 0	 0	 1	 1	 1	 1	504.10	  0.00
90	04	19	m	 0	 1	 1	 2	 2	 2	 2	 1	 0	 0	 1	 2	 2	 1	471.74	  0.00
91	04	19	m	 0	 1	 1	 2	 2	 3	 2	 0	 0	 0	 1	 2	 2	 1	431.77	  0.00
92	04	19	m	 0	 1	 1	 1	 1	 1	 1	 1	 0	 0	 1	 1	 1	 1	530.83	  0.00
93	04	19	m	 0	 1	 1	 1	 1	 0	 1	 1	 0	 0	 1	 1	 1	 1	458.32	  0.00
94	04	19	m	 0	 1	 1	 1	 1	 2	 2	 0	 0	 0	 1	 1	 1	 1	399.60	  0.00
95	04	19	m	 0	 1	 1	 3	 2	 1	 1	 0	 0	 0	 1	 2	 2	 1	493.18	  0.00
96	04	19	m	 0	 1	 1	 1	 1	 3	 2	 0	 0	 0	 1	 1	 2	 0	437.17	  0.00
97	04	19	m	 0	 1	 1	 2	 2	 2	 2	 0	 0	 0	 1	 2	 2	 1	707.55	  0.00
98	04	19	m	 0	 1	 1	 3	 2	 1	 1	 0	 0	 0	 1	 2	 2	 1	746.41	  0.00
99	04	19	m	 0	 1	 1	 2	 2	 0	 1	 1	 0	 0	 1	 2	 2	 1	539.48	  0.00
100	04	19	m	 0	 1	 1	 0	 1	 1	 1	 0	 0	 0	 1	 1	 1	 1	483.23	  0.00
101	04	19	m	 0	 1	 1	 0	 1	 0	 1	 0	 0	 0	 1	 1	 1	 1	429.87	  0.00
102	04	19	m	 0	 1	 1	 1	 1	 0	 1	 1	 0	 0	 1	 1	 1	 1	488.12	  0.00
103	04	19	m	 0	 1	 1	 3	 2	 3	 2	 0	 0	 0	 1	 2	 2	 1	423.64	  0.00
104	04	19	m	 0	 1	 1	 3	 2	 0	 1	 0	 0	 0	 1	 2	 2	 1	405.98	  0.00
105	04	19	m	 0	 1	 1	 2	 2	 1	 1	 0	 0	 0	 1	 2	 2	 1	461.52	  0.00
106	04	19	m	 0	 1	 1	 2	 2	 2	 2	 1	 0	 0	 1	 2	 2	 1	419.06	  0.00
107	04	19	m	 0	 1	 1	 1	 1	 2	 2	 0	 0	 0	 1	 1	 1	 1	498.88	  0.00
108	04	19	m	 0	 1	 1	 0	 1	 3	 2	 1	 0	 0	 1	 1	 1	 1	336.94	  0.00
109	04	19	m	 0	 1	 1	 0	 1	 2	 2	 0	 0	 0	 1	 1	 1	 1	386.21	  0.00
110	04	19	m	 0	 1	 1	 2	 2	 0	 1	 0	 0	 0	 1	 2	 2	 1	471.58	  0.00
111	04	19	m	 0	 1	 1	 1	 1	 2	 2	 1	 0	 0	 1	 1	 1	 1	483.44	  0.00
112	04	19	m	 0	 1	 1	 0	 1	 1	 1	 0	 0	 0	 1	 1	 1	 1	476.34	  0.00
113	04	19	m	 0	 1	 1	 0	 1	 0	 1	 1	 0	 0	 1	 1	 1	 1	498.66	  0.00
114	04	19	m	 0	 1	 1	 0	 1	 2	 2	 1	 0	 0	 1	 1	 1	 1	521.74	  0.00
115	04	19	m	 0	 1	 1	 3	 2	 0	 1	 1	 0	 0	 1	 2	 2	 1	370.59	  0.00
116	04	19	m	 0	 1	 1	 0	 1	 0	 1	 1	 0	 0	 1	 1	 1	 1	448.01	  0.00
117	04	19	m	 0	 1	 1	 3	 2	 2	 2	 0	 0	 0	 1	 2	 2	 1	473.18	  0.00
118	04	19	m	 0	 1	 1	 3	 2	 1	 1	 1	 0	 0	 1	 2	 2	 1	501.88	  0.00
119	04	19	m	 0	 1	 1	 0	 1	 2	 2	 1	 0	 0	 1	 1	 1	 1	436.59	  0.00
120	04	19	m	 0	 1	 1	 1	 1	 2	 2	 1	 0	 0	 1	 1	 1	 1	293.53	  0.00
121	04	19	m	 0	 1	 1	 2	 2	 0	 1	 0	 0	 0	 1	 2	 2	 1	474.40	  0.00
122	04	19	m	 0	 1	 1	 1	 1	 3	 2	 1	 0	 0	 1	 1	 1	 1	1035.75	  0.00
123	04	19	m	 0	 1	 1	 2	 2	 1	 1	 1	 0	 0	 1	 2	 2	 1	1460.35	  0.00
124	04	19	m	 0	 1	 1	 2	 2	 3	 2	 0	 0	 0	 1	 2	 2	 1	564.96	  0.00
125	04	19	m	 0	 1	 1	 2	 2	 2	 2	 0	 0	 0	 1	 2	 2	 1	378.44	  0.00
126	04	19	m	 0	 1	 1	 3	 2	 0	 1	 0	 0	 0	 1	 2	 2	 1	347.00	  0.00
127	04	19	m	 0	 1	 1	 0	 1	 3	 2	 0	 0	 0	 1	 1	 1	 1	475.17	  0.00
128	04	19	m	 0	 1	 2	 3	 2	 0	 1	 1	 0	 0	 1	 1	 1	 1	982.63	  0.00
129	04	19	m	 0	 1	 2	 2	 2	 0	 1	 0	 0	 0	 1	 1	 1	 1	696.96	  0.00
130	04	19	m	 0	 1	 2	 0	 1	 1	 1	 1	 0	 0	 1	 1	 1	 1	689.05	  0.00
131	04	19	m	 0	 1	 2	 3	 2	 0	 1	 0	 0	 0	 1	 1	 1	 1	574.10	  0.00
132	04	19	m	 0	 1	 2	 0	 1	 3	 2	 0	 0	 0	 1	 2	 2	 1	552.70	  0.00
133	04	19	m	 0	 1	 2	 2	 2	 3	 2	 1	 0	 0	 1	 2	 2	 1	643.04	  0.00
134	04	19	m	 0	 1	 2	 0	 1	 0	 1	 1	 0	 0	 1	 1	 1	 1	515.57	  0.00
135	04	19	m	 0	 1	 2	 0	 1	 3	 2	 1	 0	 0	 1	 2	 2	 1	510.75	  0.00
136	04	19	m	 0	 1	 2	 3	 2	 0	 1	 0	 0	 0	 1	 1	 1	 1	709.77	  0.00
137	04	19	m	 0	 1	 2	 2	 2	 1	 1	 1	 0	 0	 1	 1	 2	 0	597.43	  0.00
138	04	19	m	 0	 1	 2	 0	 1	 0	 1	 0	 0	 0	 1	 1	 1	 1	518.96	  0.00
139	04	19	m	 0	 1	 2	 1	 1	 0	 1	 1	 0	 0	 1	 1	 1	 1	546.69	  0.00
140	04	19	m	 0	 1	 2	 1	 1	 2	 2	 0	 0	 0	 1	 2	 2	 1	620.62	  0.00
141	04	19	m	 0	 1	 2	 2	 2	 0	 1	 1	 0	 0	 1	 1	 1	 1	574.80	  0.00
142	04	19	m	 0	 1	 2	 2	 2	 3	 2	 1	 0	 0	 1	 2	 2	 1	830.83	  0.00
143	04	19	m	 0	 1	 2	 3	 2	 1	 1	 0	 0	 0	 1	 1	 1	 1	626.09	  0.00
144	04	19	m	 0	 1	 2	 0	 1	 1	 1	 0	 0	 0	 1	 1	 1	 1	454.86	  0.00
145	04	19	m	 0	 1	 2	 1	 1	 3	 2	 1	 0	 0	 1	 2	 2	 1	716.60	  0.00
146	04	19	m	 0	 1	 2	 2	 2	 2	 2	 1	 0	 0	 1	 2	 1	 0	855.50	  0.00
147	04	19	m	 0	 1	 2	 1	 1	 2	 2	 1	 0	 0	 1	 2	 2	 1	637.94	  0.00
148	04	19	m	 0	 1	 2	 3	 2	 3	 2	 0	 0	 0	 1	 2	 2	 1	695.45	  0.00
149	04	19	m	 0	 1	 2	 2	 2	 0	 1	 0	 0	 0	 1	 1	 1	 1	480.81	  0.00
150	04	19	m	 0	 1	 2	 3	 2	 3	 2	 1	 0	 0	 1	 2	 2	 1	703.51	  0.00
151	04	19	m	 0	 1	 2	 2	 2	 2	 2	 0	 0	 0	 1	 2	 1	 0	733.61	  0.00
152	04	19	m	 0	 1	 2	 3	 2	 0	 1	 1	 0	 0	 1	 1	 1	 1	1090.10	  0.00
153	04	19	m	 0	 1	 2	 1	 1	 2	 2	 0	 0	 0	 1	 2	 2	 1	456.01	  0.00
154	04	19	m	 0	 1	 2	 0	 1	 1	 1	 0	 0	 0	 1	 1	 1	 1	429.47	  0.00
155	04	19	m	 0	 1	 2	 3	 2	 3	 2	 1	 0	 0	 1	 2	 2	 1	560.62	  0.00
156	04	19	m	 0	 1	 2	 1	 1	 1	 1	 0	 0	 0	 1	 1	 1	 1	585.55	  0.00
157	04	19	m	 0	 1	 2	 3	 2	 3	 2	 0	 0	 0	 1	 2	 2	 1	410.84	  0.00
158	04	19	m	 0	 1	 2	 3	 2	 2	 2	 1	 0	 0	 1	 2	 2	 1	778.77	  0.00
159	04	19	m	 0	 1	 2	 2	 2	 1	 1	 0	 0	 0	 1	 1	 1	 1	588.46	  0.00
160	04	19	m	 0	 1	 2	 1	 1	 0	 1	 0	 0	 0	 1	 1	 1	 1	613.37	  0.00
161	04	19	m	 0	 1	 2	 2	 2	 1	 1	 1	 0	 0	 1	 1	 1	 1	592.07	  0.00
162	04	19	m	 0	 1	 2	 2	 2	 3	 2	 0	 0	 0	 1	 2	 2	 1	559.77	  0.00
163	04	19	m	 0	 1	 2	 3	 2	 1	 1	 1	 0	 0	 1	 1	 1	 1	690.84	  0.00
164	04	19	m	 0	 1	 2	 2	 2	 0	 1	 1	 0	 0	 1	 1	 1	 1	445.32	  0.00
165	04	19	m	 0	 1	 2	 2	 2	 2	 2	 0	 0	 0	 1	 2	 2	 1	535.56	  0.00
166	04	19	m	 0	 1	 2	 3	 2	 2	 2	 0	 0	 0	 1	 2	 2	 1	631.28	  0.00
167	04	19	m	 0	 1	 2	 3	 2	 2	 2	 1	 0	 0	 1	 2	 2	 1	664.35	  0.00
168	04	19	m	 0	 1	 2	 1	 1	 2	 2	 1	 0	 0	 1	 2	 2	 1	471.62	  0.00
169	04	19	m	 0	 1	 2	 0	 1	 2	 2	 1	 0	 0	 1	 2	 2	 1	414.89	  0.00
170	04	19	m	 0	 1	 2	 3	 2	 1	 1	 0	 0	 0	 1	 1	 1	 1	432.08	  0.00
171	04	19	m	 0	 1	 2	 3	 2	 1	 1	 1	 0	 0	 1	 1	 1	 1	518.73	  0.00
172	04	19	m	 0	 1	 2	 2	 2	 3	 2	 0	 0	 0	 1	 2	 2	 1	579.09	  0.00
173	04	19	m	 0	 1	 2	 0	 1	 2	 2	 0	 0	 0	 1	 2	 1	 0	628.45	  0.00
174	04	19	m	 0	 1	 2	 1	 1	 1	 1	 0	 0	 0	 1	 1	 1	 1	661.19	  0.00
175	04	19	m	 0	 1	 2	 0	 1	 0	 1	 1	 0	 0	 1	 1	 1	 1	332.64	  0.00
176	04	19	m	 0	 1	 2	 1	 1	 3	 2	 0	 0	 0	 1	 2	 2	 1	349.71	  0.00
177	04	19	m	 0	 1	 2	 2	 2	 2	 2	 1	 0	 0	 1	 2	 2	 1	481.08	  0.00
178	04	19	m	 0	 1	 2	 1	 1	 0	 1	 1	 0	 0	 1	 1	 1	 1	412.66	  0.00
179	04	19	m	 0	 1	 2	 1	 1	 0	 1	 0	 0	 0	 1	 1	 1	 1	366.96	  0.00
180	04	19	m	 0	 1	 2	 2	 2	 1	 1	 0	 0	 0	 1	 1	 1	 1	451.97	  0.00
181	04	19	m	 0	 1	 2	 0	 1	 2	 2	 0	 0	 0	 1	 2	 2	 1	490.65	  0.00
182	04	19	m	 0	 1	 2	 0	 1	 3	 2	 1	 0	 0	 1	 2	 2	 1	341.71	  0.00
183	04	19	m	 0	 1	 2	 1	 1	 1	 1	 1	 0	 0	 1	 1	 1	 1	399.60	  0.00
184	04	19	m	 0	 1	 2	 1	 1	 3	 2	 0	 0	 0	 1	 2	 2	 1	620.56	  0.00
185	04	19	m	 0	 1	 2	 3	 2	 2	 2	 0	 0	 0	 1	 2	 1	 0	288.21	  0.00
186	04	19	m	 0	 1	 2	 1	 1	 1	 1	 1	 0	 0	 1	 1	 1	 1	460.48	  0.00
187	04	19	m	 0	 1	 2	 0	 1	 3	 2	 0	 0	 0	 1	 2	 2	 1	474.52	  0.00
188	04	19	m	 0	 1	 2	 0	 1	 1	 1	 1	 0	 0	 1	 1	 1	 1	562.12	  0.00
189	04	19	m	 0	 1	 2	 1	 1	 3	 2	 1	 0	 0	 1	 2	 2	 1	595.26	  0.00
190	04	19	m	 0	 1	 2	 0	 1	 0	 1	 0	 0	 0	 1	 1	 1	 1	465.00	  0.00
191	04	19	m	 0	 1	 2	 0	 1	 2	 2	 1	 0	 0	 1	 2	 1	 0	707.71	  0.00
192	04	19	m	 0	 1	 3	 1	 1	 1	 1	 1	 0	 0	 1	 1	 1	 1	636.93	  0.00
193	04	19	m	 0	 1	 3	 3	 2	 1	 1	 1	 0	 0	 1	 1	 1	 1	531.60	  0.00
194	04	19	m	 0	 1	 3	 2	 2	 3	 2	 0	 0	 0	 1	 2	 2	 1	399.42	  0.00
195	04	19	m	 0	 1	 3	 0	 1	 1	 1	 0	 0	 0	 1	 1	 1	 1	531.08	  0.00
196	04	19	m	 0	 1	 3	 1	 1	 3	 2	 1	 0	 0	 1	 2	 2	 1	455.93	  0.00
197	04	19	m	 0	 1	 3	 0	 1	 3	 2	 1	 0	 0	 1	 2	 2	 1	458.98	  0.00
198	04	19	m	 0	 1	 3	 3	 2	 2	 2	 1	 0	 0	 1	 2	 1	 0	351.09	  0.00
199	04	19	m	 0	 1	 3	 2	 2	 3	 2	 1	 0	 0	 1	 2	 2	 1	463.84	  0.00
200	04	19	m	 0	 1	 3	 2	 2	 0	 1	 0	 0	 0	 1	 1	 1	 1	263.60	  0.00
201	04	19	m	 0	 1	 3	 1	 1	 0	 1	 1	 0	 0	 1	 1	 1	 1	569.60	  0.00
202	04	19	m	 0	 1	 3	 1	 1	 3	 2	 0	 0	 0	 1	 2	 2	 1	369.25	  0.00
203	04	19	m	 0	 1	 3	 2	 2	 2	 2	 1	 0	 0	 1	 2	 2	 1	348.74	  0.00
204	04	19	m	 0	 1	 3	 3	 2	 0	 1	 0	 0	 0	 1	 1	 1	 1	360.84	  0.00
205	04	19	m	 0	 1	 3	 3	 2	 1	 1	 0	 0	 0	 1	 1	 1	 1	421.90	  0.00
206	04	19	m	 0	 1	 3	 3	 2	 3	 2	 1	 0	 0	 1	 2	 2	 1	365.82	  0.00
207	04	19	m	 0	 1	 3	 1	 1	 1	 1	 1	 0	 0	 1	 1	 2	 0	331.71	  0.00
208	04	19	m	 0	 1	 3	 1	 1	 0	 1	 1	 0	 0	 1	 1	 1	 1	436.36	  0.00
209	04	19	m	 0	 1	 3	 2	 2	 1	 1	 1	 0	 0	 1	 1	 1	 1	556.22	  0.00
210	04	19	m	 0	 1	 3	 3	 2	 1	 1	 0	 0	 0	 1	 1	 1	 1	393.96	  0.00
211	04	19	m	 0	 1	 3	 2	 2	 0	 1	 1	 0	 0	 1	 1	 1	 1	389.71	  0.00
212	04	19	m	 0	 1	 3	 1	 1	 0	 1	 0	 0	 0	 1	 1	 1	 1	537.85	  0.00
213	04	19	m	 0	 1	 3	 3	 2	 2	 2	 0	 0	 0	 1	 2	 2	 1	383.84	  0.00
214	04	19	m	 0	 1	 3	 2	 2	 0	 1	 0	 0	 0	 1	 1	 2	 0	365.91	  0.00
215	04	19	m	 0	 1	 3	 3	 2	 0	 1	 1	 0	 0	 1	 1	 1	 1	402.56	  0.00
216	04	19	m	 0	 1	 3	 1	 1	 0	 1	 0	 0	 0	 1	 1	 1	 1	379.25	  0.00
217	04	19	m	 0	 1	 3	 1	 1	 2	 2	 1	 0	 0	 1	 2	 2	 1	448.47	  0.00
218	04	19	m	 0	 1	 3	 0	 1	 2	 2	 1	 0	 0	 1	 2	 2	 1	532.92	  0.00
219	04	19	m	 0	 1	 3	 0	 1	 0	 1	 0	 0	 0	 1	 1	 1	 1	395.04	  0.00
220	04	19	m	 0	 1	 3	 2	 2	 3	 2	 1	 0	 0	 1	 2	 2	 1	526.77	  0.00
221	04	19	m	 0	 1	 3	 3	 2	 2	 2	 0	 0	 0	 1	 2	 1	 0	326.26	  0.00
222	04	19	m	 0	 1	 3	 0	 1	 3	 2	 0	 0	 0	 1	 2	 2	 1	594.38	  0.00
223	04	19	m	 0	 1	 3	 2	 2	 2	 2	 0	 0	 0	 1	 2	 2	 1	464.65	  0.00
224	04	19	m	 0	 1	 3	 3	 2	 1	 1	 1	 0	 0	 1	 1	 1	 1	473.85	  0.00
225	04	19	m	 0	 1	 3	 1	 1	 2	 2	 1	 0	 0	 1	 2	 2	 1	521.18	  0.00
226	04	19	m	 0	 1	 3	 3	 2	 3	 2	 0	 0	 0	 1	 2	 1	 0	557.54	  0.00
227	04	19	m	 0	 1	 3	 0	 1	 3	 2	 1	 0	 0	 1	 2	 2	 1	632.06	  0.00
228	04	19	m	 0	 1	 3	 1	 1	 3	 2	 1	 0	 0	 1	 2	 2	 1	411.52	  0.00
229	04	19	m	 0	 1	 3	 0	 1	 0	 1	 1	 0	 0	 1	 1	 1	 1	393.60	  0.00
230	04	19	m	 0	 1	 3	 0	 1	 2	 2	 1	 0	 0	 1	 2	 2	 1	419.19	  0.00
231	04	19	m	 0	 1	 3	 0	 1	 0	 1	 0	 0	 0	 1	 1	 1	 1	771.26	  0.00
232	04	19	m	 0	 1	 3	 0	 1	 1	 1	 0	 0	 0	 1	 1	 1	 1	608.66	  0.00
233	04	19	m	 0	 1	 3	 3	 2	 3	 2	 0	 0	 0	 1	 2	 2	 1	457.24	  0.00
234	04	19	m	 0	 1	 3	 1	 1	 3	 2	 0	 0	 0	 1	 2	 2	 1	384.99	  0.00
235	04	19	m	 0	 1	 3	 2	 2	 2	 2	 0	 0	 0	 1	 2	 2	 1	323.70	  0.00
236	04	19	m	 0	 1	 3	 2	 2	 2	 2	 1	 0	 0	 1	 2	 1	 0	314.02	  0.00
237	04	19	m	 0	 1	 3	 0	 1	 1	 1	 1	 0	 0	 1	 1	 2	 0	638.11	  0.00
238	04	19	m	 0	 1	 3	 3	 2	 0	 1	 0	 0	 0	 1	 1	 1	 1	535.47	  0.00
239	04	19	m	 0	 1	 3	 2	 2	 3	 2	 0	 0	 0	 1	 2	 2	 1	528.18	  0.00
240	04	19	m	 0	 1	 3	 2	 2	 1	 1	 0	 0	 0	 1	 1	 1	 1	491.20	  0.00
241	04	19	m	 0	 1	 3	 1	 1	 1	 1	 0	 0	 0	 1	 1	 1	 1	459.54	  0.00
242	04	19	m	 0	 1	 3	 0	 1	 2	 2	 0	 0	 0	 1	 2	 2	 1	389.93	  0.00
243	04	19	m	 0	 1	 3	 0	 1	 3	 2	 0	 0	 0	 1	 2	 1	 0	421.16	  0.00
244	04	19	m	 0	 1	 3	 1	 1	 2	 2	 0	 0	 0	 1	 2	 2	 1	536.40	  0.00
245	04	19	m	 0	 1	 3	 0	 1	 2	 2	 0	 0	 0	 1	 2	 2	 1	373.41	  0.00
246	04	19	m	 0	 1	 3	 2	 2	 1	 1	 1	 0	 0	 1	 1	 1	 1	461.42	  0.00
247	04	19	m	 0	 1	 3	 0	 1	 0	 1	 1	 0	 0	 1	 1	 1	 1	477.02	  0.00
248	04	19	m	 0	 1	 3	 1	 1	 1	 1	 0	 0	 0	 1	 1	 1	 1	411.81	  0.00
249	04	19	m	 0	 1	 3	 3	 2	 3	 2	 1	 0	 0	 1	 2	 2	 1	502.77	  0.00
250	04	19	m	 0	 1	 3	 1	 1	 2	 2	 0	 0	 0	 1	 2	 2	 1	465.71	  0.00
251	04	19	m	 0	 1	 3	 0	 1	 1	 1	 1	 0	 0	 1	 1	 1	 1	635.34	  0.00
252	04	19	m	 0	 1	 3	 2	 2	 1	 1	 0	 0	 0	 1	 1	 1	 1	606.25	  0.00
253	04	19	m	 0	 1	 3	 2	 2	 0	 1	 1	 0	 0	 1	 1	 1	 1	588.06	  0.00
254	04	19	m	 0	 1	 3	 3	 2	 2	 2	 1	 0	 0	 1	 2	 2	 1	594.43	  0.00
255	04	19	m	 0	 1	 3	 3	 2	 0	 1	 1	 0	 0	 1	 1	 1	 1	448.42	  0.00
256	04	19	m	 0	 1	 4	 2	 2	 3	 2	 0	 0	 0	 1	 2	 2	 1	1256.06	  0.00
257	04	19	m	 0	 1	 4	 0	 1	 0	 1	 1	 0	 0	 1	 1	 1	 1	686.97	  0.00
258	04	19	m	 0	 1	 4	 1	 1	 1	 1	 0	 0	 0	 1	 1	 1	 1	447.93	  0.00
259	04	19	m	 0	 1	 4	 2	 2	 3	 2	 1	 0	 0	 1	 2	 2	 1	627.97	  0.00
260	04	19	m	 0	 1	 4	 0	 1	 2	 2	 0	 0	 0	 1	 2	 2	 1	532.29	  0.00
261	04	19	m	 0	 1	 4	 1	 1	 0	 1	 0	 0	 0	 1	 1	 1	 1	461.98	  0.00
262	04	19	m	 0	 1	 4	 1	 1	 2	 2	 1	 0	 0	 1	 1	 1	 1	410.90	  0.00
263	04	19	m	 0	 1	 4	 2	 2	 1	 1	 1	 0	 0	 1	 2	 2	 1	351.61	  0.00
264	04	19	m	 0	 1	 4	 3	 2	 0	 1	 0	 0	 0	 1	 1	 1	 1	466.69	  0.00
265	04	19	m	 0	 1	 4	 0	 1	 3	 2	 0	 0	 0	 1	 2	 2	 1	415.67	  0.00
266	04	19	m	 0	 1	 4	 1	 1	 2	 2	 1	 0	 0	 1	 1	 1	 1	538.63	  0.00
267	04	19	m	 0	 1	 4	 2	 2	 2	 2	 1	 0	 0	 1	 2	 1	 0	505.57	  0.00
268	04	19	m	 0	 1	 4	 1	 1	 1	 1	 1	 0	 0	 1	 1	 1	 1	565.85	  0.00
269	04	19	m	 0	 1	 4	 3	 2	 3	 2	 1	 0	 0	 1	 2	 1	 0	384.10	  0.00
270	04	19	m	 0	 1	 4	 2	 2	 0	 1	 0	 0	 0	 1	 1	 1	 1	836.21	  0.00
271	04	19	m	 0	 1	 4	 0	 1	 1	 1	 0	 0	 0	 1	 1	 1	 1	493.24	  0.00
272	04	19	m	 0	 1	 4	 1	 1	 2	 2	 0	 0	 0	 1	 2	 2	 1	369.12	  0.00
273	04	19	m	 0	 1	 4	 1	 1	 3	 2	 1	 0	 0	 1	 1	 2	 0	714.55	  0.00
274	04	19	m	 0	 1	 4	 2	 2	 1	 1	 0	 0	 0	 1	 1	 1	 1	507.89	  0.00
275	04	19	m	 0	 1	 4	 0	 1	 1	 1	 1	 0	 0	 1	 1	 1	 1	617.17	  0.00
276	04	19	m	 0	 1	 4	 2	 2	 2	 2	 0	 0	 0	 1	 2	 2	 1	514.25	  0.00
277	04	19	m	 0	 1	 4	 3	 2	 3	 2	 0	 0	 0	 1	 2	 2	 1	631.65	  0.00
278	04	19	m	 0	 1	 4	 3	 2	 2	 2	 1	 0	 0	 1	 2	 2	 1	789.80	  0.00
279	04	19	m	 0	 1	 4	 1	 1	 2	 2	 0	 0	 0	 1	 2	 2	 1	425.38	  0.00
280	04	19	m	 0	 1	 4	 0	 1	 2	 2	 1	 0	 0	 1	 1	 1	 1	502.19	  0.00
281	04	19	m	 0	 1	 4	 0	 1	 1	 1	 1	 0	 0	 1	 1	 1	 1	442.00	  0.00
282	04	19	m	 0	 1	 4	 0	 1	 3	 2	 0	 0	 0	 1	 2	 2	 1	516.08	  0.00
283	04	19	m	 0	 1	 4	 2	 2	 2	 2	 0	 0	 0	 1	 2	 1	 0	437.79	  0.00
284	04	19	m	 0	 1	 4	 1	 1	 0	 1	 1	 0	 0	 1	 1	 1	 1	740.26	  0.00
285	04	19	m	 0	 1	 4	 0	 1	 0	 1	 0	 0	 0	 1	 1	 1	 1	514.83	  0.00
286	04	19	m	 0	 1	 4	 1	 1	 0	 1	 0	 0	 0	 1	 1	 2	 0	591.44	  0.00
287	04	19	m	 0	 1	 4	 2	 2	 3	 2	 0	 0	 0	 1	 2	 1	 0	559.27	  0.00
288	04	19	m	 0	 1	 4	 0	 1	 3	 2	 1	 0	 0	 1	 1	 1	 1	724.71	  0.00
289	04	19	m	 0	 1	 4	 3	 2	 2	 2	 0	 0	 0	 1	 2	 2	 1	534.54	  0.00
290	04	19	m	 0	 1	 4	 3	 2	 2	 2	 1	 0	 0	 1	 2	 2	 1	698.17	  0.00
291	04	19	m	 0	 1	 4	 3	 2	 2	 2	 0	 0	 0	 1	 2	 2	 1	622.33	  0.00
292	04	19	m	 0	 1	 4	 3	 2	 1	 1	 1	 0	 0	 1	 2	 2	 1	649.91	  0.00
293	04	19	m	 0	 1	 4	 0	 1	 0	 1	 1	 0	 0	 1	 1	 1	 1	555.04	  0.00
294	04	19	m	 0	 1	 4	 0	 1	 1	 1	 0	 0	 0	 1	 1	 1	 1	596.29	  0.00
295	04	19	m	 0	 1	 4	 0	 1	 3	 2	 1	 0	 0	 1	 1	 1	 1	560.43	  0.00
296	04	19	m	 0	 1	 4	 1	 1	 3	 2	 1	 0	 0	 1	 1	 1	 1	634.24	  0.00
297	04	19	m	 0	 1	 4	 2	 2	 0	 1	 1	 0	 0	 1	 2	 1	 0	406.18	  0.00
298	04	19	m	 0	 1	 4	 3	 2	 1	 1	 1	 0	 0	 1	 2	 2	 1	559.18	  0.00
299	04	19	m	 0	 1	 4	 0	 1	 0	 1	 0	 0	 0	 1	 1	 1	 1	635.83	  0.00
300	04	19	m	 0	 1	 4	 1	 1	 3	 2	 0	 0	 0	 1	 2	 2	 1	467.55	  0.00
301	04	19	m	 0	 1	 4	 1	 1	 1	 1	 1	 0	 0	 1	 1	 1	 1	827.13	  0.00
302	04	19	m	 0	 1	 4	 2	 2	 1	 1	 0	 0	 0	 1	 1	 1	 1	 48.44	  0.00
303	04	19	m	 0	 1	 4	 2	 2	 0	 1	 0	 0	 0	 1	 1	 2	 0	193.62	  0.00
304	04	19	m	 0	 1	 4	 2	 2	 0	 1	 1	 0	 0	 1	 2	 2	 1	223.98	  0.00
305	04	19	m	 0	 1	 4	 2	 2	 1	 1	 1	 0	 0	 1	 2	 2	 1	535.49	  0.00
306	04	19	m	 0	 1	 4	 1	 1	 0	 1	 1	 0	 0	 1	 1	 1	 1	677.51	  0.00
307	04	19	m	 0	 1	 4	 3	 2	 0	 1	 1	 0	 0	 1	 2	 1	 0	478.99	  0.00
308	04	19	m	 0	 1	 4	 2	 2	 3	 2	 1	 0	 0	 1	 2	 2	 1	531.48	  0.00
309	04	19	m	 0	 1	 4	 3	 2	 3	 2	 1	 0	 0	 1	 2	 2	 1	359.55	  0.00
310	04	19	m	 0	 1	 4	 1	 1	 1	 1	 0	 0	 0	 1	 1	 1	 1	477.35	  0.00
311	04	19	m	 0	 1	 4	 3	 2	 0	 1	 0	 0	 0	 1	 1	 2	 0	483.23	  0.00
312	04	19	m	 0	 1	 4	 0	 1	 2	 2	 0	 0	 0	 1	 2	 2	 1	535.47	  0.00
313	04	19	m	 0	 1	 4	 0	 1	 2	 2	 1	 0	 0	 1	 1	 1	 1	772.54	  0.00
314	04	19	m	 0	 1	 4	 2	 2	 2	 2	 1	 0	 0	 1	 2	 1	 0	432.38	  0.00
315	04	19	m	 0	 1	 4	 3	 2	 0	 1	 1	 0	 0	 1	 2	 2	 1	479.56	  0.00
316	04	19	m	 0	 1	 4	 3	 2	 1	 1	 0	 0	 0	 1	 1	 1	 1	583.53	  0.00
317	04	19	m	 0	 1	 4	 1	 1	 3	 2	 0	 0	 0	 1	 2	 2	 1	517.80	  0.00
318	04	19	m	 0	 1	 4	 3	 2	 3	 2	 0	 0	 0	 1	 2	 2	 1	635.17	  0.00
319	04	19	m	 0	 1	 4	 3	 2	 1	 1	 0	 0	 0	 1	 1	 1	 1	597.24	  0.00
320	04	19	m	 0	 1	 5	 1	 1	 2	 2	 0	 0	 0	 1	 2	 2	 1	529.26	  0.00
321	04	19	m	 0	 1	 5	 1	 1	 1	 1	 1	 0	 0	 1	 1	 1	 1	568.21	  0.00
322	04	19	m	 0	 1	 5	 3	 2	 0	 1	 1	 0	 0	 1	 2	 1	 0	542.01	  0.00
323	04	19	m	 0	 1	 5	 1	 1	 0	 1	 0	 0	 0	 1	 1	 1	 1	537.43	  0.00
324	04	19	m	 0	 1	 5	 3	 2	 1	 1	 0	 0	 0	 1	 1	 1	 1	560.21	  0.00
325	04	19	m	 0	 1	 5	 1	 1	 3	 2	 0	 0	 0	 1	 2	 2	 1	523.06	  0.00
326	04	19	m	 0	 1	 5	 2	 2	 1	 1	 0	 0	 0	 1	 1	 1	 1	543.19	  0.00
327	04	19	m	 0	 1	 5	 1	 1	 1	 1	 1	 0	 0	 1	 1	 1	 1	511.39	  0.00
328	04	19	m	 0	 1	 5	 3	 2	 2	 2	 0	 0	 0	 1	 2	 2	 1	635.02	  0.00
329	04	19	m	 0	 1	 5	 3	 2	 0	 1	 0	 0	 0	 1	 1	 1	 1	483.40	  0.00
330	04	19	m	 0	 1	 5	 0	 1	 2	 2	 0	 0	 0	 1	 2	 2	 1	714.67	  0.00
331	04	19	m	 0	 1	 5	 1	 1	 1	 1	 0	 0	 0	 1	 1	 1	 1	473.34	  0.00
332	04	19	m	 0	 1	 5	 3	 2	 2	 2	 1	 0	 0	 1	 2	 2	 1	558.76	  0.00
333	04	19	m	 0	 1	 5	 3	 2	 3	 2	 0	 0	 0	 1	 2	 2	 1	483.49	  0.00
334	04	19	m	 0	 1	 5	 0	 1	 1	 1	 1	 0	 0	 1	 1	 1	 1	645.04	  0.00
335	04	19	m	 0	 1	 5	 3	 2	 2	 2	 0	 0	 0	 1	 2	 1	 0	792.72	  0.00
336	04	19	m	 0	 1	 5	 2	 2	 3	 2	 0	 0	 0	 1	 2	 2	 1	687.34	  0.00
337	04	19	m	 0	 1	 5	 3	 2	 1	 1	 1	 0	 0	 1	 2	 2	 1	711.69	  0.00
338	04	19	m	 0	 1	 5	 1	 1	 0	 1	 0	 0	 0	 1	 1	 1	 1	497.36	  0.00
339	04	19	m	 0	 1	 5	 0	 1	 2	 2	 0	 0	 0	 1	 2	 2	 1	566.40	  0.00
340	04	19	m	 0	 1	 5	 3	 2	 0	 1	 0	 0	 0	 1	 1	 1	 1	518.43	  0.00
341	04	19	m	 0	 1	 5	 1	 1	 3	 2	 1	 0	 0	 1	 1	 1	 1	595.56	  0.00
342	04	19	m	 0	 1	 5	 1	 1	 2	 2	 1	 0	 0	 1	 1	 1	 1	465.89	  0.00
343	04	19	m	 0	 1	 5	 2	 2	 2	 2	 0	 0	 0	 1	 2	 2	 1	426.21	  0.00
344	04	19	m	 0	 1	 5	 2	 2	 2	 2	 1	 0	 0	 1	 2	 2	 1	533.34	  0.00
345	04	19	m	 0	 1	 5	 0	 1	 1	 1	 0	 0	 0	 1	 1	 1	 1	509.77	  0.00
346	04	19	m	 0	 1	 5	 2	 2	 3	 2	 0	 0	 0	 1	 2	 2	 1	519.09	  0.00
347	04	19	m	 0	 1	 5	 2	 2	 1	 1	 0	 0	 0	 1	 1	 1	 1	415.74	  0.00
348	04	19	m	 0	 1	 5	 0	 1	 0	 1	 1	 0	 0	 1	 1	 1	 1	718.69	  0.00
349	04	19	m	 0	 1	 5	 0	 1	 2	 2	 1	 0	 0	 1	 1	 1	 1	452.80	  0.00
350	04	19	m	 0	 1	 5	 0	 1	 0	 1	 1	 0	 0	 1	 1	 1	 1	554.56	  0.00
351	04	19	m	 0	 1	 5	 2	 2	 0	 1	 0	 0	 0	 1	 1	 2	 0	547.44	  0.00
352	04	19	m	 0	 1	 5	 1	 1	 0	 1	 1	 0	 0	 1	 1	 1	 1	654.40	  0.00
353	04	19	m	 0	 1	 5	 1	 1	 3	 2	 0	 0	 0	 1	 2	 2	 1	415.87	  0.00
354	04	19	m	 0	 1	 5	 0	 1	 3	 2	 0	 0	 0	 1	 2	 2	 1	422.47	  0.00
355	04	19	m	 0	 1	 5	 0	 1	 3	 2	 0	 0	 0	 1	 2	 2	 1	431.76	  0.00
356	04	19	m	 0	 1	 5	 2	 2	 0	 1	 0	 0	 0	 1	 1	 1	 1	611.52	  0.00
357	04	19	m	 0	 1	 5	 0	 1	 1	 1	 0	 0	 0	 1	 1	 1	 1	443.60	  0.00
358	04	19	m	 0	 1	 5	 2	 2	 2	 2	 1	 0	 0	 1	 2	 2	 1	765.72	  0.00
359	04	19	m	 0	 1	 5	 2	 2	 1	 1	 1	 0	 0	 1	 2	 2	 1	513.48	  0.00
360	04	19	m	 0	 1	 5	 2	 2	 1	 1	 1	 0	 0	 1	 2	 2	 1	424.64	  0.00
361	04	19	m	 0	 1	 5	 0	 1	 0	 1	 0	 0	 0	 1	 1	 1	 1	548.22	  0.00
362	04	19	m	 0	 1	 5	 2	 2	 3	 2	 1	 0	 0	 1	 2	 2	 1	663.41	  0.00
363	04	19	m	 0	 1	 5	 3	 2	 0	 1	 1	 0	 0	 1	 2	 2	 1	435.71	  0.00
364	04	19	m	 0	 1	 5	 1	 1	 1	 1	 0	 0	 0	 1	 1	 1	 1	678.97	  0.00
365	04	19	m	 0	 1	 5	 3	 2	 1	 1	 0	 0	 0	 1	 1	 1	 1	464.89	  0.00
366	04	19	m	 0	 1	 5	 0	 1	 2	 2	 1	 0	 0	 1	 1	 1	 1	553.69	  0.00
367	04	19	m	 0	 1	 5	 0	 1	 0	 1	 0	 0	 0	 1	 1	 1	 1	433.25	  0.00
368	04	19	m	 0	 1	 5	 0	 1	 3	 2	 1	 0	 0	 1	 1	 1	 1	458.81	  0.00
369	04	19	m	 0	 1	 5	 2	 2	 0	 1	 1	 0	 0	 1	 2	 2	 1	511.50	  0.00
370	04	19	m	 0	 1	 5	 1	 1	 3	 2	 1	 0	 0	 1	 1	 1	 1	697.50	  0.00
371	04	19	m	 0	 1	 5	 2	 2	 2	 2	 0	 0	 0	 1	 2	 2	 1	584.11	  0.00
372	04	19	m	 0	 1	 5	 1	 1	 2	 2	 0	 0	 0	 1	 2	 2	 1	421.78	  0.00
373	04	19	m	 0	 1	 5	 3	 2	 3	 2	 1	 0	 0	 1	 2	 2	 1	712.79	  0.00
374	04	19	m	 0	 1	 5	 2	 2	 0	 1	 1	 0	 0	 1	 2	 2	 1	428.09	  0.00
375	04	19	m	 0	 1	 5	 3	 2	 1	 1	 1	 0	 0	 1	 2	 2	 1	453.62	  0.00
376	04	19	m	 0	 1	 5	 0	 1	 1	 1	 1	 0	 0	 1	 1	 1	 1	538.84	  0.00
377	04	19	m	 0	 1	 5	 3	 2	 3	 2	 1	 0	 0	 1	 2	 2	 1	577.99	  0.00
378	04	19	m	 0	 1	 5	 3	 2	 3	 2	 0	 0	 0	 1	 2	 2	 1	521.95	  0.00
379	04	19	m	 0	 1	 5	 0	 1	 3	 2	 1	 0	 0	 1	 1	 1	 1	653.52	  0.00
380	04	19	m	 0	 1	 5	 1	 1	 0	 1	 1	 0	 0	 1	 1	 1	 1	485.67	  0.00
381	04	19	m	 0	 1	 5	 1	 1	 2	 2	 1	 0	 0	 1	 1	 1	 1	432.07	  0.00
382	04	19	m	 0	 1	 5	 3	 2	 2	 2	 1	 0	 0	 1	 2	 2	 1	1501.38	  0.00
383	04	19	m	 0	 1	 5	 2	 2	 3	 2	 1	 0	 0	 1	 2	 2	 1	448.33	  0.00
384	04	19	m	 0	 1	 6	 2	 2	 1	 1	 0	 0	 0	 1	 1	 1	 1	520.06	  0.00
385	04	19	m	 0	 1	 6	 3	 2	 2	 2	 1	 0	 0	 1	 2	 2	 1	474.71	  0.00
386	04	19	m	 0	 1	 6	 1	 1	 3	 2	 1	 0	 0	 1	 1	 1	 1	549.15	  0.00
387	04	19	m	 0	 1	 6	 3	 2	 1	 1	 0	 0	 0	 1	 1	 1	 1	493.30	  0.00
388	04	19	m	 0	 1	 6	 1	 1	 3	 2	 0	 0	 0	 1	 2	 2	 1	798.96	  0.00
389	04	19	m	 0	 1	 6	 0	 1	 0	 1	 1	 0	 0	 1	 1	 1	 1	546.57	  0.00
390	04	19	m	 0	 1	 6	 2	 2	 3	 2	 1	 0	 0	 1	 2	 2	 1	531.19	  0.00
391	04	19	m	 0	 1	 6	 0	 1	 2	 2	 1	 0	 0	 1	 1	 1	 1	686.28	  0.00
392	04	19	m	 0	 1	 6	 1	 1	 2	 2	 1	 0	 0	 1	 1	 1	 1	509.96	  0.00
393	04	19	m	 0	 1	 6	 0	 1	 1	 1	 1	 0	 0	 1	 1	 1	 1	568.38	  0.00
394	04	19	m	 0	 1	 6	 2	 2	 1	 1	 1	 0	 0	 1	 2	 2	 1	533.85	  0.00
395	04	19	m	 0	 1	 6	 2	 2	 2	 2	 1	 0	 0	 1	 2	 2	 1	934.36	  0.00
396	04	19	m	 0	 1	 6	 2	 2	 0	 1	 1	 0	 0	 1	 2	 2	 1	418.41	  0.00
397	04	19	m	 0	 1	 6	 3	 2	 2	 2	 0	 0	 0	 1	 2	 2	 1	816.66	  0.00
398	04	19	m	 0	 1	 6	 2	 2	 2	 2	 0	 0	 0	 1	 2	 2	 1	420.14	  0.00
399	04	19	m	 0	 1	 6	 1	 1	 1	 1	 0	 0	 0	 1	 1	 1	 1	638.91	  0.00
400	04	19	m	 0	 1	 6	 1	 1	 3	 2	 0	 0	 0	 1	 2	 2	 1	577.09	  0.00
401	04	19	m	 0	 1	 6	 0	 1	 3	 2	 0	 0	 0	 1	 2	 2	 1	995.92	  0.00
402	04	19	m	 0	 1	 6	 1	 1	 0	 1	 1	 0	 0	 1	 1	 1	 1	599.12	  0.00
403	04	19	m	 0	 1	 6	 0	 1	 2	 2	 0	 0	 0	 1	 2	 2	 1	893.76	  0.00
404	04	19	m	 0	 1	 6	 3	 2	 3	 2	 1	 0	 0	 1	 2	 2	 1	592.09	  0.00
405	04	19	m	 0	 1	 6	 1	 1	 3	 2	 1	 0	 0	 1	 1	 1	 1	685.71	  0.00
406	04	19	m	 0	 1	 6	 2	 2	 0	 1	 1	 0	 0	 1	 2	 1	 0	746.31	  0.00
407	04	19	m	 0	 1	 6	 3	 2	 3	 2	 0	 0	 0	 1	 2	 2	 1	545.65	  0.00
408	04	19	m	 0	 1	 6	 3	 2	 3	 2	 1	 0	 0	 1	 2	 2	 1	546.65	  0.00
409	04	19	m	 0	 1	 6	 2	 2	 0	 1	 0	 0	 0	 1	 1	 1	 1	497.75	  0.00
410	04	19	m	 0	 1	 6	 0	 1	 0	 1	 0	 0	 0	 1	 1	 1	 1	629.28	  0.00
411	04	19	m	 0	 1	 6	 3	 2	 0	 1	 0	 0	 0	 1	 1	 1	 1	442.36	  0.00
412	04	19	m	 0	 1	 6	 3	 2	 2	 2	 1	 0	 0	 1	 2	 2	 1	611.95	  0.00
413	04	19	m	 0	 1	 6	 3	 2	 2	 2	 0	 0	 0	 1	 2	 2	 1	438.96	  0.00
414	04	19	m	 0	 1	 6	 3	 2	 3	 2	 0	 0	 0	 1	 2	 2	 1	518.93	  0.00
415	04	19	m	 0	 1	 6	 1	 1	 2	 2	 0	 0	 0	 1	 2	 2	 1	462.86	  0.00
416	04	19	m	 0	 1	 6	 3	 2	 0	 1	 1	 0	 0	 1	 2	 2	 1	466.32	  0.00
417	04	19	m	 0	 1	 6	 0	 1	 1	 1	 1	 0	 0	 1	 1	 2	 0	428.55	  0.00
418	04	19	m	 0	 1	 6	 2	 2	 3	 2	 0	 0	 0	 1	 2	 2	 1	534.05	  0.00
419	04	19	m	 0	 1	 6	 3	 2	 0	 1	 0	 0	 0	 1	 1	 1	 1	476.89	  0.00
420	04	19	m	 0	 1	 6	 1	 1	 0	 1	 0	 0	 0	 1	 1	 1	 1	382.79	  0.00
421	04	19	m	 0	 1	 6	 0	 1	 3	 2	 1	 0	 0	 1	 1	 1	 1	606.84	  0.00
422	04	19	m	 0	 1	 6	 2	 2	 1	 1	 1	 0	 0	 1	 2	 1	 0	566.88	  0.00
423	04	19	m	 0	 1	 6	 0	 1	 2	 2	 0	 0	 0	 1	 2	 2	 1	519.03	  0.00
424	04	19	m	 0	 1	 6	 2	 2	 3	 2	 1	 0	 0	 1	 2	 2	 1	620.80	  0.00
425	04	19	m	 0	 1	 6	 2	 2	 1	 1	 0	 0	 0	 1	 1	 1	 1	1295.42	  0.00
426	04	19	m	 0	 1	 6	 3	 2	 1	 1	 1	 0	 0	 1	 2	 2	 1	1286.88	  0.00
427	04	19	m	 0	 1	 6	 0	 1	 1	 1	 0	 0	 0	 1	 1	 1	 1	574.14	  0.00
428	04	19	m	 0	 1	 6	 0	 1	 3	 2	 0	 0	 0	 1	 2	 2	 1	1086.34	  0.00
429	04	19	m	 0	 1	 6	 3	 2	 1	 1	 1	 0	 0	 1	 2	 2	 1	588.55	  0.00
430	04	19	m	 0	 1	 6	 1	 1	 1	 1	 1	 0	 0	 1	 1	 1	 1	638.58	  0.00
431	04	19	m	 0	 1	 6	 2	 2	 0	 1	 0	 0	 0	 1	 1	 1	 1	606.89	  0.00
432	04	19	m	 0	 1	 6	 1	 1	 1	 1	 1	 0	 0	 1	 1	 1	 1	640.11	  0.00
433	04	19	m	 0	 1	 6	 0	 1	 2	 2	 1	 0	 0	 1	 1	 1	 1	435.95	  0.00
434	04	19	m	 0	 1	 6	 2	 2	 2	 2	 0	 0	 0	 1	 2	 2	 1	573.19	  0.00
435	04	19	m	 0	 1	 6	 1	 1	 0	 1	 1	 0	 0	 1	 1	 1	 1	541.23	  0.00
436	04	19	m	 0	 1	 6	 3	 2	 0	 1	 1	 0	 0	 1	 2	 2	 1	517.75	  0.00
437	04	19	m	 0	 1	 6	 0	 1	 3	 2	 1	 0	 0	 1	 1	 1	 1	649.47	  0.00
438	04	19	m	 0	 1	 6	 2	 2	 3	 2	 0	 0	 0	 1	 2	 2	 1	511.61	  0.00
439	04	19	m	 0	 1	 6	 1	 1	 2	 2	 0	 0	 0	 1	 2	 1	 0	477.13	  0.00
440	04	19	m	 0	 1	 6	 0	 1	 1	 1	 0	 0	 0	 1	 1	 1	 1	633.32	  0.00
441	04	19	m	 0	 1	 6	 1	 1	 2	 2	 1	 0	 0	 1	 1	 1	 1	704.87	  0.00
442	04	19	m	 0	 1	 6	 0	 1	 0	 1	 0	 0	 0	 1	 1	 1	 1	560.68	  0.00
443	04	19	m	 0	 1	 6	 0	 1	 0	 1	 1	 0	 0	 1	 1	 1	 1	488.04	  0.00
444	04	19	m	 0	 1	 6	 2	 2	 2	 2	 1	 0	 0	 1	 2	 2	 1	412.89	  0.00
445	04	19	m	 0	 1	 6	 1	 1	 1	 1	 0	 0	 0	 1	 1	 1	 1	495.68	  0.00
446	04	19	m	 0	 1	 6	 3	 2	 1	 1	 0	 0	 0	 1	 1	 1	 1	515.68	  0.00
447	04	19	m	 0	 1	 6	 1	 1	 0	 1	 0	 0	 0	 1	 1	 1	 1	514.06	  0.00
448	04	19	m	 0	 1	 7	 2	 2	 2	 2	 0	 0	 0	 1	 2	 2	 1	523.20	  0.00
449	04	19	m	 0	 1	 7	 2	 2	 2	 2	 1	 0	 0	 1	 2	 2	 1	548.66	  0.00
450	04	19	m	 0	 1	 7	 2	 2	 3	 2	 0	 0	 0	 1	 2	 2	 1	459.84	  0.00
451	04	19	m	 0	 1	 7	 3	 2	 0	 1	 0	 0	 0	 1	 1	 1	 1	574.28	  0.00
452	04	19	m	 0	 1	 7	 1	 1	 3	 2	 1	 0	 0	 1	 1	 1	 1	727.52	  0.00
453	04	19	m	 0	 1	 7	 2	 2	 0	 1	 1	 0	 0	 1	 2	 1	 0	488.83	  0.00
454	04	19	m	 0	 1	 7	 1	 1	 3	 2	 1	 0	 0	 1	 1	 1	 1	525.17	  0.00
455	04	19	m	 0	 1	 7	 1	 1	 2	 2	 0	 0	 0	 1	 2	 2	 1	789.97	  0.00
456	04	19	m	 0	 1	 7	 3	 2	 2	 2	 1	 0	 0	 1	 2	 2	 1	526.58	  0.00
457	04	19	m	 0	 1	 7	 1	 1	 1	 1	 0	 0	 0	 1	 1	 1	 1	519.64	  0.00
458	04	19	m	 0	 1	 7	 3	 2	 3	 2	 0	 0	 0	 1	 2	 2	 1	561.51	  0.00
459	04	19	m	 0	 1	 7	 1	 1	 2	 2	 0	 0	 0	 1	 2	 2	 1	420.75	  0.00
460	04	19	m	 0	 1	 7	 2	 2	 3	 2	 0	 0	 0	 1	 2	 2	 1	434.86	  0.00
461	04	19	m	 0	 1	 7	 1	 1	 1	 1	 0	 0	 0	 1	 1	 1	 1	631.60	  0.00
462	04	19	m	 0	 1	 7	 1	 1	 2	 2	 1	 0	 0	 1	 1	 1	 1	545.48	  0.00
463	04	19	m	 0	 1	 7	 3	 2	 0	 1	 0	 0	 0	 1	 1	 1	 1	415.94	  0.00
464	04	19	m	 0	 1	 7	 0	 1	 0	 1	 0	 0	 0	 1	 1	 1	 1	441.58	  0.00
465	04	19	m	 0	 1	 7	 3	 2	 2	 2	 0	 0	 0	 1	 2	 2	 1	467.20	  0.00
466	04	19	m	 0	 1	 7	 2	 2	 1	 1	 0	 0	 0	 1	 1	 1	 1	729.33	  0.00
467	04	19	m	 0	 1	 7	 0	 1	 2	 2	 1	 0	 0	 1	 1	 1	 1	594.04	  0.00
468	04	19	m	 0	 1	 7	 2	 2	 0	 1	 0	 0	 0	 1	 1	 1	 1	482.70	  0.00
469	04	19	m	 0	 1	 7	 1	 1	 1	 1	 1	 0	 0	 1	 1	 1	 1	475.39	  0.00
470	04	19	m	 0	 1	 7	 2	 2	 3	 2	 1	 0	 0	 1	 2	 2	 1	503.62	  0.00
471	04	19	m	 0	 1	 7	 0	 1	 0	 1	 0	 0	 0	 1	 1	 1	 1	708.64	  0.00
472	04	19	m	 0	 1	 7	 0	 1	 0	 1	 1	 0	 0	 1	 1	 1	 1	499.91	  0.00
473	04	19	m	 0	 1	 7	 0	 1	 1	 1	 1	 0	 0	 1	 1	 1	 1	405.77	  0.00
474	04	19	m	 0	 1	 7	 1	 1	 0	 1	 0	 0	 0	 1	 1	 1	 1	638.16	  0.00
475	04	19	m	 0	 1	 7	 3	 2	 3	 2	 1	 0	 0	 1	 2	 2	 1	494.63	  0.00
476	04	19	m	 0	 1	 7	 0	 1	 3	 2	 1	 0	 0	 1	 1	 1	 1	816.30	  0.00
477	04	19	m	 0	 1	 7	 2	 2	 1	 1	 1	 0	 0	 1	 2	 2	 1	610.27	  0.00
478	04	19	m	 0	 1	 7	 0	 1	 3	 2	 0	 0	 0	 1	 2	 1	 0	733.05	  0.00
479	04	19	m	 0	 1	 7	 3	 2	 0	 1	 1	 0	 0	 1	 2	 2	 1	605.87	  0.00
480	04	19	m	 0	 1	 7	 3	 2	 0	 1	 1	 0	 0	 1	 2	 2	 1	389.16	  0.00
481	04	19	m	 0	 1	 7	 1	 1	 2	 2	 1	 0	 0	 1	 1	 1	 1	463.80	  0.00
482	04	19	m	 0	 1	 7	 3	 2	 1	 1	 0	 0	 0	 1	 1	 1	 1	622.59	  0.00
483	04	19	m	 0	 1	 7	 2	 2	 0	 1	 0	 0	 0	 1	 1	 1	 1	465.68	  0.00
484	04	19	m	 0	 1	 7	 3	 2	 1	 1	 1	 0	 0	 1	 2	 2	 1	534.69	  0.00
485	04	19	m	 0	 1	 7	 3	 2	 1	 1	 0	 0	 0	 1	 1	 1	 1	584.66	  0.00
486	04	19	m	 0	 1	 7	 2	 2	 2	 2	 0	 0	 0	 1	 2	 2	 1	664.49	  0.00
487	04	19	m	 0	 1	 7	 3	 2	 2	 2	 1	 0	 0	 1	 2	 2	 1	694.05	  0.00
488	04	19	m	 0	 1	 7	 2	 2	 3	 2	 1	 0	 0	 1	 2	 2	 1	431.00	  0.00
489	04	19	m	 0	 1	 7	 3	 2	 3	 2	 1	 0	 0	 1	 2	 2	 1	372.15	  0.00
490	04	19	m	 0	 1	 7	 1	 1	 0	 1	 1	 0	 0	 1	 1	 1	 1	525.65	  0.00
491	04	19	m	 0	 1	 7	 0	 1	 2	 2	 1	 0	 0	 1	 1	 2	 0	526.78	  0.00
492	04	19	m	 0	 1	 7	 0	 1	 2	 2	 0	 0	 0	 1	 2	 2	 1	633.90	  0.00
493	04	19	m	 0	 1	 7	 1	 1	 3	 2	 0	 0	 0	 1	 2	 2	 1	455.28	  0.00
494	04	19	m	 0	 1	 7	 0	 1	 1	 1	 0	 0	 0	 1	 1	 1	 1	698.46	  0.00
495	04	19	m	 0	 1	 7	 0	 1	 1	 1	 0	 0	 0	 1	 1	 1	 1	408.15	  0.00
496	04	19	m	 0	 1	 7	 0	 1	 3	 2	 1	 0	 0	 1	 1	 1	 1	719.25	  0.00
497	04	19	m	 0	 1	 7	 0	 1	 1	 1	 1	 0	 0	 1	 1	 1	 1	394.95	  0.00
498	04	19	m	 0	 1	 7	 3	 2	 2	 2	 0	 0	 0	 1	 2	 2	 1	510.72	  0.00
499	04	19	m	 0	 1	 7	 0	 1	 3	 2	 0	 0	 0	 1	 2	 2	 1	367.65	  0.00
500	04	19	m	 0	 1	 7	 3	 2	 1	 1	 1	 0	 0	 1	 2	 2	 1	499.38	  0.00
501	04	19	m	 0	 1	 7	 2	 2	 1	 1	 0	 0	 0	 1	 1	 2	 0	369.86	  0.00
502	04	19	m	 0	 1	 7	 0	 1	 0	 1	 1	 0	 0	 1	 1	 1	 1	623.99	  0.00
503	04	19	m	 0	 1	 7	 3	 2	 3	 2	 0	 0	 0	 1	 2	 2	 1	545.95	  0.00
504	04	19	m	 0	 1	 7	 0	 1	 2	 2	 0	 0	 0	 1	 2	 2	 1	693.81	  0.00
505	04	19	m	 0	 1	 7	 1	 1	 0	 1	 1	 0	 0	 1	 1	 1	 1	1161.37	  0.00
506	04	19	m	 0	 1	 7	 1	 1	 3	 2	 0	 0	 0	 1	 2	 2	 1	541.36	  0.00
507	04	19	m	 0	 1	 7	 2	 2	 2	 2	 1	 0	 0	 1	 2	 2	 1	1056.37	  0.00
508	04	19	m	 0	 1	 7	 1	 1	 1	 1	 1	 0	 0	 1	 1	 1	 1	931.53	  0.00
509	04	19	m	 0	 1	 7	 2	 2	 0	 1	 1	 0	 0	 1	 2	 1	 0	404.13	  0.00
510	04	19	m	 0	 1	 7	 1	 1	 0	 1	 0	 0	 0	 1	 1	 1	 1	530.59	  0.00
511	04	19	m	 0	 1	 7	 2	 2	 1	 1	 1	 0	 0	 1	 2	 1	 0	490.60	  0.00
512	04	19	m	 0	 1	 8	 1	 1	 3	 2	 0	 1	 0	 0	 2	 0	 0	2000.19	  0.00
513	04	19	m	 0	 1	 8	 1	 1	 3	 2	 1	 1	 0	 0	 2	 2	 1	943.70	  0.00
514	04	19	m	 0	 1	 8	 2	 2	 2	 2	 0	 1	 0	 0	 1	 1	 1	413.13	  0.00
515	04	19	m	 0	 1	 8	 0	 1	 0	 1	 0	 1	 0	 0	 2	 2	 1	552.59	  0.00
516	04	19	m	 0	 1	 8	 2	 2	 2	 2	 0	 1	 0	 0	 1	 1	 1	506.72	  0.00
517	04	19	m	 0	 1	 8	 3	 2	 1	 1	 1	 1	 0	 0	 1	 1	 1	442.00	  0.00
518	04	19	m	 0	 1	 8	 2	 2	 2	 2	 1	 1	 0	 0	 1	 1	 1	479.76	  0.00
519	04	19	m	 0	 1	 8	 2	 2	 2	 2	 1	 1	 0	 0	 1	 2	 0	289.94	  0.00
520	04	19	m	 0	 1	 8	 3	 2	 3	 2	 1	 1	 0	 0	 1	 1	 1	497.51	  0.00
521	04	19	m	 0	 1	 8	 2	 2	 1	 1	 1	 1	 0	 0	 1	 1	 1	448.85	  0.00
522	04	19	m	 0	 1	 8	 1	 1	 2	 2	 0	 1	 0	 0	 2	 2	 1	373.17	  0.00
523	04	19	m	 0	 1	 8	 2	 2	 3	 2	 1	 1	 0	 0	 1	 1	 1	303.42	  0.00
524	04	19	m	 0	 1	 8	 3	 2	 2	 2	 1	 1	 0	 0	 1	 1	 1	426.68	  0.00
525	04	19	m	 0	 1	 8	 3	 2	 2	 2	 1	 1	 0	 0	 1	 1	 1	554.29	  0.00
526	04	19	m	 0	 1	 8	 0	 1	 3	 2	 0	 1	 0	 0	 2	 2	 1	375.03	  0.00
527	04	19	m	 0	 1	 8	 0	 1	 2	 2	 1	 1	 0	 0	 2	 2	 1	460.14	  0.00
528	04	19	m	 0	 1	 8	 0	 1	 1	 1	 1	 1	 0	 0	 2	 2	 1	428.04	  0.00
529	04	19	m	 0	 1	 8	 3	 2	 3	 2	 0	 1	 0	 0	 1	 1	 1	619.06	  0.00
530	04	19	m	 0	 1	 8	 0	 1	 3	 2	 0	 1	 0	 0	 2	 1	 0	606.71	  0.00
531	04	19	m	 0	 1	 8	 1	 1	 0	 1	 1	 1	 0	 0	 2	 2	 1	464.96	  0.00
532	04	19	m	 0	 1	 8	 3	 2	 0	 1	 1	 1	 0	 0	 1	 2	 0	340.23	  0.00
533	04	19	m	 0	 1	 8	 2	 2	 1	 1	 0	 1	 0	 0	 1	 0	 0	2000.18	  0.00
534	04	19	m	 0	 1	 8	 1	 1	 0	 1	 1	 1	 0	 0	 2	 2	 1	1002.25	  0.00
535	04	19	m	 0	 1	 8	 0	 1	 3	 2	 1	 1	 0	 0	 2	 2	 1	865.51	  0.00
536	04	19	m	 0	 1	 8	 1	 1	 2	 2	 0	 1	 0	 0	 2	 2	 1	381.89	  0.00
537	04	19	m	 0	 1	 8	 1	 1	 3	 2	 0	 1	 0	 0	 2	 2	 1	390.70	  0.00
538	04	19	m	 0	 1	 8	 3	 2	 2	 2	 0	 1	 0	 0	 1	 1	 1	424.14	  0.00
539	04	19	m	 0	 1	 8	 0	 1	 1	 1	 0	 1	 0	 0	 2	 2	 1	413.71	  0.00
540	04	19	m	 0	 1	 8	 1	 1	 1	 1	 0	 1	 0	 0	 2	 2	 1	281.05	  0.00
541	04	19	m	 0	 1	 8	 1	 1	 1	 1	 1	 1	 0	 0	 2	 2	 1	349.06	  0.00
542	04	19	m	 0	 1	 8	 2	 2	 0	 1	 1	 1	 0	 0	 1	 1	 1	352.30	  0.00
543	04	19	m	 0	 1	 8	 3	 2	 1	 1	 0	 1	 0	 0	 1	 1	 1	402.18	  0.00
544	04	19	m	 0	 1	 8	 2	 2	 3	 2	 0	 1	 0	 0	 1	 1	 1	451.09	  0.00
545	04	19	m	 0	 1	 8	 0	 1	 2	 2	 0	 1	 0	 0	 2	 2	 1	424.12	  0.00
546	04	19	m	 0	 1	 8	 0	 1	 0	 1	 0	 1	 0	 0	 2	 2	 1	382.39	  0.00
547	04	19	m	 0	 1	 8	 3	 2	 3	 2	 1	 1	 0	 0	 1	 1	 1	505.47	  0.00
548	04	19	m	 0	 1	 8	 3	 2	 0	 1	 0	 1	 0	 0	 1	 1	 1	483.02	  0.00
549	04	19	m	 0	 1	 8	 2	 2	 0	 1	 0	 1	 0	 0	 1	 1	 1	380.34	  0.00
550	04	19	m	 0	 1	 8	 3	 2	 0	 1	 1	 1	 0	 0	 1	 2	 0	263.87	  0.00
551	04	19	m	 0	 1	 8	 2	 2	 3	 2	 1	 1	 0	 0	 1	 1	 1	283.96	  0.00
552	04	19	m	 0	 1	 8	 1	 1	 2	 2	 1	 1	 0	 0	 2	 2	 1	 80.84	  0.00
553	04	19	m	 0	 1	 8	 1	 1	 2	 2	 1	 1	 0	 0	 2	 1	 0	188.07	  0.00
554	04	19	m	 0	 1	 8	 0	 1	 1	 1	 0	 1	 0	 0	 2	 2	 1	452.92	  0.00
555	04	19	m	 0	 1	 8	 3	 2	 2	 2	 0	 1	 0	 0	 1	 1	 1	412.76	  0.00
556	04	19	m	 0	 1	 8	 0	 1	 3	 2	 1	 1	 0	 0	 2	 2	 1	368.90	  0.00
557	04	19	m	 0	 1	 8	 3	 2	 1	 1	 1	 1	 0	 0	 1	 1	 1	247.19	  0.00
558	04	19	m	 0	 1	 8	 1	 1	 3	 2	 1	 1	 0	 0	 2	 2	 1	452.15	  0.00
559	04	19	m	 0	 1	 8	 2	 2	 0	 1	 0	 1	 0	 0	 1	 1	 1	254.11	  0.00
560	04	19	m	 0	 1	 8	 0	 1	 2	 2	 1	 1	 0	 0	 2	 2	 1	298.53	  0.00
561	04	19	m	 0	 1	 8	 2	 2	 1	 1	 0	 1	 0	 0	 1	 1	 1	255.86	  0.00
562	04	19	m	 0	 1	 8	 1	 1	 1	 1	 0	 1	 0	 0	 2	 2	 1	275.98	  0.00
563	04	19	m	 0	 1	 8	 1	 1	 1	 1	 1	 1	 0	 0	 2	 1	 0	282.06	  0.00
564	04	19	m	 0	 1	 8	 1	 1	 0	 1	 0	 1	 0	 0	 2	 2	 1	447.81	  0.00
565	04	19	m	 0	 1	 8	 2	 2	 0	 1	 1	 1	 0	 0	 1	 2	 0	293.46	  0.00
566	04	19	m	 0	 1	 8	 0	 1	 0	 1	 1	 1	 0	 0	 2	 2	 1	604.35	  0.00
567	04	19	m	 0	 1	 8	 3	 2	 0	 1	 0	 1	 0	 0	 1	 1	 1	504.20	  0.00
568	04	19	m	 0	 1	 8	 3	 2	 1	 1	 0	 1	 0	 0	 1	 1	 1	409.60	  0.00
569	04	19	m	 0	 1	 8	 1	 1	 0	 1	 0	 1	 0	 0	 2	 2	 1	423.93	  0.00
570	04	19	m	 0	 1	 8	 0	 1	 0	 1	 1	 1	 0	 0	 2	 2	 1	359.31	  0.00
571	04	19	m	 0	 1	 8	 3	 2	 3	 2	 0	 1	 0	 0	 1	 2	 0	387.34	  0.00
572	04	19	m	 0	 1	 8	 0	 1	 2	 2	 0	 1	 0	 0	 2	 1	 0	422.14	  0.00
573	04	19	m	 0	 1	 8	 0	 1	 1	 1	 1	 1	 0	 0	 2	 2	 1	490.99	  0.00
574	04	19	m	 0	 1	 8	 2	 2	 1	 1	 1	 1	 0	 0	 1	 1	 1	423.52	  0.00
575	04	19	m	 0	 1	 8	 2	 2	 3	 2	 0	 1	 0	 0	 1	 1	 1	538.38	  0.00
576	04	19	m	 0	 1	 9	 2	 2	 3	 2	 0	 1	 0	 0	 1	 1	 1	566.33	  0.00
577	04	19	m	 0	 1	 9	 1	 1	 0	 1	 0	 1	 0	 0	 2	 2	 1	540.09	  0.00
578	04	19	m	 0	 1	 9	 3	 2	 3	 2	 0	 1	 0	 0	 1	 1	 1	932.73	  0.00
579	04	19	m	 0	 1	 9	 2	 2	 1	 1	 1	 1	 0	 0	 1	 1	 1	596.02	  0.00
580	04	19	m	 0	 1	 9	 1	 1	 0	 1	 1	 1	 0	 0	 2	 2	 1	411.73	  0.00
581	04	19	m	 0	 1	 9	 0	 1	 3	 2	 0	 1	 0	 0	 2	 2	 1	374.99	  0.00
582	04	19	m	 0	 1	 9	 1	 1	 2	 2	 0	 1	 0	 0	 2	 2	 1	457.71	  0.00
583	04	19	m	 0	 1	 9	 3	 2	 3	 2	 0	 1	 0	 0	 1	 1	 1	374.55	  0.00
584	04	19	m	 0	 1	 9	 3	 2	 2	 2	 0	 1	 0	 0	 1	 1	 1	518.51	  0.00
585	04	19	m	 0	 1	 9	 0	 1	 3	 2	 1	 1	 0	 0	 2	 2	 1	547.01	  0.00
586	04	19	m	 0	 1	 9	 3	 2	 2	 2	 0	 1	 0	 0	 1	 1	 1	548.01	  0.00
587	04	19	m	 0	 1	 9	 0	 1	 2	 2	 1	 1	 0	 0	 2	 1	 0	402.10	  0.00
588	04	19	m	 0	 1	 9	 1	 1	 1	 1	 1	 1	 0	 0	 2	 2	 1	427.82	  0.00
589	04	19	m	 0	 1	 9	 2	 2	 2	 2	 1	 1	 0	 0	 1	 1	 1	567.66	  0.00
590	04	19	m	 0	 1	 9	 2	 2	 3	 2	 0	 1	 0	 0	 1	 1	 1	582.68	  0.00
591	04	19	m	 0	 1	 9	 1	 1	 1	 1	 0	 1	 0	 0	 2	 2	 1	471.54	  0.00
592	04	19	m	 0	 1	 9	 0	 1	 2	 2	 0	 1	 0	 0	 2	 1	 0	1193.39	  0.00
593	04	19	m	 0	 1	 9	 0	 1	 0	 1	 0	 1	 0	 0	 2	 2	 1	588.44	  0.00
594	04	19	m	 0	 1	 9	 2	 2	 0	 1	 1	 1	 0	 0	 1	 1	 1	347.17	  0.00
595	04	19	m	 0	 1	 9	 3	 2	 0	 1	 1	 1	 0	 0	 1	 1	 1	372.41	  0.00
596	04	19	m	 0	 1	 9	 2	 2	 1	 1	 0	 1	 0	 0	 1	 1	 1	463.26	  0.00
597	04	19	m	 0	 1	 9	 1	 1	 2	 2	 0	 1	 0	 0	 2	 2	 1	418.70	  0.00
598	04	19	m	 0	 1	 9	 3	 2	 1	 1	 0	 1	 0	 0	 1	 1	 1	411.78	  0.00
599	04	19	m	 0	 1	 9	 2	 2	 2	 2	 0	 1	 0	 0	 1	 1	 1	428.29	  0.00
600	04	19	m	 0	 1	 9	 0	 1	 0	 1	 1	 1	 0	 0	 2	 2	 1	403.06	  0.00
601	04	19	m	 0	 1	 9	 0	 1	 1	 1	 0	 1	 0	 0	 2	 2	 1	453.31	  0.00
602	04	19	m	 0	 1	 9	 0	 1	 2	 2	 0	 1	 0	 0	 2	 2	 1	475.24	  0.00
603	04	19	m	 0	 1	 9	 3	 2	 2	 2	 1	 1	 0	 0	 1	 1	 1	421.79	  0.00
604	04	19	m	 0	 1	 9	 3	 2	 0	 1	 0	 1	 0	 0	 1	 1	 1	431.15	  0.00
605	04	19	m	 0	 1	 9	 3	 2	 3	 2	 1	 1	 0	 0	 1	 1	 1	519.39	  0.00
606	04	19	m	 0	 1	 9	 2	 2	 0	 1	 0	 1	 0	 0	 1	 1	 1	392.53	  0.00
607	04	19	m	 0	 1	 9	 0	 1	 1	 1	 1	 1	 0	 0	 2	 2	 1	526.95	  0.00
608	04	19	m	 0	 1	 9	 2	 2	 0	 1	 1	 1	 0	 0	 1	 2	 0	448.87	  0.00
609	04	19	m	 0	 1	 9	 2	 2	 1	 1	 1	 1	 0	 0	 1	 1	 1	349.62	  0.00
610	04	19	m	 0	 1	 9	 3	 2	 0	 1	 0	 1	 0	 0	 1	 1	 1	568.49	  0.00
611	04	19	m	 0	 1	 9	 1	 1	 1	 1	 1	 1	 0	 0	 2	 2	 1	471.46	  0.00
612	04	19	m	 0	 1	 9	 0	 1	 1	 1	 0	 1	 0	 0	 2	 2	 1	449.83	  0.00
613	04	19	m	 0	 1	 9	 1	 1	 0	 1	 1	 1	 0	 0	 2	 2	 1	439.47	  0.00
614	04	19	m	 0	 1	 9	 3	 2	 2	 2	 1	 1	 0	 0	 1	 1	 1	329.55	  0.00
615	04	19	m	 0	 1	 9	 0	 1	 0	 1	 0	 1	 0	 0	 2	 2	 1	537.37	  0.00
616	04	19	m	 0	 1	 9	 0	 1	 2	 2	 1	 1	 0	 0	 2	 2	 1	391.63	  0.00
617	04	19	m	 0	 1	 9	 3	 2	 1	 1	 0	 1	 0	 0	 1	 1	 1	439.05	  0.00
618	04	19	m	 0	 1	 9	 0	 1	 1	 1	 1	 1	 0	 0	 2	 2	 1	551.56	  0.00
619	04	19	m	 0	 1	 9	 2	 2	 3	 2	 1	 1	 0	 0	 1	 1	 1	519.88	  0.00
620	04	19	m	 0	 1	 9	 0	 1	 3	 2	 0	 1	 0	 0	 2	 1	 0	507.30	  0.00
621	04	19	m	 0	 1	 9	 3	 2	 1	 1	 1	 1	 0	 0	 1	 1	 1	388.63	  0.00
622	04	19	m	 0	 1	 9	 2	 2	 0	 1	 0	 1	 0	 0	 1	 1	 1	413.90	  0.00
623	04	19	m	 0	 1	 9	 1	 1	 3	 2	 0	 1	 0	 0	 2	 2	 1	411.58	  0.00
624	04	19	m	 0	 1	 9	 3	 2	 1	 1	 1	 1	 0	 0	 1	 1	 1	314.88	  0.00
625	04	19	m	 0	 1	 9	 2	 2	 2	 2	 1	 1	 0	 0	 1	 1	 1	451.91	  0.00
626	04	19	m	 0	 1	 9	 2	 2	 2	 2	 0	 1	 0	 0	 1	 1	 1	393.41	  0.00
627	04	19	m	 0	 1	 9	 0	 1	 3	 2	 1	 1	 0	 0	 2	 2	 1	519.69	  0.00
628	04	19	m	 0	 1	 9	 1	 1	 2	 2	 1	 1	 0	 0	 2	 2	 1	471.66	  0.00
629	04	19	m	 0	 1	 9	 1	 1	 1	 1	 0	 1	 0	 0	 2	 2	 1	412.76	  0.00
630	04	19	m	 0	 1	 9	 1	 1	 0	 1	 0	 1	 0	 0	 2	 2	 1	365.03	  0.00
631	04	19	m	 0	 1	 9	 2	 2	 3	 2	 1	 1	 0	 0	 1	 1	 1	515.08	  0.00
632	04	19	m	 0	 1	 9	 2	 2	 1	 1	 0	 1	 0	 0	 1	 1	 1	469.75	  0.00
633	04	19	m	 0	 1	 9	 3	 2	 3	 2	 1	 1	 0	 0	 1	 1	 1	421.71	  0.00
634	04	19	m	 0	 1	 9	 1	 1	 2	 2	 1	 1	 0	 0	 2	 2	 1	542.71	  0.00
635	04	19	m	 0	 1	 9	 3	 2	 0	 1	 1	 1	 0	 0	 1	 1	 1	1049.61	  0.00
636	04	19	m	 0	 1	 9	 1	 1	 3	 2	 1	 1	 0	 0	 2	 2	 1	511.26	  0.00
637	04	19	m	 0	 1	 9	 1	 1	 3	 2	 1	 1	 0	 0	 2	 1	 0	572.17	  0.00
638	04	19	m	 0	 1	 9	 1	 1	 3	 2	 0	 1	 0	 0	 2	 2	 1	771.63	  0.00
639	04	19	m	 0	 1	 9	 0	 1	 0	 1	 1	 1	 0	 0	 2	 2	 1	1353.53	  0.00
640	04	19	m	 0	 1	10	 3	 2	 3	 2	 1	 1	 0	 0	 1	 1	 1	839.08	  0.00
641	04	19	m	 0	 1	10	 3	 2	 3	 2	 0	 1	 0	 0	 2	 0	 0	2000.20	  0.00
642	04	19	m	 0	 1	10	 3	 2	 3	 2	 0	 1	 0	 0	 2	 2	 1	611.85	  0.00
643	04	19	m	 0	 1	10	 1	 1	 2	 2	 0	 1	 0	 0	 2	 2	 1	549.68	  0.00
644	04	19	m	 0	 1	10	 0	 1	 1	 1	 1	 1	 0	 0	 2	 2	 1	884.69	  0.00
645	04	19	m	 0	 1	10	 3	 2	 1	 1	 0	 1	 0	 0	 1	 1	 1	533.01	  0.00
646	04	19	m	 0	 1	10	 0	 1	 3	 2	 0	 1	 0	 0	 2	 2	 1	916.74	  0.00
647	04	19	m	 0	 1	10	 2	 2	 3	 2	 1	 1	 0	 0	 1	 1	 1	473.15	  0.00
648	04	19	m	 0	 1	10	 1	 1	 3	 2	 1	 1	 0	 0	 2	 2	 1	800.35	  0.00
649	04	19	m	 0	 1	10	 2	 2	 0	 1	 0	 1	 0	 0	 1	 1	 1	506.58	  0.00
650	04	19	m	 0	 1	10	 0	 1	 0	 1	 1	 1	 0	 0	 2	 2	 1	803.53	  0.00
651	04	19	m	 0	 1	10	 0	 1	 1	 1	 1	 1	 0	 0	 2	 1	 0	950.51	  0.00
652	04	19	m	 0	 1	10	 1	 1	 1	 1	 0	 1	 0	 0	 1	 2	 0	1422.73	  0.00
653	04	19	m	 0	 1	10	 1	 1	 1	 1	 1	 1	 0	 0	 2	 2	 1	769.02	  0.00
654	04	19	m	 0	 1	10	 1	 1	 1	 1	 1	 1	 0	 0	 2	 2	 1	453.70	  0.00
655	04	19	m	 0	 1	10	 1	 1	 0	 1	 1	 1	 0	 0	 2	 2	 1	418.95	  0.00
656	04	19	m	 0	 1	10	 0	 1	 3	 2	 0	 1	 0	 0	 2	 2	 1	656.13	  0.00
657	04	19	m	 0	 1	10	 1	 1	 3	 2	 0	 1	 0	 0	 2	 2	 1	447.04	  0.00
658	04	19	m	 0	 1	10	 0	 1	 3	 2	 1	 1	 0	 0	 2	 2	 1	499.32	  0.00
659	04	19	m	 0	 1	10	 0	 1	 3	 2	 1	 1	 0	 0	 2	 1	 0	226.67	  0.00
660	04	19	m	 0	 1	10	 2	 2	 1	 1	 1	 1	 0	 0	 1	 2	 0	447.99	  0.00
661	04	19	m	 0	 1	10	 2	 2	 3	 2	 0	 1	 0	 0	 2	 2	 1	701.67	  0.00
662	04	19	m	 0	 1	10	 2	 2	 2	 2	 0	 1	 0	 0	 2	 2	 1	541.44	  0.00
663	04	19	m	 0	 1	10	 0	 1	 0	 1	 0	 1	 0	 0	 1	 1	 1	378.75	  0.00
664	04	19	m	 0	 1	10	 1	 1	 2	 2	 1	 1	 0	 0	 2	 1	 0	439.16	  0.00
665	04	19	m	 0	 1	10	 2	 2	 1	 1	 0	 1	 0	 0	 1	 1	 1	586.66	  0.00
666	04	19	m	 0	 1	10	 3	 2	 0	 1	 1	 1	 0	 0	 1	 1	 1	412.64	  0.00
667	04	19	m	 0	 1	10	 1	 1	 3	 2	 0	 1	 0	 0	 2	 2	 1	453.46	  0.00
668	04	19	m	 0	 1	10	 3	 2	 2	 2	 1	 1	 0	 0	 1	 1	 1	639.17	  0.00
669	04	19	m	 0	 1	10	 3	 2	 1	 1	 0	 1	 0	 0	 1	 1	 1	1275.90	  0.00
670	04	19	m	 0	 1	10	 2	 2	 0	 1	 1	 1	 0	 0	 1	 1	 1	755.83	  0.00
671	04	19	m	 0	 1	10	 0	 1	 0	 1	 1	 1	 0	 0	 2	 1	 0	489.44	  0.00
672	04	19	m	 0	 1	10	 0	 1	 0	 1	 0	 1	 0	 0	 1	 0	 0	2000.21	  0.00
673	04	19	m	 0	 1	10	 3	 2	 2	 2	 1	 1	 0	 0	 1	 1	 1	925.02	  0.00
674	04	19	m	 0	 1	10	 3	 2	 1	 1	 1	 1	 0	 0	 1	 1	 1	484.45	  0.00
675	04	19	m	 0	 1	10	 1	 1	 0	 1	 0	 1	 0	 0	 1	 1	 1	580.21	  0.00
676	04	19	m	 0	 1	10	 1	 1	 2	 2	 0	 1	 0	 0	 2	 2	 1	588.81	  0.00
677	04	19	m	 0	 1	10	 0	 1	 2	 2	 0	 1	 0	 0	 2	 2	 1	589.27	  0.00
678	04	19	m	 0	 1	10	 1	 1	 1	 1	 0	 1	 0	 0	 1	 1	 1	596.90	  0.00
679	04	19	m	 0	 1	10	 3	 2	 2	 2	 0	 1	 0	 0	 2	 2	 1	496.68	  0.00
680	04	19	m	 0	 1	10	 3	 2	 2	 2	 0	 1	 0	 0	 2	 2	 1	516.22	  0.00
681	04	19	m	 0	 1	10	 1	 1	 0	 1	 1	 1	 0	 0	 2	 2	 1	780.25	  0.00
682	04	19	m	 0	 1	10	 2	 2	 0	 1	 0	 1	 0	 0	 1	 1	 1	1332.85	  0.00
683	04	19	m	 0	 1	10	 1	 1	 3	 2	 1	 1	 0	 0	 2	 2	 1	778.97	  0.00
684	04	19	m	 0	 1	10	 1	 1	 2	 2	 1	 1	 0	 0	 2	 1	 0	502.70	  0.00
685	04	19	m	 0	 1	10	 2	 2	 3	 2	 0	 1	 0	 0	 2	 2	 1	586.61	  0.00
686	04	19	m	 0	 1	10	 0	 1	 1	 1	 0	 1	 0	 0	 1	 1	 1	391.17	  0.00
687	04	19	m	 0	 1	10	 3	 2	 1	 1	 1	 1	 0	 0	 1	 1	 1	709.94	  0.00
688	04	19	m	 0	 1	10	 0	 1	 2	 2	 0	 1	 0	 0	 2	 1	 0	762.08	  0.00
689	04	19	m	 0	 1	10	 3	 2	 0	 1	 0	 1	 0	 0	 1	 1	 1	699.60	  0.00
690	04	19	m	 0	 1	10	 2	 2	 2	 2	 0	 1	 0	 0	 2	 2	 1	610.11	  0.00
691	04	19	m	 0	 1	10	 2	 2	 1	 1	 0	 1	 0	 0	 1	 1	 1	504.51	  0.00
692	04	19	m	 0	 1	10	 1	 1	 0	 1	 0	 1	 0	 0	 1	 1	 1	669.93	  0.00
693	04	19	m	 0	 1	10	 2	 2	 1	 1	 1	 1	 0	 0	 1	 1	 1	444.54	  0.00
694	04	19	m	 0	 1	10	 2	 2	 3	 2	 1	 1	 0	 0	 1	 1	 1	621.94	  0.00
695	04	19	m	 0	 1	10	 2	 2	 2	 2	 1	 1	 0	 0	 1	 1	 1	535.32	  0.00
696	04	19	m	 0	 1	10	 3	 2	 0	 1	 1	 1	 0	 0	 1	 1	 1	445.97	  0.00
697	04	19	m	 0	 1	10	 0	 1	 2	 2	 1	 1	 0	 0	 2	 2	 1	462.82	  0.00
698	04	19	m	 0	 1	10	 3	 2	 0	 1	 0	 1	 0	 0	 1	 1	 1	479.97	  0.00
699	04	19	m	 0	 1	10	 2	 2	 2	 2	 1	 1	 0	 0	 1	 1	 1	574.69	  0.00
700	04	19	m	 0	 1	10	 2	 2	 0	 1	 1	 1	 0	 0	 1	 1	 1	469.00	  0.00
701	04	19	m	 0	 1	10	 0	 1	 2	 2	 1	 1	 0	 0	 2	 1	 0	442.39	  0.00
702	04	19	m	 0	 1	10	 3	 2	 3	 2	 1	 1	 0	 0	 1	 2	 0	750.19	  0.00
703	04	19	m	 0	 1	10	 0	 1	 1	 1	 0	 1	 0	 0	 1	 1	 1	756.15	  0.00
704	04	19	m	 0	 1	11	 2	 2	 2	 2	 1	 1	 0	 0	 1	 1	 1	389.25	  0.00
705	04	19	m	 0	 1	11	 1	 1	 2	 2	 0	 1	 0	 0	 2	 2	 1	787.53	  0.00
706	04	19	m	 0	 1	11	 2	 2	 2	 2	 0	 1	 0	 0	 2	 2	 1	1185.16	  0.00
707	04	19	m	 0	 1	11	 2	 2	 2	 2	 0	 1	 0	 0	 2	 2	 1	535.26	  0.00
708	04	19	m	 0	 1	11	 0	 1	 1	 1	 0	 1	 0	 0	 1	 1	 1	430.10	  0.00
709	04	19	m	 0	 1	11	 3	 2	 2	 2	 0	 1	 0	 0	 2	 1	 0	412.07	  0.00
710	04	19	m	 0	 1	11	 3	 2	 2	 2	 0	 1	 0	 0	 2	 2	 1	486.76	  0.00
711	04	19	m	 0	 1	11	 3	 2	 3	 2	 0	 1	 0	 0	 2	 1	 0	421.54	  0.00
712	04	19	m	 0	 1	11	 1	 1	 0	 1	 0	 1	 0	 0	 1	 1	 1	520.63	  0.00
713	04	19	m	 0	 1	11	 2	 2	 1	 1	 1	 1	 0	 0	 1	 1	 1	499.90	  0.00
714	04	19	m	 0	 1	11	 3	 2	 2	 2	 1	 1	 0	 0	 1	 1	 1	405.77	  0.00
715	04	19	m	 0	 1	11	 2	 2	 3	 2	 1	 1	 0	 0	 1	 1	 1	352.54	  0.00
716	04	19	m	 0	 1	11	 0	 1	 2	 2	 1	 1	 0	 0	 2	 2	 1	465.35	  0.00
717	04	19	m	 0	 1	11	 2	 2	 1	 1	 0	 1	 0	 0	 1	 1	 1	474.61	  0.00
718	04	19	m	 0	 1	11	 3	 2	 0	 1	 1	 1	 0	 0	 1	 2	 0	440.28	  0.00
719	04	19	m	 0	 1	11	 2	 2	 1	 1	 0	 1	 0	 0	 1	 1	 1	378.89	  0.00
720	04	19	m	 0	 1	11	 3	 2	 1	 1	 0	 1	 0	 0	 1	 1	 1	395.38	  0.00
721	04	19	m	 0	 1	11	 3	 2	 0	 1	 0	 1	 0	 0	 1	 1	 1	404.69	  0.00
722	04	19	m	 0	 1	11	 3	 2	 0	 1	 0	 1	 0	 0	 1	 1	 1	373.12	  0.00
723	04	19	m	 0	 1	11	 1	 1	 0	 1	 1	 1	 0	 0	 2	 1	 0	450.55	  0.00
724	04	19	m	 0	 1	11	 3	 2	 2	 2	 1	 1	 0	 0	 1	 1	 1	478.55	  0.00
725	04	19	m	 0	 1	11	 2	 2	 3	 2	 1	 1	 0	 0	 1	 1	 1	392.76	  0.00
726	04	19	m	 0	 1	11	 3	 2	 3	 2	 1	 1	 0	 0	 1	 1	 1	336.91	  0.00
727	04	19	m	 0	 1	11	 0	 1	 1	 1	 1	 1	 0	 0	 2	 1	 0	343.58	  0.00
728	04	19	m	 0	 1	11	 1	 1	 0	 1	 1	 1	 0	 0	 2	 2	 1	524.45	  0.00
729	04	19	m	 0	 1	11	 1	 1	 3	 2	 1	 1	 0	 0	 2	 2	 1	413.80	  0.00
730	04	19	m	 0	 1	11	 0	 1	 2	 2	 0	 1	 0	 0	 2	 2	 1	533.37	  0.00
731	04	19	m	 0	 1	11	 0	 1	 2	 2	 1	 1	 0	 0	 2	 2	 1	425.91	  0.00
732	04	19	m	 0	 1	11	 1	 1	 2	 2	 1	 1	 0	 0	 2	 2	 1	394.47	  0.00
733	04	19	m	 0	 1	11	 1	 1	 3	 2	 0	 1	 0	 0	 2	 2	 1	550.64	  0.00
734	04	19	m	 0	 1	11	 2	 2	 0	 1	 0	 1	 0	 0	 1	 1	 1	638.66	  0.00
735	04	19	m	 0	 1	11	 0	 1	 3	 2	 0	 1	 0	 0	 2	 2	 1	851.72	  0.00
736	04	19	m	 0	 1	11	 2	 2	 3	 2	 0	 1	 0	 0	 2	 2	 1	563.85	  0.00
737	04	19	m	 0	 1	11	 1	 1	 3	 2	 1	 1	 0	 0	 2	 2	 1	676.08	  0.00
738	04	19	m	 0	 1	11	 3	 2	 1	 1	 1	 1	 0	 0	 1	 1	 1	470.08	  0.00
739	04	19	m	 0	 1	11	 2	 2	 1	 1	 1	 1	 0	 0	 1	 1	 1	661.74	  0.00
740	04	19	m	 0	 1	11	 3	 2	 3	 2	 1	 1	 0	 0	 1	 1	 1	404.36	  0.00
741	04	19	m	 0	 1	11	 1	 1	 2	 2	 1	 1	 0	 0	 2	 2	 1	513.14	  0.00
742	04	19	m	 0	 1	11	 0	 1	 0	 1	 1	 1	 0	 0	 2	 2	 1	438.01	  0.00
743	04	19	m	 0	 1	11	 3	 2	 1	 1	 1	 1	 0	 0	 1	 1	 1	474.21	  0.00
744	04	19	m	 0	 1	11	 1	 1	 1	 1	 0	 1	 0	 0	 1	 2	 0	513.65	  0.00
745	04	19	m	 0	 1	11	 0	 1	 3	 2	 0	 1	 0	 0	 2	 2	 1	574.52	  0.00
746	04	19	m	 0	 1	11	 0	 1	 0	 1	 0	 1	 0	 0	 1	 1	 1	433.97	  0.00
747	04	19	m	 0	 1	11	 0	 1	 3	 2	 1	 1	 0	 0	 2	 1	 0	440.61	  0.00
748	04	19	m	 0	 1	11	 0	 1	 2	 2	 0	 1	 0	 0	 2	 2	 1	590.28	  0.00
749	04	19	m	 0	 1	11	 1	 1	 1	 1	 0	 1	 0	 0	 1	 1	 1	479.71	  0.00
750	04	19	m	 0	 1	11	 0	 1	 1	 1	 1	 1	 0	 0	 2	 2	 1	529.71	  0.00
751	04	19	m	 0	 1	11	 2	 2	 0	 1	 1	 1	 0	 0	 1	 1	 1	427.32	  0.00
752	04	19	m	 0	 1	11	 2	 2	 0	 1	 0	 1	 0	 0	 1	 1	 1	433.97	  0.00
753	04	19	m	 0	 1	11	 1	 1	 1	 1	 1	 1	 0	 0	 2	 2	 1	524.83	  0.00
754	04	19	m	 0	 1	11	 2	 2	 2	 2	 1	 1	 0	 0	 1	 1	 1	495.98	  0.00
755	04	19	m	 0	 1	11	 3	 2	 1	 1	 0	 1	 0	 0	 1	 1	 1	369.20	  0.00
756	04	19	m	 0	 1	11	 1	 1	 0	 1	 0	 1	 0	 0	 1	 1	 1	530.93	  0.00
757	04	19	m	 0	 1	11	 0	 1	 1	 1	 0	 1	 0	 0	 1	 1	 1	392.32	  0.00
758	04	19	m	 0	 1	11	 2	 2	 3	 2	 0	 1	 0	 0	 2	 2	 1	492.26	  0.00
759	04	19	m	 0	 1	11	 1	 1	 3	 2	 0	 1	 0	 0	 2	 2	 1	397.14	  0.00
760	04	19	m	 0	 1	11	 3	 2	 0	 1	 1	 1	 0	 0	 1	 1	 1	417.34	  0.00
761	04	19	m	 0	 1	11	 1	 1	 2	 2	 0	 1	 0	 0	 2	 2	 1	638.91	  0.00
762	04	19	m	 0	 1	11	 0	 1	 3	 2	 1	 1	 0	 0	 2	 2	 1	476.49	  0.00
763	04	19	m	 0	 1	11	 3	 2	 3	 2	 0	 1	 0	 0	 2	 2	 1	589.00	  0.00
764	04	19	m	 0	 1	11	 2	 2	 0	 1	 1	 1	 0	 0	 1	 1	 1	459.30	  0.00
765	04	19	m	 0	 1	11	 1	 1	 1	 1	 1	 1	 0	 0	 2	 2	 1	506.63	  0.00
766	04	19	m	 0	 1	11	 0	 1	 0	 1	 1	 1	 0	 0	 2	 2	 1	427.99	  0.00
767	04	19	m	 0	 1	11	 0	 1	 0	 1	 0	 1	 0	 0	 1	 1	 1	507.88	  0.00
768	04	19	m	 0	 1	12	 1	 1	 2	 2	 1	 1	 0	 0	 2	 2	 1	696.49	  0.00
769	04	19	m	 0	 1	12	 1	 1	 1	 1	 0	 1	 0	 0	 1	 1	 1	496.01	  0.00
770	04	19	m	 0	 1	12	 0	 1	 0	 1	 1	 1	 0	 0	 2	 1	 0	409.94	  0.00
771	04	19	m	 0	 1	12	 1	 1	 2	 2	 0	 1	 0	 0	 2	 2	 1	596.11	  0.00
772	04	19	m	 0	 1	12	 3	 2	 3	 2	 0	 1	 0	 0	 2	 2	 1	417.47	  0.00
773	04	19	m	 0	 1	12	 0	 1	 1	 1	 1	 1	 0	 0	 2	 2	 1	459.34	  0.00
774	04	19	m	 0	 1	12	 0	 1	 3	 2	 0	 1	 0	 0	 2	 2	 1	520.37	  0.00
775	04	19	m	 0	 1	12	 3	 2	 2	 2	 1	 1	 0	 0	 1	 1	 1	504.98	  0.00
776	04	19	m	 0	 1	12	 2	 2	 1	 1	 0	 1	 0	 0	 1	 1	 1	535.91	  0.00
777	04	19	m	 0	 1	12	 0	 1	 3	 2	 1	 1	 0	 0	 2	 2	 1	935.72	  0.00
778	04	19	m	 0	 1	12	 2	 2	 2	 2	 0	 1	 0	 0	 2	 2	 1	506.31	  0.00
779	04	19	m	 0	 1	12	 1	 1	 0	 1	 1	 1	 0	 0	 2	 1	 0	966.98	  0.00
780	04	19	m	 0	 1	12	 0	 1	 3	 2	 0	 1	 0	 0	 2	 1	 0	687.19	  0.00
781	04	19	m	 0	 1	12	 1	 1	 0	 1	 0	 1	 0	 0	 1	 1	 1	481.19	  0.00
782	04	19	m	 0	 1	12	 3	 2	 3	 2	 1	 1	 0	 0	 1	 1	 1	667.22	  0.00
783	04	19	m	 0	 1	12	 3	 2	 2	 2	 1	 1	 0	 0	 1	 1	 1	396.03	  0.00
784	04	19	m	 0	 1	12	 3	 2	 0	 1	 1	 1	 0	 0	 1	 1	 1	409.73	  0.00
785	04	19	m	 0	 1	12	 3	 2	 1	 1	 1	 1	 0	 0	 1	 1	 1	371.09	  0.00
786	04	19	m	 0	 1	12	 1	 1	 1	 1	 1	 1	 0	 0	 2	 2	 1	488.32	  0.00
787	04	19	m	 0	 1	12	 1	 1	 3	 2	 1	 1	 0	 0	 2	 2	 1	453.90	  0.00
788	04	19	m	 0	 1	12	 1	 1	 2	 2	 1	 1	 0	 0	 2	 2	 1	482.29	  0.00
789	04	19	m	 0	 1	12	 0	 1	 2	 2	 0	 1	 0	 0	 2	 2	 1	684.65	  0.00
790	04	19	m	 0	 1	12	 1	 1	 0	 1	 0	 1	 0	 0	 1	 2	 0	698.94	  0.00
791	04	19	m	 0	 1	12	 3	 2	 2	 2	 0	 1	 0	 0	 2	 1	 0	596.37	  0.00
792	04	19	m	 0	 1	12	 2	 2	 3	 2	 0	 1	 0	 0	 2	 2	 1	564.55	  0.00
793	04	19	m	 0	 1	12	 2	 2	 2	 2	 1	 1	 0	 0	 1	 1	 1	524.78	  0.00
794	04	19	m	 0	 1	12	 2	 2	 1	 1	 0	 1	 0	 0	 1	 1	 1	519.30	  0.00
795	04	19	m	 0	 1	12	 1	 1	 1	 1	 1	 1	 0	 0	 2	 2	 1	530.17	  0.00
796	04	19	m	 0	 1	12	 1	 1	 1	 1	 0	 1	 0	 0	 1	 1	 1	556.44	  0.00
797	04	19	m	 0	 1	12	 2	 2	 1	 1	 1	 1	 0	 0	 1	 1	 1	565.73	  0.00
798	04	19	m	 0	 1	12	 3	 2	 1	 1	 1	 1	 0	 0	 1	 1	 1	422.55	  0.00
799	04	19	m	 0	 1	12	 2	 2	 2	 2	 1	 1	 0	 0	 1	 1	 1	407.44	  0.00
800	04	19	m	 0	 1	12	 2	 2	 0	 1	 0	 1	 0	 0	 1	 1	 1	509.30	  0.00
801	04	19	m	 0	 1	12	 0	 1	 1	 1	 1	 1	 0	 0	 2	 2	 1	635.38	  0.00
802	04	19	m	 0	 1	12	 1	 1	 3	 2	 0	 1	 0	 0	 2	 2	 1	900.13	  0.00
803	04	19	m	 0	 1	12	 0	 1	 0	 1	 0	 1	 0	 0	 1	 2	 0	692.79	  0.00
804	04	19	m	 0	 1	12	 0	 1	 2	 2	 0	 1	 0	 0	 2	 2	 1	565.74	  0.00
805	04	19	m	 0	 1	12	 1	 1	 2	 2	 0	 1	 0	 0	 2	 2	 1	591.17	  0.00
806	04	19	m	 0	 1	12	 0	 1	 2	 2	 1	 1	 0	 0	 2	 1	 0	1171.39	  0.00
807	04	19	m	 0	 1	12	 2	 2	 0	 1	 1	 1	 0	 0	 1	 1	 1	651.88	  0.00
808	04	19	m	 0	 1	12	 0	 1	 1	 1	 0	 1	 0	 0	 1	 1	 1	614.64	  0.00
809	04	19	m	 0	 1	12	 2	 2	 0	 1	 0	 1	 0	 0	 1	 1	 1	452.35	  0.00
810	04	19	m	 0	 1	12	 2	 2	 3	 2	 1	 1	 0	 0	 1	 1	 1	630.13	  0.00
811	04	19	m	 0	 1	12	 3	 2	 0	 1	 0	 1	 0	 0	 1	 1	 1	418.88	  0.00
812	04	19	m	 0	 1	12	 0	 1	 3	 2	 1	 1	 0	 0	 2	 2	 1	451.63	  0.00
813	04	19	m	 0	 1	12	 3	 2	 1	 1	 0	 1	 0	 0	 1	 1	 1	466.37	  0.00
814	04	19	m	 0	 1	12	 1	 1	 3	 2	 0	 1	 0	 0	 2	 2	 1	494.59	  0.00
815	04	19	m	 0	 1	12	 3	 2	 3	 2	 1	 1	 0	 0	 1	 1	 1	487.47	  0.00
816	04	19	m	 0	 1	12	 2	 2	 1	 1	 1	 1	 0	 0	 1	 1	 1	409.65	  0.00
817	04	19	m	 0	 1	12	 0	 1	 0	 1	 0	 1	 0	 0	 1	 2	 0	427.09	  0.00
818	04	19	m	 0	 1	12	 1	 1	 3	 2	 1	 1	 0	 0	 2	 2	 1	580.24	  0.00
819	04	19	m	 0	 1	12	 0	 1	 2	 2	 1	 1	 0	 0	 2	 2	 1	431.91	  0.00
820	04	19	m	 0	 1	12	 0	 1	 1	 1	 0	 1	 0	 0	 1	 1	 1	448.53	  0.00
821	04	19	m	 0	 1	12	 3	 2	 3	 2	 0	 1	 0	 0	 2	 2	 1	487.64	  0.00
822	04	19	m	 0	 1	12	 3	 2	 0	 1	 0	 1	 0	 0	 1	 1	 1	447.92	  0.00
823	04	19	m	 0	 1	12	 1	 1	 0	 1	 1	 1	 0	 0	 2	 2	 1	601.36	  0.00
824	04	19	m	 0	 1	12	 2	 2	 3	 2	 1	 1	 0	 0	 1	 1	 1	708.03	  0.00
825	04	19	m	 0	 1	12	 3	 2	 2	 2	 0	 1	 0	 0	 2	 2	 1	545.86	  0.00
826	04	19	m	 0	 1	12	 3	 2	 1	 1	 0	 1	 0	 0	 1	 1	 1	456.94	  0.00
827	04	19	m	 0	 1	12	 2	 2	 3	 2	 0	 1	 0	 0	 2	 2	 1	496.17	  0.00
828	04	19	m	 0	 1	12	 0	 1	 0	 1	 1	 1	 0	 0	 2	 2	 1	663.15	  0.00
829	04	19	m	 0	 1	12	 2	 2	 2	 2	 0	 1	 0	 0	 2	 2	 1	499.77	  0.00
830	04	19	m	 0	 1	12	 2	 2	 0	 1	 1	 1	 0	 0	 1	 1	 1	468.03	  0.00
831	04	19	m	 0	 1	12	 3	 2	 0	 1	 1	 1	 0	 0	 1	 1	 1	431.10	  0.00
832	04	19	m	 0	 1	13	 2	 2	 2	 2	 1	 1	 0	 0	 1	 1	 1	445.63	  0.00
833	04	19	m	 0	 1	13	 0	 1	 0	 1	 1	 1	 0	 0	 2	 1	 0	411.57	  0.00
834	04	19	m	 0	 1	13	 2	 2	 1	 1	 0	 1	 0	 0	 1	 1	 1	597.65	  0.00
835	04	19	m	 0	 1	13	 2	 2	 3	 2	 1	 1	 0	 0	 1	 1	 1	459.82	  0.00
836	04	19	m	 0	 1	13	 0	 1	 2	 2	 1	 1	 0	 0	 2	 2	 1	645.91	  0.00
837	04	19	m	 0	 1	13	 3	 2	 0	 1	 1	 1	 0	 0	 1	 1	 1	475.33	  0.00
838	04	19	m	 0	 1	13	 2	 2	 0	 1	 1	 1	 0	 0	 1	 1	 1	465.57	  0.00
839	04	19	m	 0	 1	13	 3	 2	 3	 2	 1	 1	 0	 0	 1	 1	 1	438.45	  0.00
840	04	19	m	 0	 1	13	 1	 1	 3	 2	 0	 1	 0	 0	 2	 2	 1	523.88	  0.00
841	04	19	m	 0	 1	13	 2	 2	 1	 1	 0	 1	 0	 0	 1	 1	 1	565.67	  0.00
842	04	19	m	 0	 1	13	 2	 2	 2	 2	 0	 1	 0	 0	 2	 2	 1	438.81	  0.00
843	04	19	m	 0	 1	13	 2	 2	 1	 1	 1	 1	 0	 0	 1	 1	 1	559.50	  0.00
844	04	19	m	 0	 1	13	 3	 2	 1	 1	 0	 1	 0	 0	 1	 1	 1	541.54	  0.00
845	04	19	m	 0	 1	13	 3	 2	 1	 1	 1	 1	 0	 0	 1	 1	 1	428.27	  0.00
846	04	19	m	 0	 1	13	 1	 1	 3	 2	 0	 1	 0	 0	 2	 2	 1	597.98	  0.00
847	04	19	m	 0	 1	13	 1	 1	 2	 2	 1	 1	 0	 0	 2	 2	 1	434.88	  0.00
848	04	19	m	 0	 1	13	 1	 1	 2	 2	 1	 1	 0	 0	 2	 2	 1	416.67	  0.00
849	04	19	m	 0	 1	13	 0	 1	 1	 1	 1	 1	 0	 0	 2	 2	 1	439.65	  0.00
850	04	19	m	 0	 1	13	 2	 2	 2	 2	 0	 1	 0	 0	 2	 2	 1	544.14	  0.00
851	04	19	m	 0	 1	13	 1	 1	 1	 1	 0	 1	 0	 0	 1	 1	 1	398.15	  0.00
852	04	19	m	 0	 1	13	 0	 1	 1	 1	 0	 1	 0	 0	 1	 1	 1	472.71	  0.00
853	04	19	m	 0	 1	13	 1	 1	 2	 2	 0	 1	 0	 0	 2	 2	 1	688.67	  0.00
854	04	19	m	 0	 1	13	 1	 1	 0	 1	 1	 1	 0	 0	 2	 2	 1	635.04	  0.00
855	04	19	m	 0	 1	13	 0	 1	 0	 1	 0	 1	 0	 0	 1	 2	 0	418.28	  0.00
856	04	19	m	 0	 1	13	 2	 2	 3	 2	 0	 1	 0	 0	 2	 2	 1	628.92	  0.00
857	04	19	m	 0	 1	13	 1	 1	 1	 1	 1	 1	 0	 0	 2	 2	 1	443.79	  0.00
858	04	19	m	 0	 1	13	 0	 1	 2	 2	 0	 1	 0	 0	 2	 2	 1	420.28	  0.00
859	04	19	m	 0	 1	13	 2	 2	 3	 2	 1	 1	 0	 0	 1	 1	 1	413.25	  0.00
860	04	19	m	 0	 1	13	 1	 1	 0	 1	 0	 1	 0	 0	 1	 1	 1	517.80	  0.00
861	04	19	m	 0	 1	13	 2	 2	 1	 1	 1	 1	 0	 0	 1	 1	 1	385.52	  0.00
862	04	19	m	 0	 1	13	 2	 2	 0	 1	 0	 1	 0	 0	 1	 1	 1	362.18	  0.00
863	04	19	m	 0	 1	13	 3	 2	 2	 2	 1	 1	 0	 0	 1	 1	 1	531.93	  0.00
864	04	19	m	 0	 1	13	 1	 1	 1	 1	 1	 1	 0	 0	 2	 1	 0	402.45	  0.00
865	04	19	m	 0	 1	13	 3	 2	 1	 1	 1	 1	 0	 0	 1	 1	 1	558.68	  0.00
866	04	19	m	 0	 1	13	 0	 1	 3	 2	 1	 1	 0	 0	 2	 1	 0	434.52	  0.00
867	04	19	m	 0	 1	13	 2	 2	 2	 2	 1	 1	 0	 0	 1	 1	 1	411.01	  0.00
868	04	19	m	 0	 1	13	 2	 2	 3	 2	 0	 1	 0	 0	 2	 2	 1	424.90	  0.00
869	04	19	m	 0	 1	13	 0	 1	 3	 2	 1	 1	 0	 0	 2	 1	 0	466.82	  0.00
870	04	19	m	 0	 1	13	 0	 1	 2	 2	 1	 1	 0	 0	 2	 2	 1	549.31	  0.00
871	04	19	m	 0	 1	13	 3	 2	 2	 2	 1	 1	 0	 0	 1	 1	 1	526.00	  0.00
872	04	19	m	 0	 1	13	 3	 2	 3	 2	 1	 1	 0	 0	 1	 1	 1	488.93	  0.00
873	04	19	m	 0	 1	13	 2	 2	 0	 1	 1	 1	 0	 0	 1	 1	 1	383.95	  0.00
874	04	19	m	 0	 1	13	 1	 1	 0	 1	 1	 1	 0	 0	 2	 2	 1	559.20	  0.00
875	04	19	m	 0	 1	13	 3	 2	 1	 1	 0	 1	 0	 0	 1	 1	 1	557.54	  0.00
876	04	19	m	 0	 1	13	 3	 2	 2	 2	 0	 1	 0	 0	 2	 1	 0	329.27	  0.00
877	04	19	m	 0	 1	13	 0	 1	 2	 2	 0	 1	 0	 0	 2	 2	 1	524.49	  0.00
878	04	19	m	 0	 1	13	 0	 1	 1	 1	 1	 1	 0	 0	 2	 2	 1	502.80	  0.00
879	04	19	m	 0	 1	13	 1	 1	 3	 2	 1	 1	 0	 0	 2	 2	 1	490.15	  0.00
880	04	19	m	 0	 1	13	 3	 2	 0	 1	 0	 1	 0	 0	 1	 1	 1	589.07	  0.00
881	04	19	m	 0	 1	13	 0	 1	 0	 1	 1	 1	 0	 0	 2	 2	 1	554.59	  0.00
882	04	19	m	 0	 1	13	 0	 1	 3	 2	 0	 1	 0	 0	 2	 2	 1	669.84	  0.00
883	04	19	m	 0	 1	13	 3	 2	 2	 2	 0	 1	 0	 0	 2	 1	 0	940.00	  0.00
884	04	19	m	 0	 1	13	 1	 1	 1	 1	 0	 1	 0	 0	 1	 1	 1	869.63	  0.00
885	04	19	m	 0	 1	13	 3	 2	 3	 2	 0	 1	 0	 0	 2	 2	 1	366.94	  0.00
886	04	19	m	 0	 1	13	 1	 1	 2	 2	 0	 1	 0	 0	 2	 2	 1	647.23	  0.00
887	04	19	m	 0	 1	13	 0	 1	 1	 1	 0	 1	 0	 0	 1	 1	 1	639.86	  0.00
888	04	19	m	 0	 1	13	 0	 1	 3	 2	 0	 1	 0	 0	 2	 2	 1	537.27	  0.00
889	04	19	m	 0	 1	13	 3	 2	 0	 1	 0	 1	 0	 0	 1	 2	 0	432.26	  0.00
890	04	19	m	 0	 1	13	 0	 1	 0	 1	 0	 1	 0	 0	 1	 1	 1	533.96	  0.00
891	04	19	m	 0	 1	13	 3	 2	 0	 1	 1	 1	 0	 0	 1	 1	 1	796.08	  0.00
892	04	19	m	 0	 1	13	 3	 2	 3	 2	 0	 1	 0	 0	 2	 2	 1	587.33	  0.00
893	04	19	m	 0	 1	13	 1	 1	 3	 2	 1	 1	 0	 0	 2	 2	 1	565.55	  0.00
894	04	19	m	 0	 1	13	 1	 1	 0	 1	 0	 1	 0	 0	 1	 1	 1	678.09	  0.00
895	04	19	m	 0	 1	13	 2	 2	 0	 1	 0	 1	 0	 0	 1	 1	 1	477.57	  0.00
