00	35	23	m	 1	 2	 0	 0	 1	 3	 2	 1	 0	 0	 0	 1	 1	 1	1165.31	  0.00
01	35	23	m	 1	 2	 0	 3	 2	 1	 1	 0	 0	 0	 0	 2	 2	 1	1238.29	  0.00
02	35	23	m	 1	 2	 0	 0	 1	 0	 1	 1	 0	 0	 0	 1	 1	 1	837.99	  0.00
03	35	23	m	 1	 2	 0	 2	 2	 1	 1	 0	 0	 0	 0	 2	 2	 1	560.74	  0.00
04	35	23	m	 1	 2	 0	 3	 2	 1	 1	 1	 0	 0	 0	 2	 2	 1	595.53	  0.00
05	35	23	m	 1	 2	 0	 1	 1	 3	 2	 1	 0	 0	 0	 1	 1	 1	476.91	  0.00
06	35	23	m	 1	 2	 0	 3	 2	 0	 1	 0	 0	 0	 0	 2	 2	 1	482.76	  0.00
07	35	23	m	 1	 2	 0	 0	 1	 2	 2	 0	 0	 0	 0	 1	 1	 1	439.33	  0.00
08	35	23	m	 1	 2	 0	 2	 2	 3	 2	 1	 0	 0	 0	 2	 2	 1	663.60	  0.00
09	35	23	m	 1	 2	 0	 1	 1	 3	 2	 0	 0	 0	 0	 1	 1	 1	490.10	  0.00
10	35	23	m	 1	 2	 0	 3	 2	 0	 1	 1	 0	 0	 0	 2	 2	 1	438.24	  0.00
11	35	23	m	 1	 2	 0	 2	 2	 3	 2	 0	 0	 0	 0	 2	 2	 1	528.44	  0.00
12	35	23	m	 1	 2	 0	 3	 2	 2	 2	 0	 0	 0	 0	 2	 2	 1	566.80	  0.00
13	35	23	m	 1	 2	 0	 0	 1	 1	 1	 0	 0	 0	 0	 1	 1	 1	523.92	  0.00
14	35	23	m	 1	 2	 0	 1	 1	 3	 2	 1	 0	 0	 0	 1	 1	 1	709.35	  0.00
15	35	23	m	 1	 2	 0	 0	 1	 0	 1	 1	 0	 0	 0	 1	 1	 1	592.67	  0.00
16	35	23	m	 1	 2	 0	 0	 1	 3	 2	 0	 0	 0	 0	 1	 1	 1	541.30	  0.00
17	35	23	m	 1	 2	 0	 2	 2	 2	 2	 0	 0	 0	 0	 2	 2	 1	514.76	  0.00
18	35	23	m	 1	 2	 0	 3	 2	 3	 2	 1	 0	 0	 0	 2	 2	 1	552.24	  0.00
19	35	23	m	 1	 2	 0	 3	 2	 2	 2	 1	 0	 0	 0	 2	 2	 1	435.82	  0.00
20	35	23	m	 1	 2	 0	 2	 2	 0	 1	 0	 0	 0	 0	 2	 2	 1	458.31	  0.00
21	35	23	m	 1	 2	 0	 0	 1	 2	 2	 1	 0	 0	 0	 1	 1	 1	464.34	  0.00
22	35	23	m	 1	 2	 0	 0	 1	 0	 1	 0	 0	 0	 0	 1	 1	 1	454.06	  0.00
23	35	23	m	 1	 2	 0	 0	 1	 0	 1	 0	 0	 0	 0	 1	 1	 1	394.81	  0.00
24	35	23	m	 1	 2	 0	 1	 1	 0	 1	 0	 0	 0	 0	 1	 1	 1	653.67	  0.00
25	35	23	m	 1	 2	 0	 1	 1	 1	 1	 0	 0	 0	 0	 1	 1	 1	463.72	  0.00
26	35	23	m	 1	 2	 0	 1	 1	 0	 1	 0	 0	 0	 0	 1	 1	 1	436.19	  0.00
27	35	23	m	 1	 2	 0	 2	 2	 2	 2	 1	 0	 0	 0	 2	 2	 1	483.07	  0.00
28	35	23	m	 1	 2	 0	 0	 1	 1	 1	 1	 0	 0	 0	 1	 1	 1	742.03	  0.00
29	35	23	m	 1	 2	 0	 3	 2	 1	 1	 0	 0	 0	 0	 2	 2	 1	641.37	  0.00
30	35	23	m	 1	 2	 0	 2	 2	 0	 1	 1	 0	 0	 0	 2	 2	 1	508.66	  0.00
31	35	23	m	 1	 2	 0	 3	 2	 2	 2	 0	 0	 0	 0	 2	 2	 1	400.39	  0.00
32	35	23	m	 1	 2	 0	 2	 2	 0	 1	 0	 0	 0	 0	 2	 2	 1	454.52	  0.00
33	35	23	m	 1	 2	 0	 3	 2	 3	 2	 1	 0	 0	 0	 2	 2	 1	387.10	  0.00
34	35	23	m	 1	 2	 0	 3	 2	 2	 2	 1	 0	 0	 0	 2	 2	 1	523.78	  0.00
35	35	23	m	 1	 2	 0	 2	 2	 1	 1	 1	 0	 0	 0	 2	 2	 1	374.68	  0.00
36	35	23	m	 1	 2	 0	 1	 1	 2	 2	 1	 0	 0	 0	 1	 1	 1	576.73	  0.00
37	35	23	m	 1	 2	 0	 2	 2	 1	 1	 1	 0	 0	 0	 2	 2	 1	664.21	  0.00
38	35	23	m	 1	 2	 0	 0	 1	 2	 2	 1	 0	 0	 0	 1	 1	 1	490.18	  0.00
39	35	23	m	 1	 2	 0	 0	 1	 1	 1	 1	 0	 0	 0	 1	 1	 1	439.30	  0.00
40	35	23	m	 1	 2	 0	 3	 2	 0	 1	 1	 0	 0	 0	 2	 2	 1	550.39	  0.00
41	35	23	m	 1	 2	 0	 1	 1	 1	 1	 1	 0	 0	 0	 1	 1	 1	498.55	  0.00
42	35	23	m	 1	 2	 0	 1	 1	 2	 2	 0	 0	 0	 0	 1	 1	 1	611.29	  0.00
43	35	23	m	 1	 2	 0	 1	 1	 2	 2	 1	 0	 0	 0	 1	 1	 1	625.24	  0.00
44	35	23	m	 1	 2	 0	 2	 2	 1	 1	 0	 0	 0	 0	 2	 2	 1	467.88	  0.00
45	35	23	m	 1	 2	 0	 2	 2	 2	 2	 0	 0	 0	 0	 2	 2	 1	457.63	  0.00
46	35	23	m	 1	 2	 0	 1	 1	 2	 2	 0	 0	 0	 0	 1	 1	 1	512.62	  0.00
47	35	23	m	 1	 2	 0	 1	 1	 0	 1	 1	 0	 0	 0	 1	 1	 1	427.95	  0.00
48	35	23	m	 1	 2	 0	 1	 1	 1	 1	 1	 0	 0	 0	 1	 1	 1	474.76	  0.00
49	35	23	m	 1	 2	 0	 3	 2	 3	 2	 0	 0	 0	 0	 2	 2	 1	578.73	  0.00
50	35	23	m	 1	 2	 0	 0	 1	 3	 2	 1	 0	 0	 0	 1	 1	 1	478.42	  0.00
51	35	23	m	 1	 2	 0	 0	 1	 1	 1	 0	 0	 0	 0	 1	 1	 1	492.70	  0.00
52	35	23	m	 1	 2	 0	 2	 2	 2	 2	 1	 0	 0	 0	 2	 2	 1	399.96	  0.00
53	35	23	m	 1	 2	 0	 0	 1	 3	 2	 0	 0	 0	 0	 1	 1	 1	570.05	  0.00
54	35	23	m	 1	 2	 0	 2	 2	 0	 1	 1	 0	 0	 0	 2	 2	 1	436.24	  0.00
55	35	23	m	 1	 2	 0	 3	 2	 0	 1	 0	 0	 0	 0	 2	 2	 1	499.41	  0.00
56	35	23	m	 1	 2	 0	 1	 1	 1	 1	 0	 0	 0	 0	 1	 1	 1	456.34	  0.00
57	35	23	m	 1	 2	 0	 2	 2	 3	 2	 0	 0	 0	 0	 2	 2	 1	487.00	  0.00
58	35	23	m	 1	 2	 0	 0	 1	 2	 2	 0	 0	 0	 0	 1	 1	 1	427.47	  0.00
59	35	23	m	 1	 2	 0	 2	 2	 3	 2	 1	 0	 0	 0	 2	 2	 1	458.28	  0.00
60	35	23	m	 1	 2	 0	 1	 1	 3	 2	 0	 0	 0	 0	 1	 1	 1	480.65	  0.00
61	35	23	m	 1	 2	 0	 3	 2	 3	 2	 0	 0	 0	 0	 2	 2	 1	444.98	  0.00
62	35	23	m	 1	 2	 0	 3	 2	 1	 1	 1	 0	 0	 0	 2	 2	 1	507.96	  0.00
63	35	23	m	 1	 2	 0	 1	 1	 0	 1	 1	 0	 0	 0	 1	 1	 1	464.82	  0.00
64	35	23	m	 1	 2	 1	 2	 2	 0	 1	 1	 0	 0	 0	 2	 2	 1	564.72	  0.00
65	35	23	m	 1	 2	 1	 3	 2	 2	 2	 1	 0	 0	 0	 2	 2	 1	424.35	  0.00
66	35	23	m	 1	 2	 1	 1	 1	 3	 2	 0	 0	 0	 0	 1	 1	 1	512.61	  0.00
67	35	23	m	 1	 2	 1	 2	 2	 1	 1	 0	 0	 0	 0	 2	 2	 1	421.18	  0.00
68	35	23	m	 1	 2	 1	 3	 2	 2	 2	 0	 0	 0	 0	 2	 2	 1	435.94	  0.00
69	35	23	m	 1	 2	 1	 3	 2	 0	 1	 0	 0	 0	 0	 2	 2	 1	376.11	  0.00
70	35	23	m	 1	 2	 1	 0	 1	 3	 2	 1	 0	 0	 0	 1	 1	 1	423.40	  0.00
71	35	23	m	 1	 2	 1	 3	 2	 1	 1	 0	 0	 0	 0	 2	 2	 1	438.32	  0.00
72	35	23	m	 1	 2	 1	 2	 2	 1	 1	 0	 0	 0	 0	 2	 2	 1	493.75	  0.00
73	35	23	m	 1	 2	 1	 0	 1	 3	 2	 0	 0	 0	 0	 1	 1	 1	443.12	  0.00
74	35	23	m	 1	 2	 1	 3	 2	 2	 2	 1	 0	 0	 0	 2	 2	 1	449.42	  0.00
75	35	23	m	 1	 2	 1	 2	 2	 2	 2	 1	 0	 0	 0	 2	 2	 1	431.68	  0.00
76	35	23	m	 1	 2	 1	 3	 2	 0	 1	 1	 0	 0	 0	 2	 2	 1	405.58	  0.00
77	35	23	m	 1	 2	 1	 1	 1	 1	 1	 0	 0	 0	 0	 1	 1	 1	436.47	  0.00
78	35	23	m	 1	 2	 1	 0	 1	 1	 1	 0	 0	 0	 0	 1	 1	 1	459.54	  0.00
79	35	23	m	 1	 2	 1	 2	 2	 3	 2	 1	 0	 0	 0	 2	 2	 1	521.91	  0.00
80	35	23	m	 1	 2	 1	 2	 2	 0	 1	 0	 0	 0	 0	 2	 2	 1	862.90	  0.00
81	35	23	m	 1	 2	 1	 1	 1	 1	 1	 1	 0	 0	 0	 1	 1	 1	428.40	  0.00
82	35	23	m	 1	 2	 1	 0	 1	 0	 1	 0	 0	 0	 0	 1	 1	 1	369.25	  0.00
83	35	23	m	 1	 2	 1	 1	 1	 3	 2	 1	 0	 0	 0	 1	 1	 1	392.65	  0.00
84	35	23	m	 1	 2	 1	 3	 2	 0	 1	 0	 0	 0	 0	 2	 2	 1	668.58	  0.00
85	35	23	m	 1	 2	 1	 3	 2	 1	 1	 0	 0	 0	 0	 2	 2	 1	601.37	  0.00
86	35	23	m	 1	 2	 1	 1	 1	 1	 1	 1	 0	 0	 0	 1	 1	 1	436.18	  0.00
87	35	23	m	 1	 2	 1	 3	 2	 1	 1	 1	 0	 0	 0	 2	 2	 1	417.07	  0.00
88	35	23	m	 1	 2	 1	 3	 2	 0	 1	 1	 0	 0	 0	 2	 2	 1	611.37	  0.00
89	35	23	m	 1	 2	 1	 2	 2	 3	 2	 0	 0	 0	 0	 2	 2	 1	405.48	  0.00
90	35	23	m	 1	 2	 1	 0	 1	 2	 2	 1	 0	 0	 0	 1	 1	 1	444.73	  0.00
91	35	23	m	 1	 2	 1	 0	 1	 2	 2	 1	 0	 0	 0	 1	 1	 1	386.19	  0.00
92	35	23	m	 1	 2	 1	 2	 2	 0	 1	 0	 0	 0	 0	 2	 2	 1	564.18	  0.00
93	35	23	m	 1	 2	 1	 2	 2	 2	 2	 0	 0	 0	 0	 2	 2	 1	537.63	  0.00
94	35	23	m	 1	 2	 1	 1	 1	 2	 2	 0	 0	 0	 0	 1	 1	 1	1066.31	  0.00
95	35	23	m	 1	 2	 1	 2	 2	 2	 2	 0	 0	 0	 0	 2	 2	 1	558.08	  0.00
96	35	23	m	 1	 2	 1	 0	 1	 0	 1	 1	 0	 0	 0	 1	 1	 1	677.59	  0.00
97	35	23	m	 1	 2	 1	 0	 1	 2	 2	 0	 0	 0	 0	 1	 1	 1	683.89	  0.00
98	35	23	m	 1	 2	 1	 2	 2	 3	 2	 0	 0	 0	 0	 2	 2	 1	534.79	  0.00
99	35	23	m	 1	 2	 1	 1	 1	 2	 2	 0	 0	 0	 0	 1	 1	 1	443.45	  0.00
100	35	23	m	 1	 2	 1	 3	 2	 3	 2	 1	 0	 0	 0	 2	 2	 1	556.05	  0.00
101	35	23	m	 1	 2	 1	 0	 1	 3	 2	 1	 0	 0	 0	 1	 1	 1	856.27	  0.00
102	35	23	m	 1	 2	 1	 2	 2	 3	 2	 1	 0	 0	 0	 2	 2	 1	503.16	  0.00
103	35	23	m	 1	 2	 1	 1	 1	 2	 2	 1	 0	 0	 0	 1	 1	 1	460.67	  0.00
104	35	23	m	 1	 2	 1	 0	 1	 0	 1	 1	 0	 0	 0	 1	 1	 1	482.57	  0.00
105	35	23	m	 1	 2	 1	 0	 1	 1	 1	 1	 0	 0	 0	 1	 1	 1	366.55	  0.00
106	35	23	m	 1	 2	 1	 0	 1	 1	 1	 1	 0	 0	 0	 1	 1	 1	528.22	  0.00
107	35	23	m	 1	 2	 1	 3	 2	 3	 2	 0	 0	 0	 0	 2	 2	 1	583.53	  0.00
108	35	23	m	 1	 2	 1	 0	 1	 2	 2	 0	 0	 0	 0	 1	 1	 1	491.79	  0.00
109	35	23	m	 1	 2	 1	 1	 1	 0	 1	 1	 0	 0	 0	 1	 1	 1	514.79	  0.00
110	35	23	m	 1	 2	 1	 1	 1	 1	 1	 0	 0	 0	 0	 1	 1	 1	447.78	  0.00
111	35	23	m	 1	 2	 1	 3	 2	 1	 1	 1	 0	 0	 0	 2	 2	 1	405.19	  0.00
112	35	23	m	 1	 2	 1	 1	 1	 0	 1	 1	 0	 0	 0	 1	 1	 1	428.29	  0.00
113	35	23	m	 1	 2	 1	 0	 1	 0	 1	 0	 0	 0	 0	 1	 1	 1	426.73	  0.00
114	35	23	m	 1	 2	 1	 2	 2	 1	 1	 1	 0	 0	 0	 2	 2	 1	652.58	  0.00
115	35	23	m	 1	 2	 1	 0	 1	 3	 2	 0	 0	 0	 0	 1	 1	 1	487.43	  0.00
116	35	23	m	 1	 2	 1	 2	 2	 2	 2	 1	 0	 0	 0	 2	 2	 1	444.97	  0.00
117	35	23	m	 1	 2	 1	 1	 1	 3	 2	 1	 0	 0	 0	 1	 1	 1	508.41	  0.00
118	35	23	m	 1	 2	 1	 2	 2	 1	 1	 1	 0	 0	 0	 2	 2	 1	628.66	  0.00
119	35	23	m	 1	 2	 1	 3	 2	 3	 2	 0	 0	 0	 0	 2	 2	 1	496.82	  0.00
120	35	23	m	 1	 2	 1	 1	 1	 0	 1	 0	 0	 0	 0	 1	 1	 1	478.85	  0.00
121	35	23	m	 1	 2	 1	 1	 1	 2	 2	 1	 0	 0	 0	 1	 1	 1	534.30	  0.00
122	35	23	m	 1	 2	 1	 3	 2	 3	 2	 1	 0	 0	 0	 2	 2	 1	459.08	  0.00
123	35	23	m	 1	 2	 1	 0	 1	 1	 1	 0	 0	 0	 0	 1	 1	 1	512.79	  0.00
124	35	23	m	 1	 2	 1	 1	 1	 3	 2	 0	 0	 0	 0	 1	 1	 1	520.02	  0.00
125	35	23	m	 1	 2	 1	 1	 1	 0	 1	 0	 0	 0	 0	 1	 1	 1	363.24	  0.00
126	35	23	m	 1	 2	 1	 3	 2	 2	 2	 0	 0	 0	 0	 2	 2	 1	630.93	  0.00
127	35	23	m	 1	 2	 1	 2	 2	 0	 1	 1	 0	 0	 0	 2	 2	 1	694.35	  0.00
128	35	23	m	 1	 2	 2	 1	 1	 0	 1	 0	 0	 0	 0	 1	 1	 1	886.36	  0.00
129	35	23	m	 1	 2	 2	 3	 2	 1	 1	 1	 0	 0	 0	 1	 1	 1	606.23	  0.00
130	35	23	m	 1	 2	 2	 3	 2	 0	 1	 0	 0	 0	 0	 1	 1	 1	594.87	  0.00
131	35	23	m	 1	 2	 2	 2	 2	 1	 1	 0	 0	 0	 0	 1	 1	 1	543.37	  0.00
132	35	23	m	 1	 2	 2	 1	 1	 1	 1	 1	 0	 0	 0	 1	 1	 1	435.15	  0.00
133	35	23	m	 1	 2	 2	 0	 1	 0	 1	 1	 0	 0	 0	 1	 1	 1	620.71	  0.00
134	35	23	m	 1	 2	 2	 3	 2	 0	 1	 0	 0	 0	 0	 1	 1	 1	479.63	  0.00
135	35	23	m	 1	 2	 2	 0	 1	 0	 1	 0	 0	 0	 0	 1	 1	 1	420.32	  0.00
136	35	23	m	 1	 2	 2	 0	 1	 0	 1	 0	 0	 0	 0	 1	 1	 1	426.46	  0.00
137	35	23	m	 1	 2	 2	 0	 1	 3	 2	 0	 0	 0	 0	 2	 2	 1	603.84	  0.00
138	35	23	m	 1	 2	 2	 0	 1	 0	 1	 1	 0	 0	 0	 1	 1	 1	551.62	  0.00
139	35	23	m	 1	 2	 2	 1	 1	 1	 1	 0	 0	 0	 0	 1	 1	 1	524.91	  0.00
140	35	23	m	 1	 2	 2	 2	 2	 3	 2	 1	 0	 0	 0	 2	 2	 1	620.60	  0.00
141	35	23	m	 1	 2	 2	 1	 1	 2	 2	 1	 0	 0	 0	 2	 2	 1	789.62	  0.00
142	35	23	m	 1	 2	 2	 1	 1	 3	 2	 1	 0	 0	 0	 2	 2	 1	705.44	  0.00
143	35	23	m	 1	 2	 2	 3	 2	 2	 2	 0	 0	 0	 0	 2	 2	 1	547.92	  0.00
144	35	23	m	 1	 2	 2	 1	 1	 0	 1	 1	 0	 0	 0	 1	 1	 1	529.40	  0.00
145	35	23	m	 1	 2	 2	 2	 2	 3	 2	 0	 0	 0	 0	 2	 2	 1	640.44	  0.00
146	35	23	m	 1	 2	 2	 3	 2	 0	 1	 1	 0	 0	 0	 1	 1	 1	613.54	  0.00
147	35	23	m	 1	 2	 2	 1	 1	 0	 1	 1	 0	 0	 0	 1	 1	 1	537.74	  0.00
148	35	23	m	 1	 2	 2	 3	 2	 2	 2	 0	 0	 0	 0	 2	 2	 1	527.37	  0.00
149	35	23	m	 1	 2	 2	 2	 2	 2	 2	 0	 0	 0	 0	 2	 2	 1	582.24	  0.00
150	35	23	m	 1	 2	 2	 3	 2	 2	 2	 1	 0	 0	 0	 2	 2	 1	514.79	  0.00
151	35	23	m	 1	 2	 2	 0	 1	 1	 1	 0	 0	 0	 0	 1	 1	 1	586.01	  0.00
152	35	23	m	 1	 2	 2	 1	 1	 3	 2	 0	 0	 0	 0	 2	 2	 1	525.55	  0.00
153	35	23	m	 1	 2	 2	 2	 2	 2	 2	 0	 0	 0	 0	 2	 2	 1	572.34	  0.00
154	35	23	m	 1	 2	 2	 1	 1	 3	 2	 1	 0	 0	 0	 2	 2	 1	684.28	  0.00
155	35	23	m	 1	 2	 2	 2	 2	 0	 1	 1	 0	 0	 0	 1	 1	 1	551.25	  0.00
156	35	23	m	 1	 2	 2	 1	 1	 2	 2	 1	 0	 0	 0	 2	 2	 1	549.07	  0.00
157	35	23	m	 1	 2	 2	 0	 1	 2	 2	 1	 0	 0	 0	 2	 2	 1	457.07	  0.00
158	35	23	m	 1	 2	 2	 0	 1	 1	 1	 1	 0	 0	 0	 1	 1	 1	666.12	  0.00
159	35	23	m	 1	 2	 2	 3	 2	 1	 1	 0	 0	 0	 0	 1	 1	 1	476.05	  0.00
160	35	23	m	 1	 2	 2	 1	 1	 2	 2	 0	 0	 0	 0	 2	 2	 1	539.12	  0.00
161	35	23	m	 1	 2	 2	 3	 2	 2	 2	 1	 0	 0	 0	 2	 2	 1	504.28	  0.00
162	35	23	m	 1	 2	 2	 2	 2	 3	 2	 1	 0	 0	 0	 2	 2	 1	551.05	  0.00
163	35	23	m	 1	 2	 2	 1	 1	 3	 2	 0	 0	 0	 0	 2	 2	 1	459.08	  0.00
164	35	23	m	 1	 2	 2	 3	 2	 1	 1	 1	 0	 0	 0	 1	 1	 1	571.20	  0.00
165	35	23	m	 1	 2	 2	 2	 2	 1	 1	 1	 0	 0	 0	 1	 1	 1	601.58	  0.00
166	35	23	m	 1	 2	 2	 2	 2	 2	 2	 1	 0	 0	 0	 2	 2	 1	541.06	  0.00
167	35	23	m	 1	 2	 2	 0	 1	 2	 2	 0	 0	 0	 0	 2	 2	 1	489.84	  0.00
168	35	23	m	 1	 2	 2	 1	 1	 1	 1	 0	 0	 0	 0	 1	 1	 1	561.19	  0.00
169	35	23	m	 1	 2	 2	 2	 2	 2	 2	 1	 0	 0	 0	 2	 2	 1	518.09	  0.00
170	35	23	m	 1	 2	 2	 2	 2	 0	 1	 0	 0	 0	 0	 1	 1	 1	426.12	  0.00
171	35	23	m	 1	 2	 2	 3	 2	 3	 2	 1	 0	 0	 0	 2	 2	 1	505.65	  0.00
172	35	23	m	 1	 2	 2	 3	 2	 3	 2	 0	 0	 0	 0	 2	 2	 1	487.19	  0.00
173	35	23	m	 1	 2	 2	 1	 1	 1	 1	 1	 0	 0	 0	 1	 1	 1	557.47	  0.00
174	35	23	m	 1	 2	 2	 2	 2	 3	 2	 0	 0	 0	 0	 2	 2	 1	457.28	  0.00
175	35	23	m	 1	 2	 2	 0	 1	 1	 1	 1	 0	 0	 0	 1	 1	 1	602.06	  0.00
176	35	23	m	 1	 2	 2	 1	 1	 0	 1	 0	 0	 0	 0	 1	 1	 1	550.64	  0.00
177	35	23	m	 1	 2	 2	 3	 2	 3	 2	 1	 0	 0	 0	 2	 2	 1	589.38	  0.00
178	35	23	m	 1	 2	 2	 3	 2	 3	 2	 0	 0	 0	 0	 2	 2	 1	1035.78	  0.00
179	35	23	m	 1	 2	 2	 0	 1	 1	 1	 0	 0	 0	 0	 1	 1	 1	934.99	  0.00
180	35	23	m	 1	 2	 2	 3	 2	 1	 1	 0	 0	 0	 0	 1	 1	 1	678.09	  0.00
181	35	23	m	 1	 2	 2	 2	 2	 0	 1	 0	 0	 0	 0	 1	 1	 1	879.84	  0.00
182	35	23	m	 1	 2	 2	 1	 1	 2	 2	 0	 0	 0	 0	 2	 2	 1	811.83	  0.00
183	35	23	m	 1	 2	 2	 2	 2	 0	 1	 1	 0	 0	 0	 1	 1	 1	499.17	  0.00
184	35	23	m	 1	 2	 2	 0	 1	 3	 2	 1	 0	 0	 0	 2	 2	 1	545.92	  0.00
185	35	23	m	 1	 2	 2	 2	 2	 1	 1	 0	 0	 0	 0	 1	 1	 1	462.10	  0.00
186	35	23	m	 1	 2	 2	 0	 1	 2	 2	 1	 0	 0	 0	 2	 2	 1	484.52	  0.00
187	35	23	m	 1	 2	 2	 3	 2	 0	 1	 1	 0	 0	 0	 1	 1	 1	513.95	  0.00
188	35	23	m	 1	 2	 2	 0	 1	 3	 2	 0	 0	 0	 0	 2	 2	 1	536.26	  0.00
189	35	23	m	 1	 2	 2	 0	 1	 2	 2	 0	 0	 0	 0	 2	 2	 1	574.84	  0.00
190	35	23	m	 1	 2	 2	 2	 2	 1	 1	 1	 0	 0	 0	 1	 1	 1	466.46	  0.00
191	35	23	m	 1	 2	 2	 0	 1	 3	 2	 1	 0	 0	 0	 2	 2	 1	741.73	  0.00
192	35	23	m	 1	 2	 3	 3	 2	 1	 1	 1	 0	 0	 0	 1	 1	 1	564.74	  0.00
193	35	23	m	 1	 2	 3	 2	 2	 3	 2	 0	 0	 0	 0	 2	 2	 1	693.47	  0.00
194	35	23	m	 1	 2	 3	 3	 2	 3	 2	 0	 0	 0	 0	 2	 2	 1	544.63	  0.00
195	35	23	m	 1	 2	 3	 0	 1	 3	 2	 0	 0	 0	 0	 2	 2	 1	436.75	  0.00
196	35	23	m	 1	 2	 3	 0	 1	 2	 2	 0	 0	 0	 0	 2	 2	 1	500.41	  0.00
197	35	23	m	 1	 2	 3	 2	 2	 3	 2	 1	 0	 0	 0	 2	 2	 1	473.19	  0.00
198	35	23	m	 1	 2	 3	 0	 1	 0	 1	 1	 0	 0	 0	 1	 1	 1	536.87	  0.00
199	35	23	m	 1	 2	 3	 0	 1	 0	 1	 0	 0	 0	 0	 1	 1	 1	624.85	  0.00
200	35	23	m	 1	 2	 3	 3	 2	 2	 2	 0	 0	 0	 0	 2	 2	 1	582.13	  0.00
201	35	23	m	 1	 2	 3	 1	 1	 2	 2	 0	 0	 0	 0	 2	 2	 1	572.21	  0.00
202	35	23	m	 1	 2	 3	 0	 1	 2	 2	 1	 0	 0	 0	 2	 2	 1	488.82	  0.00
203	35	23	m	 1	 2	 3	 2	 2	 0	 1	 1	 0	 0	 0	 1	 1	 1	576.83	  0.00
204	35	23	m	 1	 2	 3	 0	 1	 1	 1	 0	 0	 0	 0	 1	 1	 1	509.73	  0.00
205	35	23	m	 1	 2	 3	 0	 1	 3	 2	 0	 0	 0	 0	 2	 2	 1	515.29	  0.00
206	35	23	m	 1	 2	 3	 0	 1	 0	 1	 0	 0	 0	 0	 1	 1	 1	660.40	  0.00
207	35	23	m	 1	 2	 3	 1	 1	 2	 2	 1	 0	 0	 0	 2	 2	 1	454.49	  0.00
208	35	23	m	 1	 2	 3	 0	 1	 0	 1	 1	 0	 0	 0	 1	 1	 1	485.45	  0.00
209	35	23	m	 1	 2	 3	 0	 1	 1	 1	 0	 0	 0	 0	 1	 1	 1	491.96	  0.00
210	35	23	m	 1	 2	 3	 2	 2	 1	 1	 0	 0	 0	 0	 1	 1	 1	424.93	  0.00
211	35	23	m	 1	 2	 3	 3	 2	 3	 2	 0	 0	 0	 0	 2	 2	 1	529.44	  0.00
212	35	23	m	 1	 2	 3	 3	 2	 0	 1	 1	 0	 0	 0	 1	 1	 1	519.45	  0.00
213	35	23	m	 1	 2	 3	 3	 2	 2	 2	 0	 0	 0	 0	 2	 2	 1	509.62	  0.00
214	35	23	m	 1	 2	 3	 2	 2	 0	 1	 0	 0	 0	 0	 1	 1	 1	564.11	  0.00
215	35	23	m	 1	 2	 3	 2	 2	 2	 2	 0	 0	 0	 0	 2	 2	 1	496.93	  0.00
216	35	23	m	 1	 2	 3	 2	 2	 2	 2	 1	 0	 0	 0	 2	 2	 1	503.44	  0.00
217	35	23	m	 1	 2	 3	 2	 2	 1	 1	 0	 0	 0	 0	 1	 1	 1	509.85	  0.00
218	35	23	m	 1	 2	 3	 0	 1	 1	 1	 1	 0	 0	 0	 1	 1	 1	459.17	  0.00
219	35	23	m	 1	 2	 3	 3	 2	 2	 2	 1	 0	 0	 0	 2	 2	 1	498.36	  0.00
220	35	23	m	 1	 2	 3	 3	 2	 0	 1	 0	 0	 0	 0	 1	 1	 1	553.80	  0.00
221	35	23	m	 1	 2	 3	 2	 2	 0	 1	 1	 0	 0	 0	 1	 1	 1	462.29	  0.00
222	35	23	m	 1	 2	 3	 1	 1	 0	 1	 1	 0	 0	 0	 1	 1	 1	395.39	  0.00
223	35	23	m	 1	 2	 3	 3	 2	 0	 1	 1	 0	 0	 0	 1	 1	 1	409.26	  0.00
224	35	23	m	 1	 2	 3	 3	 2	 2	 2	 1	 0	 0	 0	 2	 2	 1	497.25	  0.00
225	35	23	m	 1	 2	 3	 1	 1	 3	 2	 1	 0	 0	 0	 2	 2	 1	520.01	  0.00
226	35	23	m	 1	 2	 3	 0	 1	 2	 2	 0	 0	 0	 0	 2	 2	 1	510.12	  0.00
227	35	23	m	 1	 2	 3	 2	 2	 2	 2	 0	 0	 0	 0	 2	 2	 1	475.87	  0.00
228	35	23	m	 1	 2	 3	 1	 1	 1	 1	 1	 0	 0	 0	 1	 1	 1	457.83	  0.00
229	35	23	m	 1	 2	 3	 2	 2	 3	 2	 0	 0	 0	 0	 2	 2	 1	464.35	  0.00
230	35	23	m	 1	 2	 3	 1	 1	 0	 1	 0	 0	 0	 0	 1	 1	 1	446.38	  0.00
231	35	23	m	 1	 2	 3	 3	 2	 1	 1	 0	 0	 0	 0	 1	 1	 1	444.70	  0.00
232	35	23	m	 1	 2	 3	 1	 1	 1	 1	 1	 0	 0	 0	 1	 1	 1	418.54	  0.00
233	35	23	m	 1	 2	 3	 2	 2	 1	 1	 1	 0	 0	 0	 1	 1	 1	432.20	  0.00
234	35	23	m	 1	 2	 3	 2	 2	 3	 2	 1	 0	 0	 0	 2	 2	 1	536.86	  0.00
235	35	23	m	 1	 2	 3	 1	 1	 1	 1	 0	 0	 0	 0	 1	 1	 1	404.58	  0.00
236	35	23	m	 1	 2	 3	 1	 1	 3	 2	 0	 0	 0	 0	 2	 2	 1	533.53	  0.00
237	35	23	m	 1	 2	 3	 2	 2	 2	 2	 1	 0	 0	 0	 2	 2	 1	556.31	  0.00
238	35	23	m	 1	 2	 3	 1	 1	 2	 2	 1	 0	 0	 0	 2	 2	 1	611.61	  0.00
239	35	23	m	 1	 2	 3	 1	 1	 0	 1	 0	 0	 0	 0	 1	 1	 1	389.41	  0.00
240	35	23	m	 1	 2	 3	 0	 1	 1	 1	 1	 0	 0	 0	 1	 1	 1	453.18	  0.00
241	35	23	m	 1	 2	 3	 1	 1	 2	 2	 0	 0	 0	 0	 2	 2	 1	500.51	  0.00
242	35	23	m	 1	 2	 3	 2	 2	 0	 1	 0	 0	 0	 0	 1	 1	 1	482.50	  0.00
243	35	23	m	 1	 2	 3	 1	 1	 0	 1	 1	 0	 0	 0	 1	 1	 1	520.54	  0.00
244	35	23	m	 1	 2	 3	 0	 1	 3	 2	 1	 0	 0	 0	 2	 1	 0	453.52	  0.00
245	35	23	m	 1	 2	 3	 0	 1	 2	 2	 1	 0	 0	 0	 2	 2	 1	557.97	  0.00
246	35	23	m	 1	 2	 3	 3	 2	 3	 2	 1	 0	 0	 0	 2	 2	 1	499.05	  0.00
247	35	23	m	 1	 2	 3	 3	 2	 1	 1	 0	 0	 0	 0	 1	 1	 1	489.16	  0.00
248	35	23	m	 1	 2	 3	 2	 2	 1	 1	 1	 0	 0	 0	 1	 1	 1	479.13	  0.00
249	35	23	m	 1	 2	 3	 3	 2	 3	 2	 1	 0	 0	 0	 2	 2	 1	477.66	  0.00
250	35	23	m	 1	 2	 3	 3	 2	 0	 1	 0	 0	 0	 0	 1	 1	 1	565.69	  0.00
251	35	23	m	 1	 2	 3	 1	 1	 3	 2	 1	 0	 0	 0	 2	 2	 1	465.94	  0.00
252	35	23	m	 1	 2	 3	 0	 1	 3	 2	 1	 0	 0	 0	 2	 2	 1	504.12	  0.00
253	35	23	m	 1	 2	 3	 1	 1	 1	 1	 0	 0	 0	 0	 1	 1	 1	469.78	  0.00
254	35	23	m	 1	 2	 3	 1	 1	 3	 2	 0	 0	 0	 0	 2	 2	 1	459.98	  0.00
255	35	23	m	 1	 2	 3	 3	 2	 1	 1	 1	 0	 0	 0	 1	 1	 1	442.02	  0.00
256	35	23	m	 1	 2	 4	 2	 2	 0	 1	 1	 0	 0	 0	 2	 2	 1	1216.43	  0.00
257	35	23	m	 1	 2	 4	 0	 1	 3	 2	 1	 0	 0	 0	 1	 1	 1	469.68	  0.00
258	35	23	m	 1	 2	 4	 1	 1	 1	 1	 0	 0	 0	 0	 1	 1	 1	875.53	  0.00
259	35	23	m	 1	 2	 4	 0	 1	 2	 2	 1	 0	 0	 0	 1	 1	 1	774.90	  0.00
260	35	23	m	 1	 2	 4	 1	 1	 3	 2	 0	 0	 0	 0	 2	 2	 1	911.05	  0.00
261	35	23	m	 1	 2	 4	 1	 1	 1	 1	 0	 0	 0	 0	 1	 1	 1	581.93	  0.00
262	35	23	m	 1	 2	 4	 0	 1	 2	 2	 0	 0	 0	 0	 2	 2	 1	547.03	  0.00
263	35	23	m	 1	 2	 4	 2	 2	 2	 2	 1	 0	 0	 0	 2	 1	 0	536.44	  0.00
264	35	23	m	 1	 2	 4	 2	 2	 0	 1	 1	 0	 0	 0	 2	 2	 1	606.84	  0.00
265	35	23	m	 1	 2	 4	 1	 1	 3	 2	 1	 0	 0	 0	 1	 1	 1	473.16	  0.00
266	35	23	m	 1	 2	 4	 3	 2	 1	 1	 0	 0	 0	 0	 1	 1	 1	692.10	  0.00
267	35	23	m	 1	 2	 4	 3	 2	 3	 2	 1	 0	 0	 0	 2	 1	 0	501.98	  0.00
268	35	23	m	 1	 2	 4	 1	 1	 0	 1	 0	 0	 0	 0	 1	 1	 1	1331.92	  0.00
269	35	23	m	 1	 2	 4	 2	 2	 0	 1	 0	 0	 0	 0	 1	 1	 1	643.38	  0.00
270	35	23	m	 1	 2	 4	 1	 1	 1	 1	 1	 0	 0	 0	 1	 1	 1	835.73	  0.00
271	35	23	m	 1	 2	 4	 1	 1	 0	 1	 1	 0	 0	 0	 1	 1	 1	531.05	  0.00
272	35	23	m	 1	 2	 4	 0	 1	 0	 1	 0	 0	 0	 0	 1	 1	 1	839.11	  0.00
273	35	23	m	 1	 2	 4	 3	 2	 0	 1	 0	 0	 0	 0	 1	 1	 1	567.19	  0.00
274	35	23	m	 1	 2	 4	 3	 2	 3	 2	 0	 0	 0	 0	 2	 2	 1	817.88	  0.00
275	35	23	m	 1	 2	 4	 3	 2	 2	 2	 0	 0	 0	 0	 2	 2	 1	643.87	  0.00
276	35	23	m	 1	 2	 4	 0	 1	 1	 1	 0	 0	 0	 0	 1	 1	 1	780.19	  0.00
277	35	23	m	 1	 2	 4	 3	 2	 2	 2	 0	 0	 0	 0	 2	 2	 1	572.62	  0.00
278	35	23	m	 1	 2	 4	 0	 1	 0	 1	 1	 0	 0	 0	 1	 1	 1	627.42	  0.00
279	35	23	m	 1	 2	 4	 2	 2	 1	 1	 0	 0	 0	 0	 1	 1	 1	812.76	  0.00
280	35	23	m	 1	 2	 4	 3	 2	 0	 1	 0	 0	 0	 0	 1	 1	 1	622.46	  0.00
281	35	23	m	 1	 2	 4	 0	 1	 2	 2	 0	 0	 0	 0	 2	 2	 1	530.40	  0.00
282	35	23	m	 1	 2	 4	 3	 2	 2	 2	 1	 0	 0	 0	 2	 2	 1	641.49	  0.00
283	35	23	m	 1	 2	 4	 2	 2	 3	 2	 1	 0	 0	 0	 2	 2	 1	500.28	  0.00
284	35	23	m	 1	 2	 4	 0	 1	 0	 1	 0	 0	 0	 0	 1	 1	 1	555.19	  0.00
285	35	23	m	 1	 2	 4	 2	 2	 1	 1	 0	 0	 0	 0	 1	 1	 1	585.64	  0.00
286	35	23	m	 1	 2	 4	 1	 1	 2	 2	 1	 0	 0	 0	 1	 1	 1	575.16	  0.00
287	35	23	m	 1	 2	 4	 2	 2	 3	 2	 1	 0	 0	 0	 2	 2	 1	572.64	  0.00
288	35	23	m	 1	 2	 4	 0	 1	 0	 1	 1	 0	 0	 0	 1	 1	 1	545.88	  0.00
289	35	23	m	 1	 2	 4	 2	 2	 2	 2	 0	 0	 0	 0	 2	 2	 1	649.98	  0.00
290	35	23	m	 1	 2	 4	 2	 2	 1	 1	 1	 0	 0	 0	 2	 2	 1	548.62	  0.00
291	35	23	m	 1	 2	 4	 2	 2	 1	 1	 1	 0	 0	 0	 2	 2	 1	456.55	  0.00
292	35	23	m	 1	 2	 4	 2	 2	 2	 2	 0	 0	 0	 0	 2	 1	 0	576.96	  0.00
293	35	23	m	 1	 2	 4	 0	 1	 1	 1	 1	 0	 0	 0	 1	 1	 1	590.91	  0.00
294	35	23	m	 1	 2	 4	 3	 2	 1	 1	 1	 0	 0	 0	 2	 2	 1	498.95	  0.00
295	35	23	m	 1	 2	 4	 2	 2	 0	 1	 0	 0	 0	 0	 1	 1	 1	513.11	  0.00
296	35	23	m	 1	 2	 4	 0	 1	 1	 1	 0	 0	 0	 0	 1	 1	 1	584.40	  0.00
297	35	23	m	 1	 2	 4	 2	 2	 2	 2	 1	 0	 0	 0	 2	 2	 1	466.83	  0.00
298	35	23	m	 1	 2	 4	 1	 1	 2	 2	 0	 0	 0	 0	 2	 2	 1	546.33	  0.00
299	35	23	m	 1	 2	 4	 3	 2	 1	 1	 1	 0	 0	 0	 2	 2	 1	576.55	  0.00
300	35	23	m	 1	 2	 4	 1	 1	 1	 1	 1	 0	 0	 0	 1	 1	 1	517.07	  0.00
301	35	23	m	 1	 2	 4	 2	 2	 3	 2	 0	 0	 0	 0	 2	 2	 1	613.07	  0.00
302	35	23	m	 1	 2	 4	 1	 1	 0	 1	 1	 0	 0	 0	 1	 1	 1	520.90	  0.00
303	35	23	m	 1	 2	 4	 1	 1	 3	 2	 0	 0	 0	 0	 2	 2	 1	591.34	  0.00
304	35	23	m	 1	 2	 4	 0	 1	 1	 1	 1	 0	 0	 0	 1	 1	 1	499.12	  0.00
305	35	23	m	 1	 2	 4	 2	 2	 3	 2	 0	 0	 0	 0	 2	 2	 1	603.02	  0.00
306	35	23	m	 1	 2	 4	 0	 1	 3	 2	 0	 0	 0	 0	 2	 2	 1	559.75	  0.00
307	35	23	m	 1	 2	 4	 1	 1	 3	 2	 1	 0	 0	 0	 1	 1	 1	500.26	  0.00
308	35	23	m	 1	 2	 4	 0	 1	 2	 2	 1	 0	 0	 0	 1	 1	 1	604.39	  0.00
309	35	23	m	 1	 2	 4	 1	 1	 0	 1	 0	 0	 0	 0	 1	 1	 1	585.77	  0.00
310	35	23	m	 1	 2	 4	 3	 2	 0	 1	 1	 0	 0	 0	 2	 2	 1	461.22	  0.00
311	35	23	m	 1	 2	 4	 0	 1	 3	 2	 0	 0	 0	 0	 2	 2	 1	661.91	  0.00
312	35	23	m	 1	 2	 4	 1	 1	 2	 2	 1	 0	 0	 0	 1	 1	 1	536.94	  0.00
313	35	23	m	 1	 2	 4	 3	 2	 3	 2	 1	 0	 0	 0	 2	 2	 1	526.60	  0.00
314	35	23	m	 1	 2	 4	 1	 1	 2	 2	 0	 0	 0	 0	 2	 2	 1	548.98	  0.00
315	35	23	m	 1	 2	 4	 0	 1	 3	 2	 1	 0	 0	 0	 1	 1	 1	424.13	  0.00
316	35	23	m	 1	 2	 4	 3	 2	 3	 2	 0	 0	 0	 0	 2	 2	 1	544.70	  0.00
317	35	23	m	 1	 2	 4	 3	 2	 0	 1	 1	 0	 0	 0	 2	 2	 1	828.09	  0.00
318	35	23	m	 1	 2	 4	 3	 2	 2	 2	 1	 0	 0	 0	 2	 2	 1	563.11	  0.00
319	35	23	m	 1	 2	 4	 3	 2	 1	 1	 0	 0	 0	 0	 1	 1	 1	462.94	  0.00
320	35	23	m	 1	 2	 5	 1	 1	 2	 2	 1	 0	 0	 0	 1	 1	 1	614.69	  0.00
321	35	23	m	 1	 2	 5	 2	 2	 0	 1	 1	 0	 0	 0	 2	 2	 1	464.73	  0.00
322	35	23	m	 1	 2	 5	 2	 2	 3	 2	 0	 0	 0	 0	 2	 2	 1	650.97	  0.00
323	35	23	m	 1	 2	 5	 3	 2	 3	 2	 1	 0	 0	 0	 2	 2	 1	477.68	  0.00
324	35	23	m	 1	 2	 5	 0	 1	 3	 2	 1	 0	 0	 0	 1	 1	 1	631.00	  0.00
325	35	23	m	 1	 2	 5	 1	 1	 3	 2	 0	 0	 0	 0	 2	 2	 1	604.65	  0.00
326	35	23	m	 1	 2	 5	 2	 2	 3	 2	 1	 0	 0	 0	 2	 2	 1	749.43	  0.00
327	35	23	m	 1	 2	 5	 1	 1	 0	 1	 0	 0	 0	 0	 1	 1	 1	502.84	  0.00
328	35	23	m	 1	 2	 5	 3	 2	 3	 2	 1	 0	 0	 0	 2	 2	 1	590.88	  0.00
329	35	23	m	 1	 2	 5	 2	 2	 3	 2	 0	 0	 0	 0	 2	 2	 1	580.90	  0.00
330	35	23	m	 1	 2	 5	 2	 2	 1	 1	 1	 0	 0	 0	 2	 2	 1	611.70	  0.00
331	35	23	m	 1	 2	 5	 2	 2	 1	 1	 1	 0	 0	 0	 2	 2	 1	486.28	  0.00
332	35	23	m	 1	 2	 5	 0	 1	 2	 2	 1	 0	 0	 0	 1	 1	 1	590.72	  0.00
333	35	23	m	 1	 2	 5	 3	 2	 0	 1	 1	 0	 0	 0	 2	 2	 1	654.31	  0.00
334	35	23	m	 1	 2	 5	 2	 2	 3	 2	 1	 0	 0	 0	 2	 2	 1	480.98	  0.00
335	35	23	m	 1	 2	 5	 3	 2	 3	 2	 0	 0	 0	 0	 2	 2	 1	740.41	  0.00
336	35	23	m	 1	 2	 5	 1	 1	 2	 2	 0	 0	 0	 0	 2	 2	 1	615.91	  0.00
337	35	23	m	 1	 2	 5	 3	 2	 1	 1	 0	 0	 0	 0	 1	 1	 1	614.11	  0.00
338	35	23	m	 1	 2	 5	 2	 2	 2	 2	 0	 0	 0	 0	 2	 2	 1	514.29	  0.00
339	35	23	m	 1	 2	 5	 3	 2	 1	 1	 1	 0	 0	 0	 2	 2	 1	503.23	  0.00
340	35	23	m	 1	 2	 5	 3	 2	 2	 2	 1	 0	 0	 0	 2	 2	 1	436.40	  0.00
341	35	23	m	 1	 2	 5	 3	 2	 2	 2	 0	 0	 0	 0	 2	 2	 1	540.91	  0.00
342	35	23	m	 1	 2	 5	 0	 1	 1	 1	 0	 0	 0	 0	 1	 1	 1	522.86	  0.00
343	35	23	m	 1	 2	 5	 2	 2	 1	 1	 0	 0	 0	 0	 1	 1	 1	619.03	  0.00
344	35	23	m	 1	 2	 5	 0	 1	 0	 1	 0	 0	 0	 0	 1	 2	 0	527.35	  0.00
345	35	23	m	 1	 2	 5	 1	 1	 1	 1	 1	 0	 0	 0	 1	 1	 1	599.01	  0.00
346	35	23	m	 1	 2	 5	 0	 1	 2	 2	 0	 0	 0	 0	 2	 2	 1	515.35	  0.00
347	35	23	m	 1	 2	 5	 1	 1	 0	 1	 0	 0	 0	 0	 1	 1	 1	603.64	  0.00
348	35	23	m	 1	 2	 5	 1	 1	 1	 1	 0	 0	 0	 0	 1	 1	 1	502.80	  0.00
349	35	23	m	 1	 2	 5	 2	 2	 0	 1	 0	 0	 0	 0	 1	 1	 1	468.51	  0.00
350	35	23	m	 1	 2	 5	 2	 2	 2	 2	 1	 0	 0	 0	 2	 2	 1	515.38	  0.00
351	35	23	m	 1	 2	 5	 3	 2	 0	 1	 0	 0	 0	 0	 1	 1	 1	563.07	  0.00
352	35	23	m	 1	 2	 5	 3	 2	 0	 1	 0	 0	 0	 0	 1	 1	 1	471.54	  0.00
353	35	23	m	 1	 2	 5	 1	 1	 3	 2	 0	 0	 0	 0	 2	 2	 1	779.92	  0.00
354	35	23	m	 1	 2	 5	 2	 2	 0	 1	 0	 0	 0	 0	 1	 1	 1	435.07	  0.00
355	35	23	m	 1	 2	 5	 0	 1	 1	 1	 0	 0	 0	 0	 1	 1	 1	572.12	  0.00
356	35	23	m	 1	 2	 5	 3	 2	 1	 1	 1	 0	 0	 0	 2	 2	 1	479.62	  0.00
357	35	23	m	 1	 2	 5	 1	 1	 0	 1	 1	 0	 0	 0	 1	 1	 1	420.60	  0.00
358	35	23	m	 1	 2	 5	 2	 2	 2	 2	 1	 0	 0	 0	 2	 2	 1	484.49	  0.00
359	35	23	m	 1	 2	 5	 1	 1	 2	 2	 1	 0	 0	 0	 1	 1	 1	408.87	  0.00
360	35	23	m	 1	 2	 5	 0	 1	 0	 1	 1	 0	 0	 0	 1	 1	 1	538.30	  0.00
361	35	23	m	 1	 2	 5	 1	 1	 1	 1	 1	 0	 0	 0	 1	 1	 1	365.21	  0.00
362	35	23	m	 1	 2	 5	 1	 1	 2	 2	 0	 0	 0	 0	 2	 2	 1	624.78	  0.00
363	35	23	m	 1	 2	 5	 0	 1	 1	 1	 1	 0	 0	 0	 1	 1	 1	557.46	  0.00
364	35	23	m	 1	 2	 5	 1	 1	 3	 2	 1	 0	 0	 0	 1	 1	 1	457.79	  0.00
365	35	23	m	 1	 2	 5	 3	 2	 2	 2	 1	 0	 0	 0	 2	 2	 1	398.96	  0.00
366	35	23	m	 1	 2	 5	 0	 1	 2	 2	 0	 0	 0	 0	 2	 2	 1	682.16	  0.00
367	35	23	m	 1	 2	 5	 1	 1	 3	 2	 1	 0	 0	 0	 1	 1	 1	598.49	  0.00
368	35	23	m	 1	 2	 5	 0	 1	 1	 1	 1	 0	 0	 0	 1	 1	 1	457.98	  0.00
369	35	23	m	 1	 2	 5	 0	 1	 3	 2	 1	 0	 0	 0	 1	 1	 1	399.07	  0.00
370	35	23	m	 1	 2	 5	 3	 2	 3	 2	 0	 0	 0	 0	 2	 2	 1	821.94	  0.00
371	35	23	m	 1	 2	 5	 0	 1	 3	 2	 0	 0	 0	 0	 2	 2	 1	770.81	  0.00
372	35	23	m	 1	 2	 5	 0	 1	 2	 2	 1	 0	 0	 0	 1	 1	 1	474.98	  0.00
373	35	23	m	 1	 2	 5	 2	 2	 1	 1	 0	 0	 0	 0	 1	 1	 1	701.82	  0.00
374	35	23	m	 1	 2	 5	 3	 2	 1	 1	 0	 0	 0	 0	 1	 1	 1	584.65	  0.00
375	35	23	m	 1	 2	 5	 2	 2	 0	 1	 1	 0	 0	 0	 2	 2	 1	590.92	  0.00
376	35	23	m	 1	 2	 5	 0	 1	 3	 2	 0	 0	 0	 0	 2	 2	 1	491.24	  0.00
377	35	23	m	 1	 2	 5	 0	 1	 0	 1	 1	 0	 0	 0	 1	 1	 1	513.96	  0.00
378	35	23	m	 1	 2	 5	 2	 2	 2	 2	 0	 0	 0	 0	 2	 2	 1	602.09	  0.00
379	35	23	m	 1	 2	 5	 0	 1	 0	 1	 0	 0	 0	 0	 1	 1	 1	567.57	  0.00
380	35	23	m	 1	 2	 5	 1	 1	 1	 1	 0	 0	 0	 0	 1	 1	 1	484.10	  0.00
381	35	23	m	 1	 2	 5	 3	 2	 0	 1	 1	 0	 0	 0	 2	 2	 1	490.59	  0.00
382	35	23	m	 1	 2	 5	 1	 1	 0	 1	 1	 0	 0	 0	 1	 1	 1	505.21	  0.00
383	35	23	m	 1	 2	 5	 3	 2	 2	 2	 0	 0	 0	 0	 2	 2	 1	567.84	  0.00
384	35	23	m	 1	 2	 6	 3	 2	 2	 2	 1	 0	 0	 0	 2	 2	 1	443.07	  0.00
385	35	23	m	 1	 2	 6	 3	 2	 2	 2	 0	 0	 0	 0	 2	 2	 1	515.36	  0.00
386	35	23	m	 1	 2	 6	 1	 1	 1	 1	 0	 0	 0	 0	 1	 1	 1	432.03	  0.00
387	35	23	m	 1	 2	 6	 1	 1	 1	 1	 1	 0	 0	 0	 1	 1	 1	560.99	  0.00
388	35	23	m	 1	 2	 6	 0	 1	 0	 1	 1	 0	 0	 0	 1	 1	 1	493.73	  0.00
389	35	23	m	 1	 2	 6	 3	 2	 0	 1	 1	 0	 0	 0	 2	 2	 1	475.14	  0.00
390	35	23	m	 1	 2	 6	 3	 2	 1	 1	 0	 0	 0	 0	 1	 1	 1	474.21	  0.00
391	35	23	m	 1	 2	 6	 1	 1	 0	 1	 0	 0	 0	 0	 1	 1	 1	643.94	  0.00
392	35	23	m	 1	 2	 6	 3	 2	 2	 2	 1	 0	 0	 0	 2	 2	 1	862.31	  0.00
393	35	23	m	 1	 2	 6	 1	 1	 3	 2	 1	 0	 0	 0	 1	 1	 1	605.85	  0.00
394	35	23	m	 1	 2	 6	 1	 1	 1	 1	 1	 0	 0	 0	 1	 1	 1	1151.00	  0.00
395	35	23	m	 1	 2	 6	 0	 1	 2	 2	 1	 0	 0	 0	 1	 1	 1	520.02	  0.00
396	35	23	m	 1	 2	 6	 0	 1	 1	 1	 0	 0	 0	 0	 1	 1	 1	616.21	  0.00
397	35	23	m	 1	 2	 6	 0	 1	 0	 1	 0	 0	 0	 0	 1	 1	 1	875.35	  0.00
398	35	23	m	 1	 2	 6	 2	 2	 2	 2	 1	 0	 0	 0	 2	 2	 1	554.95	  0.00
399	35	23	m	 1	 2	 6	 2	 2	 2	 2	 0	 0	 0	 0	 2	 2	 1	886.83	  0.00
400	35	23	m	 1	 2	 6	 1	 1	 0	 1	 1	 0	 0	 0	 1	 1	 1	574.43	  0.00
401	35	23	m	 1	 2	 6	 2	 2	 0	 1	 1	 0	 0	 0	 2	 2	 1	572.53	  0.00
402	35	23	m	 1	 2	 6	 3	 2	 0	 1	 0	 0	 0	 0	 1	 1	 1	489.32	  0.00
403	35	23	m	 1	 2	 6	 1	 1	 2	 2	 0	 0	 0	 0	 2	 2	 1	438.50	  0.00
404	35	23	m	 1	 2	 6	 3	 2	 1	 1	 1	 0	 0	 0	 2	 2	 1	534.83	  0.00
405	35	23	m	 1	 2	 6	 2	 2	 2	 2	 0	 0	 0	 0	 2	 2	 1	451.51	  0.00
406	35	23	m	 1	 2	 6	 2	 2	 3	 2	 0	 0	 0	 0	 2	 1	 0	457.95	  0.00
407	35	23	m	 1	 2	 6	 2	 2	 1	 1	 0	 0	 0	 0	 1	 2	 0	529.74	  0.00
408	35	23	m	 1	 2	 6	 2	 2	 0	 1	 0	 0	 0	 0	 1	 1	 1	633.15	  0.00
409	35	23	m	 1	 2	 6	 0	 1	 3	 2	 0	 0	 0	 0	 2	 2	 1	680.19	  0.00
410	35	23	m	 1	 2	 6	 1	 1	 3	 2	 1	 0	 0	 0	 1	 1	 1	588.47	  0.00
411	35	23	m	 1	 2	 6	 3	 2	 2	 2	 0	 0	 0	 0	 2	 2	 1	611.13	  0.00
412	35	23	m	 1	 2	 6	 3	 2	 1	 1	 1	 0	 0	 0	 2	 1	 0	429.80	  0.00
413	35	23	m	 1	 2	 6	 3	 2	 3	 2	 1	 0	 0	 0	 2	 2	 1	884.87	  0.00
414	35	23	m	 1	 2	 6	 0	 1	 0	 1	 0	 0	 0	 0	 1	 1	 1	646.21	  0.00
415	35	23	m	 1	 2	 6	 2	 2	 1	 1	 1	 0	 0	 0	 2	 2	 1	554.29	  0.00
416	35	23	m	 1	 2	 6	 1	 1	 2	 2	 0	 0	 0	 0	 2	 2	 1	667.02	  0.00
417	35	23	m	 1	 2	 6	 1	 1	 2	 2	 1	 0	 0	 0	 1	 1	 1	542.64	  0.00
418	35	23	m	 1	 2	 6	 1	 1	 1	 1	 0	 0	 0	 0	 1	 1	 1	727.54	  0.00
419	35	23	m	 1	 2	 6	 0	 1	 3	 2	 1	 0	 0	 0	 1	 1	 1	774.35	  0.00
420	35	23	m	 1	 2	 6	 0	 1	 0	 1	 1	 0	 0	 0	 1	 1	 1	470.45	  0.00
421	35	23	m	 1	 2	 6	 2	 2	 0	 1	 0	 0	 0	 0	 1	 1	 1	648.35	  0.00
422	35	23	m	 1	 2	 6	 3	 2	 1	 1	 0	 0	 0	 0	 1	 1	 1	524.03	  0.00
423	35	23	m	 1	 2	 6	 0	 1	 1	 1	 1	 0	 0	 0	 1	 1	 1	522.06	  0.00
424	35	23	m	 1	 2	 6	 0	 1	 2	 2	 0	 0	 0	 0	 2	 2	 1	569.48	  0.00
425	35	23	m	 1	 2	 6	 2	 2	 3	 2	 1	 0	 0	 0	 2	 2	 1	566.68	  0.00
426	35	23	m	 1	 2	 6	 3	 2	 3	 2	 1	 0	 0	 0	 2	 2	 1	466.86	  0.00
427	35	23	m	 1	 2	 6	 0	 1	 3	 2	 0	 0	 0	 0	 2	 2	 1	1011.96	  0.00
428	35	23	m	 1	 2	 6	 0	 1	 3	 2	 1	 0	 0	 0	 1	 1	 1	674.94	  0.00
429	35	23	m	 1	 2	 6	 1	 1	 0	 1	 0	 0	 0	 0	 1	 1	 1	526.14	  0.00
430	35	23	m	 1	 2	 6	 2	 2	 2	 2	 1	 0	 0	 0	 2	 2	 1	605.50	  0.00
431	35	23	m	 1	 2	 6	 2	 2	 1	 1	 1	 0	 0	 0	 2	 2	 1	612.24	  0.00
432	35	23	m	 1	 2	 6	 3	 2	 0	 1	 0	 0	 0	 0	 1	 1	 1	1042.88	  0.00
433	35	23	m	 1	 2	 6	 2	 2	 3	 2	 1	 0	 0	 0	 2	 2	 1	509.07	  0.00
434	35	23	m	 1	 2	 6	 1	 1	 0	 1	 1	 0	 0	 0	 1	 1	 1	531.81	  0.00
435	35	23	m	 1	 2	 6	 0	 1	 2	 2	 0	 0	 0	 0	 2	 2	 1	668.76	  0.00
436	35	23	m	 1	 2	 6	 2	 2	 1	 1	 0	 0	 0	 0	 1	 1	 1	528.11	  0.00
437	35	23	m	 1	 2	 6	 0	 1	 1	 1	 1	 0	 0	 0	 1	 1	 1	591.64	  0.00
438	35	23	m	 1	 2	 6	 1	 1	 2	 2	 1	 0	 0	 0	 1	 1	 1	556.95	  0.00
439	35	23	m	 1	 2	 6	 3	 2	 3	 2	 0	 0	 0	 0	 2	 2	 1	604.33	  0.00
440	35	23	m	 1	 2	 6	 2	 2	 3	 2	 0	 0	 0	 0	 2	 2	 1	790.19	  0.00
441	35	23	m	 1	 2	 6	 2	 2	 0	 1	 1	 0	 0	 0	 2	 2	 1	673.83	  0.00
442	35	23	m	 1	 2	 6	 1	 1	 3	 2	 0	 0	 0	 0	 2	 2	 1	515.89	  0.00
443	35	23	m	 1	 2	 6	 1	 1	 3	 2	 0	 0	 0	 0	 2	 2	 1	440.69	  0.00
444	35	23	m	 1	 2	 6	 0	 1	 2	 2	 1	 0	 0	 0	 1	 1	 1	553.30	  0.00
445	35	23	m	 1	 2	 6	 3	 2	 3	 2	 0	 0	 0	 0	 2	 2	 1	478.11	  0.00
446	35	23	m	 1	 2	 6	 0	 1	 1	 1	 0	 0	 0	 0	 1	 1	 1	476.42	  0.00
447	35	23	m	 1	 2	 6	 3	 2	 0	 1	 1	 0	 0	 0	 2	 2	 1	588.92	  0.00
448	35	23	m	 1	 2	 7	 3	 2	 3	 2	 1	 0	 0	 0	 2	 2	 1	481.07	  0.00
449	35	23	m	 1	 2	 7	 2	 2	 3	 2	 0	 0	 0	 0	 2	 1	 0	544.65	  0.00
450	35	23	m	 1	 2	 7	 1	 1	 0	 1	 0	 0	 0	 0	 1	 1	 1	852.99	  0.00
451	35	23	m	 1	 2	 7	 0	 1	 3	 2	 0	 0	 0	 0	 2	 2	 1	604.93	  0.00
452	35	23	m	 1	 2	 7	 0	 1	 1	 1	 1	 0	 0	 0	 1	 1	 1	528.94	  0.00
453	35	23	m	 1	 2	 7	 2	 2	 3	 2	 1	 0	 0	 0	 2	 2	 1	527.62	  0.00
454	35	23	m	 1	 2	 7	 2	 2	 0	 1	 1	 0	 0	 0	 2	 2	 1	460.69	  0.00
455	35	23	m	 1	 2	 7	 3	 2	 2	 2	 1	 0	 0	 0	 2	 2	 1	434.71	  0.00
456	35	23	m	 1	 2	 7	 2	 2	 3	 2	 1	 0	 0	 0	 2	 2	 1	408.67	  0.00
457	35	23	m	 1	 2	 7	 0	 1	 0	 1	 0	 0	 0	 0	 1	 1	 1	831.35	  0.00
458	35	23	m	 1	 2	 7	 1	 1	 3	 2	 1	 0	 0	 0	 1	 1	 1	641.57	  0.00
459	35	23	m	 1	 2	 7	 1	 1	 3	 2	 0	 0	 0	 0	 2	 2	 1	574.35	  0.00
460	35	23	m	 1	 2	 7	 1	 1	 0	 1	 1	 0	 0	 0	 1	 1	 1	987.42	  0.00
461	35	23	m	 1	 2	 7	 0	 1	 2	 2	 1	 0	 0	 0	 1	 1	 1	487.45	  0.00
462	35	23	m	 1	 2	 7	 3	 2	 3	 2	 0	 0	 0	 0	 2	 2	 1	591.79	  0.00
463	35	23	m	 1	 2	 7	 2	 2	 2	 2	 1	 0	 0	 0	 2	 2	 1	581.55	  0.00
464	35	23	m	 1	 2	 7	 3	 2	 0	 1	 1	 0	 0	 0	 2	 2	 1	694.33	  0.00
465	35	23	m	 1	 2	 7	 2	 2	 2	 2	 0	 0	 0	 0	 2	 2	 1	594.42	  0.00
466	35	23	m	 1	 2	 7	 0	 1	 3	 2	 0	 0	 0	 0	 2	 2	 1	470.18	  0.00
467	35	23	m	 1	 2	 7	 0	 1	 1	 1	 1	 0	 0	 0	 1	 1	 1	508.68	  0.00
468	35	23	m	 1	 2	 7	 1	 1	 1	 1	 0	 0	 0	 0	 1	 1	 1	1012.66	  0.00
469	35	23	m	 1	 2	 7	 2	 2	 2	 2	 0	 0	 0	 0	 2	 2	 1	545.04	  0.00
470	35	23	m	 1	 2	 7	 3	 2	 2	 2	 1	 0	 0	 0	 2	 2	 1	616.70	  0.00
471	35	23	m	 1	 2	 7	 0	 1	 3	 2	 1	 0	 0	 0	 1	 1	 1	655.62	  0.00
472	35	23	m	 1	 2	 7	 0	 1	 0	 1	 1	 0	 0	 0	 1	 1	 1	547.55	  0.00
473	35	23	m	 1	 2	 7	 1	 1	 0	 1	 1	 0	 0	 0	 1	 1	 1	496.90	  0.00
474	35	23	m	 1	 2	 7	 3	 2	 0	 1	 0	 0	 0	 0	 1	 1	 1	650.27	  0.00
475	35	23	m	 1	 2	 7	 2	 2	 1	 1	 0	 0	 0	 0	 1	 1	 1	493.34	  0.00
476	35	23	m	 1	 2	 7	 1	 1	 2	 2	 0	 0	 0	 0	 2	 2	 1	523.25	  0.00
477	35	23	m	 1	 2	 7	 1	 1	 3	 2	 1	 0	 0	 0	 1	 1	 1	586.24	  0.00
478	35	23	m	 1	 2	 7	 1	 1	 1	 1	 0	 0	 0	 0	 1	 1	 1	739.94	  0.00
479	35	23	m	 1	 2	 7	 1	 1	 2	 2	 1	 0	 0	 0	 1	 1	 1	566.37	  0.00
480	35	23	m	 1	 2	 7	 3	 2	 2	 2	 0	 0	 0	 0	 2	 2	 1	532.09	  0.00
481	35	23	m	 1	 2	 7	 1	 1	 2	 2	 0	 0	 0	 0	 2	 2	 1	440.54	  0.00
482	35	23	m	 1	 2	 7	 0	 1	 0	 1	 0	 0	 0	 0	 1	 1	 1	520.51	  0.00
483	35	23	m	 1	 2	 7	 1	 1	 1	 1	 1	 0	 0	 0	 1	 1	 1	575.89	  0.00
484	35	23	m	 1	 2	 7	 2	 2	 0	 1	 0	 0	 0	 0	 1	 1	 1	630.41	  0.00
485	35	23	m	 1	 2	 7	 0	 1	 2	 2	 1	 0	 0	 0	 1	 1	 1	579.15	  0.00
486	35	23	m	 1	 2	 7	 3	 2	 1	 1	 1	 0	 0	 0	 2	 2	 1	659.11	  0.00
487	35	23	m	 1	 2	 7	 2	 2	 1	 1	 1	 0	 0	 0	 2	 2	 1	534.81	  0.00
488	35	23	m	 1	 2	 7	 2	 2	 2	 2	 1	 0	 0	 0	 2	 2	 1	524.84	  0.00
489	35	23	m	 1	 2	 7	 3	 2	 3	 2	 1	 0	 0	 0	 2	 2	 1	474.14	  0.00
490	35	23	m	 1	 2	 7	 0	 1	 2	 2	 0	 0	 0	 0	 2	 2	 1	611.26	  0.00
491	35	23	m	 1	 2	 7	 1	 1	 0	 1	 0	 0	 0	 0	 1	 1	 1	519.66	  0.00
492	35	23	m	 1	 2	 7	 2	 2	 1	 1	 0	 0	 0	 0	 1	 1	 1	615.77	  0.00
493	35	23	m	 1	 2	 7	 3	 2	 0	 1	 0	 0	 0	 0	 1	 1	 1	524.20	  0.00
494	35	23	m	 1	 2	 7	 3	 2	 2	 2	 0	 0	 0	 0	 2	 2	 1	570.39	  0.00
495	35	23	m	 1	 2	 7	 0	 1	 3	 2	 1	 0	 0	 0	 1	 1	 1	576.40	  0.00
496	35	23	m	 1	 2	 7	 2	 2	 0	 1	 0	 0	 0	 0	 1	 1	 1	583.06	  0.00
497	35	23	m	 1	 2	 7	 0	 1	 2	 2	 0	 0	 0	 0	 2	 2	 1	981.07	  0.00
498	35	23	m	 1	 2	 7	 3	 2	 1	 1	 0	 0	 0	 0	 1	 1	 1	546.17	  0.00
499	35	23	m	 1	 2	 7	 3	 2	 0	 1	 1	 0	 0	 0	 2	 2	 1	503.61	  0.00
500	35	23	m	 1	 2	 7	 1	 1	 1	 1	 1	 0	 0	 0	 1	 1	 1	542.71	  0.00
501	35	23	m	 1	 2	 7	 0	 1	 1	 1	 0	 0	 0	 0	 1	 1	 1	573.62	  0.00
502	35	23	m	 1	 2	 7	 3	 2	 1	 1	 0	 0	 0	 0	 1	 1	 1	522.03	  0.00
503	35	23	m	 1	 2	 7	 3	 2	 3	 2	 0	 0	 0	 0	 2	 2	 1	495.61	  0.00
504	35	23	m	 1	 2	 7	 2	 2	 0	 1	 1	 0	 0	 0	 2	 2	 1	812.15	  0.00
505	35	23	m	 1	 2	 7	 0	 1	 1	 1	 0	 0	 0	 0	 1	 1	 1	483.57	  0.00
506	35	23	m	 1	 2	 7	 1	 1	 2	 2	 1	 0	 0	 0	 1	 1	 1	530.82	  0.00
507	35	23	m	 1	 2	 7	 1	 1	 3	 2	 0	 0	 0	 0	 2	 2	 1	553.49	  0.00
508	35	23	m	 1	 2	 7	 2	 2	 1	 1	 1	 0	 0	 0	 2	 2	 1	641.32	  0.00
509	35	23	m	 1	 2	 7	 3	 2	 1	 1	 1	 0	 0	 0	 2	 2	 1	508.90	  0.00
510	35	23	m	 1	 2	 7	 2	 2	 3	 2	 0	 0	 0	 0	 2	 2	 1	670.62	  0.00
511	35	23	m	 1	 2	 7	 0	 1	 0	 1	 1	 0	 0	 0	 1	 1	 1	463.50	  0.00
512	35	23	m	 1	 2	 8	 2	 2	 0	 1	 1	 1	 0	 1	 1	 1	 1	1093.10	  0.00
513	35	23	m	 1	 2	 8	 3	 2	 0	 1	 0	 1	 0	 1	 1	 1	 1	461.78	  0.00
514	35	23	m	 1	 2	 8	 2	 2	 2	 2	 0	 1	 0	 1	 1	 1	 1	410.69	  0.00
515	35	23	m	 1	 2	 8	 3	 2	 1	 1	 1	 1	 0	 1	 1	 1	 1	391.50	  0.00
516	35	23	m	 1	 2	 8	 0	 1	 0	 1	 1	 1	 0	 1	 2	 2	 1	847.26	  0.00
517	35	23	m	 1	 2	 8	 1	 1	 0	 1	 0	 1	 0	 1	 2	 2	 1	859.89	  0.00
518	35	23	m	 1	 2	 8	 2	 2	 2	 2	 1	 1	 0	 1	 1	 1	 1	734.77	  0.00
519	35	23	m	 1	 2	 8	 2	 2	 2	 2	 1	 1	 0	 1	 1	 2	 0	626.22	  0.00
520	35	23	m	 1	 2	 8	 3	 2	 2	 2	 0	 1	 0	 1	 1	 1	 1	680.92	  0.00
521	35	23	m	 1	 2	 8	 3	 2	 3	 2	 0	 1	 0	 1	 1	 1	 1	817.25	  0.00
522	35	23	m	 1	 2	 8	 1	 1	 3	 2	 0	 1	 0	 1	 2	 2	 1	912.54	  0.00
523	35	23	m	 1	 2	 8	 3	 2	 1	 1	 0	 1	 0	 1	 1	 1	 1	623.14	  0.00
524	35	23	m	 1	 2	 8	 2	 2	 3	 2	 1	 1	 0	 1	 1	 1	 1	547.38	  0.00
525	35	23	m	 1	 2	 8	 1	 1	 1	 1	 1	 1	 0	 1	 2	 2	 1	838.96	  0.00
526	35	23	m	 1	 2	 8	 1	 1	 3	 2	 0	 1	 0	 1	 2	 2	 1	1807.14	  0.00
527	35	23	m	 1	 2	 8	 0	 1	 2	 2	 0	 1	 0	 1	 2	 2	 1	644.50	  0.00
528	35	23	m	 1	 2	 8	 2	 2	 3	 2	 0	 1	 0	 1	 1	 1	 1	510.72	  0.00
529	35	23	m	 1	 2	 8	 1	 1	 2	 2	 1	 1	 0	 1	 2	 2	 1	581.67	  0.00
530	35	23	m	 1	 2	 8	 0	 1	 1	 1	 0	 1	 0	 1	 2	 2	 1	938.37	  0.00
531	35	23	m	 1	 2	 8	 0	 1	 0	 1	 1	 1	 0	 1	 2	 2	 1	462.56	  0.00
532	35	23	m	 1	 2	 8	 0	 1	 3	 2	 1	 1	 0	 1	 2	 2	 1	444.14	  0.00
533	35	23	m	 1	 2	 8	 1	 1	 2	 2	 0	 1	 0	 1	 2	 2	 1	433.83	  0.00
534	35	23	m	 1	 2	 8	 1	 1	 3	 2	 1	 1	 0	 1	 2	 2	 1	399.20	  0.00
535	35	23	m	 1	 2	 8	 0	 1	 3	 2	 0	 1	 0	 1	 2	 2	 1	550.51	  0.00
536	35	23	m	 1	 2	 8	 3	 2	 1	 1	 1	 1	 0	 1	 1	 1	 1	597.88	  0.00
537	35	23	m	 1	 2	 8	 2	 2	 0	 1	 0	 1	 0	 1	 1	 2	 0	1044.36	  0.00
538	35	23	m	 1	 2	 8	 1	 1	 1	 1	 0	 1	 0	 1	 2	 2	 1	1114.89	  0.00
539	35	23	m	 1	 2	 8	 1	 1	 0	 1	 0	 1	 0	 1	 2	 2	 1	671.19	  0.00
540	35	23	m	 1	 2	 8	 2	 2	 1	 1	 0	 1	 0	 1	 1	 1	 1	750.21	  0.00
541	35	23	m	 1	 2	 8	 3	 2	 0	 1	 0	 1	 0	 1	 1	 1	 1	625.50	  0.00
542	35	23	m	 1	 2	 8	 3	 2	 1	 1	 0	 1	 0	 1	 1	 1	 1	409.99	  0.00
543	35	23	m	 1	 2	 8	 3	 2	 0	 1	 1	 1	 0	 1	 1	 1	 1	432.22	  0.00
544	35	23	m	 1	 2	 8	 2	 2	 3	 2	 0	 1	 0	 1	 1	 1	 1	381.40	  0.00
545	35	23	m	 1	 2	 8	 2	 2	 2	 2	 0	 1	 0	 1	 1	 1	 1	379.23	  0.00
546	35	23	m	 1	 2	 8	 0	 1	 1	 1	 1	 1	 0	 1	 2	 2	 1	728.35	  0.00
547	35	23	m	 1	 2	 8	 3	 2	 2	 2	 1	 1	 0	 1	 1	 2	 0	480.99	  0.00
548	35	23	m	 1	 2	 8	 0	 1	 2	 2	 0	 1	 0	 1	 2	 2	 1	1138.81	  0.00
549	35	23	m	 1	 2	 8	 1	 1	 3	 2	 1	 1	 0	 1	 2	 2	 1	645.89	  0.00
550	35	23	m	 1	 2	 8	 0	 1	 0	 1	 0	 1	 0	 1	 2	 2	 1	439.66	  0.00
551	35	23	m	 1	 2	 8	 1	 1	 0	 1	 1	 1	 0	 1	 2	 2	 1	429.42	  0.00
552	35	23	m	 1	 2	 8	 0	 1	 1	 1	 1	 1	 0	 1	 2	 2	 1	867.82	  0.00
553	35	23	m	 1	 2	 8	 3	 2	 3	 2	 1	 1	 0	 1	 1	 1	 1	538.93	  0.00
554	35	23	m	 1	 2	 8	 3	 2	 3	 2	 0	 1	 0	 1	 1	 1	 1	903.86	  0.00
555	35	23	m	 1	 2	 8	 0	 1	 0	 1	 0	 1	 0	 1	 2	 2	 1	427.64	  0.00
556	35	23	m	 1	 2	 8	 3	 2	 3	 2	 1	 1	 0	 1	 1	 1	 1	498.25	  0.00
557	35	23	m	 1	 2	 8	 1	 1	 2	 2	 0	 1	 0	 1	 2	 2	 1	455.23	  0.00
558	35	23	m	 1	 2	 8	 3	 2	 2	 2	 1	 1	 0	 1	 1	 2	 0	510.09	  0.00
559	35	23	m	 1	 2	 8	 0	 1	 2	 2	 1	 1	 0	 1	 2	 2	 1	1544.20	  0.00
560	35	23	m	 1	 2	 8	 2	 2	 1	 1	 1	 1	 0	 1	 1	 1	 1	430.97	  0.00
561	35	23	m	 1	 2	 8	 1	 1	 2	 2	 1	 1	 0	 1	 2	 2	 1	950.98	  0.00
562	35	23	m	 1	 2	 8	 1	 1	 1	 1	 0	 1	 0	 1	 2	 2	 1	735.16	  0.00
563	35	23	m	 1	 2	 8	 2	 2	 0	 1	 0	 1	 0	 1	 1	 1	 1	789.80	  0.00
564	35	23	m	 1	 2	 8	 2	 2	 1	 1	 1	 1	 0	 1	 1	 1	 1	811.69	  0.00
565	35	23	m	 1	 2	 8	 3	 2	 0	 1	 1	 1	 0	 1	 1	 1	 1	1200.49	  0.00
566	35	23	m	 1	 2	 8	 1	 1	 0	 1	 1	 1	 0	 1	 2	 2	 1	838.49	  0.00
567	35	23	m	 1	 2	 8	 0	 1	 3	 2	 0	 1	 0	 1	 2	 2	 1	1797.73	  0.00
568	35	23	m	 1	 2	 8	 0	 1	 3	 2	 1	 1	 0	 1	 2	 2	 1	586.03	  0.00
569	35	23	m	 1	 2	 8	 2	 2	 1	 1	 0	 1	 0	 1	 1	 1	 1	396.10	  0.00
570	35	23	m	 1	 2	 8	 1	 1	 1	 1	 1	 1	 0	 1	 2	 0	 0	2000.20	  0.00
571	35	23	m	 1	 2	 8	 2	 2	 0	 1	 1	 1	 0	 1	 1	 0	 0	2000.15	  0.00
572	35	23	m	 1	 2	 8	 0	 1	 2	 2	 1	 1	 0	 1	 2	 2	 1	898.48	  0.00
573	35	23	m	 1	 2	 8	 3	 2	 2	 2	 0	 1	 0	 1	 1	 1	 1	634.56	  0.00
574	35	23	m	 1	 2	 8	 0	 1	 1	 1	 0	 1	 0	 1	 2	 2	 1	1153.82	  0.00
575	35	23	m	 1	 2	 8	 2	 2	 3	 2	 1	 1	 0	 1	 1	 1	 1	881.87	  0.00
576	35	23	m	 1	 2	 9	 3	 2	 3	 2	 0	 1	 0	 1	 1	 1	 1	573.38	  0.00
577	35	23	m	 1	 2	 9	 0	 1	 2	 2	 0	 1	 0	 1	 2	 2	 1	767.47	  0.00
578	35	23	m	 1	 2	 9	 3	 2	 2	 2	 0	 1	 0	 1	 1	 1	 1	487.71	  0.00
579	35	23	m	 1	 2	 9	 1	 1	 0	 1	 1	 1	 0	 1	 2	 2	 1	461.52	  0.00
580	35	23	m	 1	 2	 9	 0	 1	 3	 2	 1	 1	 0	 1	 2	 2	 1	492.78	  0.00
581	35	23	m	 1	 2	 9	 1	 1	 3	 2	 1	 1	 0	 1	 2	 2	 1	400.35	  0.00
582	35	23	m	 1	 2	 9	 2	 2	 3	 2	 0	 1	 0	 1	 1	 1	 1	423.15	  0.00
583	35	23	m	 1	 2	 9	 0	 1	 3	 2	 1	 1	 0	 1	 2	 2	 1	413.37	  0.00
584	35	23	m	 1	 2	 9	 0	 1	 1	 1	 1	 1	 0	 1	 2	 2	 1	566.85	  0.00
585	35	23	m	 1	 2	 9	 3	 2	 2	 2	 1	 1	 0	 1	 1	 1	 1	491.60	  0.00
586	35	23	m	 1	 2	 9	 2	 2	 1	 1	 1	 1	 0	 1	 1	 1	 1	677.42	  0.00
587	35	23	m	 1	 2	 9	 3	 2	 0	 1	 0	 1	 0	 1	 1	 1	 1	389.90	  0.00
588	35	23	m	 1	 2	 9	 1	 1	 1	 1	 1	 1	 0	 1	 2	 2	 1	527.06	  0.00
589	35	23	m	 1	 2	 9	 3	 2	 1	 1	 1	 1	 0	 1	 1	 1	 1	443.62	  0.00
590	35	23	m	 1	 2	 9	 0	 1	 1	 1	 0	 1	 0	 1	 2	 2	 1	613.66	  0.00
591	35	23	m	 1	 2	 9	 3	 2	 2	 2	 1	 1	 0	 1	 1	 1	 1	667.90	  0.00
592	35	23	m	 1	 2	 9	 1	 1	 1	 1	 0	 1	 0	 1	 2	 2	 1	445.62	  0.00
593	35	23	m	 1	 2	 9	 0	 1	 0	 1	 1	 1	 0	 1	 2	 2	 1	590.59	  0.00
594	35	23	m	 1	 2	 9	 0	 1	 1	 1	 0	 1	 0	 1	 2	 2	 1	401.36	  0.00
595	35	23	m	 1	 2	 9	 2	 2	 2	 2	 0	 1	 0	 1	 1	 1	 1	464.90	  0.00
596	35	23	m	 1	 2	 9	 2	 2	 2	 2	 1	 1	 0	 1	 1	 1	 1	446.89	  0.00
597	35	23	m	 1	 2	 9	 1	 1	 3	 2	 0	 1	 0	 1	 2	 2	 1	902.41	  0.00
598	35	23	m	 1	 2	 9	 1	 1	 2	 2	 0	 1	 0	 1	 2	 2	 1	508.44	  0.00
599	35	23	m	 1	 2	 9	 1	 1	 0	 1	 0	 1	 0	 1	 2	 2	 1	465.98	  0.00
600	35	23	m	 1	 2	 9	 2	 2	 1	 1	 0	 1	 0	 1	 1	 1	 1	496.01	  0.00
601	35	23	m	 1	 2	 9	 2	 2	 2	 2	 1	 1	 0	 1	 1	 1	 1	722.73	  0.00
602	35	23	m	 1	 2	 9	 2	 2	 3	 2	 1	 1	 0	 1	 1	 1	 1	475.91	  0.00
603	35	23	m	 1	 2	 9	 1	 1	 2	 2	 1	 1	 0	 1	 2	 2	 1	539.53	  0.00
604	35	23	m	 1	 2	 9	 1	 1	 2	 2	 0	 1	 0	 1	 2	 2	 1	806.35	  0.00
605	35	23	m	 1	 2	 9	 2	 2	 3	 2	 1	 1	 0	 1	 1	 1	 1	608.88	  0.00
606	35	23	m	 1	 2	 9	 0	 1	 3	 2	 0	 1	 0	 1	 2	 2	 1	687.99	  0.00
607	35	23	m	 1	 2	 9	 2	 2	 0	 1	 0	 1	 0	 1	 1	 1	 1	597.05	  0.00
608	35	23	m	 1	 2	 9	 3	 2	 1	 1	 0	 1	 0	 1	 1	 1	 1	700.29	  0.00
609	35	23	m	 1	 2	 9	 2	 2	 0	 1	 0	 1	 0	 1	 1	 1	 1	453.30	  0.00
610	35	23	m	 1	 2	 9	 3	 2	 1	 1	 1	 1	 0	 1	 1	 1	 1	492.66	  0.00
611	35	23	m	 1	 2	 9	 0	 1	 2	 2	 1	 1	 0	 1	 2	 2	 1	507.27	  0.00
612	35	23	m	 1	 2	 9	 1	 1	 1	 1	 1	 1	 0	 1	 2	 2	 1	644.16	  0.00
613	35	23	m	 1	 2	 9	 0	 1	 3	 2	 0	 1	 0	 1	 2	 2	 1	446.52	  0.00
614	35	23	m	 1	 2	 9	 0	 1	 2	 2	 0	 1	 0	 1	 2	 2	 1	428.50	  0.00
615	35	23	m	 1	 2	 9	 0	 1	 1	 1	 1	 1	 0	 1	 2	 2	 1	434.47	  0.00
616	35	23	m	 1	 2	 9	 1	 1	 0	 1	 0	 1	 0	 1	 2	 2	 1	392.71	  0.00
617	35	23	m	 1	 2	 9	 3	 2	 2	 2	 0	 1	 0	 1	 1	 1	 1	528.94	  0.00
618	35	23	m	 1	 2	 9	 1	 1	 0	 1	 1	 1	 0	 1	 2	 2	 1	412.91	  0.00
619	35	23	m	 1	 2	 9	 3	 2	 3	 2	 1	 1	 0	 1	 1	 1	 1	427.64	  0.00
620	35	23	m	 1	 2	 9	 2	 2	 1	 1	 1	 1	 0	 1	 1	 1	 1	760.63	  0.00
621	35	23	m	 1	 2	 9	 1	 1	 2	 2	 1	 1	 0	 1	 2	 2	 1	611.65	  0.00
622	35	23	m	 1	 2	 9	 0	 1	 2	 2	 1	 1	 0	 1	 2	 2	 1	422.09	  0.00
623	35	23	m	 1	 2	 9	 2	 2	 3	 2	 0	 1	 0	 1	 1	 1	 1	575.61	  0.00
624	35	23	m	 1	 2	 9	 0	 1	 0	 1	 0	 1	 0	 1	 2	 2	 1	410.57	  0.00
625	35	23	m	 1	 2	 9	 3	 2	 1	 1	 0	 1	 0	 1	 1	 1	 1	563.83	  0.00
626	35	23	m	 1	 2	 9	 1	 1	 1	 1	 0	 1	 0	 1	 2	 2	 1	455.15	  0.00
627	35	23	m	 1	 2	 9	 0	 1	 0	 1	 1	 1	 0	 1	 2	 2	 1	689.91	  0.00
628	35	23	m	 1	 2	 9	 1	 1	 3	 2	 1	 1	 0	 1	 2	 2	 1	475.99	  0.00
629	35	23	m	 1	 2	 9	 1	 1	 3	 2	 0	 1	 0	 1	 2	 2	 1	392.49	  0.00
630	35	23	m	 1	 2	 9	 2	 2	 1	 1	 0	 1	 0	 1	 1	 1	 1	448.20	  0.00
631	35	23	m	 1	 2	 9	 3	 2	 0	 1	 1	 1	 0	 1	 1	 1	 1	1262.65	  0.00
632	35	23	m	 1	 2	 9	 2	 2	 2	 2	 0	 1	 0	 1	 1	 1	 1	403.01	  0.00
633	35	23	m	 1	 2	 9	 2	 2	 0	 1	 1	 1	 0	 1	 1	 1	 1	385.18	  0.00
634	35	23	m	 1	 2	 9	 2	 2	 0	 1	 1	 1	 0	 1	 1	 1	 1	432.49	  0.00
635	35	23	m	 1	 2	 9	 3	 2	 0	 1	 0	 1	 0	 1	 1	 1	 1	471.75	  0.00
636	35	23	m	 1	 2	 9	 3	 2	 3	 2	 1	 1	 0	 1	 1	 1	 1	428.09	  0.00
637	35	23	m	 1	 2	 9	 0	 1	 0	 1	 0	 1	 0	 1	 2	 2	 1	434.75	  0.00
638	35	23	m	 1	 2	 9	 3	 2	 3	 2	 0	 1	 0	 1	 1	 1	 1	449.60	  0.00
639	35	23	m	 1	 2	 9	 3	 2	 0	 1	 1	 1	 0	 1	 1	 1	 1	480.67	  0.00
640	35	23	m	 1	 2	10	 1	 1	 0	 1	 1	 1	 0	 1	 2	 0	 0	2000.20	  0.00
641	35	23	m	 1	 2	10	 1	 1	 2	 2	 0	 1	 0	 1	 2	 0	 0	2000.21	  0.00
642	35	23	m	 1	 2	10	 2	 2	 2	 2	 1	 1	 0	 1	 1	 1	 1	1337.28	  0.00
643	35	23	m	 1	 2	10	 3	 2	 3	 2	 1	 1	 0	 1	 1	 1	 1	1128.91	  0.00
644	35	23	m	 1	 2	10	 3	 2	 3	 2	 0	 1	 0	 1	 2	 2	 1	995.30	  0.00
645	35	23	m	 1	 2	10	 2	 2	 3	 2	 1	 1	 0	 1	 1	 1	 1	837.38	  0.00
646	35	23	m	 1	 2	10	 2	 2	 2	 2	 0	 1	 0	 1	 2	 2	 1	761.30	  0.00
647	35	23	m	 1	 2	10	 0	 1	 0	 1	 1	 1	 0	 1	 2	 1	 0	587.42	  0.00
648	35	23	m	 1	 2	10	 1	 1	 1	 1	 0	 1	 0	 1	 1	 2	 0	699.39	  0.00
649	35	23	m	 1	 2	10	 1	 1	 1	 1	 1	 1	 0	 1	 2	 2	 1	1813.59	  0.00
650	35	23	m	 1	 2	10	 2	 2	 0	 1	 0	 1	 0	 1	 1	 1	 1	1181.45	  0.00
651	35	23	m	 1	 2	10	 1	 1	 0	 1	 1	 1	 0	 1	 2	 2	 1	1023.29	  0.00
652	35	23	m	 1	 2	10	 2	 2	 2	 2	 0	 1	 0	 1	 2	 2	 1	1689.52	  0.00
653	35	23	m	 1	 2	10	 1	 1	 3	 2	 0	 1	 0	 1	 2	 2	 1	909.51	  0.00
654	35	23	m	 1	 2	10	 2	 2	 3	 2	 0	 1	 0	 1	 2	 2	 1	523.12	  0.00
655	35	23	m	 1	 2	10	 1	 1	 2	 2	 1	 1	 0	 1	 2	 1	 0	733.08	  0.00
656	35	23	m	 1	 2	10	 3	 2	 0	 1	 0	 1	 0	 1	 1	 1	 1	1073.32	  0.00
657	35	23	m	 1	 2	10	 0	 1	 2	 2	 0	 1	 0	 1	 2	 2	 1	711.24	  0.00
658	35	23	m	 1	 2	10	 2	 2	 3	 2	 1	 1	 0	 1	 1	 1	 1	863.85	  0.00
659	35	23	m	 1	 2	10	 3	 2	 2	 2	 1	 1	 0	 1	 1	 1	 1	1088.66	  0.00
660	35	23	m	 1	 2	10	 3	 2	 2	 2	 1	 1	 0	 1	 1	 1	 1	448.99	  0.00
661	35	23	m	 1	 2	10	 1	 1	 2	 2	 1	 1	 0	 1	 2	 2	 1	601.62	  0.00
662	35	23	m	 1	 2	10	 3	 2	 0	 1	 0	 1	 0	 1	 1	 1	 1	542.61	  0.00
663	35	23	m	 1	 2	10	 3	 2	 0	 1	 1	 1	 0	 1	 1	 1	 1	825.74	  0.00
664	35	23	m	 1	 2	10	 0	 1	 3	 2	 1	 1	 0	 1	 2	 2	 1	676.49	  0.00
665	35	23	m	 1	 2	10	 0	 1	 0	 1	 0	 1	 0	 1	 1	 1	 1	894.36	  0.00
666	35	23	m	 1	 2	10	 2	 2	 0	 1	 1	 1	 0	 1	 1	 1	 1	1543.40	  0.00
667	35	23	m	 1	 2	10	 2	 2	 1	 1	 1	 1	 0	 1	 1	 1	 1	462.40	  0.00
668	35	23	m	 1	 2	10	 0	 1	 3	 2	 1	 1	 0	 1	 2	 2	 1	509.28	  0.00
669	35	23	m	 1	 2	10	 1	 1	 0	 1	 0	 1	 0	 1	 1	 1	 1	760.31	  0.00
670	35	23	m	 1	 2	10	 2	 2	 0	 1	 1	 1	 0	 1	 1	 1	 1	512.91	  0.00
671	35	23	m	 1	 2	10	 2	 2	 1	 1	 0	 1	 0	 1	 1	 1	 1	542.57	  0.00
672	35	23	m	 1	 2	10	 1	 1	 3	 2	 1	 1	 0	 1	 2	 2	 1	434.16	  0.00
673	35	23	m	 1	 2	10	 2	 2	 1	 1	 1	 1	 0	 1	 1	 1	 1	472.75	  0.00
674	35	23	m	 1	 2	10	 0	 1	 2	 2	 1	 1	 0	 1	 2	 2	 1	429.79	  0.00
675	35	23	m	 1	 2	10	 1	 1	 1	 1	 1	 1	 0	 1	 2	 2	 1	558.49	  0.00
676	35	23	m	 1	 2	10	 3	 2	 1	 1	 0	 1	 0	 1	 1	 1	 1	499.06	  0.00
677	35	23	m	 1	 2	10	 0	 1	 2	 2	 0	 1	 0	 1	 2	 2	 1	643.80	  0.00
678	35	23	m	 1	 2	10	 3	 2	 1	 1	 1	 1	 0	 1	 1	 2	 0	633.22	  0.00
679	35	23	m	 1	 2	10	 2	 2	 3	 2	 0	 1	 0	 1	 2	 2	 1	948.14	  0.00
680	35	23	m	 1	 2	10	 0	 1	 0	 1	 0	 1	 0	 1	 1	 1	 1	659.66	  0.00
681	35	23	m	 1	 2	10	 3	 2	 3	 2	 0	 1	 0	 1	 2	 2	 1	714.43	  0.00
682	35	23	m	 1	 2	10	 0	 1	 2	 2	 1	 1	 0	 1	 2	 1	 0	540.62	  0.00
683	35	23	m	 1	 2	10	 1	 1	 3	 2	 0	 1	 0	 1	 2	 2	 1	987.17	  0.00
684	35	23	m	 1	 2	10	 1	 1	 3	 2	 1	 1	 0	 1	 2	 2	 1	926.91	  0.00
685	35	23	m	 1	 2	10	 3	 2	 2	 2	 0	 1	 0	 1	 2	 2	 1	589.84	  0.00
686	35	23	m	 1	 2	10	 3	 2	 3	 2	 1	 1	 0	 1	 1	 1	 1	472.28	  0.00
687	35	23	m	 1	 2	10	 2	 2	 1	 1	 0	 1	 0	 1	 1	 1	 1	1008.72	  0.00
688	35	23	m	 1	 2	10	 1	 1	 2	 2	 0	 1	 0	 1	 2	 2	 1	614.11	  0.00
689	35	23	m	 1	 2	10	 3	 2	 2	 2	 0	 1	 0	 1	 2	 2	 1	538.37	  0.00
690	35	23	m	 1	 2	10	 0	 1	 1	 1	 0	 1	 0	 1	 1	 1	 1	601.46	  0.00
691	35	23	m	 1	 2	10	 0	 1	 3	 2	 0	 1	 0	 1	 2	 2	 1	615.40	  0.00
692	35	23	m	 1	 2	10	 0	 1	 0	 1	 1	 1	 0	 1	 2	 1	 0	538.63	  0.00
693	35	23	m	 1	 2	10	 3	 2	 0	 1	 1	 1	 0	 1	 1	 1	 1	968.83	  0.00
694	35	23	m	 1	 2	10	 0	 1	 1	 1	 1	 1	 0	 1	 2	 2	 1	468.21	  0.00
695	35	23	m	 1	 2	10	 0	 1	 3	 2	 0	 1	 0	 1	 2	 2	 1	1159.68	  0.00
696	35	23	m	 1	 2	10	 2	 2	 0	 1	 0	 1	 0	 1	 1	 1	 1	577.20	  0.00
697	35	23	m	 1	 2	10	 1	 1	 0	 1	 0	 1	 0	 1	 1	 1	 1	526.04	  0.00
698	35	23	m	 1	 2	10	 0	 1	 1	 1	 1	 1	 0	 1	 2	 1	 0	596.25	  0.00
699	35	23	m	 1	 2	10	 2	 2	 2	 2	 1	 1	 0	 1	 1	 1	 1	830.55	  0.00
700	35	23	m	 1	 2	10	 1	 1	 1	 1	 0	 1	 0	 1	 1	 1	 1	738.13	  0.00
701	35	23	m	 1	 2	10	 3	 2	 1	 1	 1	 1	 0	 1	 1	 2	 0	751.94	  0.00
702	35	23	m	 1	 2	10	 3	 2	 1	 1	 0	 1	 0	 1	 1	 1	 1	1630.67	  0.00
703	35	23	m	 1	 2	10	 0	 1	 1	 1	 0	 1	 0	 1	 1	 1	 1	753.63	  0.00
704	35	23	m	 1	 2	11	 0	 1	 1	 1	 1	 1	 0	 1	 2	 2	 1	885.66	  0.00
705	35	23	m	 1	 2	11	 1	 1	 3	 2	 1	 1	 0	 1	 2	 1	 0	573.99	  0.00
706	35	23	m	 1	 2	11	 0	 1	 2	 2	 1	 1	 0	 1	 2	 2	 1	564.11	  0.00
707	35	23	m	 1	 2	11	 3	 2	 3	 2	 0	 1	 0	 1	 2	 2	 1	692.86	  0.00
708	35	23	m	 1	 2	11	 3	 2	 1	 1	 1	 1	 0	 1	 1	 1	 1	535.59	  0.00
709	35	23	m	 1	 2	11	 3	 2	 2	 2	 0	 1	 0	 1	 2	 2	 1	656.42	  0.00
710	35	23	m	 1	 2	11	 0	 1	 1	 1	 0	 1	 0	 1	 1	 1	 1	719.76	  0.00
711	35	23	m	 1	 2	11	 0	 1	 1	 1	 1	 1	 0	 1	 2	 2	 1	1320.18	  0.00
712	35	23	m	 1	 2	11	 1	 1	 0	 1	 0	 1	 0	 1	 1	 1	 1	779.18	  0.00
713	35	23	m	 1	 2	11	 3	 2	 0	 1	 1	 1	 0	 1	 1	 1	 1	736.04	  0.00
714	35	23	m	 1	 2	11	 3	 2	 1	 1	 0	 1	 0	 1	 1	 1	 1	628.16	  0.00
715	35	23	m	 1	 2	11	 2	 2	 3	 2	 1	 1	 0	 1	 1	 1	 1	479.42	  0.00
716	35	23	m	 1	 2	11	 2	 2	 2	 2	 1	 1	 0	 1	 1	 1	 1	412.39	  0.00
717	35	23	m	 1	 2	11	 1	 1	 2	 2	 0	 1	 0	 1	 2	 2	 1	590.38	  0.00
718	35	23	m	 1	 2	11	 2	 2	 1	 1	 0	 1	 0	 1	 1	 1	 1	710.94	  0.00
719	35	23	m	 1	 2	11	 1	 1	 1	 1	 1	 1	 0	 1	 2	 2	 1	634.41	  0.00
720	35	23	m	 1	 2	11	 2	 2	 2	 2	 0	 1	 0	 1	 2	 2	 1	632.62	  0.00
721	35	23	m	 1	 2	11	 2	 2	 1	 1	 1	 1	 0	 1	 1	 1	 1	524.49	  0.00
722	35	23	m	 1	 2	11	 3	 2	 1	 1	 0	 1	 0	 1	 1	 1	 1	563.73	  0.00
723	35	23	m	 1	 2	11	 2	 2	 0	 1	 0	 1	 0	 1	 1	 1	 1	586.33	  0.00
724	35	23	m	 1	 2	11	 1	 1	 0	 1	 1	 1	 0	 1	 2	 2	 1	755.86	  0.00
725	35	23	m	 1	 2	11	 1	 1	 0	 1	 1	 1	 0	 1	 2	 2	 1	508.82	  0.00
726	35	23	m	 1	 2	11	 1	 1	 3	 2	 0	 1	 0	 1	 2	 2	 1	491.04	  0.00
727	35	23	m	 1	 2	11	 0	 1	 3	 2	 1	 1	 0	 1	 2	 2	 1	488.56	  0.00
728	35	23	m	 1	 2	11	 0	 1	 0	 1	 1	 1	 0	 1	 2	 2	 1	617.29	  0.00
729	35	23	m	 1	 2	11	 2	 2	 1	 1	 0	 1	 0	 1	 1	 1	 1	501.23	  0.00
730	35	23	m	 1	 2	11	 0	 1	 2	 2	 1	 1	 0	 1	 2	 1	 0	605.46	  0.00
731	35	23	m	 1	 2	11	 3	 2	 2	 2	 1	 1	 0	 1	 1	 1	 1	782.91	  0.00
732	35	23	m	 1	 2	11	 2	 2	 0	 1	 0	 1	 0	 1	 1	 1	 1	568.84	  0.00
733	35	23	m	 1	 2	11	 0	 1	 1	 1	 0	 1	 0	 1	 1	 1	 1	501.75	  0.00
734	35	23	m	 1	 2	11	 1	 1	 3	 2	 0	 1	 0	 1	 2	 2	 1	663.28	  0.00
735	35	23	m	 1	 2	11	 3	 2	 3	 2	 0	 1	 0	 1	 2	 2	 1	498.15	  0.00
736	35	23	m	 1	 2	11	 0	 1	 2	 2	 0	 1	 0	 1	 2	 2	 1	528.11	  0.00
737	35	23	m	 1	 2	11	 3	 2	 3	 2	 1	 1	 0	 1	 1	 1	 1	485.43	  0.00
738	35	23	m	 1	 2	11	 1	 1	 2	 2	 1	 1	 0	 1	 2	 2	 1	753.06	  0.00
739	35	23	m	 1	 2	11	 2	 2	 3	 2	 0	 1	 0	 1	 2	 2	 1	1199.84	  0.00
740	35	23	m	 1	 2	11	 3	 2	 2	 2	 1	 1	 0	 1	 1	 1	 1	552.49	  0.00
741	35	23	m	 1	 2	11	 1	 1	 1	 1	 0	 1	 0	 1	 1	 1	 1	1105.66	  0.00
742	35	23	m	 1	 2	11	 2	 2	 2	 2	 1	 1	 0	 1	 1	 1	 1	441.91	  0.00
743	35	23	m	 1	 2	11	 1	 1	 1	 1	 0	 1	 0	 1	 1	 1	 1	594.64	  0.00
744	35	23	m	 1	 2	11	 0	 1	 3	 2	 0	 1	 0	 1	 2	 2	 1	641.73	  0.00
745	35	23	m	 1	 2	11	 1	 1	 2	 2	 1	 1	 0	 1	 2	 2	 1	672.32	  0.00
746	35	23	m	 1	 2	11	 3	 2	 3	 2	 1	 1	 0	 1	 1	 1	 1	572.52	  0.00
747	35	23	m	 1	 2	11	 1	 1	 3	 2	 1	 1	 0	 1	 2	 2	 1	578.88	  0.00
748	35	23	m	 1	 2	11	 1	 1	 2	 2	 0	 1	 0	 1	 2	 2	 1	642.33	  0.00
749	35	23	m	 1	 2	11	 0	 1	 0	 1	 0	 1	 0	 1	 1	 1	 1	477.14	  0.00
750	35	23	m	 1	 2	11	 1	 1	 1	 1	 1	 1	 0	 1	 2	 1	 0	687.60	  0.00
751	35	23	m	 1	 2	11	 3	 2	 0	 1	 0	 1	 0	 1	 1	 1	 1	661.18	  0.00
752	35	23	m	 1	 2	11	 3	 2	 0	 1	 0	 1	 0	 1	 1	 1	 1	471.59	  0.00
753	35	23	m	 1	 2	11	 2	 2	 2	 2	 0	 1	 0	 1	 2	 2	 1	583.14	  0.00
754	35	23	m	 1	 2	11	 3	 2	 0	 1	 1	 1	 0	 1	 1	 1	 1	899.34	  0.00
755	35	23	m	 1	 2	11	 1	 1	 0	 1	 0	 1	 0	 1	 1	 1	 1	505.58	  0.00
756	35	23	m	 1	 2	11	 0	 1	 0	 1	 1	 1	 0	 1	 2	 2	 1	699.73	  0.00
757	35	23	m	 1	 2	11	 0	 1	 2	 2	 0	 1	 0	 1	 2	 2	 1	477.42	  0.00
758	35	23	m	 1	 2	11	 2	 2	 0	 1	 1	 1	 0	 1	 1	 1	 1	589.83	  0.00
759	35	23	m	 1	 2	11	 0	 1	 3	 2	 0	 1	 0	 1	 2	 2	 1	539.24	  0.00
760	35	23	m	 1	 2	11	 2	 2	 0	 1	 1	 1	 0	 1	 1	 1	 1	1042.54	  0.00
761	35	23	m	 1	 2	11	 3	 2	 1	 1	 1	 1	 0	 1	 1	 1	 1	550.24	  0.00
762	35	23	m	 1	 2	11	 2	 2	 1	 1	 1	 1	 0	 1	 1	 1	 1	426.13	  0.00
763	35	23	m	 1	 2	11	 0	 1	 3	 2	 1	 1	 0	 1	 2	 2	 1	465.11	  0.00
764	35	23	m	 1	 2	11	 2	 2	 3	 2	 0	 1	 0	 1	 2	 2	 1	594.26	  0.00
765	35	23	m	 1	 2	11	 2	 2	 3	 2	 1	 1	 0	 1	 1	 1	 1	722.83	  0.00
766	35	23	m	 1	 2	11	 3	 2	 2	 2	 0	 1	 0	 1	 2	 2	 1	574.12	  0.00
767	35	23	m	 1	 2	11	 0	 1	 0	 1	 0	 1	 0	 1	 1	 1	 1	596.76	  0.00
768	35	23	m	 1	 2	12	 1	 1	 1	 1	 0	 1	 0	 1	 1	 1	 1	586.80	  0.00
769	35	23	m	 1	 2	12	 0	 1	 1	 1	 0	 1	 0	 1	 1	 1	 1	608.59	  0.00
770	35	23	m	 1	 2	12	 0	 1	 0	 1	 1	 1	 0	 1	 2	 2	 1	663.47	  0.00
771	35	23	m	 1	 2	12	 2	 2	 0	 1	 1	 1	 0	 1	 1	 1	 1	506.54	  0.00
772	35	23	m	 1	 2	12	 1	 1	 0	 1	 0	 1	 0	 1	 1	 1	 1	757.98	  0.00
773	35	23	m	 1	 2	12	 1	 1	 1	 1	 0	 1	 0	 1	 1	 1	 1	511.16	  0.00
774	35	23	m	 1	 2	12	 0	 1	 3	 2	 1	 1	 0	 1	 2	 2	 1	493.12	  0.00
775	35	23	m	 1	 2	12	 2	 2	 2	 2	 0	 1	 0	 1	 2	 2	 1	540.39	  0.00
776	35	23	m	 1	 2	12	 3	 2	 1	 1	 0	 1	 0	 1	 1	 1	 1	497.82	  0.00
777	35	23	m	 1	 2	12	 1	 1	 0	 1	 1	 1	 0	 1	 2	 2	 1	773.54	  0.00
778	35	23	m	 1	 2	12	 2	 2	 2	 2	 1	 1	 0	 1	 1	 2	 0	599.13	  0.00
779	35	23	m	 1	 2	12	 1	 1	 1	 1	 1	 1	 0	 1	 2	 2	 1	646.16	  0.00
780	35	23	m	 1	 2	12	 2	 2	 3	 2	 1	 1	 0	 1	 1	 1	 1	489.31	  0.00
781	35	23	m	 1	 2	12	 0	 1	 1	 1	 1	 1	 0	 1	 2	 2	 1	528.35	  0.00
782	35	23	m	 1	 2	12	 3	 2	 3	 2	 1	 1	 0	 1	 1	 1	 1	551.00	  0.00
783	35	23	m	 1	 2	12	 3	 2	 1	 1	 0	 1	 0	 1	 1	 1	 1	647.19	  0.00
784	35	23	m	 1	 2	12	 1	 1	 3	 2	 1	 1	 0	 1	 2	 2	 1	645.13	  0.00
785	35	23	m	 1	 2	12	 2	 2	 1	 1	 1	 1	 0	 1	 1	 1	 1	545.37	  0.00
786	35	23	m	 1	 2	12	 1	 1	 2	 2	 0	 1	 0	 1	 2	 2	 1	543.58	  0.00
787	35	23	m	 1	 2	12	 1	 1	 0	 1	 0	 1	 0	 1	 1	 1	 1	549.06	  0.00
788	35	23	m	 1	 2	12	 0	 1	 3	 2	 1	 1	 0	 1	 2	 2	 1	490.13	  0.00
789	35	23	m	 1	 2	12	 0	 1	 2	 2	 1	 1	 0	 1	 2	 2	 1	700.44	  0.00
790	35	23	m	 1	 2	12	 0	 1	 1	 1	 1	 1	 0	 1	 2	 2	 1	780.19	  0.00
791	35	23	m	 1	 2	12	 1	 1	 3	 2	 1	 1	 0	 1	 2	 2	 1	663.87	  0.00
792	35	23	m	 1	 2	12	 1	 1	 2	 2	 0	 1	 0	 1	 2	 2	 1	270.23	  0.00
793	35	23	m	 1	 2	12	 0	 1	 2	 2	 0	 1	 0	 1	 2	 2	 1	554.54	  0.00
794	35	23	m	 1	 2	12	 0	 1	 0	 1	 0	 1	 0	 1	 1	 1	 1	618.00	  0.00
795	35	23	m	 1	 2	12	 0	 1	 0	 1	 1	 1	 0	 1	 2	 2	 1	550.80	  0.00
796	35	23	m	 1	 2	12	 2	 2	 3	 2	 0	 1	 0	 1	 2	 2	 1	850.05	  0.00
797	35	23	m	 1	 2	12	 3	 2	 3	 2	 1	 1	 0	 1	 1	 1	 1	529.56	  0.00
798	35	23	m	 1	 2	12	 0	 1	 2	 2	 1	 1	 0	 1	 2	 2	 1	511.51	  0.00
799	35	23	m	 1	 2	12	 0	 1	 0	 1	 0	 1	 0	 1	 1	 1	 1	738.28	  0.00
800	35	23	m	 1	 2	12	 2	 2	 3	 2	 0	 1	 0	 1	 2	 2	 1	670.96	  0.00
801	35	23	m	 1	 2	12	 3	 2	 0	 1	 0	 1	 0	 1	 1	 1	 1	652.70	  0.00
802	35	23	m	 1	 2	12	 2	 2	 0	 1	 0	 1	 0	 1	 1	 1	 1	438.63	  0.00
803	35	23	m	 1	 2	12	 1	 1	 2	 2	 1	 1	 0	 1	 2	 2	 1	510.26	  0.00
804	35	23	m	 1	 2	12	 3	 2	 3	 2	 0	 1	 0	 1	 2	 1	 0	556.70	  0.00
805	35	23	m	 1	 2	12	 1	 1	 1	 1	 1	 1	 0	 1	 2	 2	 1	620.16	  0.00
806	35	23	m	 1	 2	12	 3	 2	 0	 1	 1	 1	 0	 1	 1	 1	 1	414.08	  0.00
807	35	23	m	 1	 2	12	 3	 2	 2	 2	 0	 1	 0	 1	 2	 2	 1	502.48	  0.00
808	35	23	m	 1	 2	12	 2	 2	 0	 1	 1	 1	 0	 1	 1	 1	 1	590.33	  0.00
809	35	23	m	 1	 2	12	 1	 1	 3	 2	 0	 1	 0	 1	 2	 2	 1	596.94	  0.00
810	35	23	m	 1	 2	12	 3	 2	 2	 2	 1	 1	 0	 1	 1	 2	 0	603.07	  0.00
811	35	23	m	 1	 2	12	 3	 2	 1	 1	 1	 1	 0	 1	 1	 2	 0	462.65	  0.00
812	35	23	m	 1	 2	12	 0	 1	 3	 2	 0	 1	 0	 1	 2	 2	 1	1830.92	  0.00
813	35	23	m	 1	 2	12	 2	 2	 1	 1	 0	 1	 0	 1	 1	 1	 1	570.63	  0.00
814	35	23	m	 1	 2	12	 2	 2	 2	 2	 1	 1	 0	 1	 1	 1	 1	927.64	  0.00
815	35	23	m	 1	 2	12	 3	 2	 2	 2	 1	 1	 0	 1	 1	 1	 1	452.06	  0.00
816	35	23	m	 1	 2	12	 3	 2	 1	 1	 1	 1	 0	 1	 1	 1	 1	442.40	  0.00
817	35	23	m	 1	 2	12	 1	 1	 3	 2	 0	 1	 0	 1	 2	 2	 1	726.39	  0.00
818	35	23	m	 1	 2	12	 0	 1	 2	 2	 0	 1	 0	 1	 2	 2	 1	552.99	  0.00
819	35	23	m	 1	 2	12	 2	 2	 1	 1	 1	 1	 0	 1	 1	 1	 1	698.11	  0.00
820	35	23	m	 1	 2	12	 3	 2	 3	 2	 0	 1	 0	 1	 2	 2	 1	760.43	  0.00
821	35	23	m	 1	 2	12	 2	 2	 1	 1	 0	 1	 0	 1	 1	 1	 1	603.28	  0.00
822	35	23	m	 1	 2	12	 2	 2	 3	 2	 1	 1	 0	 1	 1	 1	 1	658.37	  0.00
823	35	23	m	 1	 2	12	 1	 1	 2	 2	 1	 1	 0	 1	 2	 2	 1	607.48	  0.00
824	35	23	m	 1	 2	12	 3	 2	 0	 1	 1	 1	 0	 1	 1	 1	 1	442.61	  0.00
825	35	23	m	 1	 2	12	 2	 2	 2	 2	 0	 1	 0	 1	 2	 2	 1	604.16	  0.00
826	35	23	m	 1	 2	12	 0	 1	 1	 1	 0	 1	 0	 1	 1	 1	 1	520.67	  0.00
827	35	23	m	 1	 2	12	 1	 1	 0	 1	 1	 1	 0	 1	 2	 2	 1	469.94	  0.00
828	35	23	m	 1	 2	12	 0	 1	 3	 2	 0	 1	 0	 1	 2	 2	 1	778.41	  0.00
829	35	23	m	 1	 2	12	 3	 2	 2	 2	 0	 1	 0	 1	 2	 2	 1	514.17	  0.00
830	35	23	m	 1	 2	12	 2	 2	 0	 1	 0	 1	 0	 1	 1	 1	 1	529.80	  0.00
831	35	23	m	 1	 2	12	 3	 2	 0	 1	 0	 1	 0	 1	 1	 1	 1	551.50	  0.00
832	35	23	m	 1	 2	13	 1	 1	 3	 2	 0	 1	 0	 1	 2	 2	 1	525.27	  0.00
833	35	23	m	 1	 2	13	 3	 2	 2	 2	 1	 1	 0	 1	 1	 2	 0	629.54	  0.00
834	35	23	m	 1	 2	13	 3	 2	 0	 1	 1	 1	 0	 1	 1	 1	 1	701.16	  0.00
835	35	23	m	 1	 2	13	 0	 1	 3	 2	 0	 1	 0	 1	 2	 2	 1	609.42	  0.00
836	35	23	m	 1	 2	13	 2	 2	 1	 1	 0	 1	 0	 1	 1	 1	 1	1284.76	  0.00
837	35	23	m	 1	 2	13	 1	 1	 1	 1	 0	 1	 0	 1	 1	 1	 1	547.60	  0.00
838	35	23	m	 1	 2	13	 0	 1	 2	 2	 1	 1	 0	 1	 2	 2	 1	732.49	  0.00
839	35	23	m	 1	 2	13	 1	 1	 1	 1	 0	 1	 0	 1	 1	 1	 1	738.68	  0.00
840	35	23	m	 1	 2	13	 0	 1	 2	 2	 1	 1	 0	 1	 2	 1	 0	516.28	  0.00
841	35	23	m	 1	 2	13	 0	 1	 2	 2	 0	 1	 0	 1	 2	 2	 1	857.29	  0.00
842	35	23	m	 1	 2	13	 2	 2	 3	 2	 0	 1	 0	 1	 2	 2	 1	512.37	  0.00
843	35	23	m	 1	 2	13	 1	 1	 2	 2	 0	 1	 0	 1	 2	 2	 1	608.58	  0.00
844	35	23	m	 1	 2	13	 1	 1	 0	 1	 0	 1	 0	 1	 1	 1	 1	533.25	  0.00
845	35	23	m	 1	 2	13	 0	 1	 0	 1	 0	 1	 0	 1	 1	 1	 1	555.04	  0.00
846	35	23	m	 1	 2	13	 1	 1	 3	 2	 1	 1	 0	 1	 2	 2	 1	634.53	  0.00
847	35	23	m	 1	 2	13	 2	 2	 0	 1	 0	 1	 0	 1	 1	 1	 1	877.70	  0.00
848	35	23	m	 1	 2	13	 2	 2	 0	 1	 0	 1	 0	 1	 1	 1	 1	492.01	  0.00
849	35	23	m	 1	 2	13	 1	 1	 2	 2	 1	 1	 0	 1	 2	 2	 1	710.65	  0.00
850	35	23	m	 1	 2	13	 2	 2	 1	 1	 1	 1	 0	 1	 1	 1	 1	724.96	  0.00
851	35	23	m	 1	 2	13	 0	 1	 0	 1	 1	 1	 0	 1	 2	 2	 1	788.17	  0.00
852	35	23	m	 1	 2	13	 2	 2	 2	 2	 0	 1	 0	 1	 2	 2	 1	557.60	  0.00
853	35	23	m	 1	 2	13	 3	 2	 1	 1	 0	 1	 0	 1	 1	 1	 1	555.82	  0.00
854	35	23	m	 1	 2	13	 3	 2	 1	 1	 1	 1	 0	 1	 1	 1	 1	1009.88	  0.00
855	35	23	m	 1	 2	13	 2	 2	 0	 1	 1	 1	 0	 1	 1	 1	 1	477.15	  0.00
856	35	23	m	 1	 2	13	 1	 1	 0	 1	 1	 1	 0	 1	 2	 2	 1	532.55	  0.00
857	35	23	m	 1	 2	13	 3	 2	 0	 1	 0	 1	 0	 1	 1	 1	 1	1208.05	  0.00
858	35	23	m	 1	 2	13	 0	 1	 1	 1	 1	 1	 0	 1	 2	 2	 1	1148.28	  0.00
859	35	23	m	 1	 2	13	 0	 1	 3	 2	 1	 1	 0	 1	 2	 2	 1	460.24	  0.00
860	35	23	m	 1	 2	13	 2	 2	 0	 1	 1	 1	 0	 1	 1	 1	 1	482.87	  0.00
861	35	23	m	 1	 2	13	 3	 2	 3	 2	 0	 1	 0	 1	 2	 2	 1	987.23	  0.00
862	35	23	m	 1	 2	13	 3	 2	 1	 1	 1	 1	 0	 1	 1	 1	 1	869.43	  0.00
863	35	23	m	 1	 2	13	 1	 1	 1	 1	 1	 1	 0	 1	 2	 2	 1	548.96	  0.00
864	35	23	m	 1	 2	13	 2	 2	 2	 2	 1	 1	 0	 1	 1	 1	 1	800.36	  0.00
865	35	23	m	 1	 2	13	 3	 2	 2	 2	 0	 1	 0	 1	 2	 2	 1	610.59	  0.00
866	35	23	m	 1	 2	13	 3	 2	 2	 2	 0	 1	 0	 1	 2	 2	 1	567.89	  0.00
867	35	23	m	 1	 2	13	 3	 2	 0	 1	 1	 1	 0	 1	 1	 1	 1	557.93	  0.00
868	35	23	m	 1	 2	13	 0	 1	 2	 2	 0	 1	 0	 1	 2	 2	 1	1518.99	  0.00
869	35	23	m	 1	 2	13	 2	 2	 2	 2	 0	 1	 0	 1	 2	 2	 1	463.22	  0.00
870	35	23	m	 1	 2	13	 1	 1	 2	 2	 0	 1	 0	 1	 2	 2	 1	419.75	  0.00
871	35	23	m	 1	 2	13	 0	 1	 1	 1	 0	 1	 0	 1	 1	 1	 1	589.50	  0.00
872	35	23	m	 1	 2	13	 2	 2	 2	 2	 1	 1	 0	 1	 1	 1	 1	832.25	  0.00
873	35	23	m	 1	 2	13	 3	 2	 3	 2	 1	 1	 0	 1	 1	 1	 1	414.16	  0.00
874	35	23	m	 1	 2	13	 0	 1	 1	 1	 1	 1	 0	 1	 2	 2	 1	616.61	  0.00
875	35	23	m	 1	 2	13	 0	 1	 3	 2	 1	 1	 0	 1	 2	 2	 1	484.17	  0.00
876	35	23	m	 1	 2	13	 3	 2	 0	 1	 0	 1	 0	 1	 1	 1	 1	580.39	  0.00
877	35	23	m	 1	 2	13	 3	 2	 1	 1	 0	 1	 0	 1	 1	 1	 1	937.63	  0.00
878	35	23	m	 1	 2	13	 2	 2	 3	 2	 1	 1	 0	 1	 1	 2	 0	730.07	  0.00
879	35	23	m	 1	 2	13	 1	 1	 0	 1	 1	 1	 0	 1	 2	 2	 1	467.13	  0.00
880	35	23	m	 1	 2	13	 1	 1	 3	 2	 1	 1	 0	 1	 2	 2	 1	514.43	  0.00
881	35	23	m	 1	 2	13	 2	 2	 1	 1	 1	 1	 0	 1	 1	 1	 1	692.02	  0.00
882	35	23	m	 1	 2	13	 1	 1	 3	 2	 0	 1	 0	 1	 2	 2	 1	600.49	  0.00
883	35	23	m	 1	 2	13	 3	 2	 2	 2	 1	 1	 0	 1	 1	 1	 1	867.89	  0.00
884	35	23	m	 1	 2	13	 0	 1	 0	 1	 0	 1	 0	 1	 1	 1	 1	726.95	  0.00
885	35	23	m	 1	 2	13	 3	 2	 3	 2	 0	 1	 0	 1	 2	 2	 1	659.65	  0.00
886	35	23	m	 1	 2	13	 3	 2	 3	 2	 1	 1	 0	 1	 1	 1	 1	836.18	  0.00
887	35	23	m	 1	 2	13	 2	 2	 1	 1	 0	 1	 0	 1	 1	 1	 1	589.20	  0.00
888	35	23	m	 1	 2	13	 1	 1	 1	 1	 1	 1	 0	 1	 2	 2	 1	522.12	  0.00
889	35	23	m	 1	 2	13	 1	 1	 0	 1	 0	 1	 0	 1	 1	 1	 1	610.16	  0.00
890	35	23	m	 1	 2	13	 0	 1	 1	 1	 0	 1	 0	 1	 1	 1	 1	551.17	  0.00
891	35	23	m	 1	 2	13	 2	 2	 3	 2	 0	 1	 0	 1	 2	 2	 1	769.74	  0.00
892	35	23	m	 1	 2	13	 2	 2	 3	 2	 1	 1	 0	 1	 1	 1	 1	604.24	  0.00
893	35	23	m	 1	 2	13	 0	 1	 3	 2	 0	 1	 0	 1	 2	 2	 1	610.71	  0.00
894	35	23	m	 1	 2	13	 0	 1	 0	 1	 1	 1	 0	 1	 2	 2	 1	477.27	  0.00
895	35	23	m	 1	 2	13	 1	 1	 2	 2	 1	 1	 0	 1	 2	 2	 1	467.37	  0.00
