00	23	18	v	 1	 2	 0	 3	 2	 2	 2	 1	 0	 1	 1	 2	 2	 1	1457.02	  0.00
01	23	18	v	 1	 2	 0	 2	 2	 1	 1	 0	 0	 1	 1	 2	 2	 1	569.09	  0.00
02	23	18	v	 1	 2	 0	 1	 1	 3	 2	 1	 0	 1	 1	 1	 1	 1	743.64	  0.00
03	23	18	v	 1	 2	 0	 1	 1	 2	 2	 0	 0	 1	 1	 1	 1	 1	736.28	  0.00
04	23	18	v	 1	 2	 0	 1	 1	 1	 1	 1	 0	 1	 1	 1	 1	 1	630.19	  0.00
05	23	18	v	 1	 2	 0	 3	 2	 0	 1	 1	 0	 1	 1	 2	 2	 1	603.58	  0.00
06	23	18	v	 1	 2	 0	 3	 2	 2	 2	 0	 0	 1	 1	 2	 2	 1	711.62	  0.00
07	23	18	v	 1	 2	 0	 3	 2	 3	 2	 1	 0	 1	 1	 2	 2	 1	567.63	  0.00
08	23	18	v	 1	 2	 0	 2	 2	 2	 2	 0	 0	 1	 1	 2	 2	 1	361.54	  0.00
09	23	18	v	 1	 2	 0	 0	 1	 2	 2	 0	 0	 1	 1	 1	 1	 1	639.74	  0.00
10	23	18	v	 1	 2	 0	 2	 2	 3	 2	 0	 0	 1	 1	 2	 2	 1	591.05	  0.00
11	23	18	v	 1	 2	 0	 2	 2	 1	 1	 1	 0	 1	 1	 2	 2	 1	466.31	  0.00
12	23	18	v	 1	 2	 0	 2	 2	 2	 2	 0	 0	 1	 1	 2	 2	 1	382.47	  0.00
13	23	18	v	 1	 2	 0	 3	 2	 2	 2	 0	 0	 1	 1	 2	 1	 0	315.18	  0.00
14	23	18	v	 1	 2	 0	 2	 2	 3	 2	 1	 0	 1	 1	 2	 2	 1	713.09	  0.00
15	23	18	v	 1	 2	 0	 1	 1	 3	 2	 0	 0	 1	 1	 1	 1	 1	753.16	  0.00
16	23	18	v	 1	 2	 0	 1	 1	 0	 1	 1	 0	 1	 1	 1	 1	 1	723.42	  0.00
17	23	18	v	 1	 2	 0	 2	 2	 0	 1	 0	 0	 1	 1	 2	 2	 1	571.02	  0.00
18	23	18	v	 1	 2	 0	 0	 1	 0	 1	 0	 0	 1	 1	 1	 1	 1	683.14	  0.00
19	23	18	v	 1	 2	 0	 1	 1	 3	 2	 0	 0	 1	 1	 1	 1	 1	761.22	  0.00
20	23	18	v	 1	 2	 0	 1	 1	 1	 1	 0	 0	 1	 1	 1	 1	 1	1172.08	  0.00
21	23	18	v	 1	 2	 0	 2	 2	 1	 1	 1	 0	 1	 1	 2	 2	 1	799.05	  0.00
22	23	18	v	 1	 2	 0	 0	 1	 0	 1	 0	 0	 1	 1	 1	 1	 1	679.36	  0.00
23	23	18	v	 1	 2	 0	 3	 2	 1	 1	 1	 0	 1	 1	 2	 2	 1	725.96	  0.00
24	23	18	v	 1	 2	 0	 2	 2	 0	 1	 0	 0	 1	 1	 2	 2	 1	758.78	  0.00
25	23	18	v	 1	 2	 0	 1	 1	 0	 1	 1	 0	 1	 1	 1	 1	 1	809.79	  0.00
26	23	18	v	 1	 2	 0	 0	 1	 3	 2	 0	 0	 1	 1	 1	 1	 1	706.41	  0.00
27	23	18	v	 1	 2	 0	 3	 2	 0	 1	 0	 0	 1	 1	 2	 2	 1	706.58	  0.00
28	23	18	v	 1	 2	 0	 0	 1	 2	 2	 1	 0	 1	 1	 1	 1	 1	521.77	  0.00
29	23	18	v	 1	 2	 0	 1	 1	 0	 1	 0	 0	 1	 1	 1	 1	 1	584.76	  0.00
30	23	18	v	 1	 2	 0	 2	 2	 2	 2	 1	 0	 1	 1	 2	 2	 1	680.53	  0.00
31	23	18	v	 1	 2	 0	 0	 1	 3	 2	 1	 0	 1	 1	 1	 1	 1	522.83	  0.00
32	23	18	v	 1	 2	 0	 1	 1	 1	 1	 0	 0	 1	 1	 1	 1	 1	681.28	  0.00
33	23	18	v	 1	 2	 0	 2	 2	 1	 1	 0	 0	 1	 1	 2	 2	 1	506.45	  0.00
34	23	18	v	 1	 2	 0	 0	 1	 2	 2	 0	 0	 1	 1	 1	 1	 1	594.00	  0.00
35	23	18	v	 1	 2	 0	 0	 1	 3	 2	 1	 0	 1	 1	 1	 2	 0	784.61	  0.00
36	23	18	v	 1	 2	 0	 2	 2	 2	 2	 1	 0	 1	 1	 2	 2	 1	755.00	  0.00
37	23	18	v	 1	 2	 0	 1	 1	 0	 1	 0	 0	 1	 1	 1	 1	 1	722.49	  0.00
38	23	18	v	 1	 2	 0	 3	 2	 1	 1	 0	 0	 1	 1	 2	 2	 1	665.43	  0.00
39	23	18	v	 1	 2	 0	 0	 1	 3	 2	 0	 0	 1	 1	 1	 1	 1	769.27	  0.00
40	23	18	v	 1	 2	 0	 3	 2	 0	 1	 0	 0	 1	 1	 2	 2	 1	822.63	  0.00
41	23	18	v	 1	 2	 0	 2	 2	 3	 2	 0	 0	 1	 1	 2	 2	 1	681.45	  0.00
42	23	18	v	 1	 2	 0	 1	 1	 3	 2	 1	 0	 1	 1	 1	 1	 1	728.01	  0.00
43	23	18	v	 1	 2	 0	 0	 1	 1	 1	 0	 0	 1	 1	 1	 1	 1	439.88	  0.00
44	23	18	v	 1	 2	 0	 3	 2	 1	 1	 0	 0	 1	 1	 2	 2	 1	745.13	  0.00
45	23	18	v	 1	 2	 0	 0	 1	 1	 1	 1	 0	 1	 1	 1	 1	 1	750.81	  0.00
46	23	18	v	 1	 2	 0	 3	 2	 3	 2	 0	 0	 1	 1	 2	 2	 1	777.17	  0.00
47	23	18	v	 1	 2	 0	 0	 1	 2	 2	 1	 0	 1	 1	 1	 1	 1	766.38	  0.00
48	23	18	v	 1	 2	 0	 1	 1	 1	 1	 1	 0	 1	 1	 1	 1	 1	801.91	  0.00
49	23	18	v	 1	 2	 0	 0	 1	 0	 1	 1	 0	 1	 1	 1	 1	 1	423.98	  0.00
50	23	18	v	 1	 2	 0	 1	 1	 2	 2	 1	 0	 1	 1	 1	 1	 1	729.18	  0.00
51	23	18	v	 1	 2	 0	 3	 2	 0	 1	 1	 0	 1	 1	 2	 2	 1	631.44	  0.00
52	23	18	v	 1	 2	 0	 3	 2	 3	 2	 0	 0	 1	 1	 2	 2	 1	925.53	  0.00
53	23	18	v	 1	 2	 0	 2	 2	 3	 2	 1	 0	 1	 1	 2	 2	 1	704.03	  0.00
54	23	18	v	 1	 2	 0	 1	 1	 2	 2	 0	 0	 1	 1	 1	 1	 1	704.36	  0.00
55	23	18	v	 1	 2	 0	 1	 1	 2	 2	 1	 0	 1	 1	 1	 1	 1	704.60	  0.00
56	23	18	v	 1	 2	 0	 0	 1	 0	 1	 1	 0	 1	 1	 1	 1	 1	560.68	  0.00
57	23	18	v	 1	 2	 0	 0	 1	 1	 1	 1	 0	 1	 1	 1	 1	 1	591.04	  0.00
58	23	18	v	 1	 2	 0	 2	 2	 0	 1	 1	 0	 1	 1	 2	 2	 1	817.12	  0.00
59	23	18	v	 1	 2	 0	 3	 2	 2	 2	 1	 0	 1	 1	 2	 2	 1	739.96	  0.00
60	23	18	v	 1	 2	 0	 3	 2	 3	 2	 1	 0	 1	 1	 2	 2	 1	723.92	  0.00
61	23	18	v	 1	 2	 0	 0	 1	 1	 1	 0	 0	 1	 1	 1	 1	 1	666.79	  0.00
62	23	18	v	 1	 2	 0	 3	 2	 1	 1	 1	 0	 1	 1	 2	 2	 1	389.55	  0.00
63	23	18	v	 1	 2	 0	 2	 2	 0	 1	 1	 0	 1	 1	 2	 2	 1	836.57	  0.00
64	23	18	v	 1	 2	 1	 3	 2	 0	 1	 0	 0	 1	 1	 2	 2	 1	527.03	  0.00
65	23	18	v	 1	 2	 1	 1	 1	 0	 1	 1	 0	 1	 1	 1	 1	 1	536.13	  0.00
66	23	18	v	 1	 2	 1	 2	 2	 2	 2	 0	 0	 1	 1	 2	 2	 1	512.59	  0.00
67	23	18	v	 1	 2	 1	 0	 1	 3	 2	 0	 0	 1	 1	 1	 1	 1	521.80	  0.00
68	23	18	v	 1	 2	 1	 0	 1	 0	 1	 1	 0	 1	 1	 1	 1	 1	569.02	  0.00
69	23	18	v	 1	 2	 1	 2	 2	 1	 1	 0	 0	 1	 1	 2	 2	 1	553.46	  0.00
70	23	18	v	 1	 2	 1	 3	 2	 2	 2	 0	 0	 1	 1	 2	 2	 1	519.03	  0.00
71	23	18	v	 1	 2	 1	 3	 2	 2	 2	 1	 0	 1	 1	 2	 2	 1	476.46	  0.00
72	23	18	v	 1	 2	 1	 2	 2	 0	 1	 0	 0	 1	 1	 2	 2	 1	494.05	  0.00
73	23	18	v	 1	 2	 1	 0	 1	 1	 1	 1	 0	 1	 1	 1	 1	 1	639.21	  0.00
74	23	18	v	 1	 2	 1	 0	 1	 1	 1	 1	 0	 1	 1	 1	 1	 1	512.20	  0.00
75	23	18	v	 1	 2	 1	 0	 1	 3	 2	 0	 0	 1	 1	 1	 1	 1	471.36	  0.00
76	23	18	v	 1	 2	 1	 3	 2	 0	 1	 1	 0	 1	 1	 2	 2	 1	485.30	  0.00
77	23	18	v	 1	 2	 1	 0	 1	 0	 1	 0	 0	 1	 1	 1	 1	 1	663.88	  0.00
78	23	18	v	 1	 2	 1	 3	 2	 1	 1	 0	 0	 1	 1	 2	 2	 1	517.77	  0.00
79	23	18	v	 1	 2	 1	 1	 1	 1	 1	 0	 0	 1	 1	 1	 1	 1	567.73	  0.00
80	23	18	v	 1	 2	 1	 2	 2	 0	 1	 1	 0	 1	 1	 2	 2	 1	421.57	  0.00
81	23	18	v	 1	 2	 1	 1	 1	 2	 2	 0	 0	 1	 1	 1	 1	 1	542.59	  0.00
82	23	18	v	 1	 2	 1	 3	 2	 2	 2	 0	 0	 1	 1	 2	 2	 1	523.45	  0.00
83	23	18	v	 1	 2	 1	 3	 2	 3	 2	 0	 0	 1	 1	 2	 2	 1	587.01	  0.00
84	23	18	v	 1	 2	 1	 0	 1	 2	 2	 1	 0	 1	 1	 1	 1	 1	546.95	  0.00
85	23	18	v	 1	 2	 1	 3	 2	 2	 2	 1	 0	 1	 1	 2	 2	 1	477.29	  0.00
86	23	18	v	 1	 2	 1	 0	 1	 2	 2	 0	 0	 1	 1	 1	 1	 1	608.19	  0.00
87	23	18	v	 1	 2	 1	 1	 1	 0	 1	 0	 0	 1	 1	 1	 1	 1	590.74	  0.00
88	23	18	v	 1	 2	 1	 2	 2	 1	 1	 1	 0	 1	 1	 2	 2	 1	604.94	  0.00
89	23	18	v	 1	 2	 1	 2	 2	 2	 2	 1	 0	 1	 1	 2	 2	 1	608.86	  0.00
90	23	18	v	 1	 2	 1	 1	 1	 0	 1	 0	 0	 1	 1	 1	 1	 1	519.99	  0.00
91	23	18	v	 1	 2	 1	 1	 1	 0	 1	 1	 0	 1	 1	 1	 1	 1	590.71	  0.00
92	23	18	v	 1	 2	 1	 1	 1	 3	 2	 0	 0	 1	 1	 1	 1	 1	477.29	  0.00
93	23	18	v	 1	 2	 1	 2	 2	 1	 1	 1	 0	 1	 1	 2	 2	 1	470.18	  0.00
94	23	18	v	 1	 2	 1	 1	 1	 2	 2	 1	 0	 1	 1	 1	 1	 1	598.96	  0.00
95	23	18	v	 1	 2	 1	 3	 2	 3	 2	 0	 0	 1	 1	 2	 2	 1	458.52	  0.00
96	23	18	v	 1	 2	 1	 2	 2	 0	 1	 1	 0	 1	 1	 2	 2	 1	516.73	  0.00
97	23	18	v	 1	 2	 1	 1	 1	 1	 1	 1	 0	 1	 1	 1	 2	 0	452.43	  0.00
98	23	18	v	 1	 2	 1	 0	 1	 0	 1	 1	 0	 1	 1	 1	 1	 1	584.05	  0.00
99	23	18	v	 1	 2	 1	 1	 1	 1	 1	 0	 0	 1	 1	 1	 1	 1	421.78	  0.00
100	23	18	v	 1	 2	 1	 2	 2	 3	 2	 1	 0	 1	 1	 2	 2	 1	495.43	  0.00
101	23	18	v	 1	 2	 1	 2	 2	 3	 2	 0	 0	 1	 1	 2	 2	 1	651.33	  0.00
102	23	18	v	 1	 2	 1	 3	 2	 1	 1	 1	 0	 1	 1	 2	 2	 1	480.84	  0.00
103	23	18	v	 1	 2	 1	 3	 2	 0	 1	 0	 0	 1	 1	 2	 2	 1	462.77	  0.00
104	23	18	v	 1	 2	 1	 1	 1	 3	 2	 0	 0	 1	 1	 1	 1	 1	529.16	  0.00
105	23	18	v	 1	 2	 1	 0	 1	 2	 2	 1	 0	 1	 1	 1	 1	 1	448.54	  0.00
106	23	18	v	 1	 2	 1	 3	 2	 3	 2	 1	 0	 1	 1	 2	 2	 1	520.43	  0.00
107	23	18	v	 1	 2	 1	 2	 2	 3	 2	 1	 0	 1	 1	 2	 2	 1	643.57	  0.00
108	23	18	v	 1	 2	 1	 3	 2	 0	 1	 1	 0	 1	 1	 2	 2	 1	598.20	  0.00
109	23	18	v	 1	 2	 1	 3	 2	 3	 2	 1	 0	 1	 1	 2	 2	 1	571.98	  0.00
110	23	18	v	 1	 2	 1	 0	 1	 3	 2	 1	 0	 1	 1	 1	 1	 1	539.24	  0.00
111	23	18	v	 1	 2	 1	 2	 2	 2	 2	 0	 0	 1	 1	 2	 2	 1	564.63	  0.00
112	23	18	v	 1	 2	 1	 0	 1	 3	 2	 1	 0	 1	 1	 1	 1	 1	647.14	  0.00
113	23	18	v	 1	 2	 1	 1	 1	 2	 2	 1	 0	 1	 1	 1	 1	 1	563.59	  0.00
114	23	18	v	 1	 2	 1	 0	 1	 1	 1	 0	 0	 1	 1	 1	 1	 1	482.83	  0.00
115	23	18	v	 1	 2	 1	 1	 1	 2	 2	 0	 0	 1	 1	 1	 1	 1	440.40	  0.00
116	23	18	v	 1	 2	 1	 2	 2	 2	 2	 1	 0	 1	 1	 2	 2	 1	531.20	  0.00
117	23	18	v	 1	 2	 1	 3	 2	 1	 1	 1	 0	 1	 1	 2	 2	 1	586.73	  0.00
118	23	18	v	 1	 2	 1	 1	 1	 3	 2	 1	 0	 1	 1	 1	 1	 1	491.92	  0.00
119	23	18	v	 1	 2	 1	 2	 2	 1	 1	 0	 0	 1	 1	 2	 2	 1	614.74	  0.00
120	23	18	v	 1	 2	 1	 0	 1	 1	 1	 0	 0	 1	 1	 1	 1	 1	452.38	  0.00
121	23	18	v	 1	 2	 1	 0	 1	 0	 1	 0	 0	 1	 1	 1	 1	 1	551.43	  0.00
122	23	18	v	 1	 2	 1	 1	 1	 3	 2	 1	 0	 1	 1	 1	 1	 1	568.66	  0.00
123	23	18	v	 1	 2	 1	 1	 1	 1	 1	 1	 0	 1	 1	 1	 1	 1	557.59	  0.00
124	23	18	v	 1	 2	 1	 3	 2	 1	 1	 0	 0	 1	 1	 2	 2	 1	412.55	  0.00
125	23	18	v	 1	 2	 1	 2	 2	 3	 2	 0	 0	 1	 1	 2	 2	 1	568.87	  0.00
126	23	18	v	 1	 2	 1	 2	 2	 0	 1	 0	 0	 1	 1	 2	 2	 1	480.11	  0.00
127	23	18	v	 1	 2	 1	 0	 1	 2	 2	 0	 0	 1	 1	 1	 1	 1	509.83	  0.00
128	23	18	v	 1	 2	 2	 3	 2	 3	 2	 1	 0	 1	 1	 1	 1	 1	1824.06	  0.00
129	23	18	v	 1	 2	 2	 1	 1	 0	 1	 0	 0	 1	 1	 2	 2	 1	952.35	  0.00
130	23	18	v	 1	 2	 2	 2	 2	 0	 1	 0	 0	 1	 1	 2	 2	 1	650.31	  0.00
131	23	18	v	 1	 2	 2	 0	 1	 3	 2	 0	 0	 1	 1	 1	 1	 1	669.65	  0.00
132	23	18	v	 1	 2	 2	 0	 1	 0	 1	 0	 0	 1	 1	 2	 2	 1	492.21	  0.00
133	23	18	v	 1	 2	 2	 2	 2	 0	 1	 1	 0	 1	 1	 2	 2	 1	718.34	  0.00
134	23	18	v	 1	 2	 2	 2	 2	 3	 2	 1	 0	 1	 1	 1	 1	 1	783.86	  0.00
135	23	18	v	 1	 2	 2	 0	 1	 3	 2	 0	 0	 1	 1	 1	 1	 1	936.28	  0.00
136	23	18	v	 1	 2	 2	 1	 1	 1	 1	 1	 0	 1	 1	 2	 2	 1	906.23	  0.00
137	23	18	v	 1	 2	 2	 1	 1	 2	 2	 1	 0	 1	 1	 1	 2	 0	848.26	  0.00
138	23	18	v	 1	 2	 2	 3	 2	 2	 2	 1	 0	 1	 1	 1	 1	 1	675.01	  0.00
139	23	18	v	 1	 2	 2	 1	 1	 2	 2	 1	 0	 1	 1	 1	 1	 1	584.59	  0.00
140	23	18	v	 1	 2	 2	 1	 1	 1	 1	 0	 0	 1	 1	 2	 2	 1	633.89	  0.00
141	23	18	v	 1	 2	 2	 2	 2	 1	 1	 0	 0	 1	 1	 2	 2	 1	1273.44	  0.00
142	23	18	v	 1	 2	 2	 1	 1	 0	 1	 0	 0	 1	 1	 2	 2	 1	717.98	  0.00
143	23	18	v	 1	 2	 2	 0	 1	 0	 1	 0	 0	 1	 1	 2	 2	 1	595.77	  0.00
144	23	18	v	 1	 2	 2	 2	 2	 1	 1	 1	 0	 1	 1	 2	 2	 1	735.00	  0.00
145	23	18	v	 1	 2	 2	 0	 1	 2	 2	 0	 0	 1	 1	 1	 1	 1	579.06	  0.00
146	23	18	v	 1	 2	 2	 2	 2	 3	 2	 1	 0	 1	 1	 1	 1	 1	560.43	  0.00
147	23	18	v	 1	 2	 2	 0	 1	 1	 1	 0	 0	 1	 1	 2	 2	 1	460.27	  0.00
148	23	18	v	 1	 2	 2	 3	 2	 0	 1	 0	 0	 1	 1	 2	 2	 1	871.50	  0.00
149	23	18	v	 1	 2	 2	 0	 1	 3	 2	 1	 0	 1	 1	 1	 1	 1	537.00	  0.00
150	23	18	v	 1	 2	 2	 0	 1	 2	 2	 1	 0	 1	 1	 1	 1	 1	559.24	  0.00
151	23	18	v	 1	 2	 2	 2	 2	 2	 2	 0	 0	 1	 1	 1	 1	 1	471.67	  0.00
152	23	18	v	 1	 2	 2	 3	 2	 1	 1	 0	 0	 1	 1	 2	 2	 1	583.75	  0.00
153	23	18	v	 1	 2	 2	 1	 1	 2	 2	 0	 0	 1	 1	 1	 1	 1	730.90	  0.00
154	23	18	v	 1	 2	 2	 3	 2	 1	 1	 1	 0	 1	 1	 2	 2	 1	535.34	  0.00
155	23	18	v	 1	 2	 2	 3	 2	 0	 1	 1	 0	 1	 1	 2	 1	 0	443.40	  0.00
156	23	18	v	 1	 2	 2	 0	 1	 2	 2	 1	 0	 1	 1	 1	 2	 0	498.39	  0.00
157	23	18	v	 1	 2	 2	 2	 2	 3	 2	 0	 0	 1	 1	 1	 1	 1	754.55	  0.00
158	23	18	v	 1	 2	 2	 3	 2	 2	 2	 1	 0	 1	 1	 1	 1	 1	1055.65	  0.00
159	23	18	v	 1	 2	 2	 2	 2	 3	 2	 0	 0	 1	 1	 1	 1	 1	565.76	  0.00
160	23	18	v	 1	 2	 2	 2	 2	 0	 1	 1	 0	 1	 1	 2	 2	 1	400.28	  0.00
161	23	18	v	 1	 2	 2	 2	 2	 0	 1	 0	 0	 1	 1	 2	 2	 1	629.50	  0.00
162	23	18	v	 1	 2	 2	 0	 1	 0	 1	 1	 0	 1	 1	 2	 2	 1	414.95	  0.00
163	23	18	v	 1	 2	 2	 1	 1	 3	 2	 1	 0	 1	 1	 1	 1	 1	614.18	  0.00
164	23	18	v	 1	 2	 2	 1	 1	 0	 1	 1	 0	 1	 1	 2	 2	 1	584.65	  0.00
165	23	18	v	 1	 2	 2	 1	 1	 3	 2	 0	 0	 1	 1	 1	 1	 1	741.84	  0.00
166	23	18	v	 1	 2	 2	 3	 2	 2	 2	 0	 0	 1	 1	 1	 1	 1	633.20	  0.00
167	23	18	v	 1	 2	 2	 3	 2	 0	 1	 0	 0	 1	 1	 2	 2	 1	576.37	  0.00
168	23	18	v	 1	 2	 2	 0	 1	 2	 2	 0	 0	 1	 1	 1	 1	 1	623.06	  0.00
169	23	18	v	 1	 2	 2	 3	 2	 2	 2	 0	 0	 1	 1	 1	 1	 1	563.66	  0.00
170	23	18	v	 1	 2	 2	 2	 2	 2	 2	 1	 0	 1	 1	 1	 1	 1	504.32	  0.00
171	23	18	v	 1	 2	 2	 3	 2	 1	 1	 1	 0	 1	 1	 2	 2	 1	988.10	  0.00
172	23	18	v	 1	 2	 2	 0	 1	 3	 2	 1	 0	 1	 1	 1	 1	 1	729.51	  0.00
173	23	18	v	 1	 2	 2	 1	 1	 2	 2	 0	 0	 1	 1	 1	 1	 1	737.83	  0.00
174	23	18	v	 1	 2	 2	 3	 2	 3	 2	 1	 0	 1	 1	 1	 0	 0	2000.21	  0.00
175	23	18	v	 1	 2	 2	 0	 1	 1	 1	 1	 0	 1	 1	 2	 2	 1	728.03	  0.00
176	23	18	v	 1	 2	 2	 0	 1	 1	 1	 0	 0	 1	 1	 2	 2	 1	587.04	  0.00
177	23	18	v	 1	 2	 2	 3	 2	 1	 1	 0	 0	 1	 1	 2	 2	 1	591.84	  0.00
178	23	18	v	 1	 2	 2	 1	 1	 3	 2	 0	 0	 1	 1	 1	 1	 1	597.73	  0.00
179	23	18	v	 1	 2	 2	 3	 2	 3	 2	 0	 0	 1	 1	 1	 1	 1	633.59	  0.00
180	23	18	v	 1	 2	 2	 1	 1	 1	 1	 1	 0	 1	 1	 2	 2	 1	780.69	  0.00
181	23	18	v	 1	 2	 2	 2	 2	 1	 1	 0	 0	 1	 1	 2	 2	 1	805.24	  0.00
182	23	18	v	 1	 2	 2	 2	 2	 2	 2	 1	 0	 1	 1	 1	 1	 1	672.06	  0.00
183	23	18	v	 1	 2	 2	 3	 2	 0	 1	 1	 0	 1	 1	 2	 2	 1	657.77	  0.00
184	23	18	v	 1	 2	 2	 0	 1	 1	 1	 1	 0	 1	 1	 2	 2	 1	747.70	  0.00
185	23	18	v	 1	 2	 2	 2	 2	 2	 2	 0	 0	 1	 1	 1	 1	 1	805.06	  0.00
186	23	18	v	 1	 2	 2	 1	 1	 1	 1	 0	 0	 1	 1	 2	 2	 1	674.60	  0.00
187	23	18	v	 1	 2	 2	 2	 2	 1	 1	 1	 0	 1	 1	 2	 2	 1	653.11	  0.00
188	23	18	v	 1	 2	 2	 3	 2	 3	 2	 0	 0	 1	 1	 1	 1	 1	476.55	  0.00
189	23	18	v	 1	 2	 2	 0	 1	 0	 1	 1	 0	 1	 1	 2	 2	 1	515.24	  0.00
190	23	18	v	 1	 2	 2	 1	 1	 0	 1	 1	 0	 1	 1	 2	 2	 1	577.30	  0.00
191	23	18	v	 1	 2	 2	 1	 1	 3	 2	 1	 0	 1	 1	 1	 1	 1	626.71	  0.00
192	23	18	v	 1	 2	 3	 2	 2	 2	 2	 1	 0	 1	 1	 1	 1	 1	553.49	  0.00
193	23	18	v	 1	 2	 3	 1	 1	 0	 1	 0	 0	 1	 1	 2	 2	 1	459.27	  0.00
194	23	18	v	 1	 2	 3	 0	 1	 2	 2	 0	 0	 1	 1	 1	 1	 1	588.18	  0.00
195	23	18	v	 1	 2	 3	 0	 1	 0	 1	 1	 0	 1	 1	 2	 2	 1	439.42	  0.00
196	23	18	v	 1	 2	 3	 2	 2	 3	 2	 1	 0	 1	 1	 1	 1	 1	522.03	  0.00
197	23	18	v	 1	 2	 3	 2	 2	 1	 1	 0	 0	 1	 1	 2	 2	 1	555.68	  0.00
198	23	18	v	 1	 2	 3	 1	 1	 3	 2	 0	 0	 1	 1	 1	 1	 1	684.42	  0.00
199	23	18	v	 1	 2	 3	 2	 2	 1	 1	 1	 0	 1	 1	 2	 2	 1	608.29	  0.00
200	23	18	v	 1	 2	 3	 1	 1	 1	 1	 0	 0	 1	 1	 2	 2	 1	614.41	  0.00
201	23	18	v	 1	 2	 3	 3	 2	 1	 1	 0	 0	 1	 1	 2	 2	 1	457.50	  0.00
202	23	18	v	 1	 2	 3	 3	 2	 3	 2	 1	 0	 1	 1	 1	 1	 1	540.17	  0.00
203	23	18	v	 1	 2	 3	 1	 1	 2	 2	 1	 0	 1	 1	 1	 1	 1	590.07	  0.00
204	23	18	v	 1	 2	 3	 3	 2	 3	 2	 0	 0	 1	 1	 1	 2	 0	408.84	  0.00
205	23	18	v	 1	 2	 3	 1	 1	 3	 2	 0	 0	 1	 1	 1	 1	 1	654.76	  0.00
206	23	18	v	 1	 2	 3	 1	 1	 3	 2	 1	 0	 1	 1	 1	 1	 1	701.79	  0.00
207	23	18	v	 1	 2	 3	 0	 1	 3	 2	 0	 0	 1	 1	 1	 1	 1	656.33	  0.00
208	23	18	v	 1	 2	 3	 0	 1	 0	 1	 0	 0	 1	 1	 2	 2	 1	525.63	  0.00
209	23	18	v	 1	 2	 3	 3	 2	 0	 1	 0	 0	 1	 1	 2	 2	 1	572.78	  0.00
210	23	18	v	 1	 2	 3	 0	 1	 3	 2	 1	 0	 1	 1	 1	 1	 1	641.62	  0.00
211	23	18	v	 1	 2	 3	 0	 1	 0	 1	 0	 0	 1	 1	 2	 2	 1	694.22	  0.00
212	23	18	v	 1	 2	 3	 0	 1	 2	 2	 0	 0	 1	 1	 1	 1	 1	648.76	  0.00
213	23	18	v	 1	 2	 3	 3	 2	 2	 2	 0	 0	 1	 1	 1	 1	 1	578.87	  0.00
214	23	18	v	 1	 2	 3	 3	 2	 3	 2	 1	 0	 1	 1	 1	 1	 1	666.89	  0.00
215	23	18	v	 1	 2	 3	 3	 2	 1	 1	 1	 0	 1	 1	 2	 2	 1	670.37	  0.00
216	23	18	v	 1	 2	 3	 0	 1	 3	 2	 1	 0	 1	 1	 1	 1	 1	558.92	  0.00
217	23	18	v	 1	 2	 3	 2	 2	 0	 1	 0	 0	 1	 1	 2	 2	 1	592.27	  0.00
218	23	18	v	 1	 2	 3	 1	 1	 3	 2	 1	 0	 1	 1	 1	 1	 1	759.09	  0.00
219	23	18	v	 1	 2	 3	 0	 1	 1	 1	 0	 0	 1	 1	 2	 2	 1	634.63	  0.00
220	23	18	v	 1	 2	 3	 1	 1	 0	 1	 1	 0	 1	 1	 2	 2	 1	608.24	  0.00
221	23	18	v	 1	 2	 3	 2	 2	 3	 2	 1	 0	 1	 1	 1	 1	 1	704.41	  0.00
222	23	18	v	 1	 2	 3	 1	 1	 2	 2	 1	 0	 1	 1	 1	 1	 1	601.80	  0.00
223	23	18	v	 1	 2	 3	 0	 1	 0	 1	 1	 0	 1	 1	 2	 2	 1	493.90	  0.00
224	23	18	v	 1	 2	 3	 0	 1	 1	 1	 1	 0	 1	 1	 2	 1	 0	701.59	  0.00
225	23	18	v	 1	 2	 3	 1	 1	 1	 1	 1	 0	 1	 1	 2	 2	 1	665.90	  0.00
226	23	18	v	 1	 2	 3	 0	 1	 2	 2	 1	 0	 1	 1	 1	 1	 1	941.56	  0.00
227	23	18	v	 1	 2	 3	 3	 2	 0	 1	 0	 0	 1	 1	 2	 2	 1	582.94	  0.00
228	23	18	v	 1	 2	 3	 2	 2	 1	 1	 0	 0	 1	 1	 2	 2	 1	719.81	  0.00
229	23	18	v	 1	 2	 3	 2	 2	 2	 2	 0	 0	 1	 1	 1	 1	 1	1000.69	  0.00
230	23	18	v	 1	 2	 3	 3	 2	 2	 2	 1	 0	 1	 1	 1	 1	 1	500.54	  0.00
231	23	18	v	 1	 2	 3	 1	 1	 2	 2	 0	 0	 1	 1	 1	 1	 1	512.50	  0.00
232	23	18	v	 1	 2	 3	 1	 1	 0	 1	 0	 0	 1	 1	 2	 2	 1	527.09	  0.00
233	23	18	v	 1	 2	 3	 3	 2	 0	 1	 1	 0	 1	 1	 2	 2	 1	704.93	  0.00
234	23	18	v	 1	 2	 3	 2	 2	 2	 2	 0	 0	 1	 1	 1	 1	 1	658.39	  0.00
235	23	18	v	 1	 2	 3	 1	 1	 2	 2	 0	 0	 1	 1	 1	 1	 1	466.03	  0.00
236	23	18	v	 1	 2	 3	 1	 1	 1	 1	 1	 0	 1	 1	 2	 2	 1	1024.74	  0.00
237	23	18	v	 1	 2	 3	 1	 1	 1	 1	 0	 0	 1	 1	 2	 2	 1	1228.99	  0.00
238	23	18	v	 1	 2	 3	 2	 2	 1	 1	 1	 0	 1	 1	 2	 2	 1	489.26	  0.00
239	23	18	v	 1	 2	 3	 2	 2	 0	 1	 1	 0	 1	 1	 2	 2	 1	634.39	  0.00
240	23	18	v	 1	 2	 3	 2	 2	 3	 2	 0	 0	 1	 1	 1	 1	 1	610.63	  0.00
241	23	18	v	 1	 2	 3	 3	 2	 3	 2	 0	 0	 1	 1	 1	 1	 1	497.38	  0.00
242	23	18	v	 1	 2	 3	 3	 2	 2	 2	 1	 0	 1	 1	 1	 1	 1	619.80	  0.00
243	23	18	v	 1	 2	 3	 0	 1	 1	 1	 0	 0	 1	 1	 2	 2	 1	604.45	  0.00
244	23	18	v	 1	 2	 3	 2	 2	 0	 1	 0	 0	 1	 1	 2	 2	 1	1815.74	  0.00
245	23	18	v	 1	 2	 3	 0	 1	 2	 2	 1	 0	 1	 1	 1	 1	 1	555.53	  0.00
246	23	18	v	 1	 2	 3	 2	 2	 0	 1	 1	 0	 1	 1	 2	 2	 1	581.08	  0.00
247	23	18	v	 1	 2	 3	 0	 1	 1	 1	 1	 0	 1	 1	 2	 2	 1	769.61	  0.00
248	23	18	v	 1	 2	 3	 3	 2	 1	 1	 0	 0	 1	 1	 2	 2	 1	520.05	  0.00
249	23	18	v	 1	 2	 3	 2	 2	 3	 2	 0	 0	 1	 1	 1	 1	 1	727.79	  0.00
250	23	18	v	 1	 2	 3	 1	 1	 0	 1	 1	 0	 1	 1	 2	 2	 1	779.07	  0.00
251	23	18	v	 1	 2	 3	 3	 2	 1	 1	 1	 0	 1	 1	 2	 2	 1	567.65	  0.00
252	23	18	v	 1	 2	 3	 2	 2	 2	 2	 1	 0	 1	 1	 1	 1	 1	541.44	  0.00
253	23	18	v	 1	 2	 3	 0	 1	 3	 2	 0	 0	 1	 1	 1	 1	 1	689.20	  0.00
254	23	18	v	 1	 2	 3	 3	 2	 0	 1	 1	 0	 1	 1	 2	 2	 1	472.39	  0.00
255	23	18	v	 1	 2	 3	 3	 2	 2	 2	 0	 0	 1	 1	 1	 1	 1	590.40	  0.00
256	23	18	v	 1	 2	 4	 3	 2	 1	 1	 0	 0	 1	 1	 2	 0	 0	2000.20	  0.00
257	23	18	v	 1	 2	 4	 2	 2	 1	 1	 0	 0	 1	 1	 2	 0	 0	2000.21	  0.00
258	23	18	v	 1	 2	 4	 1	 1	 0	 1	 0	 0	 1	 1	 2	 2	 1	869.39	  0.00
259	23	18	v	 1	 2	 4	 3	 2	 3	 2	 1	 0	 1	 1	 2	 2	 1	1171.14	  0.00
260	23	18	v	 1	 2	 4	 3	 2	 2	 2	 0	 0	 1	 1	 1	 1	 1	741.06	  0.00
261	23	18	v	 1	 2	 4	 0	 1	 1	 1	 1	 0	 1	 1	 1	 1	 1	435.72	  0.00
262	23	18	v	 1	 2	 4	 0	 1	 2	 2	 0	 0	 1	 1	 1	 1	 1	721.84	  0.00
263	23	18	v	 1	 2	 4	 1	 1	 3	 2	 0	 0	 1	 1	 1	 1	 1	703.07	  0.00
264	23	18	v	 1	 2	 4	 1	 1	 1	 1	 0	 0	 1	 1	 2	 2	 1	882.89	  0.00
265	23	18	v	 1	 2	 4	 3	 2	 3	 2	 0	 0	 1	 1	 1	 1	 1	860.98	  0.00
266	23	18	v	 1	 2	 4	 2	 2	 0	 1	 1	 0	 1	 1	 2	 2	 1	871.89	  0.00
267	23	18	v	 1	 2	 4	 2	 2	 3	 2	 1	 0	 1	 1	 2	 2	 1	694.13	  0.00
268	23	18	v	 1	 2	 4	 0	 1	 0	 1	 1	 0	 1	 1	 1	 1	 1	1363.51	  0.00
269	23	18	v	 1	 2	 4	 3	 2	 0	 1	 0	 0	 1	 1	 2	 1	 0	1232.32	  0.00
270	23	18	v	 1	 2	 4	 3	 2	 0	 1	 1	 0	 1	 1	 2	 2	 1	712.12	  0.00
271	23	18	v	 1	 2	 4	 0	 1	 2	 2	 0	 0	 1	 1	 1	 1	 1	761.57	  0.00
272	23	18	v	 1	 2	 4	 3	 2	 2	 2	 1	 0	 1	 1	 2	 2	 1	878.61	  0.00
273	23	18	v	 1	 2	 4	 2	 2	 3	 2	 0	 0	 1	 1	 1	 0	 0	2000.23	  0.00
274	23	18	v	 1	 2	 4	 1	 1	 2	 2	 1	 0	 1	 1	 1	 1	 1	715.64	  0.00
275	23	18	v	 1	 2	 4	 0	 1	 3	 2	 1	 0	 1	 1	 1	 1	 1	492.89	  0.00
276	23	18	v	 1	 2	 4	 1	 1	 3	 2	 1	 0	 1	 1	 1	 1	 1	528.85	  0.00
277	23	18	v	 1	 2	 4	 3	 2	 0	 1	 0	 0	 1	 1	 2	 2	 1	646.34	  0.00
278	23	18	v	 1	 2	 4	 1	 1	 3	 2	 1	 0	 1	 1	 1	 1	 1	695.61	  0.00
279	23	18	v	 1	 2	 4	 2	 2	 0	 1	 1	 0	 1	 1	 2	 2	 1	621.41	  0.00
280	23	18	v	 1	 2	 4	 3	 2	 3	 2	 1	 0	 1	 1	 2	 2	 1	820.33	  0.00
281	23	18	v	 1	 2	 4	 1	 1	 2	 2	 1	 0	 1	 1	 1	 1	 1	684.41	  0.00
282	23	18	v	 1	 2	 4	 1	 1	 2	 2	 0	 0	 1	 1	 1	 1	 1	491.56	  0.00
283	23	18	v	 1	 2	 4	 1	 1	 0	 1	 1	 0	 1	 1	 1	 1	 1	619.92	  0.00
284	23	18	v	 1	 2	 4	 0	 1	 2	 2	 1	 0	 1	 1	 1	 1	 1	854.03	  0.00
285	23	18	v	 1	 2	 4	 0	 1	 1	 1	 1	 0	 1	 1	 1	 1	 1	448.11	  0.00
286	23	18	v	 1	 2	 4	 0	 1	 3	 2	 0	 0	 1	 1	 1	 1	 1	1582.89	  0.00
287	23	18	v	 1	 2	 4	 3	 2	 1	 1	 1	 0	 1	 1	 2	 2	 1	556.44	  0.00
288	23	18	v	 1	 2	 4	 1	 1	 1	 1	 0	 0	 1	 1	 2	 2	 1	614.04	  0.00
289	23	18	v	 1	 2	 4	 3	 2	 2	 2	 1	 0	 1	 1	 2	 2	 1	812.66	  0.00
290	23	18	v	 1	 2	 4	 3	 2	 1	 1	 1	 0	 1	 1	 2	 2	 1	674.37	  0.00
291	23	18	v	 1	 2	 4	 0	 1	 0	 1	 0	 0	 1	 1	 2	 2	 1	940.37	  0.00
292	23	18	v	 1	 2	 4	 1	 1	 0	 1	 0	 0	 1	 1	 2	 2	 1	670.85	  0.00
293	23	18	v	 1	 2	 4	 2	 2	 0	 1	 0	 0	 1	 1	 2	 2	 1	521.50	  0.00
294	23	18	v	 1	 2	 4	 0	 1	 3	 2	 1	 0	 1	 1	 1	 1	 1	899.87	  0.00
295	23	18	v	 1	 2	 4	 1	 1	 1	 1	 1	 0	 1	 1	 1	 1	 1	714.78	  0.00
296	23	18	v	 1	 2	 4	 2	 2	 3	 2	 0	 0	 1	 1	 1	 1	 1	984.56	  0.00
297	23	18	v	 1	 2	 4	 1	 1	 2	 2	 0	 0	 1	 1	 1	 1	 1	834.75	  0.00
298	23	18	v	 1	 2	 4	 2	 2	 2	 2	 0	 0	 1	 1	 1	 1	 1	539.95	  0.00
299	23	18	v	 1	 2	 4	 1	 1	 0	 1	 1	 0	 1	 1	 1	 1	 1	638.30	  0.00
300	23	18	v	 1	 2	 4	 2	 2	 2	 2	 1	 0	 1	 1	 2	 2	 1	556.96	  0.00
301	23	18	v	 1	 2	 4	 0	 1	 1	 1	 0	 0	 1	 1	 2	 1	 0	883.88	  0.00
302	23	18	v	 1	 2	 4	 0	 1	 3	 2	 0	 0	 1	 1	 1	 1	 1	1019.90	  0.00
303	23	18	v	 1	 2	 4	 3	 2	 0	 1	 1	 0	 1	 1	 2	 2	 1	676.84	  0.00
304	23	18	v	 1	 2	 4	 2	 2	 2	 2	 1	 0	 1	 1	 2	 2	 1	534.89	  0.00
305	23	18	v	 1	 2	 4	 1	 1	 3	 2	 0	 0	 1	 1	 1	 1	 1	1677.70	  0.00
306	23	18	v	 1	 2	 4	 0	 1	 0	 1	 0	 0	 1	 1	 2	 2	 1	1320.25	  0.00
307	23	18	v	 1	 2	 4	 2	 2	 0	 1	 0	 0	 1	 1	 2	 2	 1	615.23	  0.00
308	23	18	v	 1	 2	 4	 2	 2	 1	 1	 0	 0	 1	 1	 2	 2	 1	1078.04	  0.00
309	23	18	v	 1	 2	 4	 0	 1	 2	 2	 1	 0	 1	 1	 1	 1	 1	897.23	  0.00
310	23	18	v	 1	 2	 4	 3	 2	 1	 1	 0	 0	 1	 1	 2	 0	 0	2000.20	  0.00
311	23	18	v	 1	 2	 4	 2	 2	 2	 2	 0	 0	 1	 1	 1	 1	 1	792.29	  0.00
312	23	18	v	 1	 2	 4	 0	 1	 1	 1	 0	 0	 1	 1	 2	 2	 1	808.73	  0.00
313	23	18	v	 1	 2	 4	 3	 2	 3	 2	 0	 0	 1	 1	 1	 1	 1	637.49	  0.00
314	23	18	v	 1	 2	 4	 3	 2	 2	 2	 0	 0	 1	 1	 1	 1	 1	1037.61	  0.00
315	23	18	v	 1	 2	 4	 0	 1	 0	 1	 1	 0	 1	 1	 1	 1	 1	609.03	  0.00
316	23	18	v	 1	 2	 4	 2	 2	 1	 1	 1	 0	 1	 1	 2	 2	 1	680.36	  0.00
317	23	18	v	 1	 2	 4	 2	 2	 1	 1	 1	 0	 1	 1	 2	 2	 1	599.10	  0.00
318	23	18	v	 1	 2	 4	 2	 2	 3	 2	 1	 0	 1	 1	 2	 2	 1	441.77	  0.00
319	23	18	v	 1	 2	 4	 1	 1	 1	 1	 1	 0	 1	 1	 1	 2	 0	499.35	  0.00
320	23	18	v	 1	 2	 5	 3	 2	 0	 1	 1	 0	 1	 1	 2	 2	 1	726.28	  0.00
321	23	18	v	 1	 2	 5	 2	 2	 3	 2	 1	 0	 1	 1	 2	 2	 1	664.98	  0.00
322	23	18	v	 1	 2	 5	 0	 1	 1	 1	 1	 0	 1	 1	 1	 1	 1	648.48	  0.00
323	23	18	v	 1	 2	 5	 3	 2	 1	 1	 0	 0	 1	 1	 2	 2	 1	668.34	  0.00
324	23	18	v	 1	 2	 5	 0	 1	 0	 1	 0	 0	 1	 1	 2	 2	 1	1058.15	  0.00
325	23	18	v	 1	 2	 5	 1	 1	 3	 2	 0	 0	 1	 1	 1	 1	 1	767.31	  0.00
326	23	18	v	 1	 2	 5	 3	 2	 1	 1	 0	 0	 1	 1	 2	 2	 1	792.43	  0.00
327	23	18	v	 1	 2	 5	 0	 1	 3	 2	 0	 0	 1	 1	 1	 1	 1	711.47	  0.00
328	23	18	v	 1	 2	 5	 3	 2	 0	 1	 0	 0	 1	 1	 2	 2	 1	771.99	  0.00
329	23	18	v	 1	 2	 5	 3	 2	 2	 2	 1	 0	 1	 1	 2	 2	 1	804.36	  0.00
330	23	18	v	 1	 2	 5	 2	 2	 0	 1	 0	 0	 1	 1	 2	 2	 1	834.75	  0.00
331	23	18	v	 1	 2	 5	 3	 2	 3	 2	 1	 0	 1	 1	 2	 2	 1	585.10	  0.00
332	23	18	v	 1	 2	 5	 2	 2	 1	 1	 1	 0	 1	 1	 2	 2	 1	569.65	  0.00
333	23	18	v	 1	 2	 5	 1	 1	 3	 2	 1	 0	 1	 1	 1	 1	 1	559.55	  0.00
334	23	18	v	 1	 2	 5	 2	 2	 1	 1	 1	 0	 1	 1	 2	 2	 1	615.06	  0.00
335	23	18	v	 1	 2	 5	 2	 2	 2	 2	 1	 0	 1	 1	 2	 2	 1	575.05	  0.00
336	23	18	v	 1	 2	 5	 3	 2	 2	 2	 0	 0	 1	 1	 1	 1	 1	1850.84	  0.00
337	23	18	v	 1	 2	 5	 3	 2	 2	 2	 1	 0	 1	 1	 2	 2	 1	642.11	  0.00
338	23	18	v	 1	 2	 5	 1	 1	 3	 2	 0	 0	 1	 1	 1	 1	 1	585.81	  0.00
339	23	18	v	 1	 2	 5	 0	 1	 2	 2	 0	 0	 1	 1	 1	 1	 1	641.10	  0.00
340	23	18	v	 1	 2	 5	 3	 2	 0	 1	 1	 0	 1	 1	 2	 2	 1	579.35	  0.00
341	23	18	v	 1	 2	 5	 1	 1	 3	 2	 1	 0	 1	 1	 1	 1	 1	392.44	  0.00
342	23	18	v	 1	 2	 5	 1	 1	 2	 2	 1	 0	 1	 1	 1	 1	 1	559.78	  0.00
343	23	18	v	 1	 2	 5	 0	 1	 0	 1	 1	 0	 1	 1	 1	 1	 1	525.35	  0.00
344	23	18	v	 1	 2	 5	 1	 1	 0	 1	 0	 0	 1	 1	 2	 2	 1	572.55	  0.00
345	23	18	v	 1	 2	 5	 2	 2	 0	 1	 1	 0	 1	 1	 2	 2	 1	848.12	  0.00
346	23	18	v	 1	 2	 5	 1	 1	 0	 1	 1	 0	 1	 1	 1	 1	 1	532.21	  0.00
347	23	18	v	 1	 2	 5	 1	 1	 1	 1	 1	 0	 1	 1	 1	 1	 1	598.44	  0.00
348	23	18	v	 1	 2	 5	 2	 2	 2	 2	 1	 0	 1	 1	 2	 2	 1	574.84	  0.00
349	23	18	v	 1	 2	 5	 2	 2	 3	 2	 0	 0	 1	 1	 1	 1	 1	624.72	  0.00
350	23	18	v	 1	 2	 5	 0	 1	 3	 2	 0	 0	 1	 1	 1	 1	 1	465.03	  0.00
351	23	18	v	 1	 2	 5	 0	 1	 2	 2	 0	 0	 1	 1	 1	 1	 1	719.04	  0.00
352	23	18	v	 1	 2	 5	 3	 2	 3	 2	 0	 0	 1	 1	 1	 1	 1	526.66	  0.00
353	23	18	v	 1	 2	 5	 2	 2	 3	 2	 1	 0	 1	 1	 2	 2	 1	527.60	  0.00
354	23	18	v	 1	 2	 5	 0	 1	 0	 1	 0	 0	 1	 1	 2	 2	 1	490.57	  0.00
355	23	18	v	 1	 2	 5	 0	 1	 1	 1	 1	 0	 1	 1	 1	 1	 1	607.26	  0.00
356	23	18	v	 1	 2	 5	 2	 2	 1	 1	 0	 0	 1	 1	 2	 2	 1	1027.25	  0.00
357	23	18	v	 1	 2	 5	 0	 1	 2	 2	 1	 0	 1	 1	 1	 1	 1	725.26	  0.00
358	23	18	v	 1	 2	 5	 2	 2	 2	 2	 0	 0	 1	 1	 1	 1	 1	701.77	  0.00
359	23	18	v	 1	 2	 5	 2	 2	 3	 2	 0	 0	 1	 1	 1	 2	 0	1107.83	  0.00
360	23	18	v	 1	 2	 5	 1	 1	 0	 1	 1	 0	 1	 1	 1	 1	 1	1015.25	  0.00
361	23	18	v	 1	 2	 5	 0	 1	 1	 1	 0	 0	 1	 1	 2	 2	 1	847.12	  0.00
362	23	18	v	 1	 2	 5	 2	 2	 0	 1	 0	 0	 1	 1	 2	 2	 1	735.18	  0.00
363	23	18	v	 1	 2	 5	 3	 2	 0	 1	 0	 0	 1	 1	 2	 2	 1	515.54	  0.00
364	23	18	v	 1	 2	 5	 1	 1	 2	 2	 0	 0	 1	 1	 1	 1	 1	687.91	  0.00
365	23	18	v	 1	 2	 5	 1	 1	 1	 1	 0	 0	 1	 1	 2	 2	 1	1246.17	  0.00
366	23	18	v	 1	 2	 5	 0	 1	 2	 2	 1	 0	 1	 1	 1	 1	 1	677.73	  0.00
367	23	18	v	 1	 2	 5	 1	 1	 2	 2	 1	 0	 1	 1	 1	 1	 1	507.15	  0.00
368	23	18	v	 1	 2	 5	 2	 2	 0	 1	 1	 0	 1	 1	 2	 2	 1	714.89	  0.00
369	23	18	v	 1	 2	 5	 2	 2	 1	 1	 0	 0	 1	 1	 2	 2	 1	669.39	  0.00
370	23	18	v	 1	 2	 5	 3	 2	 3	 2	 0	 0	 1	 1	 1	 1	 1	661.01	  0.00
371	23	18	v	 1	 2	 5	 1	 1	 0	 1	 0	 0	 1	 1	 2	 2	 1	1034.51	  0.00
372	23	18	v	 1	 2	 5	 1	 1	 2	 2	 0	 0	 1	 1	 1	 1	 1	681.19	  0.00
373	23	18	v	 1	 2	 5	 3	 2	 3	 2	 1	 0	 1	 1	 2	 2	 1	586.54	  0.00
374	23	18	v	 1	 2	 5	 1	 1	 1	 1	 1	 0	 1	 1	 1	 1	 1	660.50	  0.00
375	23	18	v	 1	 2	 5	 0	 1	 1	 1	 0	 0	 1	 1	 2	 2	 1	947.38	  0.00
376	23	18	v	 1	 2	 5	 1	 1	 1	 1	 0	 0	 1	 1	 2	 2	 1	523.49	  0.00
377	23	18	v	 1	 2	 5	 3	 2	 1	 1	 1	 0	 1	 1	 2	 2	 1	567.00	  0.00
378	23	18	v	 1	 2	 5	 2	 2	 2	 2	 0	 0	 1	 1	 1	 1	 1	766.50	  0.00
379	23	18	v	 1	 2	 5	 3	 2	 1	 1	 1	 0	 1	 1	 2	 2	 1	636.57	  0.00
380	23	18	v	 1	 2	 5	 0	 1	 3	 2	 1	 0	 1	 1	 1	 1	 1	716.13	  0.00
381	23	18	v	 1	 2	 5	 3	 2	 2	 2	 0	 0	 1	 1	 1	 1	 1	945.52	  0.00
382	23	18	v	 1	 2	 5	 0	 1	 3	 2	 1	 0	 1	 1	 1	 1	 1	600.46	  0.00
383	23	18	v	 1	 2	 5	 0	 1	 0	 1	 1	 0	 1	 1	 1	 1	 1	481.67	  0.00
384	23	18	v	 1	 2	 6	 1	 1	 2	 2	 1	 0	 1	 1	 1	 1	 1	466.40	  0.00
385	23	18	v	 1	 2	 6	 1	 1	 1	 1	 0	 0	 1	 1	 2	 2	 1	829.23	  0.00
386	23	18	v	 1	 2	 6	 2	 2	 0	 1	 0	 0	 1	 1	 2	 2	 1	619.41	  0.00
387	23	18	v	 1	 2	 6	 0	 1	 2	 2	 1	 0	 1	 1	 1	 1	 1	655.53	  0.00
388	23	18	v	 1	 2	 6	 0	 1	 1	 1	 0	 0	 1	 1	 2	 2	 1	721.69	  0.00
389	23	18	v	 1	 2	 6	 1	 1	 0	 1	 1	 0	 1	 1	 1	 1	 1	844.70	  0.00
390	23	18	v	 1	 2	 6	 0	 1	 3	 2	 0	 0	 1	 1	 1	 1	 1	480.73	  0.00
391	23	18	v	 1	 2	 6	 1	 1	 2	 2	 0	 0	 1	 1	 1	 1	 1	620.60	  0.00
392	23	18	v	 1	 2	 6	 1	 1	 2	 2	 0	 0	 1	 1	 1	 1	 1	523.53	  0.00
393	23	18	v	 1	 2	 6	 3	 2	 0	 1	 0	 0	 1	 1	 2	 2	 1	663.22	  0.00
394	23	18	v	 1	 2	 6	 2	 2	 2	 2	 0	 0	 1	 1	 1	 1	 1	597.74	  0.00
395	23	18	v	 1	 2	 6	 3	 2	 0	 1	 1	 0	 1	 1	 2	 2	 1	525.17	  0.00
396	23	18	v	 1	 2	 6	 3	 2	 1	 1	 1	 0	 1	 1	 2	 2	 1	561.58	  0.00
397	23	18	v	 1	 2	 6	 0	 1	 3	 2	 1	 0	 1	 1	 1	 1	 1	619.65	  0.00
398	23	18	v	 1	 2	 6	 3	 2	 0	 1	 0	 0	 1	 1	 2	 2	 1	590.50	  0.00
399	23	18	v	 1	 2	 6	 2	 2	 1	 1	 1	 0	 1	 1	 2	 2	 1	754.63	  0.00
400	23	18	v	 1	 2	 6	 1	 1	 1	 1	 1	 0	 1	 1	 1	 1	 1	782.31	  0.00
401	23	18	v	 1	 2	 6	 2	 2	 3	 2	 1	 0	 1	 1	 2	 2	 1	780.18	  0.00
402	23	18	v	 1	 2	 6	 3	 2	 2	 2	 0	 0	 1	 1	 1	 1	 1	714.78	  0.00
403	23	18	v	 1	 2	 6	 3	 2	 3	 2	 1	 0	 1	 1	 2	 2	 1	851.21	  0.00
404	23	18	v	 1	 2	 6	 2	 2	 0	 1	 1	 0	 1	 1	 2	 2	 1	669.61	  0.00
405	23	18	v	 1	 2	 6	 1	 1	 3	 2	 1	 0	 1	 1	 1	 1	 1	547.98	  0.00
406	23	18	v	 1	 2	 6	 0	 1	 1	 1	 0	 0	 1	 1	 2	 2	 1	646.83	  0.00
407	23	18	v	 1	 2	 6	 3	 2	 1	 1	 1	 0	 1	 1	 2	 2	 1	1455.51	  0.00
408	23	18	v	 1	 2	 6	 2	 2	 3	 2	 1	 0	 1	 1	 2	 2	 1	505.85	  0.00
409	23	18	v	 1	 2	 6	 3	 2	 1	 1	 0	 0	 1	 1	 2	 1	 0	759.00	  0.00
410	23	18	v	 1	 2	 6	 3	 2	 1	 1	 0	 0	 1	 1	 2	 2	 1	650.68	  0.00
411	23	18	v	 1	 2	 6	 1	 1	 3	 2	 1	 0	 1	 1	 1	 1	 1	599.83	  0.00
412	23	18	v	 1	 2	 6	 0	 1	 0	 1	 1	 0	 1	 1	 1	 1	 1	627.75	  0.00
413	23	18	v	 1	 2	 6	 1	 1	 0	 1	 1	 0	 1	 1	 1	 1	 1	493.03	  0.00
414	23	18	v	 1	 2	 6	 0	 1	 3	 2	 1	 0	 1	 1	 1	 1	 1	482.97	  0.00
415	23	18	v	 1	 2	 6	 0	 1	 0	 1	 0	 0	 1	 1	 2	 2	 1	677.11	  0.00
416	23	18	v	 1	 2	 6	 0	 1	 0	 1	 1	 0	 1	 1	 1	 1	 1	669.79	  0.00
417	23	18	v	 1	 2	 6	 0	 1	 2	 2	 1	 0	 1	 1	 1	 1	 1	732.97	  0.00
418	23	18	v	 1	 2	 6	 0	 1	 2	 2	 0	 0	 1	 1	 1	 1	 1	689.27	  0.00
419	23	18	v	 1	 2	 6	 2	 2	 3	 2	 0	 0	 1	 1	 1	 1	 1	641.07	  0.00
420	23	18	v	 1	 2	 6	 1	 1	 3	 2	 0	 0	 1	 1	 1	 1	 1	486.83	  0.00
421	23	18	v	 1	 2	 6	 1	 1	 1	 1	 1	 0	 1	 1	 1	 1	 1	599.35	  0.00
422	23	18	v	 1	 2	 6	 1	 1	 0	 1	 0	 0	 1	 1	 2	 2	 1	635.63	  0.00
423	23	18	v	 1	 2	 6	 3	 2	 2	 2	 1	 0	 1	 1	 2	 2	 1	611.98	  0.00
424	23	18	v	 1	 2	 6	 2	 2	 1	 1	 0	 0	 1	 1	 2	 2	 1	523.11	  0.00
425	23	18	v	 1	 2	 6	 3	 2	 3	 2	 1	 0	 1	 1	 2	 2	 1	624.80	  0.00
426	23	18	v	 1	 2	 6	 1	 1	 0	 1	 0	 0	 1	 1	 2	 2	 1	631.03	  0.00
427	23	18	v	 1	 2	 6	 2	 2	 1	 1	 0	 0	 1	 1	 2	 2	 1	429.63	  0.00
428	23	18	v	 1	 2	 6	 3	 2	 2	 2	 0	 0	 1	 1	 1	 1	 1	713.65	  0.00
429	23	18	v	 1	 2	 6	 2	 2	 0	 1	 1	 0	 1	 1	 2	 2	 1	562.03	  0.00
430	23	18	v	 1	 2	 6	 1	 1	 3	 2	 0	 0	 1	 1	 1	 2	 0	1063.39	  0.00
431	23	18	v	 1	 2	 6	 1	 1	 2	 2	 1	 0	 1	 1	 1	 1	 1	693.74	  0.00
432	23	18	v	 1	 2	 6	 3	 2	 2	 2	 1	 0	 1	 1	 2	 2	 1	656.37	  0.00
433	23	18	v	 1	 2	 6	 0	 1	 2	 2	 0	 0	 1	 1	 1	 1	 1	567.41	  0.00
434	23	18	v	 1	 2	 6	 3	 2	 0	 1	 1	 0	 1	 1	 2	 2	 1	624.71	  0.00
435	23	18	v	 1	 2	 6	 2	 2	 2	 2	 1	 0	 1	 1	 2	 2	 1	603.61	  0.00
436	23	18	v	 1	 2	 6	 3	 2	 3	 2	 0	 0	 1	 1	 1	 1	 1	661.49	  0.00
437	23	18	v	 1	 2	 6	 0	 1	 3	 2	 0	 0	 1	 1	 1	 1	 1	499.16	  0.00
438	23	18	v	 1	 2	 6	 0	 1	 0	 1	 0	 0	 1	 1	 2	 1	 0	464.78	  0.00
439	23	18	v	 1	 2	 6	 2	 2	 2	 2	 1	 0	 1	 1	 2	 2	 1	574.62	  0.00
440	23	18	v	 1	 2	 6	 2	 2	 2	 2	 0	 0	 1	 1	 1	 1	 1	567.39	  0.00
441	23	18	v	 1	 2	 6	 0	 1	 1	 1	 1	 0	 1	 1	 1	 2	 0	590.12	  0.00
442	23	18	v	 1	 2	 6	 3	 2	 3	 2	 0	 0	 1	 1	 1	 1	 1	1740.64	  0.00
443	23	18	v	 1	 2	 6	 1	 1	 1	 1	 0	 0	 1	 1	 2	 2	 1	698.05	  0.00
444	23	18	v	 1	 2	 6	 0	 1	 1	 1	 1	 0	 1	 1	 1	 1	 1	625.12	  0.00
445	23	18	v	 1	 2	 6	 2	 2	 0	 1	 0	 0	 1	 1	 2	 2	 1	743.10	  0.00
446	23	18	v	 1	 2	 6	 2	 2	 1	 1	 1	 0	 1	 1	 2	 2	 1	621.33	  0.00
447	23	18	v	 1	 2	 6	 2	 2	 3	 2	 0	 0	 1	 1	 1	 1	 1	1343.04	  0.00
448	23	18	v	 1	 2	 7	 2	 2	 0	 1	 1	 0	 1	 1	 2	 2	 1	649.11	  0.00
449	23	18	v	 1	 2	 7	 0	 1	 3	 2	 1	 0	 1	 1	 1	 1	 1	669.14	  0.00
450	23	18	v	 1	 2	 7	 2	 2	 2	 2	 0	 0	 1	 1	 1	 1	 1	497.60	  0.00
451	23	18	v	 1	 2	 7	 2	 2	 3	 2	 1	 0	 1	 1	 2	 2	 1	705.13	  0.00
452	23	18	v	 1	 2	 7	 0	 1	 1	 1	 0	 0	 1	 1	 2	 2	 1	559.25	  0.00
453	23	18	v	 1	 2	 7	 2	 2	 2	 2	 1	 0	 1	 1	 2	 2	 1	527.54	  0.00
454	23	18	v	 1	 2	 7	 3	 2	 2	 2	 0	 0	 1	 1	 1	 1	 1	572.01	  0.00
455	23	18	v	 1	 2	 7	 0	 1	 3	 2	 1	 0	 1	 1	 1	 1	 1	760.42	  0.00
456	23	18	v	 1	 2	 7	 0	 1	 0	 1	 1	 0	 1	 1	 1	 1	 1	565.46	  0.00
457	23	18	v	 1	 2	 7	 2	 2	 0	 1	 0	 0	 1	 1	 2	 2	 1	637.05	  0.00
458	23	18	v	 1	 2	 7	 3	 2	 0	 1	 0	 0	 1	 1	 2	 2	 1	877.26	  0.00
459	23	18	v	 1	 2	 7	 1	 1	 2	 2	 1	 0	 1	 1	 1	 1	 1	640.06	  0.00
460	23	18	v	 1	 2	 7	 1	 1	 0	 1	 0	 0	 1	 1	 2	 2	 1	551.16	  0.00
461	23	18	v	 1	 2	 7	 1	 1	 0	 1	 0	 0	 1	 1	 2	 2	 1	527.71	  0.00
462	23	18	v	 1	 2	 7	 2	 2	 3	 2	 1	 0	 1	 1	 2	 2	 1	496.04	  0.00
463	23	18	v	 1	 2	 7	 1	 1	 3	 2	 1	 0	 1	 1	 1	 1	 1	692.92	  0.00
464	23	18	v	 1	 2	 7	 3	 2	 2	 2	 1	 0	 1	 1	 2	 2	 1	688.00	  0.00
465	23	18	v	 1	 2	 7	 1	 1	 2	 2	 0	 0	 1	 1	 1	 1	 1	952.86	  0.00
466	23	18	v	 1	 2	 7	 0	 1	 2	 2	 1	 0	 1	 1	 1	 1	 1	874.27	  0.00
467	23	18	v	 1	 2	 7	 0	 1	 1	 1	 0	 0	 1	 1	 2	 2	 1	1279.05	  0.00
468	23	18	v	 1	 2	 7	 2	 2	 3	 2	 0	 0	 1	 1	 1	 1	 1	656.09	  0.00
469	23	18	v	 1	 2	 7	 1	 1	 3	 2	 1	 0	 1	 1	 1	 1	 1	787.43	  0.00
470	23	18	v	 1	 2	 7	 0	 1	 1	 1	 1	 0	 1	 1	 1	 1	 1	543.24	  0.00
471	23	18	v	 1	 2	 7	 1	 1	 1	 1	 0	 0	 1	 1	 2	 2	 1	1564.31	  0.00
472	23	18	v	 1	 2	 7	 0	 1	 3	 2	 0	 0	 1	 1	 1	 1	 1	649.86	  0.00
473	23	18	v	 1	 2	 7	 0	 1	 2	 2	 1	 0	 1	 1	 1	 1	 1	675.12	  0.00
474	23	18	v	 1	 2	 7	 0	 1	 0	 1	 0	 0	 1	 1	 2	 2	 1	666.89	  0.00
475	23	18	v	 1	 2	 7	 0	 1	 0	 1	 1	 0	 1	 1	 1	 1	 1	713.84	  0.00
476	23	18	v	 1	 2	 7	 2	 2	 0	 1	 1	 0	 1	 1	 2	 2	 1	611.16	  0.00
477	23	18	v	 1	 2	 7	 0	 1	 1	 1	 1	 0	 1	 1	 1	 1	 1	641.73	  0.00
478	23	18	v	 1	 2	 7	 3	 2	 3	 2	 1	 0	 1	 1	 2	 2	 1	405.92	  0.00
479	23	18	v	 1	 2	 7	 3	 2	 0	 1	 0	 0	 1	 1	 2	 2	 1	826.15	  0.00
480	23	18	v	 1	 2	 7	 3	 2	 2	 2	 0	 0	 1	 1	 1	 1	 1	560.16	  0.00
481	23	18	v	 1	 2	 7	 1	 1	 2	 2	 1	 0	 1	 1	 1	 1	 1	705.26	  0.00
482	23	18	v	 1	 2	 7	 2	 2	 1	 1	 1	 0	 1	 1	 2	 2	 1	544.38	  0.00
483	23	18	v	 1	 2	 7	 2	 2	 1	 1	 0	 0	 1	 1	 2	 2	 1	1190.00	  0.00
484	23	18	v	 1	 2	 7	 3	 2	 2	 2	 1	 0	 1	 1	 2	 2	 1	661.17	  0.00
485	23	18	v	 1	 2	 7	 3	 2	 0	 1	 1	 0	 1	 1	 2	 2	 1	521.64	  0.00
486	23	18	v	 1	 2	 7	 2	 2	 1	 1	 0	 0	 1	 1	 2	 2	 1	1017.70	  0.00
487	23	18	v	 1	 2	 7	 1	 1	 3	 2	 0	 0	 1	 1	 1	 1	 1	860.18	  0.00
488	23	18	v	 1	 2	 7	 1	 1	 0	 1	 1	 0	 1	 1	 1	 1	 1	552.69	  0.00
489	23	18	v	 1	 2	 7	 2	 2	 0	 1	 0	 0	 1	 1	 2	 2	 1	731.06	  0.00
490	23	18	v	 1	 2	 7	 0	 1	 3	 2	 0	 0	 1	 1	 1	 1	 1	673.63	  0.00
491	23	18	v	 1	 2	 7	 1	 1	 1	 1	 0	 0	 1	 1	 2	 2	 1	804.98	  0.00
492	23	18	v	 1	 2	 7	 2	 2	 1	 1	 1	 0	 1	 1	 2	 2	 1	590.72	  0.00
493	23	18	v	 1	 2	 7	 1	 1	 1	 1	 1	 0	 1	 1	 1	 1	 1	1032.14	  0.00
494	23	18	v	 1	 2	 7	 0	 1	 2	 2	 0	 0	 1	 1	 1	 1	 1	499.32	  0.00
495	23	18	v	 1	 2	 7	 3	 2	 3	 2	 0	 0	 1	 1	 1	 1	 1	511.23	  0.00
496	23	18	v	 1	 2	 7	 3	 2	 3	 2	 0	 0	 1	 1	 1	 1	 1	517.60	  0.00
497	23	18	v	 1	 2	 7	 2	 2	 3	 2	 0	 0	 1	 1	 1	 1	 1	521.46	  0.00
498	23	18	v	 1	 2	 7	 3	 2	 1	 1	 0	 0	 1	 1	 2	 2	 1	1895.00	  0.00
499	23	18	v	 1	 2	 7	 3	 2	 1	 1	 1	 0	 1	 1	 2	 2	 1	661.32	  0.00
500	23	18	v	 1	 2	 7	 2	 2	 2	 2	 0	 0	 1	 1	 1	 1	 1	684.42	  0.00
501	23	18	v	 1	 2	 7	 1	 1	 0	 1	 1	 0	 1	 1	 1	 1	 1	794.04	  0.00
502	23	18	v	 1	 2	 7	 0	 1	 0	 1	 0	 0	 1	 1	 2	 2	 1	753.84	  0.00
503	23	18	v	 1	 2	 7	 1	 1	 2	 2	 0	 0	 1	 1	 1	 1	 1	594.07	  0.00
504	23	18	v	 1	 2	 7	 3	 2	 0	 1	 1	 0	 1	 1	 2	 2	 1	567.75	  0.00
505	23	18	v	 1	 2	 7	 0	 1	 2	 2	 0	 0	 1	 1	 1	 1	 1	573.33	  0.00
506	23	18	v	 1	 2	 7	 3	 2	 1	 1	 1	 0	 1	 1	 2	 2	 1	685.68	  0.00
507	23	18	v	 1	 2	 7	 2	 2	 2	 2	 1	 0	 1	 1	 2	 2	 1	694.30	  0.00
508	23	18	v	 1	 2	 7	 3	 2	 3	 2	 1	 0	 1	 1	 2	 2	 1	537.45	  0.00
509	23	18	v	 1	 2	 7	 3	 2	 1	 1	 0	 0	 1	 1	 2	 1	 0	951.83	  0.00
510	23	18	v	 1	 2	 7	 1	 1	 3	 2	 0	 0	 1	 1	 1	 2	 0	1469.03	  0.00
511	23	18	v	 1	 2	 7	 1	 1	 1	 1	 1	 0	 1	 1	 1	 1	 1	1514.88	  0.00
512	23	18	v	 1	 2	 8	 0	 1	 2	 2	 1	 1	 1	 0	 2	 2	 1	993.20	  0.00
513	23	18	v	 1	 2	 8	 2	 2	 1	 1	 0	 1	 1	 0	 1	 1	 1	549.40	  0.00
514	23	18	v	 1	 2	 8	 3	 2	 1	 1	 1	 1	 1	 0	 1	 1	 1	454.76	  0.00
515	23	18	v	 1	 2	 8	 2	 2	 2	 2	 1	 1	 1	 0	 1	 1	 1	365.68	  0.00
516	23	18	v	 1	 2	 8	 1	 1	 2	 2	 0	 1	 1	 0	 2	 2	 1	450.76	  0.00
517	23	18	v	 1	 2	 8	 1	 1	 3	 2	 1	 1	 1	 0	 2	 2	 1	360.72	  0.00
518	23	18	v	 1	 2	 8	 2	 2	 2	 2	 0	 1	 1	 0	 1	 1	 1	386.79	  0.00
519	23	18	v	 1	 2	 8	 3	 2	 3	 2	 0	 1	 1	 0	 1	 1	 1	444.66	  0.00
520	23	18	v	 1	 2	 8	 0	 1	 0	 1	 1	 1	 1	 0	 2	 2	 1	498.67	  0.00
521	23	18	v	 1	 2	 8	 0	 1	 0	 1	 0	 1	 1	 0	 2	 2	 1	501.96	  0.00
522	23	18	v	 1	 2	 8	 2	 2	 3	 2	 0	 1	 1	 0	 1	 1	 1	382.88	  0.00
523	23	18	v	 1	 2	 8	 2	 2	 3	 2	 0	 1	 1	 0	 1	 1	 1	348.18	  0.00
524	23	18	v	 1	 2	 8	 2	 2	 1	 1	 1	 1	 1	 0	 1	 1	 1	403.37	  0.00
525	23	18	v	 1	 2	 8	 0	 1	 1	 1	 1	 1	 1	 0	 2	 2	 1	319.00	  0.00
526	23	18	v	 1	 2	 8	 0	 1	 1	 1	 0	 1	 1	 0	 2	 2	 1	513.72	  0.00
527	23	18	v	 1	 2	 8	 2	 2	 3	 2	 1	 1	 1	 0	 1	 1	 1	371.65	  0.00
528	23	18	v	 1	 2	 8	 0	 1	 2	 2	 0	 1	 1	 0	 2	 2	 1	296.45	  0.00
529	23	18	v	 1	 2	 8	 1	 1	 1	 1	 0	 1	 1	 0	 2	 2	 1	511.96	  0.00
530	23	18	v	 1	 2	 8	 3	 2	 2	 2	 0	 1	 1	 0	 1	 2	 0	449.78	  0.00
531	23	18	v	 1	 2	 8	 3	 2	 3	 2	 0	 1	 1	 0	 1	 1	 1	512.93	  0.00
532	23	18	v	 1	 2	 8	 3	 2	 3	 2	 1	 1	 1	 0	 1	 1	 1	377.75	  0.00
533	23	18	v	 1	 2	 8	 3	 2	 1	 1	 1	 1	 1	 0	 1	 1	 1	440.81	  0.00
534	23	18	v	 1	 2	 8	 0	 1	 1	 1	 0	 1	 1	 0	 2	 2	 1	531.24	  0.00
535	23	18	v	 1	 2	 8	 1	 1	 1	 1	 0	 1	 1	 0	 2	 2	 1	546.99	  0.00
536	23	18	v	 1	 2	 8	 3	 2	 2	 2	 0	 1	 1	 0	 1	 1	 1	661.77	  0.00
537	23	18	v	 1	 2	 8	 2	 2	 1	 1	 0	 1	 1	 0	 1	 1	 1	506.87	  0.00
538	23	18	v	 1	 2	 8	 2	 2	 2	 2	 1	 1	 1	 0	 1	 1	 1	485.51	  0.00
539	23	18	v	 1	 2	 8	 3	 2	 0	 1	 0	 1	 1	 0	 1	 1	 1	464.38	  0.00
540	23	18	v	 1	 2	 8	 1	 1	 2	 2	 1	 1	 1	 0	 2	 2	 1	802.25	  0.00
541	23	18	v	 1	 2	 8	 2	 2	 0	 1	 0	 1	 1	 0	 1	 1	 1	647.44	  0.00
542	23	18	v	 1	 2	 8	 3	 2	 2	 2	 1	 1	 1	 0	 1	 1	 1	614.06	  0.00
543	23	18	v	 1	 2	 8	 0	 1	 1	 1	 1	 1	 1	 0	 2	 2	 1	530.17	  0.00
544	23	18	v	 1	 2	 8	 1	 1	 2	 2	 0	 1	 1	 0	 2	 2	 1	533.40	  0.00
545	23	18	v	 1	 2	 8	 1	 1	 1	 1	 1	 1	 1	 0	 2	 2	 1	437.81	  0.00
546	23	18	v	 1	 2	 8	 2	 2	 3	 2	 1	 1	 1	 0	 1	 1	 1	414.85	  0.00
547	23	18	v	 1	 2	 8	 1	 1	 0	 1	 1	 1	 1	 0	 2	 1	 0	379.84	  0.00
548	23	18	v	 1	 2	 8	 0	 1	 3	 2	 1	 1	 1	 0	 2	 2	 1	443.36	  0.00
549	23	18	v	 1	 2	 8	 1	 1	 0	 1	 0	 1	 1	 0	 2	 2	 1	399.46	  0.00
550	23	18	v	 1	 2	 8	 1	 1	 0	 1	 0	 1	 1	 0	 2	 2	 1	590.56	  0.00
551	23	18	v	 1	 2	 8	 1	 1	 0	 1	 1	 1	 1	 0	 2	 2	 1	509.38	  0.00
552	23	18	v	 1	 2	 8	 1	 1	 1	 1	 1	 1	 1	 0	 2	 2	 1	455.59	  0.00
553	23	18	v	 1	 2	 8	 2	 2	 0	 1	 0	 1	 1	 0	 1	 1	 1	567.69	  0.00
554	23	18	v	 1	 2	 8	 3	 2	 0	 1	 1	 1	 1	 0	 1	 1	 1	1098.50	  0.00
555	23	18	v	 1	 2	 8	 2	 2	 0	 1	 1	 1	 1	 0	 1	 1	 1	501.66	  0.00
556	23	18	v	 1	 2	 8	 1	 1	 3	 2	 0	 1	 1	 0	 2	 2	 1	529.36	  0.00
557	23	18	v	 1	 2	 8	 2	 2	 2	 2	 0	 1	 1	 0	 1	 1	 1	1380.96	  0.00
558	23	18	v	 1	 2	 8	 2	 2	 0	 1	 1	 1	 1	 0	 1	 1	 1	411.82	  0.00
559	23	18	v	 1	 2	 8	 3	 2	 1	 1	 0	 1	 1	 0	 1	 1	 1	417.99	  0.00
560	23	18	v	 1	 2	 8	 3	 2	 2	 2	 1	 1	 1	 0	 1	 1	 1	361.74	  0.00
561	23	18	v	 1	 2	 8	 0	 1	 2	 2	 0	 1	 1	 0	 2	 2	 1	348.61	  0.00
562	23	18	v	 1	 2	 8	 0	 1	 2	 2	 1	 1	 1	 0	 2	 2	 1	423.09	  0.00
563	23	18	v	 1	 2	 8	 0	 1	 0	 1	 0	 1	 1	 0	 2	 2	 1	595.13	  0.00
564	23	18	v	 1	 2	 8	 1	 1	 3	 2	 1	 1	 1	 0	 2	 2	 1	382.39	  0.00
565	23	18	v	 1	 2	 8	 3	 2	 3	 2	 1	 1	 1	 0	 1	 1	 1	450.93	  0.00
566	23	18	v	 1	 2	 8	 1	 1	 2	 2	 1	 1	 1	 0	 2	 2	 1	606.51	  0.00
567	23	18	v	 1	 2	 8	 0	 1	 3	 2	 0	 1	 1	 0	 2	 2	 1	767.63	  0.00
568	23	18	v	 1	 2	 8	 1	 1	 3	 2	 0	 1	 1	 0	 2	 2	 1	367.25	  0.00
569	23	18	v	 1	 2	 8	 0	 1	 0	 1	 1	 1	 1	 0	 2	 2	 1	471.96	  0.00
570	23	18	v	 1	 2	 8	 0	 1	 3	 2	 0	 1	 1	 0	 2	 2	 1	456.28	  0.00
571	23	18	v	 1	 2	 8	 3	 2	 0	 1	 1	 1	 1	 0	 1	 1	 1	360.58	  0.00
572	23	18	v	 1	 2	 8	 2	 2	 1	 1	 1	 1	 1	 0	 1	 1	 1	377.49	  0.00
573	23	18	v	 1	 2	 8	 3	 2	 0	 1	 0	 1	 1	 0	 1	 1	 1	546.96	  0.00
574	23	18	v	 1	 2	 8	 3	 2	 1	 1	 0	 1	 1	 0	 1	 1	 1	533.80	  0.00
575	23	18	v	 1	 2	 8	 0	 1	 3	 2	 1	 1	 1	 0	 2	 2	 1	428.19	  0.00
576	23	18	v	 1	 2	 9	 0	 1	 2	 2	 1	 1	 1	 0	 2	 2	 1	526.91	  0.00
577	23	18	v	 1	 2	 9	 2	 2	 0	 1	 1	 1	 1	 0	 1	 1	 1	449.05	  0.00
578	23	18	v	 1	 2	 9	 3	 2	 3	 2	 1	 1	 1	 0	 1	 1	 1	455.60	  0.00
579	23	18	v	 1	 2	 9	 1	 1	 0	 1	 1	 1	 1	 0	 2	 2	 1	426.73	  0.00
580	23	18	v	 1	 2	 9	 1	 1	 1	 1	 1	 1	 1	 0	 2	 2	 1	533.99	  0.00
581	23	18	v	 1	 2	 9	 3	 2	 2	 2	 0	 1	 1	 0	 1	 1	 1	436.93	  0.00
582	23	18	v	 1	 2	 9	 2	 2	 2	 2	 0	 1	 1	 0	 1	 1	 1	489.57	  0.00
583	23	18	v	 1	 2	 9	 3	 2	 0	 1	 0	 1	 1	 0	 1	 1	 1	403.88	  0.00
584	23	18	v	 1	 2	 9	 2	 2	 1	 1	 0	 1	 1	 0	 1	 1	 1	414.89	  0.00
585	23	18	v	 1	 2	 9	 2	 2	 0	 1	 0	 1	 1	 0	 1	 1	 1	424.22	  0.00
586	23	18	v	 1	 2	 9	 0	 1	 1	 1	 0	 1	 1	 0	 2	 2	 1	515.06	  0.00
587	23	18	v	 1	 2	 9	 1	 1	 1	 1	 0	 1	 1	 0	 2	 2	 1	507.83	  0.00
588	23	18	v	 1	 2	 9	 1	 1	 3	 2	 1	 1	 1	 0	 2	 2	 1	427.43	  0.00
589	23	18	v	 1	 2	 9	 2	 2	 3	 2	 0	 1	 1	 0	 1	 1	 1	434.08	  0.00
590	23	18	v	 1	 2	 9	 1	 1	 1	 1	 0	 1	 1	 0	 2	 2	 1	484.22	  0.00
591	23	18	v	 1	 2	 9	 1	 1	 0	 1	 0	 1	 1	 0	 2	 2	 1	552.93	  0.00
592	23	18	v	 1	 2	 9	 3	 2	 2	 2	 1	 1	 1	 0	 1	 1	 1	407.26	  0.00
593	23	18	v	 1	 2	 9	 1	 1	 0	 1	 1	 1	 1	 0	 2	 2	 1	596.02	  0.00
594	23	18	v	 1	 2	 9	 3	 2	 1	 1	 1	 1	 1	 0	 1	 1	 1	386.67	  0.00
595	23	18	v	 1	 2	 9	 0	 1	 3	 2	 1	 1	 1	 0	 2	 2	 1	439.43	  0.00
596	23	18	v	 1	 2	 9	 1	 1	 0	 1	 0	 1	 1	 0	 2	 2	 1	951.95	  0.00
597	23	18	v	 1	 2	 9	 1	 1	 3	 2	 1	 1	 1	 0	 2	 2	 1	383.82	  0.00
598	23	18	v	 1	 2	 9	 0	 1	 2	 2	 0	 1	 1	 0	 2	 2	 1	404.13	  0.00
599	23	18	v	 1	 2	 9	 2	 2	 0	 1	 0	 1	 1	 0	 1	 1	 1	500.53	  0.00
600	23	18	v	 1	 2	 9	 2	 2	 1	 1	 0	 1	 1	 0	 1	 1	 1	403.60	  0.00
601	23	18	v	 1	 2	 9	 0	 1	 1	 1	 1	 1	 1	 0	 2	 2	 1	521.73	  0.00
602	23	18	v	 1	 2	 9	 0	 1	 1	 1	 1	 1	 1	 0	 2	 2	 1	491.82	  0.00
603	23	18	v	 1	 2	 9	 0	 1	 2	 2	 0	 1	 1	 0	 2	 2	 1	485.70	  0.00
604	23	18	v	 1	 2	 9	 1	 1	 2	 2	 1	 1	 1	 0	 2	 2	 1	417.52	  0.00
605	23	18	v	 1	 2	 9	 3	 2	 1	 1	 0	 1	 1	 0	 1	 1	 1	459.58	  0.00
606	23	18	v	 1	 2	 9	 0	 1	 0	 1	 0	 1	 1	 0	 2	 2	 1	515.08	  0.00
607	23	18	v	 1	 2	 9	 3	 2	 0	 1	 1	 1	 1	 0	 1	 1	 1	605.92	  0.00
608	23	18	v	 1	 2	 9	 3	 2	 2	 2	 0	 1	 1	 0	 1	 1	 1	378.35	  0.00
609	23	18	v	 1	 2	 9	 2	 2	 0	 1	 1	 1	 1	 0	 1	 1	 1	607.92	  0.00
610	23	18	v	 1	 2	 9	 2	 2	 2	 2	 1	 1	 1	 0	 1	 1	 1	502.56	  0.00
611	23	18	v	 1	 2	 9	 0	 1	 1	 1	 0	 1	 1	 0	 2	 2	 1	413.76	  0.00
612	23	18	v	 1	 2	 9	 0	 1	 2	 2	 1	 1	 1	 0	 2	 2	 1	381.38	  0.00
613	23	18	v	 1	 2	 9	 3	 2	 3	 2	 0	 1	 1	 0	 1	 1	 1	747.00	  0.00
614	23	18	v	 1	 2	 9	 1	 1	 2	 2	 1	 1	 1	 0	 2	 2	 1	456.69	  0.00
615	23	18	v	 1	 2	 9	 2	 2	 3	 2	 1	 1	 1	 0	 1	 1	 1	699.92	  0.00
616	23	18	v	 1	 2	 9	 3	 2	 0	 1	 0	 1	 1	 0	 1	 1	 1	768.68	  0.00
617	23	18	v	 1	 2	 9	 1	 1	 2	 2	 0	 1	 1	 0	 2	 2	 1	589.76	  0.00
618	23	18	v	 1	 2	 9	 2	 2	 3	 2	 1	 1	 1	 0	 1	 1	 1	601.58	  0.00
619	23	18	v	 1	 2	 9	 3	 2	 2	 2	 1	 1	 1	 0	 1	 1	 1	509.80	  0.00
620	23	18	v	 1	 2	 9	 1	 1	 3	 2	 0	 1	 1	 0	 2	 2	 1	572.50	  0.00
621	23	18	v	 1	 2	 9	 1	 1	 2	 2	 0	 1	 1	 0	 2	 2	 1	929.79	  0.00
622	23	18	v	 1	 2	 9	 0	 1	 0	 1	 0	 1	 1	 0	 2	 2	 1	568.51	  0.00
623	23	18	v	 1	 2	 9	 0	 1	 0	 1	 1	 1	 1	 0	 2	 2	 1	460.66	  0.00
624	23	18	v	 1	 2	 9	 3	 2	 1	 1	 0	 1	 1	 0	 1	 1	 1	382.88	  0.00
625	23	18	v	 1	 2	 9	 2	 2	 2	 2	 0	 1	 1	 0	 1	 1	 1	411.24	  0.00
626	23	18	v	 1	 2	 9	 2	 2	 2	 2	 1	 1	 1	 0	 1	 1	 1	409.73	  0.00
627	23	18	v	 1	 2	 9	 2	 2	 1	 1	 1	 1	 1	 0	 1	 1	 1	525.11	  0.00
628	23	18	v	 1	 2	 9	 1	 1	 1	 1	 1	 1	 1	 0	 2	 2	 1	700.29	  0.00
629	23	18	v	 1	 2	 9	 0	 1	 3	 2	 0	 1	 1	 0	 2	 2	 1	506.96	  0.00
630	23	18	v	 1	 2	 9	 3	 2	 3	 2	 0	 1	 1	 0	 1	 1	 1	535.08	  0.00
631	23	18	v	 1	 2	 9	 0	 1	 0	 1	 1	 1	 1	 0	 2	 2	 1	1368.39	  0.00
632	23	18	v	 1	 2	 9	 1	 1	 3	 2	 0	 1	 1	 0	 2	 2	 1	397.10	  0.00
633	23	18	v	 1	 2	 9	 0	 1	 3	 2	 1	 1	 1	 0	 2	 2	 1	381.99	  0.00
634	23	18	v	 1	 2	 9	 0	 1	 3	 2	 0	 1	 1	 0	 2	 2	 1	508.33	  0.00
635	23	18	v	 1	 2	 9	 3	 2	 0	 1	 1	 1	 1	 0	 1	 1	 1	419.55	  0.00
636	23	18	v	 1	 2	 9	 2	 2	 3	 2	 0	 1	 1	 0	 1	 1	 1	420.68	  0.00
637	23	18	v	 1	 2	 9	 3	 2	 3	 2	 1	 1	 1	 0	 1	 1	 1	435.25	  0.00
638	23	18	v	 1	 2	 9	 2	 2	 1	 1	 1	 1	 1	 0	 1	 1	 1	425.62	  0.00
639	23	18	v	 1	 2	 9	 3	 2	 1	 1	 1	 1	 1	 0	 1	 1	 1	439.37	  0.00
640	23	18	v	 1	 2	10	 1	 1	 3	 2	 1	 1	 1	 0	 2	 2	 1	1008.05	  0.00
641	23	18	v	 1	 2	10	 1	 1	 0	 1	 1	 1	 1	 0	 2	 2	 1	542.75	  0.00
642	23	18	v	 1	 2	10	 3	 2	 3	 2	 1	 1	 1	 0	 1	 1	 1	652.05	  0.00
643	23	18	v	 1	 2	10	 2	 2	 1	 1	 0	 1	 1	 0	 2	 2	 1	1133.91	  0.00
644	23	18	v	 1	 2	10	 1	 1	 0	 1	 0	 1	 1	 0	 2	 2	 1	589.46	  0.00
645	23	18	v	 1	 2	10	 2	 2	 3	 2	 1	 1	 1	 0	 1	 1	 1	761.27	  0.00
646	23	18	v	 1	 2	10	 0	 1	 1	 1	 1	 1	 1	 0	 2	 2	 1	668.03	  0.00
647	23	18	v	 1	 2	10	 2	 2	 3	 2	 0	 1	 1	 0	 1	 1	 1	581.33	  0.00
648	23	18	v	 1	 2	10	 1	 1	 3	 2	 0	 1	 1	 0	 1	 1	 1	638.96	  0.00
649	23	18	v	 1	 2	10	 0	 1	 3	 2	 0	 1	 1	 0	 1	 1	 1	427.06	  0.00
650	23	18	v	 1	 2	10	 1	 1	 2	 2	 1	 1	 1	 0	 2	 2	 1	482.12	  0.00
651	23	18	v	 1	 2	10	 3	 2	 3	 2	 0	 1	 1	 0	 1	 1	 1	692.00	  0.00
652	23	18	v	 1	 2	10	 1	 1	 3	 2	 0	 1	 1	 0	 1	 1	 1	522.71	  0.00
653	23	18	v	 1	 2	10	 0	 1	 1	 1	 0	 1	 1	 0	 2	 2	 1	615.61	  0.00
654	23	18	v	 1	 2	10	 0	 1	 0	 1	 0	 1	 1	 0	 2	 2	 1	626.98	  0.00
655	23	18	v	 1	 2	10	 0	 1	 2	 2	 1	 1	 1	 0	 2	 2	 1	425.94	  0.00
656	23	18	v	 1	 2	10	 0	 1	 0	 1	 1	 1	 1	 0	 2	 2	 1	595.16	  0.00
657	23	18	v	 1	 2	10	 3	 2	 0	 1	 1	 1	 1	 0	 1	 1	 1	391.63	  0.00
658	23	18	v	 1	 2	10	 2	 2	 0	 1	 0	 1	 1	 0	 2	 2	 1	555.57	  0.00
659	23	18	v	 1	 2	10	 1	 1	 1	 1	 1	 1	 1	 0	 2	 2	 1	1012.08	  0.00
660	23	18	v	 1	 2	10	 2	 2	 1	 1	 1	 1	 1	 0	 1	 1	 1	859.43	  0.00
661	23	18	v	 1	 2	10	 3	 2	 1	 1	 1	 1	 1	 0	 1	 1	 1	497.77	  0.00
662	23	18	v	 1	 2	10	 0	 1	 0	 1	 0	 1	 1	 0	 2	 2	 1	675.12	  0.00
663	23	18	v	 1	 2	10	 3	 2	 2	 2	 0	 1	 1	 0	 1	 1	 1	531.27	  0.00
664	23	18	v	 1	 2	10	 3	 2	 3	 2	 0	 1	 1	 0	 1	 1	 1	501.85	  0.00
665	23	18	v	 1	 2	10	 2	 2	 1	 1	 0	 1	 1	 0	 2	 2	 1	739.00	  0.00
666	23	18	v	 1	 2	10	 3	 2	 2	 2	 0	 1	 1	 0	 1	 1	 1	660.39	  0.00
667	23	18	v	 1	 2	10	 0	 1	 3	 2	 1	 1	 1	 0	 2	 2	 1	511.77	  0.00
668	23	18	v	 1	 2	10	 2	 2	 3	 2	 0	 1	 1	 0	 1	 1	 1	679.18	  0.00
669	23	18	v	 1	 2	10	 0	 1	 2	 2	 0	 1	 1	 0	 1	 1	 1	619.54	  0.00
670	23	18	v	 1	 2	10	 0	 1	 1	 1	 0	 1	 1	 0	 2	 2	 1	655.38	  0.00
671	23	18	v	 1	 2	10	 1	 1	 2	 2	 0	 1	 1	 0	 1	 1	 1	576.82	  0.00
672	23	18	v	 1	 2	10	 1	 1	 0	 1	 1	 1	 1	 0	 2	 2	 1	691.38	  0.00
673	23	18	v	 1	 2	10	 1	 1	 1	 1	 0	 1	 1	 0	 2	 2	 1	902.95	  0.00
674	23	18	v	 1	 2	10	 3	 2	 1	 1	 1	 1	 1	 0	 1	 1	 1	671.71	  0.00
675	23	18	v	 1	 2	10	 3	 2	 1	 1	 0	 1	 1	 0	 2	 2	 1	745.41	  0.00
676	23	18	v	 1	 2	10	 1	 1	 2	 2	 1	 1	 1	 0	 2	 2	 1	693.88	  0.00
677	23	18	v	 1	 2	10	 0	 1	 3	 2	 1	 1	 1	 0	 2	 2	 1	598.98	  0.00
678	23	18	v	 1	 2	10	 2	 2	 0	 1	 0	 1	 1	 0	 2	 2	 1	740.85	  0.00
679	23	18	v	 1	 2	10	 2	 2	 1	 1	 1	 1	 1	 0	 1	 1	 1	628.50	  0.00
680	23	18	v	 1	 2	10	 0	 1	 0	 1	 1	 1	 1	 0	 2	 2	 1	557.90	  0.00
681	23	18	v	 1	 2	10	 0	 1	 1	 1	 1	 1	 1	 0	 2	 2	 1	653.36	  0.00
682	23	18	v	 1	 2	10	 1	 1	 1	 1	 0	 1	 1	 0	 2	 2	 1	738.43	  0.00
683	23	18	v	 1	 2	10	 2	 2	 2	 2	 1	 1	 1	 0	 1	 1	 1	621.68	  0.00
684	23	18	v	 1	 2	10	 2	 2	 0	 1	 1	 1	 1	 0	 1	 1	 1	584.04	  0.00
685	23	18	v	 1	 2	10	 2	 2	 2	 2	 0	 1	 1	 0	 1	 1	 1	491.21	  0.00
686	23	18	v	 1	 2	10	 2	 2	 2	 2	 1	 1	 1	 0	 1	 1	 1	658.50	  0.00
687	23	18	v	 1	 2	10	 3	 2	 2	 2	 1	 1	 1	 0	 1	 1	 1	459.15	  0.00
688	23	18	v	 1	 2	10	 3	 2	 3	 2	 1	 1	 1	 0	 1	 1	 1	489.72	  0.00
689	23	18	v	 1	 2	10	 3	 2	 0	 1	 0	 1	 1	 0	 2	 2	 1	471.24	  0.00
690	23	18	v	 1	 2	10	 0	 1	 3	 2	 0	 1	 1	 0	 1	 1	 1	624.20	  0.00
691	23	18	v	 1	 2	10	 3	 2	 2	 2	 1	 1	 1	 0	 1	 2	 0	491.33	  0.00
692	23	18	v	 1	 2	10	 0	 1	 2	 2	 0	 1	 1	 0	 1	 1	 1	736.69	  0.00
693	23	18	v	 1	 2	10	 3	 2	 0	 1	 0	 1	 1	 0	 2	 2	 1	561.81	  0.00
694	23	18	v	 1	 2	10	 3	 2	 0	 1	 1	 1	 1	 0	 1	 1	 1	826.05	  0.00
695	23	18	v	 1	 2	10	 1	 1	 3	 2	 1	 1	 1	 0	 2	 2	 1	604.64	  0.00
696	23	18	v	 1	 2	10	 0	 1	 2	 2	 1	 1	 1	 0	 2	 2	 1	1013.35	  0.00
697	23	18	v	 1	 2	10	 2	 2	 3	 2	 1	 1	 1	 0	 1	 1	 1	595.19	  0.00
698	23	18	v	 1	 2	10	 1	 1	 1	 1	 1	 1	 1	 0	 2	 2	 1	1231.92	  0.00
699	23	18	v	 1	 2	10	 1	 1	 0	 1	 0	 1	 1	 0	 2	 2	 1	852.51	  0.00
700	23	18	v	 1	 2	10	 2	 2	 2	 2	 0	 1	 1	 0	 1	 1	 1	719.40	  0.00
701	23	18	v	 1	 2	10	 3	 2	 1	 1	 0	 1	 1	 0	 2	 2	 1	572.76	  0.00
702	23	18	v	 1	 2	10	 1	 1	 2	 2	 0	 1	 1	 0	 1	 1	 1	891.41	  0.00
703	23	18	v	 1	 2	10	 2	 2	 0	 1	 1	 1	 1	 0	 1	 1	 1	488.82	  0.00
704	23	18	v	 1	 2	11	 0	 1	 1	 1	 0	 1	 1	 0	 2	 2	 1	729.06	  0.00
705	23	18	v	 1	 2	11	 2	 2	 1	 1	 0	 1	 1	 0	 2	 2	 1	618.34	  0.00
706	23	18	v	 1	 2	11	 0	 1	 3	 2	 1	 1	 1	 0	 2	 2	 1	477.77	  0.00
707	23	18	v	 1	 2	11	 3	 2	 1	 1	 0	 1	 1	 0	 2	 2	 1	506.06	  0.00
708	23	18	v	 1	 2	11	 3	 2	 2	 2	 1	 1	 1	 0	 1	 1	 1	588.68	  0.00
709	23	18	v	 1	 2	11	 2	 2	 2	 2	 0	 1	 1	 0	 1	 1	 1	467.00	  0.00
710	23	18	v	 1	 2	11	 3	 2	 3	 2	 1	 1	 1	 0	 1	 1	 1	547.07	  0.00
711	23	18	v	 1	 2	11	 3	 2	 1	 1	 1	 1	 1	 0	 1	 1	 1	465.42	  0.00
712	23	18	v	 1	 2	11	 0	 1	 2	 2	 0	 1	 1	 0	 1	 1	 1	602.48	  0.00
713	23	18	v	 1	 2	11	 0	 1	 2	 2	 1	 1	 1	 0	 2	 2	 1	527.21	  0.00
714	23	18	v	 1	 2	11	 0	 1	 2	 2	 1	 1	 1	 0	 2	 2	 1	522.76	  0.00
715	23	18	v	 1	 2	11	 1	 1	 1	 1	 1	 1	 1	 0	 2	 2	 1	450.36	  0.00
716	23	18	v	 1	 2	11	 3	 2	 3	 2	 0	 1	 1	 0	 1	 1	 1	660.88	  0.00
717	23	18	v	 1	 2	11	 3	 2	 0	 1	 0	 1	 1	 0	 2	 2	 1	637.17	  0.00
718	23	18	v	 1	 2	11	 2	 2	 2	 2	 1	 1	 1	 0	 1	 2	 0	534.66	  0.00
719	23	18	v	 1	 2	11	 3	 2	 1	 1	 0	 1	 1	 0	 2	 2	 1	1359.83	  0.00
720	23	18	v	 1	 2	11	 3	 2	 0	 1	 1	 1	 1	 0	 1	 1	 1	697.44	  0.00
721	23	18	v	 1	 2	11	 0	 1	 1	 1	 1	 1	 1	 0	 2	 2	 1	646.67	  0.00
722	23	18	v	 1	 2	11	 2	 2	 2	 2	 0	 1	 1	 0	 1	 1	 1	1577.84	  0.00
723	23	18	v	 1	 2	11	 0	 1	 2	 2	 0	 1	 1	 0	 1	 1	 1	483.77	  0.00
724	23	18	v	 1	 2	11	 1	 1	 2	 2	 1	 1	 1	 0	 2	 2	 1	590.76	  0.00
725	23	18	v	 1	 2	11	 0	 1	 3	 2	 0	 1	 1	 0	 1	 1	 1	472.12	  0.00
726	23	18	v	 1	 2	11	 1	 1	 2	 2	 0	 1	 1	 0	 1	 1	 1	448.64	  0.00
727	23	18	v	 1	 2	11	 1	 1	 1	 1	 0	 1	 1	 0	 2	 2	 1	593.94	  0.00
728	23	18	v	 1	 2	11	 0	 1	 3	 2	 0	 1	 1	 0	 1	 1	 1	503.92	  0.00
729	23	18	v	 1	 2	11	 1	 1	 3	 2	 1	 1	 1	 0	 2	 2	 1	937.36	  0.00
730	23	18	v	 1	 2	11	 2	 2	 3	 2	 0	 1	 1	 0	 1	 1	 1	780.10	  0.00
731	23	18	v	 1	 2	11	 2	 2	 3	 2	 1	 1	 1	 0	 1	 1	 1	552.14	  0.00
732	23	18	v	 1	 2	11	 1	 1	 0	 1	 1	 1	 1	 0	 2	 2	 1	512.43	  0.00
733	23	18	v	 1	 2	11	 1	 1	 2	 2	 0	 1	 1	 0	 1	 1	 1	584.18	  0.00
734	23	18	v	 1	 2	11	 2	 2	 0	 1	 0	 1	 1	 0	 2	 2	 1	593.25	  0.00
735	23	18	v	 1	 2	11	 3	 2	 0	 1	 1	 1	 1	 0	 1	 1	 1	652.70	  0.00
736	23	18	v	 1	 2	11	 1	 1	 0	 1	 0	 1	 1	 0	 2	 2	 1	740.77	  0.00
737	23	18	v	 1	 2	11	 0	 1	 1	 1	 0	 1	 1	 0	 2	 2	 1	730.48	  0.00
738	23	18	v	 1	 2	11	 1	 1	 3	 2	 0	 1	 1	 0	 1	 1	 1	581.58	  0.00
739	23	18	v	 1	 2	11	 2	 2	 0	 1	 0	 1	 1	 0	 2	 1	 0	620.62	  0.00
740	23	18	v	 1	 2	11	 1	 1	 0	 1	 1	 1	 1	 0	 2	 2	 1	1451.08	  0.00
741	23	18	v	 1	 2	11	 3	 2	 0	 1	 0	 1	 1	 0	 2	 2	 1	1189.64	  0.00
742	23	18	v	 1	 2	11	 1	 1	 3	 2	 1	 1	 1	 0	 2	 2	 1	479.70	  0.00
743	23	18	v	 1	 2	11	 0	 1	 3	 2	 1	 1	 1	 0	 2	 2	 1	441.59	  0.00
744	23	18	v	 1	 2	11	 3	 2	 2	 2	 1	 1	 1	 0	 1	 1	 1	589.55	  0.00
745	23	18	v	 1	 2	11	 0	 1	 0	 1	 1	 1	 1	 0	 2	 2	 1	647.51	  0.00
746	23	18	v	 1	 2	11	 1	 1	 3	 2	 0	 1	 1	 0	 1	 1	 1	896.01	  0.00
747	23	18	v	 1	 2	11	 2	 2	 0	 1	 1	 1	 1	 0	 1	 1	 1	877.39	  0.00
748	23	18	v	 1	 2	11	 2	 2	 1	 1	 1	 1	 1	 0	 1	 1	 1	453.58	  0.00
749	23	18	v	 1	 2	11	 3	 2	 2	 2	 0	 1	 1	 0	 1	 1	 1	558.09	  0.00
750	23	18	v	 1	 2	11	 0	 1	 0	 1	 0	 1	 1	 0	 2	 2	 1	795.67	  0.00
751	23	18	v	 1	 2	11	 2	 2	 1	 1	 0	 1	 1	 0	 2	 2	 1	893.32	  0.00
752	23	18	v	 1	 2	11	 0	 1	 1	 1	 1	 1	 1	 0	 2	 2	 1	1344.96	  0.00
753	23	18	v	 1	 2	11	 2	 2	 3	 2	 1	 1	 1	 0	 1	 1	 1	694.31	  0.00
754	23	18	v	 1	 2	11	 2	 2	 3	 2	 0	 1	 1	 0	 1	 1	 1	524.24	  0.00
755	23	18	v	 1	 2	11	 2	 2	 1	 1	 1	 1	 1	 0	 1	 1	 1	479.07	  0.00
756	23	18	v	 1	 2	11	 2	 2	 2	 2	 1	 1	 1	 0	 1	 1	 1	425.71	  0.00
757	23	18	v	 1	 2	11	 0	 1	 0	 1	 1	 1	 1	 0	 2	 2	 1	557.48	  0.00
758	23	18	v	 1	 2	11	 1	 1	 0	 1	 0	 1	 1	 0	 2	 2	 1	588.37	  0.00
759	23	18	v	 1	 2	11	 0	 1	 0	 1	 0	 1	 1	 0	 2	 2	 1	450.55	  0.00
760	23	18	v	 1	 2	11	 3	 2	 3	 2	 0	 1	 1	 0	 1	 1	 1	651.85	  0.00
761	23	18	v	 1	 2	11	 1	 1	 1	 1	 0	 1	 1	 0	 2	 2	 1	677.12	  0.00
762	23	18	v	 1	 2	11	 3	 2	 1	 1	 1	 1	 1	 0	 1	 2	 0	688.78	  0.00
763	23	18	v	 1	 2	11	 1	 1	 2	 2	 1	 1	 1	 0	 2	 2	 1	719.17	  0.00
764	23	18	v	 1	 2	11	 3	 2	 2	 2	 0	 1	 1	 0	 1	 1	 1	635.90	  0.00
765	23	18	v	 1	 2	11	 3	 2	 3	 2	 1	 1	 1	 0	 1	 1	 1	413.64	  0.00
766	23	18	v	 1	 2	11	 2	 2	 0	 1	 1	 1	 1	 0	 1	 1	 1	414.73	  0.00
767	23	18	v	 1	 2	11	 1	 1	 1	 1	 1	 1	 1	 0	 2	 2	 1	829.37	  0.00
768	23	18	v	 1	 2	12	 2	 2	 3	 2	 1	 1	 1	 0	 1	 1	 1	864.31	  0.00
769	23	18	v	 1	 2	12	 2	 2	 1	 1	 1	 1	 1	 0	 1	 1	 1	554.65	  0.00
770	23	18	v	 1	 2	12	 2	 2	 0	 1	 1	 1	 1	 0	 1	 1	 1	490.44	  0.00
771	23	18	v	 1	 2	12	 2	 2	 0	 1	 1	 1	 1	 0	 1	 1	 1	1622.96	  0.00
772	23	18	v	 1	 2	12	 3	 2	 0	 1	 1	 1	 1	 0	 1	 1	 1	450.04	  0.00
773	23	18	v	 1	 2	12	 3	 2	 2	 2	 0	 1	 1	 0	 1	 1	 1	576.38	  0.00
774	23	18	v	 1	 2	12	 1	 1	 0	 1	 1	 1	 1	 0	 2	 2	 1	590.79	  0.00
775	23	18	v	 1	 2	12	 0	 1	 3	 2	 1	 1	 1	 0	 2	 2	 1	480.09	  0.00
776	23	18	v	 1	 2	12	 1	 1	 2	 2	 0	 1	 1	 0	 1	 1	 1	654.23	  0.00
777	23	18	v	 1	 2	12	 3	 2	 1	 1	 1	 1	 1	 0	 1	 1	 1	834.53	  0.00
778	23	18	v	 1	 2	12	 3	 2	 1	 1	 0	 1	 1	 0	 2	 2	 1	617.52	  0.00
779	23	18	v	 1	 2	12	 2	 2	 3	 2	 1	 1	 1	 0	 1	 1	 1	484.26	  0.00
780	23	18	v	 1	 2	12	 1	 1	 3	 2	 0	 1	 1	 0	 1	 1	 1	502.54	  0.00
781	23	18	v	 1	 2	12	 3	 2	 3	 2	 1	 1	 1	 0	 1	 1	 1	506.21	  0.00
782	23	18	v	 1	 2	12	 1	 1	 3	 2	 1	 1	 1	 0	 2	 2	 1	741.13	  0.00
783	23	18	v	 1	 2	12	 3	 2	 0	 1	 0	 1	 1	 0	 2	 2	 1	662.15	  0.00
784	23	18	v	 1	 2	12	 1	 1	 0	 1	 0	 1	 1	 0	 2	 2	 1	1275.76	  0.00
785	23	18	v	 1	 2	12	 0	 1	 0	 1	 1	 1	 1	 0	 2	 2	 1	553.76	  0.00
786	23	18	v	 1	 2	12	 3	 2	 2	 2	 1	 1	 1	 0	 1	 1	 1	571.17	  0.00
787	23	18	v	 1	 2	12	 2	 2	 1	 1	 0	 1	 1	 0	 2	 2	 1	1254.86	  0.00
788	23	18	v	 1	 2	12	 0	 1	 1	 1	 1	 1	 1	 0	 2	 2	 1	990.94	  0.00
789	23	18	v	 1	 2	12	 2	 2	 2	 2	 1	 1	 1	 0	 1	 1	 1	719.18	  0.00
790	23	18	v	 1	 2	12	 0	 1	 2	 2	 0	 1	 1	 0	 1	 1	 1	616.55	  0.00
791	23	18	v	 1	 2	12	 3	 2	 0	 1	 1	 1	 1	 0	 1	 0	 0	2000.19	  0.00
792	23	18	v	 1	 2	12	 2	 2	 1	 1	 0	 1	 1	 0	 2	 0	 0	2000.20	  0.00
793	23	18	v	 1	 2	12	 2	 2	 0	 1	 0	 1	 1	 0	 2	 0	 0	2000.20	  0.00
794	23	18	v	 1	 2	12	 0	 1	 1	 1	 0	 1	 1	 0	 2	 0	 0	2000.23	  0.00
795	23	18	v	 1	 2	12	 3	 2	 3	 2	 1	 1	 1	 0	 1	 1	 1	1025.25	  0.00
796	23	18	v	 1	 2	12	 2	 2	 2	 2	 1	 1	 1	 0	 1	 1	 1	458.66	  0.00
797	23	18	v	 1	 2	12	 2	 2	 2	 2	 0	 1	 1	 0	 1	 1	 1	653.03	  0.00
798	23	18	v	 1	 2	12	 0	 1	 3	 2	 1	 1	 1	 0	 2	 2	 1	528.44	  0.00
799	23	18	v	 1	 2	12	 0	 1	 2	 2	 1	 1	 1	 0	 2	 2	 1	480.42	  0.00
800	23	18	v	 1	 2	12	 2	 2	 0	 1	 0	 1	 1	 0	 2	 2	 1	609.60	  0.00
801	23	18	v	 1	 2	12	 1	 1	 1	 1	 0	 1	 1	 0	 2	 2	 1	664.84	  0.00
802	23	18	v	 1	 2	12	 2	 2	 1	 1	 1	 1	 1	 0	 1	 1	 1	486.13	  0.00
803	23	18	v	 1	 2	12	 3	 2	 1	 1	 1	 1	 1	 0	 1	 1	 1	470.76	  0.00
804	23	18	v	 1	 2	12	 2	 2	 3	 2	 0	 1	 1	 0	 1	 1	 1	523.68	  0.00
805	23	18	v	 1	 2	12	 0	 1	 1	 1	 1	 1	 1	 0	 2	 2	 1	550.83	  0.00
806	23	18	v	 1	 2	12	 3	 2	 3	 2	 0	 1	 1	 0	 1	 1	 1	764.09	  0.00
807	23	18	v	 1	 2	12	 1	 1	 3	 2	 1	 1	 1	 0	 2	 2	 1	479.01	  0.00
808	23	18	v	 1	 2	12	 0	 1	 1	 1	 0	 1	 1	 0	 2	 2	 1	586.18	  0.00
809	23	18	v	 1	 2	12	 3	 2	 2	 2	 1	 1	 1	 0	 1	 1	 1	692.97	  0.00
810	23	18	v	 1	 2	12	 1	 1	 1	 1	 0	 1	 1	 0	 2	 2	 1	650.34	  0.00
811	23	18	v	 1	 2	12	 1	 1	 1	 1	 1	 1	 1	 0	 2	 2	 1	800.75	  0.00
812	23	18	v	 1	 2	12	 0	 1	 3	 2	 0	 1	 1	 0	 1	 1	 1	503.94	  0.00
813	23	18	v	 1	 2	12	 0	 1	 3	 2	 0	 1	 1	 0	 1	 1	 1	513.03	  0.00
814	23	18	v	 1	 2	12	 1	 1	 2	 2	 1	 1	 1	 0	 2	 2	 1	489.55	  0.00
815	23	18	v	 1	 2	12	 3	 2	 2	 2	 0	 1	 1	 0	 1	 1	 1	561.24	  0.00
816	23	18	v	 1	 2	12	 3	 2	 1	 1	 0	 1	 1	 0	 2	 2	 1	665.57	  0.00
817	23	18	v	 1	 2	12	 0	 1	 2	 2	 0	 1	 1	 0	 1	 1	 1	631.04	  0.00
818	23	18	v	 1	 2	12	 1	 1	 3	 2	 0	 1	 1	 0	 1	 1	 1	593.78	  0.00
819	23	18	v	 1	 2	12	 1	 1	 0	 1	 1	 1	 1	 0	 2	 2	 1	670.76	  0.00
820	23	18	v	 1	 2	12	 0	 1	 2	 2	 1	 1	 1	 0	 2	 2	 1	483.95	  0.00
821	23	18	v	 1	 2	12	 1	 1	 2	 2	 0	 1	 1	 0	 1	 1	 1	622.75	  0.00
822	23	18	v	 1	 2	12	 1	 1	 1	 1	 1	 1	 1	 0	 2	 2	 1	512.04	  0.00
823	23	18	v	 1	 2	12	 0	 1	 0	 1	 1	 1	 1	 0	 2	 2	 1	455.93	  0.00
824	23	18	v	 1	 2	12	 3	 2	 3	 2	 0	 1	 1	 0	 1	 1	 1	617.54	  0.00
825	23	18	v	 1	 2	12	 1	 1	 0	 1	 0	 1	 1	 0	 2	 2	 1	621.09	  0.00
826	23	18	v	 1	 2	12	 2	 2	 2	 2	 0	 1	 1	 0	 1	 1	 1	605.62	  0.00
827	23	18	v	 1	 2	12	 0	 1	 0	 1	 0	 1	 1	 0	 2	 2	 1	655.49	  0.00
828	23	18	v	 1	 2	12	 2	 2	 3	 2	 0	 1	 1	 0	 1	 2	 0	620.93	  0.00
829	23	18	v	 1	 2	12	 1	 1	 2	 2	 1	 1	 1	 0	 2	 2	 1	597.16	  0.00
830	23	18	v	 1	 2	12	 0	 1	 0	 1	 0	 1	 1	 0	 2	 2	 1	947.92	  0.00
831	23	18	v	 1	 2	12	 3	 2	 0	 1	 0	 1	 1	 0	 2	 2	 1	477.82	  0.00
832	23	18	v	 1	 2	13	 2	 2	 3	 2	 0	 1	 1	 0	 1	 1	 1	674.67	  0.00
833	23	18	v	 1	 2	13	 2	 2	 2	 2	 0	 1	 1	 0	 1	 1	 1	585.74	  0.00
834	23	18	v	 1	 2	13	 1	 1	 2	 2	 0	 1	 1	 0	 1	 1	 1	472.38	  0.00
835	23	18	v	 1	 2	13	 0	 1	 1	 1	 1	 1	 1	 0	 2	 2	 1	508.51	  0.00
836	23	18	v	 1	 2	13	 2	 2	 3	 2	 1	 1	 1	 0	 1	 1	 1	520.69	  0.00
837	23	18	v	 1	 2	13	 0	 1	 0	 1	 0	 1	 1	 0	 2	 2	 1	744.72	  0.00
838	23	18	v	 1	 2	13	 1	 1	 3	 2	 0	 1	 1	 0	 1	 1	 1	559.40	  0.00
839	23	18	v	 1	 2	13	 3	 2	 1	 1	 1	 1	 1	 0	 1	 1	 1	1193.20	  0.00
840	23	18	v	 1	 2	13	 0	 1	 3	 2	 1	 1	 1	 0	 2	 2	 1	541.07	  0.00
841	23	18	v	 1	 2	13	 3	 2	 3	 2	 0	 1	 1	 0	 1	 1	 1	542.38	  0.00
842	23	18	v	 1	 2	13	 1	 1	 3	 2	 1	 1	 1	 0	 2	 2	 1	535.10	  0.00
843	23	18	v	 1	 2	13	 2	 2	 0	 1	 0	 1	 1	 0	 2	 2	 1	642.27	  0.00
844	23	18	v	 1	 2	13	 1	 1	 1	 1	 0	 1	 1	 0	 2	 2	 1	719.20	  0.00
845	23	18	v	 1	 2	13	 2	 2	 2	 2	 0	 1	 1	 0	 1	 1	 1	619.30	  0.00
846	23	18	v	 1	 2	13	 2	 2	 1	 1	 0	 1	 1	 0	 2	 2	 1	524.99	  0.00
847	23	18	v	 1	 2	13	 3	 2	 1	 1	 0	 1	 1	 0	 2	 2	 1	830.61	  0.00
848	23	18	v	 1	 2	13	 3	 2	 2	 2	 1	 1	 1	 0	 1	 1	 1	792.05	  0.00
849	23	18	v	 1	 2	13	 0	 1	 3	 2	 1	 1	 1	 0	 2	 2	 1	648.56	  0.00
850	23	18	v	 1	 2	13	 2	 2	 1	 1	 1	 1	 1	 0	 1	 1	 1	516.07	  0.00
851	23	18	v	 1	 2	13	 3	 2	 3	 2	 0	 1	 1	 0	 1	 1	 1	658.53	  0.00
852	23	18	v	 1	 2	13	 2	 2	 2	 2	 1	 1	 1	 0	 1	 1	 1	487.94	  0.00
853	23	18	v	 1	 2	13	 3	 2	 2	 2	 0	 1	 1	 0	 1	 1	 1	578.84	  0.00
854	23	18	v	 1	 2	13	 1	 1	 0	 1	 0	 1	 1	 0	 2	 1	 0	375.67	  0.00
855	23	18	v	 1	 2	13	 0	 1	 0	 1	 1	 1	 1	 0	 2	 2	 1	547.25	  0.00
856	23	18	v	 1	 2	13	 3	 2	 0	 1	 0	 1	 1	 0	 2	 2	 1	695.08	  0.00
857	23	18	v	 1	 2	13	 3	 2	 0	 1	 0	 1	 1	 0	 2	 2	 1	608.79	  0.00
858	23	18	v	 1	 2	13	 1	 1	 2	 2	 1	 1	 1	 0	 2	 0	 0	2000.17	  0.00
859	23	18	v	 1	 2	13	 1	 1	 0	 1	 0	 1	 1	 0	 2	 0	 0	2000.20	  0.00
860	23	18	v	 1	 2	13	 2	 2	 0	 1	 0	 1	 1	 0	 2	 2	 1	1305.58	  0.00
861	23	18	v	 1	 2	13	 3	 2	 1	 1	 1	 1	 1	 0	 1	 1	 1	701.45	  0.00
862	23	18	v	 1	 2	13	 3	 2	 2	 2	 0	 1	 1	 0	 1	 1	 1	664.08	  0.00
863	23	18	v	 1	 2	13	 0	 1	 1	 1	 1	 1	 1	 0	 2	 2	 1	1518.95	  0.00
864	23	18	v	 1	 2	13	 1	 1	 2	 2	 0	 1	 1	 0	 1	 1	 1	487.69	  0.00
865	23	18	v	 1	 2	13	 1	 1	 3	 2	 1	 1	 1	 0	 2	 2	 1	648.97	  0.00
866	23	18	v	 1	 2	13	 1	 1	 0	 1	 1	 1	 1	 0	 2	 2	 1	535.49	  0.00
867	23	18	v	 1	 2	13	 2	 2	 1	 1	 0	 1	 1	 0	 2	 2	 1	615.64	  0.00
868	23	18	v	 1	 2	13	 3	 2	 0	 1	 1	 1	 1	 0	 1	 1	 1	582.80	  0.00
869	23	18	v	 1	 2	13	 1	 1	 1	 1	 1	 1	 1	 0	 2	 2	 1	575.42	  0.00
870	23	18	v	 1	 2	13	 0	 1	 1	 1	 0	 1	 1	 0	 2	 2	 1	802.23	  0.00
871	23	18	v	 1	 2	13	 3	 2	 2	 2	 1	 1	 1	 0	 1	 1	 1	555.09	  0.00
872	23	18	v	 1	 2	13	 1	 1	 2	 2	 1	 1	 1	 0	 2	 2	 1	613.38	  0.00
873	23	18	v	 1	 2	13	 0	 1	 2	 2	 1	 1	 1	 0	 2	 2	 1	494.49	  0.00
874	23	18	v	 1	 2	13	 0	 1	 1	 1	 0	 1	 1	 0	 2	 2	 1	748.50	  0.00
875	23	18	v	 1	 2	13	 3	 2	 1	 1	 0	 1	 1	 0	 2	 2	 1	496.21	  0.00
876	23	18	v	 1	 2	13	 0	 1	 0	 1	 1	 1	 1	 0	 2	 2	 1	597.91	  0.00
877	23	18	v	 1	 2	13	 2	 2	 2	 2	 1	 1	 1	 0	 1	 1	 1	690.27	  0.00
878	23	18	v	 1	 2	13	 3	 2	 0	 1	 1	 1	 1	 0	 1	 1	 1	783.43	  0.00
879	23	18	v	 1	 2	13	 0	 1	 3	 2	 0	 1	 1	 0	 1	 1	 1	629.00	  0.00
880	23	18	v	 1	 2	13	 0	 1	 2	 2	 0	 1	 1	 0	 1	 1	 1	491.22	  0.00
881	23	18	v	 1	 2	13	 1	 1	 1	 1	 1	 1	 1	 0	 2	 2	 1	541.02	  0.00
882	23	18	v	 1	 2	13	 2	 2	 1	 1	 1	 1	 1	 0	 1	 1	 1	596.51	  0.00
883	23	18	v	 1	 2	13	 0	 1	 2	 2	 0	 1	 1	 0	 1	 1	 1	1043.44	  0.00
884	23	18	v	 1	 2	13	 2	 2	 3	 2	 0	 1	 1	 0	 1	 1	 1	550.59	  0.00
885	23	18	v	 1	 2	13	 3	 2	 3	 2	 1	 1	 1	 0	 1	 1	 1	682.06	  0.00
886	23	18	v	 1	 2	13	 0	 1	 2	 2	 1	 1	 1	 0	 2	 2	 1	979.20	  0.00
887	23	18	v	 1	 2	13	 2	 2	 0	 1	 1	 1	 1	 0	 1	 1	 1	620.35	  0.00
888	23	18	v	 1	 2	13	 1	 1	 3	 2	 0	 1	 1	 0	 1	 1	 1	776.40	  0.00
889	23	18	v	 1	 2	13	 0	 1	 3	 2	 0	 1	 1	 0	 1	 1	 1	464.15	  0.00
890	23	18	v	 1	 2	13	 0	 1	 0	 1	 0	 1	 1	 0	 2	 0	 0	2000.21	  0.00
891	23	18	v	 1	 2	13	 1	 1	 1	 1	 0	 1	 1	 0	 2	 1	 0	975.39	  0.00
892	23	18	v	 1	 2	13	 2	 2	 0	 1	 1	 1	 1	 0	 1	 1	 1	863.16	  0.00
893	23	18	v	 1	 2	13	 2	 2	 3	 2	 1	 1	 1	 0	 1	 1	 1	523.47	  0.00
894	23	18	v	 1	 2	13	 1	 1	 0	 1	 1	 1	 1	 0	 2	 2	 1	568.15	  0.00
895	23	18	v	 1	 2	13	 3	 2	 3	 2	 1	 1	 1	 0	 1	 1	 1	838.17	  0.00
