00	05	20	v	 0	 2	 0	 0	 1	 1	 1	 1	 0	 0	 0	 1	 0	 0	2000.22	  0.00
01	05	20	v	 0	 2	 0	 1	 1	 2	 2	 1	 0	 0	 0	 1	 2	 0	877.63	  0.00
02	05	20	v	 0	 2	 0	 0	 1	 0	 1	 1	 0	 0	 0	 1	 1	 1	541.70	  0.00
03	05	20	v	 0	 2	 0	 3	 2	 2	 2	 1	 0	 0	 0	 2	 1	 0	459.45	  0.00
04	05	20	v	 0	 2	 0	 2	 2	 1	 1	 0	 0	 0	 0	 2	 2	 1	761.39	  0.00
05	05	20	v	 0	 2	 0	 2	 2	 0	 1	 0	 0	 0	 0	 2	 2	 1	799.52	  0.00
06	05	20	v	 0	 2	 0	 3	 2	 3	 2	 1	 0	 0	 0	 2	 2	 1	519.53	  0.00
07	05	20	v	 0	 2	 0	 1	 1	 3	 2	 1	 0	 0	 0	 1	 1	 1	589.35	  0.00
08	05	20	v	 0	 2	 0	 1	 1	 0	 1	 0	 0	 0	 0	 1	 1	 1	673.84	  0.00
09	05	20	v	 0	 2	 0	 1	 1	 0	 1	 0	 0	 0	 0	 1	 1	 1	503.70	  0.00
10	05	20	v	 0	 2	 0	 2	 2	 2	 2	 1	 0	 0	 0	 2	 2	 1	533.46	  0.00
11	05	20	v	 0	 2	 0	 2	 2	 0	 1	 0	 0	 0	 0	 2	 2	 1	544.54	  0.00
12	05	20	v	 0	 2	 0	 3	 2	 3	 2	 1	 0	 0	 0	 2	 2	 1	510.07	  0.00
13	05	20	v	 0	 2	 0	 3	 2	 0	 1	 0	 0	 0	 0	 2	 2	 1	507.86	  0.00
14	05	20	v	 0	 2	 0	 1	 1	 0	 1	 1	 0	 0	 0	 1	 1	 1	617.02	  0.00
15	05	20	v	 0	 2	 0	 1	 1	 2	 2	 1	 0	 0	 0	 1	 1	 1	606.54	  0.00
16	05	20	v	 0	 2	 0	 0	 1	 0	 1	 1	 0	 0	 0	 1	 1	 1	459.31	  0.00
17	05	20	v	 0	 2	 0	 3	 2	 2	 2	 0	 0	 0	 0	 2	 2	 1	450.66	  0.00
18	05	20	v	 0	 2	 0	 0	 1	 2	 2	 1	 0	 0	 0	 1	 1	 1	1095.95	  0.00
19	05	20	v	 0	 2	 0	 1	 1	 3	 2	 0	 0	 0	 0	 1	 1	 1	636.90	  0.00
20	05	20	v	 0	 2	 0	 2	 2	 2	 2	 0	 0	 0	 0	 2	 1	 0	825.74	  0.00
21	05	20	v	 0	 2	 0	 1	 1	 1	 1	 0	 0	 0	 0	 1	 1	 1	735.01	  0.00
22	05	20	v	 0	 2	 0	 2	 2	 3	 2	 0	 0	 0	 0	 2	 2	 1	411.94	  0.00
23	05	20	v	 0	 2	 0	 1	 1	 1	 1	 1	 0	 0	 0	 1	 1	 1	673.98	  0.00
24	05	20	v	 0	 2	 0	 3	 2	 1	 1	 1	 0	 0	 0	 2	 2	 1	671.56	  0.00
25	05	20	v	 0	 2	 0	 3	 2	 2	 2	 1	 0	 0	 0	 2	 2	 1	997.32	  0.00
26	05	20	v	 0	 2	 0	 1	 1	 3	 2	 1	 0	 0	 0	 1	 1	 1	770.34	  0.00
27	05	20	v	 0	 2	 0	 3	 2	 1	 1	 0	 0	 0	 0	 2	 2	 1	478.94	  0.00
28	05	20	v	 0	 2	 0	 0	 1	 3	 2	 0	 0	 0	 0	 1	 1	 1	532.51	  0.00
29	05	20	v	 0	 2	 0	 3	 2	 3	 2	 0	 0	 0	 0	 2	 2	 1	490.13	  0.00
30	05	20	v	 0	 2	 0	 1	 1	 3	 2	 0	 0	 0	 0	 1	 1	 1	768.22	  0.00
31	05	20	v	 0	 2	 0	 0	 1	 0	 1	 0	 0	 0	 0	 1	 1	 1	653.63	  0.00
32	05	20	v	 0	 2	 0	 2	 2	 1	 1	 1	 0	 0	 0	 2	 2	 1	483.21	  0.00
33	05	20	v	 0	 2	 0	 0	 1	 1	 1	 0	 0	 0	 0	 1	 1	 1	497.01	  0.00
34	05	20	v	 0	 2	 0	 2	 2	 0	 1	 1	 0	 0	 0	 2	 2	 1	301.97	  0.00
35	05	20	v	 0	 2	 0	 2	 2	 3	 2	 1	 0	 0	 0	 2	 2	 1	555.91	  0.00
36	05	20	v	 0	 2	 0	 1	 1	 1	 1	 1	 0	 0	 0	 1	 1	 1	585.66	  0.00
37	05	20	v	 0	 2	 0	 2	 2	 1	 1	 1	 0	 0	 0	 2	 2	 1	615.37	  0.00
38	05	20	v	 0	 2	 0	 3	 2	 0	 1	 1	 0	 0	 0	 2	 2	 1	589.02	  0.00
39	05	20	v	 0	 2	 0	 0	 1	 0	 1	 0	 0	 0	 0	 1	 1	 1	466.67	  0.00
40	05	20	v	 0	 2	 0	 1	 1	 1	 1	 0	 0	 0	 0	 1	 1	 1	768.53	  0.00
41	05	20	v	 0	 2	 0	 0	 1	 3	 2	 0	 0	 0	 0	 1	 1	 1	452.84	  0.00
42	05	20	v	 0	 2	 0	 3	 2	 1	 1	 1	 0	 0	 0	 2	 1	 0	522.83	  0.00
43	05	20	v	 0	 2	 0	 3	 2	 0	 1	 1	 0	 0	 0	 2	 2	 1	872.56	  0.00
44	05	20	v	 0	 2	 0	 2	 2	 3	 2	 0	 0	 0	 0	 2	 2	 1	477.80	  0.00
45	05	20	v	 0	 2	 0	 2	 2	 3	 2	 1	 0	 0	 0	 2	 2	 1	483.63	  0.00
46	05	20	v	 0	 2	 0	 0	 1	 3	 2	 1	 0	 0	 0	 1	 1	 1	353.20	  0.00
47	05	20	v	 0	 2	 0	 1	 1	 2	 2	 0	 0	 0	 0	 1	 1	 1	487.40	  0.00
48	05	20	v	 0	 2	 0	 1	 1	 2	 2	 0	 0	 0	 0	 1	 1	 1	492.35	  0.00
49	05	20	v	 0	 2	 0	 1	 1	 0	 1	 1	 0	 0	 0	 1	 1	 1	594.08	  0.00
50	05	20	v	 0	 2	 0	 3	 2	 0	 1	 0	 0	 0	 0	 2	 1	 0	919.77	  0.00
51	05	20	v	 0	 2	 0	 0	 1	 2	 2	 0	 0	 0	 0	 1	 2	 0	1020.96	  0.00
52	05	20	v	 0	 2	 0	 0	 1	 3	 2	 1	 0	 0	 0	 1	 1	 1	1026.03	  0.00
53	05	20	v	 0	 2	 0	 2	 2	 1	 1	 0	 0	 0	 0	 2	 2	 1	670.94	  0.00
54	05	20	v	 0	 2	 0	 2	 2	 0	 1	 1	 0	 0	 0	 2	 2	 1	843.59	  0.00
55	05	20	v	 0	 2	 0	 0	 1	 1	 1	 0	 0	 0	 0	 1	 1	 1	463.99	  0.00
56	05	20	v	 0	 2	 0	 0	 1	 2	 2	 1	 0	 0	 0	 1	 1	 1	734.79	  0.00
57	05	20	v	 0	 2	 0	 3	 2	 3	 2	 0	 0	 0	 0	 2	 2	 1	644.25	  0.00
58	05	20	v	 0	 2	 0	 2	 2	 2	 2	 1	 0	 0	 0	 2	 2	 1	817.80	  0.00
59	05	20	v	 0	 2	 0	 3	 2	 1	 1	 0	 0	 0	 0	 2	 2	 1	599.14	  0.00
60	05	20	v	 0	 2	 0	 2	 2	 2	 2	 0	 0	 0	 0	 2	 2	 1	708.60	  0.00
61	05	20	v	 0	 2	 0	 0	 1	 1	 1	 1	 0	 0	 0	 1	 1	 1	537.34	  0.00
62	05	20	v	 0	 2	 0	 3	 2	 2	 2	 0	 0	 0	 0	 2	 2	 1	591.07	  0.00
63	05	20	v	 0	 2	 0	 0	 1	 2	 2	 0	 0	 0	 0	 1	 1	 1	956.75	  0.00
64	05	20	v	 0	 2	 1	 1	 1	 1	 1	 1	 0	 0	 0	 1	 1	 1	1022.98	  0.00
65	05	20	v	 0	 2	 1	 2	 2	 0	 1	 0	 0	 0	 0	 2	 2	 1	475.57	  0.00
66	05	20	v	 0	 2	 1	 2	 2	 3	 2	 1	 0	 0	 0	 2	 2	 1	722.86	  0.00
67	05	20	v	 0	 2	 1	 3	 2	 0	 1	 1	 0	 0	 0	 2	 2	 1	519.81	  0.00
68	05	20	v	 0	 2	 1	 0	 1	 0	 1	 1	 0	 0	 0	 1	 1	 1	501.56	  0.00
69	05	20	v	 0	 2	 1	 3	 2	 2	 2	 0	 0	 0	 0	 2	 2	 1	476.09	  0.00
70	05	20	v	 0	 2	 1	 1	 1	 3	 2	 1	 0	 0	 0	 1	 1	 1	1394.78	  0.00
71	05	20	v	 0	 2	 1	 1	 1	 2	 2	 1	 0	 0	 0	 1	 1	 1	535.76	  0.00
72	05	20	v	 0	 2	 1	 2	 2	 0	 1	 1	 0	 0	 0	 2	 2	 1	614.02	  0.00
73	05	20	v	 0	 2	 1	 0	 1	 1	 1	 1	 0	 0	 0	 1	 1	 1	1259.11	  0.00
74	05	20	v	 0	 2	 1	 3	 2	 1	 1	 0	 0	 0	 0	 2	 2	 1	448.26	  0.00
75	05	20	v	 0	 2	 1	 3	 2	 0	 1	 0	 0	 0	 0	 2	 2	 1	526.73	  0.00
76	05	20	v	 0	 2	 1	 3	 2	 3	 2	 0	 0	 0	 0	 2	 2	 1	428.85	  0.00
77	05	20	v	 0	 2	 1	 2	 2	 1	 1	 1	 0	 0	 0	 2	 2	 1	547.40	  0.00
78	05	20	v	 0	 2	 1	 3	 2	 0	 1	 0	 0	 0	 0	 2	 2	 1	697.58	  0.00
79	05	20	v	 0	 2	 1	 2	 2	 2	 2	 0	 0	 0	 0	 2	 2	 1	463.56	  0.00
80	05	20	v	 0	 2	 1	 1	 1	 1	 1	 0	 0	 0	 0	 1	 1	 1	717.86	  0.00
81	05	20	v	 0	 2	 1	 0	 1	 3	 2	 0	 0	 0	 0	 1	 1	 1	538.94	  0.00
82	05	20	v	 0	 2	 1	 2	 2	 0	 1	 0	 0	 0	 0	 2	 2	 1	721.03	  0.00
83	05	20	v	 0	 2	 1	 0	 1	 3	 2	 0	 0	 0	 0	 1	 2	 0	750.83	  0.00
84	05	20	v	 0	 2	 1	 3	 2	 3	 2	 1	 0	 0	 0	 2	 2	 1	908.70	  0.00
85	05	20	v	 0	 2	 1	 0	 1	 1	 1	 0	 0	 0	 0	 1	 1	 1	634.75	  0.00
86	05	20	v	 0	 2	 1	 1	 1	 3	 2	 0	 0	 0	 0	 1	 1	 1	488.86	  0.00
87	05	20	v	 0	 2	 1	 0	 1	 3	 2	 1	 0	 0	 0	 1	 1	 1	526.94	  0.00
88	05	20	v	 0	 2	 1	 0	 1	 2	 2	 1	 0	 0	 0	 1	 1	 1	733.40	  0.00
89	05	20	v	 0	 2	 1	 0	 1	 0	 1	 0	 0	 0	 0	 1	 1	 1	523.47	  0.00
90	05	20	v	 0	 2	 1	 0	 1	 2	 2	 0	 0	 0	 0	 1	 1	 1	703.54	  0.00
91	05	20	v	 0	 2	 1	 0	 1	 0	 1	 0	 0	 0	 0	 1	 1	 1	662.63	  0.00
92	05	20	v	 0	 2	 1	 1	 1	 2	 2	 0	 0	 0	 0	 1	 1	 1	835.97	  0.00
93	05	20	v	 0	 2	 1	 3	 2	 0	 1	 1	 0	 0	 0	 2	 2	 1	610.62	  0.00
94	05	20	v	 0	 2	 1	 1	 1	 3	 2	 1	 0	 0	 0	 1	 1	 1	616.67	  0.00
95	05	20	v	 0	 2	 1	 1	 1	 3	 2	 0	 0	 0	 0	 1	 1	 1	646.86	  0.00
96	05	20	v	 0	 2	 1	 1	 1	 2	 2	 1	 0	 0	 0	 1	 1	 1	636.97	  0.00
97	05	20	v	 0	 2	 1	 3	 2	 2	 2	 1	 0	 0	 0	 2	 2	 1	562.16	  0.00
98	05	20	v	 0	 2	 1	 3	 2	 2	 2	 0	 0	 0	 0	 2	 2	 1	568.31	  0.00
99	05	20	v	 0	 2	 1	 1	 1	 1	 1	 1	 0	 0	 0	 1	 1	 1	550.55	  0.00
100	05	20	v	 0	 2	 1	 3	 2	 3	 2	 1	 0	 0	 0	 2	 2	 1	508.70	  0.00
101	05	20	v	 0	 2	 1	 3	 2	 1	 1	 0	 0	 0	 0	 2	 2	 1	482.98	  0.00
102	05	20	v	 0	 2	 1	 2	 2	 3	 2	 1	 0	 0	 0	 2	 2	 1	465.34	  0.00
103	05	20	v	 0	 2	 1	 3	 2	 2	 2	 1	 0	 0	 0	 2	 2	 1	447.68	  0.00
104	05	20	v	 0	 2	 1	 0	 1	 2	 2	 0	 0	 0	 0	 1	 1	 1	1094.12	  0.00
105	05	20	v	 0	 2	 1	 1	 1	 0	 1	 1	 0	 0	 0	 1	 1	 1	635.55	  0.00
106	05	20	v	 0	 2	 1	 1	 1	 0	 1	 0	 0	 0	 0	 1	 1	 1	552.76	  0.00
107	05	20	v	 0	 2	 1	 0	 1	 1	 1	 1	 0	 0	 0	 1	 1	 1	454.88	  0.00
108	05	20	v	 0	 2	 1	 1	 1	 0	 1	 1	 0	 0	 0	 1	 1	 1	453.20	  0.00
109	05	20	v	 0	 2	 1	 2	 2	 3	 2	 0	 0	 0	 0	 2	 2	 1	491.57	  0.00
110	05	20	v	 0	 2	 1	 2	 2	 1	 1	 0	 0	 0	 0	 2	 2	 1	465.88	  0.00
111	05	20	v	 0	 2	 1	 2	 2	 2	 2	 1	 0	 0	 0	 2	 2	 1	471.96	  0.00
112	05	20	v	 0	 2	 1	 3	 2	 1	 1	 1	 0	 0	 0	 2	 2	 1	486.57	  0.00
113	05	20	v	 0	 2	 1	 2	 2	 3	 2	 0	 0	 0	 0	 2	 2	 1	452.88	  0.00
114	05	20	v	 0	 2	 1	 0	 1	 3	 2	 1	 0	 0	 0	 1	 1	 1	531.35	  0.00
115	05	20	v	 0	 2	 1	 0	 1	 0	 1	 1	 0	 0	 0	 1	 1	 1	441.58	  0.00
116	05	20	v	 0	 2	 1	 2	 2	 1	 1	 1	 0	 0	 0	 2	 2	 1	526.95	  0.00
117	05	20	v	 0	 2	 1	 1	 1	 0	 1	 0	 0	 0	 0	 1	 1	 1	765.00	  0.00
118	05	20	v	 0	 2	 1	 1	 1	 2	 2	 0	 0	 0	 0	 1	 1	 1	523.25	  0.00
119	05	20	v	 0	 2	 1	 2	 2	 2	 2	 1	 0	 0	 0	 2	 2	 1	497.13	  0.00
120	05	20	v	 0	 2	 1	 2	 2	 0	 1	 1	 0	 0	 0	 2	 2	 1	495.75	  0.00
121	05	20	v	 0	 2	 1	 2	 2	 1	 1	 0	 0	 0	 0	 2	 2	 1	542.01	  0.00
122	05	20	v	 0	 2	 1	 0	 1	 2	 2	 1	 0	 0	 0	 1	 1	 1	508.25	  0.00
123	05	20	v	 0	 2	 1	 2	 2	 2	 2	 0	 0	 0	 0	 2	 2	 1	537.75	  0.00
124	05	20	v	 0	 2	 1	 1	 1	 1	 1	 0	 0	 0	 0	 1	 1	 1	679.77	  0.00
125	05	20	v	 0	 2	 1	 3	 2	 1	 1	 1	 0	 0	 0	 2	 2	 1	565.81	  0.00
126	05	20	v	 0	 2	 1	 3	 2	 3	 2	 0	 0	 0	 0	 2	 2	 1	635.81	  0.00
127	05	20	v	 0	 2	 1	 0	 1	 1	 1	 0	 0	 0	 0	 1	 1	 1	617.88	  0.00
128	05	20	v	 0	 2	 2	 1	 1	 1	 1	 1	 0	 0	 0	 1	 1	 1	1185.07	  0.00
129	05	20	v	 0	 2	 2	 2	 2	 0	 1	 0	 0	 0	 0	 1	 1	 1	533.75	  0.00
130	05	20	v	 0	 2	 2	 0	 1	 2	 2	 0	 0	 0	 0	 2	 2	 1	795.57	  0.00
131	05	20	v	 0	 2	 2	 1	 1	 2	 2	 0	 0	 0	 0	 2	 2	 1	568.88	  0.00
132	05	20	v	 0	 2	 2	 1	 1	 2	 2	 1	 0	 0	 0	 2	 2	 1	494.53	  0.00
133	05	20	v	 0	 2	 2	 3	 2	 2	 2	 1	 0	 0	 0	 2	 2	 1	420.35	  0.00
134	05	20	v	 0	 2	 2	 2	 2	 2	 2	 1	 0	 0	 0	 2	 2	 1	1050.31	  0.00
135	05	20	v	 0	 2	 2	 1	 1	 0	 1	 0	 0	 0	 0	 1	 1	 1	527.33	  0.00
136	05	20	v	 0	 2	 2	 3	 2	 1	 1	 0	 0	 0	 0	 1	 1	 1	628.07	  0.00
137	05	20	v	 0	 2	 2	 1	 1	 1	 1	 0	 0	 0	 0	 1	 1	 1	569.67	  0.00
138	05	20	v	 0	 2	 2	 0	 1	 0	 1	 1	 0	 0	 0	 1	 1	 1	447.32	  0.00
139	05	20	v	 0	 2	 2	 1	 1	 0	 1	 0	 0	 0	 0	 1	 1	 1	564.99	  0.00
140	05	20	v	 0	 2	 2	 2	 2	 1	 1	 1	 0	 0	 0	 1	 1	 1	714.98	  0.00
141	05	20	v	 0	 2	 2	 0	 1	 3	 2	 0	 0	 0	 0	 2	 2	 1	623.54	  0.00
142	05	20	v	 0	 2	 2	 1	 1	 2	 2	 0	 0	 0	 0	 2	 2	 1	741.12	  0.00
143	05	20	v	 0	 2	 2	 3	 2	 0	 1	 1	 0	 0	 0	 1	 1	 1	706.63	  0.00
144	05	20	v	 0	 2	 2	 1	 1	 0	 1	 1	 0	 0	 0	 1	 1	 1	488.07	  0.00
145	05	20	v	 0	 2	 2	 1	 1	 0	 1	 1	 0	 0	 0	 1	 1	 1	501.93	  0.00
146	05	20	v	 0	 2	 2	 1	 1	 3	 2	 0	 0	 0	 0	 2	 2	 1	515.82	  0.00
147	05	20	v	 0	 2	 2	 2	 2	 3	 2	 0	 0	 0	 0	 2	 2	 1	497.48	  0.00
148	05	20	v	 0	 2	 2	 2	 2	 0	 1	 1	 0	 0	 0	 1	 1	 1	590.36	  0.00
149	05	20	v	 0	 2	 2	 1	 1	 1	 1	 1	 0	 0	 0	 1	 1	 1	740.00	  0.00
150	05	20	v	 0	 2	 2	 2	 2	 1	 1	 1	 0	 0	 0	 1	 1	 1	481.48	  0.00
151	05	20	v	 0	 2	 2	 2	 2	 1	 1	 0	 0	 0	 0	 1	 1	 1	687.23	  0.00
152	05	20	v	 0	 2	 2	 2	 2	 1	 1	 0	 0	 0	 0	 1	 1	 1	812.81	  0.00
153	05	20	v	 0	 2	 2	 3	 2	 1	 1	 1	 0	 0	 0	 1	 1	 1	450.18	  0.00
154	05	20	v	 0	 2	 2	 2	 2	 0	 1	 0	 0	 0	 0	 1	 1	 1	519.52	  0.00
155	05	20	v	 0	 2	 2	 3	 2	 1	 1	 0	 0	 0	 0	 1	 1	 1	572.84	  0.00
156	05	20	v	 0	 2	 2	 0	 1	 2	 2	 1	 0	 0	 0	 2	 2	 1	866.52	  0.00
157	05	20	v	 0	 2	 2	 2	 2	 3	 2	 1	 0	 0	 0	 2	 2	 1	543.82	  0.00
158	05	20	v	 0	 2	 2	 2	 2	 2	 2	 1	 0	 0	 0	 2	 2	 1	573.58	  0.00
159	05	20	v	 0	 2	 2	 3	 2	 0	 1	 1	 0	 0	 0	 1	 1	 1	627.25	  0.00
160	05	20	v	 0	 2	 2	 3	 2	 3	 2	 1	 0	 0	 0	 2	 2	 1	568.81	  0.00
161	05	20	v	 0	 2	 2	 3	 2	 3	 2	 1	 0	 0	 0	 2	 2	 1	565.65	  0.00
162	05	20	v	 0	 2	 2	 0	 1	 0	 1	 0	 0	 0	 0	 1	 1	 1	691.28	  0.00
163	05	20	v	 0	 2	 2	 2	 2	 2	 2	 0	 0	 0	 0	 2	 2	 1	552.73	  0.00
164	05	20	v	 0	 2	 2	 0	 1	 2	 2	 1	 0	 0	 0	 2	 2	 1	430.53	  0.00
165	05	20	v	 0	 2	 2	 3	 2	 2	 2	 1	 0	 0	 0	 2	 2	 1	564.44	  0.00
166	05	20	v	 0	 2	 2	 3	 2	 3	 2	 0	 0	 0	 0	 2	 2	 1	490.11	  0.00
167	05	20	v	 0	 2	 2	 0	 1	 2	 2	 0	 0	 0	 0	 2	 2	 1	543.91	  0.00
168	05	20	v	 0	 2	 2	 1	 1	 1	 1	 0	 0	 0	 0	 1	 1	 1	692.83	  0.00
169	05	20	v	 0	 2	 2	 1	 1	 3	 2	 1	 0	 0	 0	 2	 1	 0	554.21	  0.00
170	05	20	v	 0	 2	 2	 3	 2	 3	 2	 0	 0	 0	 0	 2	 2	 1	567.82	  0.00
171	05	20	v	 0	 2	 2	 1	 1	 2	 2	 1	 0	 0	 0	 2	 2	 1	565.63	  0.00
172	05	20	v	 0	 2	 2	 3	 2	 2	 2	 0	 0	 0	 0	 2	 2	 1	947.35	  0.00
173	05	20	v	 0	 2	 2	 3	 2	 1	 1	 1	 0	 0	 0	 1	 1	 1	816.50	  0.00
174	05	20	v	 0	 2	 2	 0	 1	 1	 1	 1	 0	 0	 0	 1	 1	 1	477.81	  0.00
175	05	20	v	 0	 2	 2	 0	 1	 0	 1	 0	 0	 0	 0	 1	 1	 1	842.65	  0.00
176	05	20	v	 0	 2	 2	 0	 1	 1	 1	 1	 0	 0	 0	 1	 1	 1	727.99	  0.00
177	05	20	v	 0	 2	 2	 2	 2	 2	 2	 0	 0	 0	 0	 2	 2	 1	621.44	  0.00
178	05	20	v	 0	 2	 2	 0	 1	 0	 1	 1	 0	 0	 0	 1	 1	 1	803.08	  0.00
179	05	20	v	 0	 2	 2	 0	 1	 1	 1	 0	 0	 0	 0	 1	 1	 1	648.45	  0.00
180	05	20	v	 0	 2	 2	 2	 2	 0	 1	 1	 0	 0	 0	 1	 1	 1	781.14	  0.00
181	05	20	v	 0	 2	 2	 1	 1	 3	 2	 1	 0	 0	 0	 2	 2	 1	634.51	  0.00
182	05	20	v	 0	 2	 2	 0	 1	 3	 2	 1	 0	 0	 0	 2	 2	 1	584.03	  0.00
183	05	20	v	 0	 2	 2	 3	 2	 0	 1	 0	 0	 0	 0	 1	 1	 1	629.73	  0.00
184	05	20	v	 0	 2	 2	 1	 1	 3	 2	 0	 0	 0	 0	 2	 2	 1	699.35	  0.00
185	05	20	v	 0	 2	 2	 3	 2	 2	 2	 0	 0	 0	 0	 2	 2	 1	704.89	  0.00
186	05	20	v	 0	 2	 2	 0	 1	 3	 2	 1	 0	 0	 0	 2	 2	 1	566.39	  0.00
187	05	20	v	 0	 2	 2	 2	 2	 3	 2	 1	 0	 0	 0	 2	 2	 1	524.09	  0.00
188	05	20	v	 0	 2	 2	 0	 1	 1	 1	 0	 0	 0	 0	 1	 2	 0	544.86	  0.00
189	05	20	v	 0	 2	 2	 2	 2	 3	 2	 0	 0	 0	 0	 2	 2	 1	750.60	  0.00
190	05	20	v	 0	 2	 2	 3	 2	 0	 1	 0	 0	 0	 0	 1	 1	 1	556.02	  0.00
191	05	20	v	 0	 2	 2	 0	 1	 3	 2	 0	 0	 0	 0	 2	 2	 1	641.78	  0.00
192	05	20	v	 0	 2	 3	 1	 1	 1	 1	 1	 0	 0	 0	 1	 1	 1	940.13	  0.00
193	05	20	v	 0	 2	 3	 2	 2	 2	 2	 1	 0	 0	 0	 2	 2	 1	689.65	  0.00
194	05	20	v	 0	 2	 3	 3	 2	 0	 1	 1	 0	 0	 0	 1	 1	 1	519.69	  0.00
195	05	20	v	 0	 2	 3	 3	 2	 3	 2	 0	 0	 0	 0	 2	 1	 0	814.03	  0.00
196	05	20	v	 0	 2	 3	 3	 2	 3	 2	 1	 0	 0	 0	 2	 2	 1	1010.90	  0.00
197	05	20	v	 0	 2	 3	 2	 2	 2	 2	 0	 0	 0	 0	 2	 2	 1	528.40	  0.00
198	05	20	v	 0	 2	 3	 3	 2	 2	 2	 1	 0	 0	 0	 2	 2	 1	678.79	  0.00
199	05	20	v	 0	 2	 3	 0	 1	 1	 1	 1	 0	 0	 0	 1	 1	 1	524.73	  0.00
200	05	20	v	 0	 2	 3	 2	 2	 1	 1	 1	 0	 0	 0	 1	 1	 1	603.04	  0.00
201	05	20	v	 0	 2	 3	 3	 2	 1	 1	 0	 0	 0	 0	 1	 1	 1	561.29	  0.00
202	05	20	v	 0	 2	 3	 0	 1	 0	 1	 0	 0	 0	 0	 1	 2	 0	679.43	  0.00
203	05	20	v	 0	 2	 3	 0	 1	 0	 1	 0	 0	 0	 0	 1	 1	 1	669.48	  0.00
204	05	20	v	 0	 2	 3	 1	 1	 1	 1	 0	 0	 0	 0	 1	 1	 1	618.70	  0.00
205	05	20	v	 0	 2	 3	 0	 1	 2	 2	 1	 0	 0	 0	 2	 2	 1	505.65	  0.00
206	05	20	v	 0	 2	 3	 1	 1	 2	 2	 1	 0	 0	 0	 2	 2	 1	422.84	  0.00
207	05	20	v	 0	 2	 3	 1	 1	 3	 2	 0	 0	 0	 0	 2	 2	 1	501.31	  0.00
208	05	20	v	 0	 2	 3	 2	 2	 0	 1	 0	 0	 0	 0	 1	 1	 1	523.58	  0.00
209	05	20	v	 0	 2	 3	 1	 1	 3	 2	 1	 0	 0	 0	 2	 1	 0	577.84	  0.00
210	05	20	v	 0	 2	 3	 1	 1	 3	 2	 1	 0	 0	 0	 2	 2	 1	1280.05	  0.00
211	05	20	v	 0	 2	 3	 0	 1	 3	 2	 0	 0	 0	 0	 2	 2	 1	805.23	  0.00
212	05	20	v	 0	 2	 3	 1	 1	 1	 1	 0	 0	 0	 0	 1	 1	 1	682.36	  0.00
213	05	20	v	 0	 2	 3	 1	 1	 2	 2	 1	 0	 0	 0	 2	 2	 1	857.12	  0.00
214	05	20	v	 0	 2	 3	 2	 2	 3	 2	 1	 0	 0	 0	 2	 2	 1	973.91	  0.00
215	05	20	v	 0	 2	 3	 2	 2	 1	 1	 0	 0	 0	 0	 1	 1	 1	579.49	  0.00
216	05	20	v	 0	 2	 3	 2	 2	 0	 1	 0	 0	 0	 0	 1	 1	 1	577.66	  0.00
217	05	20	v	 0	 2	 3	 1	 1	 2	 2	 0	 0	 0	 0	 2	 2	 1	623.81	  0.00
218	05	20	v	 0	 2	 3	 1	 1	 0	 1	 0	 0	 0	 0	 1	 1	 1	581.90	  0.00
219	05	20	v	 0	 2	 3	 1	 1	 0	 1	 0	 0	 0	 0	 1	 1	 1	628.07	  0.00
220	05	20	v	 0	 2	 3	 3	 2	 2	 2	 0	 0	 0	 0	 2	 2	 1	601.36	  0.00
221	05	20	v	 0	 2	 3	 0	 1	 3	 2	 1	 0	 0	 0	 2	 2	 1	895.41	  0.00
222	05	20	v	 0	 2	 3	 3	 2	 0	 1	 0	 0	 0	 0	 1	 1	 1	837.07	  0.00
223	05	20	v	 0	 2	 3	 3	 2	 1	 1	 0	 0	 0	 0	 1	 1	 1	771.00	  0.00
224	05	20	v	 0	 2	 3	 3	 2	 1	 1	 1	 0	 0	 0	 1	 1	 1	800.82	  0.00
225	05	20	v	 0	 2	 3	 2	 2	 3	 2	 1	 0	 0	 0	 2	 2	 1	1510.61	  0.00
226	05	20	v	 0	 2	 3	 1	 1	 1	 1	 1	 0	 0	 0	 1	 1	 1	1338.72	  0.00
227	05	20	v	 0	 2	 3	 0	 1	 0	 1	 1	 0	 0	 0	 1	 1	 1	631.61	  0.00
228	05	20	v	 0	 2	 3	 0	 1	 2	 2	 1	 0	 0	 0	 2	 2	 1	645.73	  0.00
229	05	20	v	 0	 2	 3	 0	 1	 3	 2	 0	 0	 0	 0	 2	 2	 1	483.85	  0.00
230	05	20	v	 0	 2	 3	 3	 2	 1	 1	 1	 0	 0	 0	 1	 1	 1	826.23	  0.00
231	05	20	v	 0	 2	 3	 0	 1	 3	 2	 1	 0	 0	 0	 2	 1	 0	1071.99	  0.00
232	05	20	v	 0	 2	 3	 0	 1	 1	 1	 1	 0	 0	 0	 1	 1	 1	1285.52	  0.00
233	05	20	v	 0	 2	 3	 0	 1	 2	 2	 0	 0	 0	 0	 2	 2	 1	1202.53	  0.00
234	05	20	v	 0	 2	 3	 2	 2	 1	 1	 1	 0	 0	 0	 1	 1	 1	711.06	  0.00
235	05	20	v	 0	 2	 3	 0	 1	 0	 1	 1	 0	 0	 0	 1	 1	 1	612.91	  0.00
236	05	20	v	 0	 2	 3	 2	 2	 3	 2	 0	 0	 0	 0	 2	 2	 1	739.11	  0.00
237	05	20	v	 0	 2	 3	 0	 1	 2	 2	 0	 0	 0	 0	 2	 1	 0	1112.90	  0.00
238	05	20	v	 0	 2	 3	 0	 1	 1	 1	 0	 0	 0	 0	 1	 1	 1	1438.54	  0.00
239	05	20	v	 0	 2	 3	 2	 2	 0	 1	 1	 0	 0	 0	 1	 1	 1	1331.48	  0.00
240	05	20	v	 0	 2	 3	 3	 2	 2	 2	 1	 0	 0	 0	 2	 2	 1	575.74	  0.00
241	05	20	v	 0	 2	 3	 0	 1	 1	 1	 0	 0	 0	 0	 1	 1	 1	1037.63	  0.00
242	05	20	v	 0	 2	 3	 2	 2	 2	 2	 0	 0	 0	 0	 2	 2	 1	611.27	  0.00
243	05	20	v	 0	 2	 3	 3	 2	 2	 2	 0	 0	 0	 0	 2	 2	 1	481.42	  0.00
244	05	20	v	 0	 2	 3	 2	 2	 0	 1	 1	 0	 0	 0	 1	 1	 1	559.81	  0.00
245	05	20	v	 0	 2	 3	 2	 2	 2	 2	 1	 0	 0	 0	 2	 2	 1	574.09	  0.00
246	05	20	v	 0	 2	 3	 1	 1	 2	 2	 0	 0	 0	 0	 2	 2	 1	444.13	  0.00
247	05	20	v	 0	 2	 3	 2	 2	 1	 1	 0	 0	 0	 0	 1	 1	 1	562.54	  0.00
248	05	20	v	 0	 2	 3	 3	 2	 3	 2	 0	 0	 0	 0	 2	 2	 1	615.90	  0.00
249	05	20	v	 0	 2	 3	 1	 1	 3	 2	 0	 0	 0	 0	 2	 2	 1	597.86	  0.00
250	05	20	v	 0	 2	 3	 1	 1	 0	 1	 1	 0	 0	 0	 1	 1	 1	796.07	  0.00
251	05	20	v	 0	 2	 3	 3	 2	 0	 1	 0	 0	 0	 0	 1	 1	 1	618.04	  0.00
252	05	20	v	 0	 2	 3	 3	 2	 0	 1	 1	 0	 0	 0	 1	 1	 1	543.96	  0.00
253	05	20	v	 0	 2	 3	 3	 2	 3	 2	 1	 0	 0	 0	 2	 2	 1	606.30	  0.00
254	05	20	v	 0	 2	 3	 2	 2	 3	 2	 0	 0	 0	 0	 2	 2	 1	508.42	  0.00
255	05	20	v	 0	 2	 3	 1	 1	 0	 1	 1	 0	 0	 0	 1	 1	 1	714.75	  0.00
256	05	20	v	 0	 2	 4	 0	 1	 3	 2	 0	 0	 0	 0	 2	 2	 1	1860.57	  0.00
257	05	20	v	 0	 2	 4	 1	 1	 2	 2	 0	 0	 0	 0	 2	 1	 0	736.44	  0.00
258	05	20	v	 0	 2	 4	 2	 2	 1	 1	 1	 0	 0	 0	 2	 1	 0	1668.95	  0.00
259	05	20	v	 0	 2	 4	 0	 1	 2	 2	 1	 0	 0	 0	 1	 1	 1	1025.03	  0.00
260	05	20	v	 0	 2	 4	 3	 2	 3	 2	 0	 0	 0	 0	 2	 2	 1	1046.03	  0.00
261	05	20	v	 0	 2	 4	 0	 1	 1	 1	 1	 0	 0	 0	 1	 1	 1	603.09	  0.00
262	05	20	v	 0	 2	 4	 0	 1	 2	 2	 0	 0	 0	 0	 2	 2	 1	904.48	  0.00
263	05	20	v	 0	 2	 4	 3	 2	 2	 2	 1	 0	 0	 0	 2	 1	 0	693.24	  0.00
264	05	20	v	 0	 2	 4	 0	 1	 2	 2	 0	 0	 0	 0	 2	 2	 1	1834.56	  0.00
265	05	20	v	 0	 2	 4	 2	 2	 2	 2	 1	 0	 0	 0	 2	 2	 1	1006.41	  0.00
266	05	20	v	 0	 2	 4	 0	 1	 1	 1	 1	 0	 0	 0	 1	 1	 1	1226.65	  0.00
267	05	20	v	 0	 2	 4	 2	 2	 2	 2	 0	 0	 0	 0	 2	 2	 1	896.19	  0.00
268	05	20	v	 0	 2	 4	 1	 1	 2	 2	 1	 0	 0	 0	 1	 1	 1	1244.56	  0.00
269	05	20	v	 0	 2	 4	 2	 2	 0	 1	 0	 0	 0	 0	 1	 2	 0	833.23	  0.00
270	05	20	v	 0	 2	 4	 1	 1	 1	 1	 1	 0	 0	 0	 1	 1	 1	726.51	  0.00
271	05	20	v	 0	 2	 4	 2	 2	 0	 1	 1	 0	 0	 0	 2	 2	 1	700.01	  0.00
272	05	20	v	 0	 2	 4	 1	 1	 2	 2	 1	 0	 0	 0	 1	 1	 1	593.54	  0.00
273	05	20	v	 0	 2	 4	 2	 2	 3	 2	 1	 0	 0	 0	 2	 2	 1	903.22	  0.00
274	05	20	v	 0	 2	 4	 3	 2	 2	 2	 0	 0	 0	 0	 2	 2	 1	683.48	  0.00
275	05	20	v	 0	 2	 4	 2	 2	 3	 2	 0	 0	 0	 0	 2	 2	 1	656.92	  0.00
276	05	20	v	 0	 2	 4	 1	 1	 3	 2	 0	 0	 0	 0	 2	 2	 1	806.59	  0.00
277	05	20	v	 0	 2	 4	 2	 2	 2	 2	 0	 0	 0	 0	 2	 2	 1	1139.93	  0.00
278	05	20	v	 0	 2	 4	 1	 1	 0	 1	 0	 0	 0	 0	 1	 1	 1	552.80	  0.00
279	05	20	v	 0	 2	 4	 0	 1	 1	 1	 0	 0	 0	 0	 1	 2	 0	741.82	  0.00
280	05	20	v	 0	 2	 4	 0	 1	 0	 1	 1	 0	 0	 0	 1	 1	 1	1291.09	  0.00
281	05	20	v	 0	 2	 4	 3	 2	 3	 2	 1	 0	 0	 0	 2	 2	 1	1063.68	  0.00
282	05	20	v	 0	 2	 4	 1	 1	 1	 1	 0	 0	 0	 0	 1	 1	 1	820.65	  0.00
283	05	20	v	 0	 2	 4	 3	 2	 2	 2	 0	 0	 0	 0	 2	 2	 1	650.03	  0.00
284	05	20	v	 0	 2	 4	 2	 2	 0	 1	 0	 0	 0	 0	 1	 1	 1	791.64	  0.00
285	05	20	v	 0	 2	 4	 2	 2	 1	 1	 0	 0	 0	 0	 1	 1	 1	756.98	  0.00
286	05	20	v	 0	 2	 4	 3	 2	 1	 1	 0	 0	 0	 0	 1	 1	 1	913.47	  0.00
287	05	20	v	 0	 2	 4	 3	 2	 0	 1	 1	 0	 0	 0	 2	 2	 1	606.61	  0.00
288	05	20	v	 0	 2	 4	 1	 1	 0	 1	 1	 0	 0	 0	 1	 1	 1	700.31	  0.00
289	05	20	v	 0	 2	 4	 1	 1	 3	 2	 1	 0	 0	 0	 1	 1	 1	505.64	  0.00
290	05	20	v	 0	 2	 4	 0	 1	 0	 1	 0	 0	 0	 0	 1	 1	 1	711.61	  0.00
291	05	20	v	 0	 2	 4	 1	 1	 0	 1	 0	 0	 0	 0	 1	 1	 1	589.00	  0.00
292	05	20	v	 0	 2	 4	 1	 1	 3	 2	 0	 0	 0	 0	 2	 2	 1	785.65	  0.00
293	05	20	v	 0	 2	 4	 3	 2	 0	 1	 0	 0	 0	 0	 1	 1	 1	823.13	  0.00
294	05	20	v	 0	 2	 4	 3	 2	 1	 1	 0	 0	 0	 0	 1	 2	 0	900.52	  0.00
295	05	20	v	 0	 2	 4	 2	 2	 2	 2	 1	 0	 0	 0	 2	 2	 1	1281.79	  0.00
296	05	20	v	 0	 2	 4	 0	 1	 2	 2	 1	 0	 0	 0	 1	 1	 1	606.46	  0.00
297	05	20	v	 0	 2	 4	 1	 1	 0	 1	 1	 0	 0	 0	 1	 1	 1	652.09	  0.00
298	05	20	v	 0	 2	 4	 0	 1	 3	 2	 1	 0	 0	 0	 1	 1	 1	744.60	  0.00
299	05	20	v	 0	 2	 4	 1	 1	 1	 1	 1	 0	 0	 0	 1	 1	 1	605.94	  0.00
300	05	20	v	 0	 2	 4	 2	 2	 0	 1	 1	 0	 0	 0	 2	 2	 1	683.83	  0.00
301	05	20	v	 0	 2	 4	 2	 2	 1	 1	 1	 0	 0	 0	 2	 2	 1	521.37	  0.00
302	05	20	v	 0	 2	 4	 2	 2	 1	 1	 0	 0	 0	 0	 1	 1	 1	1079.16	  0.00
303	05	20	v	 0	 2	 4	 2	 2	 3	 2	 1	 0	 0	 0	 2	 2	 1	972.09	  0.00
304	05	20	v	 0	 2	 4	 1	 1	 1	 1	 0	 0	 0	 0	 1	 1	 1	1296.23	  0.00
305	05	20	v	 0	 2	 4	 3	 2	 2	 2	 1	 0	 0	 0	 2	 2	 1	844.66	  0.00
306	05	20	v	 0	 2	 4	 0	 1	 0	 1	 0	 0	 0	 0	 1	 1	 1	938.16	  0.00
307	05	20	v	 0	 2	 4	 0	 1	 3	 2	 1	 0	 0	 0	 1	 2	 0	999.27	  0.00
308	05	20	v	 0	 2	 4	 3	 2	 3	 2	 0	 0	 0	 0	 2	 2	 1	628.44	  0.00
309	05	20	v	 0	 2	 4	 3	 2	 0	 1	 0	 0	 0	 0	 1	 1	 1	953.13	  0.00
310	05	20	v	 0	 2	 4	 3	 2	 0	 1	 1	 0	 0	 0	 2	 2	 1	798.19	  0.00
311	05	20	v	 0	 2	 4	 1	 1	 3	 2	 1	 0	 0	 0	 1	 1	 1	651.54	  0.00
312	05	20	v	 0	 2	 4	 0	 1	 3	 2	 0	 0	 0	 0	 2	 2	 1	657.09	  0.00
313	05	20	v	 0	 2	 4	 0	 1	 0	 1	 1	 0	 0	 0	 1	 1	 1	830.71	  0.00
314	05	20	v	 0	 2	 4	 3	 2	 1	 1	 1	 0	 0	 0	 2	 2	 1	932.09	  0.00
315	05	20	v	 0	 2	 4	 0	 1	 1	 1	 0	 0	 0	 0	 1	 1	 1	865.16	  0.00
316	05	20	v	 0	 2	 4	 2	 2	 3	 2	 0	 0	 0	 0	 2	 2	 1	637.44	  0.00
317	05	20	v	 0	 2	 4	 3	 2	 1	 1	 1	 0	 0	 0	 2	 2	 1	682.70	  0.00
318	05	20	v	 0	 2	 4	 3	 2	 3	 2	 1	 0	 0	 0	 2	 2	 1	616.47	  0.00
319	05	20	v	 0	 2	 4	 1	 1	 2	 2	 0	 0	 0	 0	 2	 2	 1	622.26	  0.00
320	05	20	v	 0	 2	 5	 3	 2	 0	 1	 1	 0	 0	 0	 2	 2	 1	642.48	  0.00
321	05	20	v	 0	 2	 5	 3	 2	 2	 2	 1	 0	 0	 0	 2	 2	 1	496.58	  0.00
322	05	20	v	 0	 2	 5	 0	 1	 2	 2	 0	 0	 0	 0	 2	 2	 1	534.74	  0.00
323	05	20	v	 0	 2	 5	 0	 1	 0	 1	 0	 0	 0	 0	 1	 1	 1	541.04	  0.00
324	05	20	v	 0	 2	 5	 2	 2	 3	 2	 0	 0	 0	 0	 2	 2	 1	811.25	  0.00
325	05	20	v	 0	 2	 5	 2	 2	 1	 1	 1	 0	 0	 0	 2	 2	 1	520.25	  0.00
326	05	20	v	 0	 2	 5	 2	 2	 2	 2	 0	 0	 0	 0	 2	 2	 1	598.46	  0.00
327	05	20	v	 0	 2	 5	 1	 1	 2	 2	 1	 0	 0	 0	 1	 1	 1	572.48	  0.00
328	05	20	v	 0	 2	 5	 3	 2	 3	 2	 0	 0	 0	 0	 2	 0	 0	2000.19	  0.00
329	05	20	v	 0	 2	 5	 3	 2	 3	 2	 1	 0	 0	 0	 2	 2	 1	879.01	  0.00
330	05	20	v	 0	 2	 5	 0	 1	 1	 1	 1	 0	 0	 0	 1	 1	 1	1028.74	  0.00
331	05	20	v	 0	 2	 5	 1	 1	 0	 1	 1	 0	 0	 0	 1	 1	 1	658.27	  0.00
332	05	20	v	 0	 2	 5	 0	 1	 2	 2	 1	 0	 0	 0	 1	 1	 1	559.39	  0.00
333	05	20	v	 0	 2	 5	 2	 2	 3	 2	 0	 0	 0	 0	 2	 2	 1	645.52	  0.00
334	05	20	v	 0	 2	 5	 1	 1	 0	 1	 0	 0	 0	 0	 1	 1	 1	931.62	  0.00
335	05	20	v	 0	 2	 5	 1	 1	 3	 2	 0	 0	 0	 0	 2	 2	 1	593.22	  0.00
336	05	20	v	 0	 2	 5	 0	 1	 3	 2	 0	 0	 0	 0	 2	 2	 1	535.49	  0.00
337	05	20	v	 0	 2	 5	 2	 2	 0	 1	 0	 0	 0	 0	 1	 1	 1	685.75	  0.00
338	05	20	v	 0	 2	 5	 2	 2	 0	 1	 1	 0	 0	 0	 2	 2	 1	523.87	  0.00
339	05	20	v	 0	 2	 5	 2	 2	 3	 2	 1	 0	 0	 0	 2	 2	 1	562.13	  0.00
340	05	20	v	 0	 2	 5	 1	 1	 3	 2	 1	 0	 0	 0	 1	 1	 1	735.48	  0.00
341	05	20	v	 0	 2	 5	 3	 2	 1	 1	 0	 0	 0	 0	 1	 1	 1	797.29	  0.00
342	05	20	v	 0	 2	 5	 2	 2	 1	 1	 0	 0	 0	 0	 1	 1	 1	731.11	  0.00
343	05	20	v	 0	 2	 5	 2	 2	 2	 2	 1	 0	 0	 0	 2	 2	 1	504.96	  0.00
344	05	20	v	 0	 2	 5	 1	 1	 2	 2	 0	 0	 0	 0	 2	 2	 1	543.42	  0.00
345	05	20	v	 0	 2	 5	 3	 2	 1	 1	 0	 0	 0	 0	 1	 1	 1	557.58	  0.00
346	05	20	v	 0	 2	 5	 3	 2	 2	 2	 0	 0	 0	 0	 2	 2	 1	675.83	  0.00
347	05	20	v	 0	 2	 5	 3	 2	 2	 2	 0	 0	 0	 0	 2	 2	 1	593.85	  0.00
348	05	20	v	 0	 2	 5	 2	 2	 2	 2	 0	 0	 0	 0	 2	 2	 1	544.03	  0.00
349	05	20	v	 0	 2	 5	 3	 2	 3	 2	 0	 0	 0	 0	 2	 2	 1	829.26	  0.00
350	05	20	v	 0	 2	 5	 0	 1	 3	 2	 1	 0	 0	 0	 1	 1	 1	579.08	  0.00
351	05	20	v	 0	 2	 5	 0	 1	 1	 1	 0	 0	 0	 0	 1	 1	 1	1169.32	  0.00
352	05	20	v	 0	 2	 5	 0	 1	 0	 1	 1	 0	 0	 0	 1	 1	 1	1686.82	  0.00
353	05	20	v	 0	 2	 5	 0	 1	 3	 2	 0	 0	 0	 0	 2	 2	 1	1019.28	  0.00
354	05	20	v	 0	 2	 5	 1	 1	 3	 2	 0	 0	 0	 0	 2	 2	 1	480.81	  0.00
355	05	20	v	 0	 2	 5	 1	 1	 1	 1	 1	 0	 0	 0	 1	 1	 1	629.93	  0.00
356	05	20	v	 0	 2	 5	 3	 2	 1	 1	 1	 0	 0	 0	 2	 2	 1	796.09	  0.00
357	05	20	v	 0	 2	 5	 0	 1	 3	 2	 1	 0	 0	 0	 1	 2	 0	610.20	  0.00
358	05	20	v	 0	 2	 5	 1	 1	 2	 2	 0	 0	 0	 0	 2	 0	 0	2000.25	  0.00
359	05	20	v	 0	 2	 5	 1	 1	 0	 1	 0	 0	 0	 0	 1	 1	 1	900.46	  0.00
360	05	20	v	 0	 2	 5	 3	 2	 0	 1	 1	 0	 0	 0	 2	 2	 1	817.85	  0.00
361	05	20	v	 0	 2	 5	 2	 2	 0	 1	 1	 0	 0	 0	 2	 2	 1	535.83	  0.00
362	05	20	v	 0	 2	 5	 2	 2	 1	 1	 0	 0	 0	 0	 1	 1	 1	741.22	  0.00
363	05	20	v	 0	 2	 5	 2	 2	 2	 2	 1	 0	 0	 0	 2	 2	 1	547.10	  0.00
364	05	20	v	 0	 2	 5	 0	 1	 1	 1	 0	 0	 0	 0	 1	 1	 1	737.36	  0.00
365	05	20	v	 0	 2	 5	 3	 2	 1	 1	 1	 0	 0	 0	 2	 2	 1	455.32	  0.00
366	05	20	v	 0	 2	 5	 0	 1	 0	 1	 0	 0	 0	 0	 1	 1	 1	717.57	  0.00
367	05	20	v	 0	 2	 5	 0	 1	 0	 1	 1	 0	 0	 0	 1	 1	 1	739.66	  0.00
368	05	20	v	 0	 2	 5	 1	 1	 1	 1	 0	 0	 0	 0	 1	 1	 1	745.52	  0.00
369	05	20	v	 0	 2	 5	 1	 1	 3	 2	 1	 0	 0	 0	 1	 1	 1	503.44	  0.00
370	05	20	v	 0	 2	 5	 2	 2	 3	 2	 1	 0	 0	 0	 2	 2	 1	548.94	  0.00
371	05	20	v	 0	 2	 5	 3	 2	 2	 2	 1	 0	 0	 0	 2	 2	 1	562.99	  0.00
372	05	20	v	 0	 2	 5	 2	 2	 1	 1	 1	 0	 0	 0	 2	 2	 1	464.99	  0.00
373	05	20	v	 0	 2	 5	 2	 2	 0	 1	 0	 0	 0	 0	 1	 1	 1	599.58	  0.00
374	05	20	v	 0	 2	 5	 3	 2	 0	 1	 0	 0	 0	 0	 1	 1	 1	677.77	  0.00
375	05	20	v	 0	 2	 5	 1	 1	 1	 1	 1	 0	 0	 0	 1	 2	 0	539.84	  0.00
376	05	20	v	 0	 2	 5	 3	 2	 0	 1	 0	 0	 0	 0	 1	 1	 1	810.08	  0.00
377	05	20	v	 0	 2	 5	 0	 1	 2	 2	 1	 0	 0	 0	 1	 1	 1	960.04	  0.00
378	05	20	v	 0	 2	 5	 0	 1	 2	 2	 0	 0	 0	 0	 2	 2	 1	605.63	  0.00
379	05	20	v	 0	 2	 5	 0	 1	 1	 1	 1	 0	 0	 0	 1	 1	 1	674.62	  0.00
380	05	20	v	 0	 2	 5	 1	 1	 1	 1	 0	 0	 0	 0	 1	 1	 1	680.83	  0.00
381	05	20	v	 0	 2	 5	 3	 2	 3	 2	 1	 0	 0	 0	 2	 2	 1	638.93	  0.00
382	05	20	v	 0	 2	 5	 1	 1	 0	 1	 1	 0	 0	 0	 1	 1	 1	1012.34	  0.00
383	05	20	v	 0	 2	 5	 1	 1	 2	 2	 1	 0	 0	 0	 1	 1	 1	786.72	  0.00
384	05	20	v	 0	 2	 6	 1	 1	 3	 2	 0	 0	 0	 0	 2	 2	 1	1072.48	  0.00
385	05	20	v	 0	 2	 6	 0	 1	 3	 2	 0	 0	 0	 0	 2	 2	 1	485.94	  0.00
386	05	20	v	 0	 2	 6	 3	 2	 0	 1	 0	 0	 0	 0	 1	 1	 1	819.30	  0.00
387	05	20	v	 0	 2	 6	 2	 2	 2	 2	 1	 0	 0	 0	 2	 2	 1	881.16	  0.00
388	05	20	v	 0	 2	 6	 1	 1	 2	 2	 1	 0	 0	 0	 1	 1	 1	574.63	  0.00
389	05	20	v	 0	 2	 6	 0	 1	 0	 1	 0	 0	 0	 0	 1	 1	 1	684.97	  0.00
390	05	20	v	 0	 2	 6	 0	 1	 1	 1	 0	 0	 0	 0	 1	 1	 1	803.06	  0.00
391	05	20	v	 0	 2	 6	 3	 2	 0	 1	 1	 0	 0	 0	 2	 2	 1	544.96	  0.00
392	05	20	v	 0	 2	 6	 3	 2	 0	 1	 0	 0	 0	 0	 1	 1	 1	1127.18	  0.00
393	05	20	v	 0	 2	 6	 2	 2	 3	 2	 1	 0	 0	 0	 2	 2	 1	547.61	  0.00
394	05	20	v	 0	 2	 6	 2	 2	 2	 2	 0	 0	 0	 0	 2	 2	 1	569.95	  0.00
395	05	20	v	 0	 2	 6	 0	 1	 0	 1	 1	 0	 0	 0	 1	 1	 1	1104.07	  0.00
396	05	20	v	 0	 2	 6	 3	 2	 0	 1	 1	 0	 0	 0	 2	 2	 1	645.48	  0.00
397	05	20	v	 0	 2	 6	 3	 2	 1	 1	 0	 0	 0	 0	 1	 1	 1	715.56	  0.00
398	05	20	v	 0	 2	 6	 2	 2	 2	 2	 1	 0	 0	 0	 2	 2	 1	737.62	  0.00
399	05	20	v	 0	 2	 6	 0	 1	 3	 2	 1	 0	 0	 0	 1	 1	 1	743.53	  0.00
400	05	20	v	 0	 2	 6	 2	 2	 3	 2	 1	 0	 0	 0	 2	 2	 1	613.46	  0.00
401	05	20	v	 0	 2	 6	 2	 2	 0	 1	 0	 0	 0	 0	 1	 1	 1	802.57	  0.00
402	05	20	v	 0	 2	 6	 1	 1	 2	 2	 0	 0	 0	 0	 2	 2	 1	744.40	  0.00
403	05	20	v	 0	 2	 6	 3	 2	 1	 1	 0	 0	 0	 0	 1	 1	 1	590.23	  0.00
404	05	20	v	 0	 2	 6	 0	 1	 1	 1	 1	 0	 0	 0	 1	 1	 1	892.54	  0.00
405	05	20	v	 0	 2	 6	 0	 1	 1	 1	 1	 0	 0	 0	 1	 1	 1	634.28	  0.00
406	05	20	v	 0	 2	 6	 0	 1	 2	 2	 0	 0	 0	 0	 2	 1	 0	696.40	  0.00
407	05	20	v	 0	 2	 6	 0	 1	 3	 2	 1	 0	 0	 0	 1	 1	 1	646.36	  0.00
408	05	20	v	 0	 2	 6	 1	 1	 3	 2	 1	 0	 0	 0	 1	 1	 1	1324.57	  0.00
409	05	20	v	 0	 2	 6	 1	 1	 0	 1	 1	 0	 0	 0	 1	 1	 1	864.66	  0.00
410	05	20	v	 0	 2	 6	 0	 1	 2	 2	 0	 0	 0	 0	 2	 2	 1	646.29	  0.00
411	05	20	v	 0	 2	 6	 1	 1	 1	 1	 0	 0	 0	 0	 1	 1	 1	644.45	  0.00
412	05	20	v	 0	 2	 6	 0	 1	 0	 1	 1	 0	 0	 0	 1	 1	 1	810.41	  0.00
413	05	20	v	 0	 2	 6	 3	 2	 2	 2	 0	 0	 0	 0	 2	 2	 1	880.39	  0.00
414	05	20	v	 0	 2	 6	 3	 2	 3	 2	 0	 0	 0	 0	 2	 2	 1	830.23	  0.00
415	05	20	v	 0	 2	 6	 1	 1	 0	 1	 0	 0	 0	 0	 1	 1	 1	611.10	  0.00
416	05	20	v	 0	 2	 6	 1	 1	 1	 1	 0	 0	 0	 0	 1	 1	 1	889.30	  0.00
417	05	20	v	 0	 2	 6	 3	 2	 3	 2	 1	 0	 0	 0	 2	 2	 1	1949.99	  0.00
418	05	20	v	 0	 2	 6	 1	 1	 0	 1	 0	 0	 0	 0	 1	 1	 1	915.23	  0.00
419	05	20	v	 0	 2	 6	 1	 1	 1	 1	 1	 0	 0	 0	 1	 1	 1	992.95	  0.00
420	05	20	v	 0	 2	 6	 2	 2	 3	 2	 0	 0	 0	 0	 2	 2	 1	590.52	  0.00
421	05	20	v	 0	 2	 6	 1	 1	 3	 2	 1	 0	 0	 0	 1	 1	 1	660.58	  0.00
422	05	20	v	 0	 2	 6	 3	 2	 2	 2	 1	 0	 0	 0	 2	 2	 1	577.79	  0.00
423	05	20	v	 0	 2	 6	 2	 2	 3	 2	 0	 0	 0	 0	 2	 1	 0	887.87	  0.00
424	05	20	v	 0	 2	 6	 0	 1	 2	 2	 1	 0	 0	 0	 1	 1	 1	1325.68	  0.00
425	05	20	v	 0	 2	 6	 0	 1	 2	 2	 1	 0	 0	 0	 1	 1	 1	714.81	  0.00
426	05	20	v	 0	 2	 6	 2	 2	 1	 1	 0	 0	 0	 0	 1	 2	 0	992.78	  0.00
427	05	20	v	 0	 2	 6	 1	 1	 3	 2	 0	 0	 0	 0	 2	 2	 1	950.39	  0.00
428	05	20	v	 0	 2	 6	 1	 1	 2	 2	 1	 0	 0	 0	 1	 1	 1	931.90	  0.00
429	05	20	v	 0	 2	 6	 2	 2	 1	 1	 0	 0	 0	 0	 1	 1	 1	976.70	  0.00
430	05	20	v	 0	 2	 6	 2	 2	 0	 1	 0	 0	 0	 0	 1	 1	 1	694.27	  0.00
431	05	20	v	 0	 2	 6	 2	 2	 0	 1	 1	 0	 0	 0	 2	 2	 1	620.32	  0.00
432	05	20	v	 0	 2	 6	 1	 1	 0	 1	 1	 0	 0	 0	 1	 1	 1	1010.30	  0.00
433	05	20	v	 0	 2	 6	 0	 1	 3	 2	 0	 0	 0	 0	 2	 1	 0	767.98	  0.00
434	05	20	v	 0	 2	 6	 3	 2	 1	 1	 1	 0	 0	 0	 2	 2	 1	1549.98	  0.00
435	05	20	v	 0	 2	 6	 1	 1	 1	 1	 1	 0	 0	 0	 1	 1	 1	833.91	  0.00
436	05	20	v	 0	 2	 6	 3	 2	 2	 2	 0	 0	 0	 0	 2	 2	 1	575.52	  0.00
437	05	20	v	 0	 2	 6	 2	 2	 1	 1	 1	 0	 0	 0	 2	 2	 1	893.73	  0.00
438	05	20	v	 0	 2	 6	 2	 2	 0	 1	 1	 0	 0	 0	 2	 2	 1	483.46	  0.00
439	05	20	v	 0	 2	 6	 3	 2	 3	 2	 1	 0	 0	 0	 2	 2	 1	464.97	  0.00
440	05	20	v	 0	 2	 6	 0	 1	 0	 1	 0	 0	 0	 0	 1	 1	 1	728.11	  0.00
441	05	20	v	 0	 2	 6	 3	 2	 2	 2	 1	 0	 0	 0	 2	 2	 1	566.09	  0.00
442	05	20	v	 0	 2	 6	 2	 2	 2	 2	 0	 0	 0	 0	 2	 2	 1	796.31	  0.00
443	05	20	v	 0	 2	 6	 0	 1	 1	 1	 0	 0	 0	 0	 1	 1	 1	714.25	  0.00
444	05	20	v	 0	 2	 6	 3	 2	 1	 1	 1	 0	 0	 0	 2	 2	 1	1303.32	  0.00
445	05	20	v	 0	 2	 6	 1	 1	 2	 2	 0	 0	 0	 0	 2	 2	 1	764.35	  0.00
446	05	20	v	 0	 2	 6	 2	 2	 1	 1	 1	 0	 0	 0	 2	 2	 1	714.28	  0.00
447	05	20	v	 0	 2	 6	 3	 2	 3	 2	 0	 0	 0	 0	 2	 2	 1	896.28	  0.00
448	05	20	v	 0	 2	 7	 3	 2	 1	 1	 0	 0	 0	 0	 1	 1	 1	733.94	  0.00
449	05	20	v	 0	 2	 7	 0	 1	 3	 2	 1	 0	 0	 0	 1	 1	 1	883.97	  0.00
450	05	20	v	 0	 2	 7	 0	 1	 0	 1	 1	 0	 0	 0	 1	 1	 1	721.74	  0.00
451	05	20	v	 0	 2	 7	 0	 1	 3	 2	 1	 0	 0	 0	 1	 1	 1	703.71	  0.00
452	05	20	v	 0	 2	 7	 2	 2	 3	 2	 1	 0	 0	 0	 2	 2	 1	836.69	  0.00
453	05	20	v	 0	 2	 7	 1	 1	 1	 1	 0	 0	 0	 0	 1	 1	 1	642.48	  0.00
454	05	20	v	 0	 2	 7	 1	 1	 2	 2	 0	 0	 0	 0	 2	 2	 1	704.60	  0.00
455	05	20	v	 0	 2	 7	 0	 1	 0	 1	 0	 0	 0	 0	 1	 1	 1	718.62	  0.00
456	05	20	v	 0	 2	 7	 0	 1	 2	 2	 1	 0	 0	 0	 1	 2	 0	500.40	  0.00
457	05	20	v	 0	 2	 7	 0	 1	 3	 2	 0	 0	 0	 0	 2	 2	 1	1034.11	  0.00
458	05	20	v	 0	 2	 7	 1	 1	 0	 1	 0	 0	 0	 0	 1	 1	 1	848.37	  0.00
459	05	20	v	 0	 2	 7	 0	 1	 2	 2	 0	 0	 0	 0	 2	 2	 1	733.32	  0.00
460	05	20	v	 0	 2	 7	 3	 2	 3	 2	 1	 0	 0	 0	 2	 2	 1	793.99	  0.00
461	05	20	v	 0	 2	 7	 2	 2	 1	 1	 1	 0	 0	 0	 2	 2	 1	529.09	  0.00
462	05	20	v	 0	 2	 7	 3	 2	 0	 1	 1	 0	 0	 0	 2	 2	 1	487.36	  0.00
463	05	20	v	 0	 2	 7	 1	 1	 3	 2	 1	 0	 0	 0	 1	 1	 1	813.73	  0.00
464	05	20	v	 0	 2	 7	 2	 2	 2	 2	 0	 0	 0	 0	 2	 2	 1	803.53	  0.00
465	05	20	v	 0	 2	 7	 0	 1	 3	 2	 0	 0	 0	 0	 2	 2	 1	673.26	  0.00
466	05	20	v	 0	 2	 7	 1	 1	 0	 1	 1	 0	 0	 0	 1	 1	 1	1062.50	  0.00
467	05	20	v	 0	 2	 7	 3	 2	 0	 1	 0	 0	 0	 0	 1	 1	 1	947.89	  0.00
468	05	20	v	 0	 2	 7	 1	 1	 0	 1	 1	 0	 0	 0	 1	 1	 1	697.58	  0.00
469	05	20	v	 0	 2	 7	 2	 2	 3	 2	 1	 0	 0	 0	 2	 2	 1	807.39	  0.00
470	05	20	v	 0	 2	 7	 2	 2	 2	 2	 1	 0	 0	 0	 2	 2	 1	533.44	  0.00
471	05	20	v	 0	 2	 7	 3	 2	 2	 2	 0	 0	 0	 0	 2	 2	 1	811.74	  0.00
472	05	20	v	 0	 2	 7	 3	 2	 1	 1	 0	 0	 0	 0	 1	 1	 1	593.60	  0.00
473	05	20	v	 0	 2	 7	 0	 1	 0	 1	 1	 0	 0	 0	 1	 1	 1	1086.63	  0.00
474	05	20	v	 0	 2	 7	 2	 2	 0	 1	 0	 0	 0	 0	 1	 1	 1	1572.28	  0.00
475	05	20	v	 0	 2	 7	 2	 2	 2	 2	 1	 0	 0	 0	 2	 1	 0	649.07	  0.00
476	05	20	v	 0	 2	 7	 1	 1	 2	 2	 1	 0	 0	 0	 1	 1	 1	687.14	  0.00
477	05	20	v	 0	 2	 7	 3	 2	 1	 1	 1	 0	 0	 0	 2	 2	 1	500.87	  0.00
478	05	20	v	 0	 2	 7	 2	 2	 0	 1	 0	 0	 0	 0	 1	 1	 1	683.45	  0.00
479	05	20	v	 0	 2	 7	 0	 1	 0	 1	 0	 0	 0	 0	 1	 1	 1	537.52	  0.00
480	05	20	v	 0	 2	 7	 3	 2	 0	 1	 1	 0	 0	 0	 2	 2	 1	638.87	  0.00
481	05	20	v	 0	 2	 7	 1	 1	 3	 2	 1	 0	 0	 0	 1	 1	 1	628.87	  0.00
482	05	20	v	 0	 2	 7	 1	 1	 0	 1	 0	 0	 0	 0	 1	 1	 1	611.08	  0.00
483	05	20	v	 0	 2	 7	 1	 1	 3	 2	 0	 0	 0	 0	 2	 2	 1	689.06	  0.00
484	05	20	v	 0	 2	 7	 3	 2	 2	 2	 0	 0	 0	 0	 2	 2	 1	567.17	  0.00
485	05	20	v	 0	 2	 7	 3	 2	 3	 2	 0	 0	 0	 0	 2	 2	 1	733.34	  0.00
486	05	20	v	 0	 2	 7	 3	 2	 3	 2	 0	 0	 0	 0	 2	 2	 1	491.35	  0.00
487	05	20	v	 0	 2	 7	 3	 2	 2	 2	 1	 0	 0	 0	 2	 1	 0	737.68	  0.00
488	05	20	v	 0	 2	 7	 0	 1	 1	 1	 0	 0	 0	 0	 1	 0	 0	2000.26	  0.00
489	05	20	v	 0	 2	 7	 3	 2	 1	 1	 1	 0	 0	 0	 2	 2	 1	442.84	  0.00
490	05	20	v	 0	 2	 7	 0	 1	 2	 2	 0	 0	 0	 0	 2	 2	 1	1121.22	  0.00
491	05	20	v	 0	 2	 7	 1	 1	 2	 2	 1	 0	 0	 0	 1	 1	 1	678.64	  0.00
492	05	20	v	 0	 2	 7	 0	 1	 2	 2	 1	 0	 0	 0	 1	 1	 1	652.65	  0.00
493	05	20	v	 0	 2	 7	 2	 2	 3	 2	 0	 0	 0	 0	 2	 2	 1	842.87	  0.00
494	05	20	v	 0	 2	 7	 2	 2	 0	 1	 1	 0	 0	 0	 2	 1	 0	616.39	  0.00
495	05	20	v	 0	 2	 7	 3	 2	 0	 1	 0	 0	 0	 0	 1	 2	 0	1365.74	  0.00
496	05	20	v	 0	 2	 7	 2	 2	 2	 2	 0	 0	 0	 0	 2	 2	 1	842.81	  0.00
497	05	20	v	 0	 2	 7	 1	 1	 3	 2	 0	 0	 0	 0	 2	 2	 1	752.60	  0.00
498	05	20	v	 0	 2	 7	 0	 1	 1	 1	 1	 0	 0	 0	 1	 1	 1	854.64	  0.00
499	05	20	v	 0	 2	 7	 0	 1	 1	 1	 1	 0	 0	 0	 1	 1	 1	548.28	  0.00
500	05	20	v	 0	 2	 7	 1	 1	 1	 1	 1	 0	 0	 0	 1	 1	 1	570.53	  0.00
501	05	20	v	 0	 2	 7	 1	 1	 2	 2	 0	 0	 0	 0	 2	 2	 1	768.48	  0.00
502	05	20	v	 0	 2	 7	 3	 2	 2	 2	 1	 0	 0	 0	 2	 2	 1	1358.76	  0.00
503	05	20	v	 0	 2	 7	 2	 2	 1	 1	 0	 0	 0	 0	 1	 1	 1	674.75	  0.00
504	05	20	v	 0	 2	 7	 2	 2	 0	 1	 1	 0	 0	 0	 2	 2	 1	648.83	  0.00
505	05	20	v	 0	 2	 7	 2	 2	 3	 2	 0	 0	 0	 0	 2	 2	 1	750.94	  0.00
506	05	20	v	 0	 2	 7	 0	 1	 1	 1	 0	 0	 0	 0	 1	 1	 1	836.89	  0.00
507	05	20	v	 0	 2	 7	 2	 2	 1	 1	 1	 0	 0	 0	 2	 2	 1	690.68	  0.00
508	05	20	v	 0	 2	 7	 2	 2	 1	 1	 0	 0	 0	 0	 1	 1	 1	1432.76	  0.00
509	05	20	v	 0	 2	 7	 1	 1	 1	 1	 0	 0	 0	 0	 1	 1	 1	476.77	  0.00
510	05	20	v	 0	 2	 7	 3	 2	 3	 2	 1	 0	 0	 0	 2	 2	 1	595.02	  0.00
511	05	20	v	 0	 2	 7	 1	 1	 1	 1	 1	 0	 0	 0	 1	 1	 1	585.23	  0.00
512	05	20	v	 0	 2	 8	 0	 1	 0	 1	 1	 1	 0	 1	 2	 2	 1	827.23	  0.00
513	05	20	v	 0	 2	 8	 1	 1	 3	 2	 1	 1	 0	 1	 2	 2	 1	760.40	  0.00
514	05	20	v	 0	 2	 8	 1	 1	 2	 2	 1	 1	 0	 1	 2	 2	 1	741.82	  0.00
515	05	20	v	 0	 2	 8	 1	 1	 3	 2	 0	 1	 0	 1	 2	 2	 1	555.31	  0.00
516	05	20	v	 0	 2	 8	 0	 1	 3	 2	 1	 1	 0	 1	 2	 2	 1	521.01	  0.00
517	05	20	v	 0	 2	 8	 3	 2	 3	 2	 1	 1	 0	 1	 1	 1	 1	398.75	  0.00
518	05	20	v	 0	 2	 8	 2	 2	 1	 1	 0	 1	 0	 1	 1	 1	 1	1075.86	  0.00
519	05	20	v	 0	 2	 8	 3	 2	 0	 1	 0	 1	 0	 1	 1	 1	 1	535.90	  0.00
520	05	20	v	 0	 2	 8	 3	 2	 3	 2	 0	 1	 0	 1	 1	 1	 1	606.41	  0.00
521	05	20	v	 0	 2	 8	 0	 1	 2	 2	 0	 1	 0	 1	 2	 2	 1	563.99	  0.00
522	05	20	v	 0	 2	 8	 0	 1	 0	 1	 0	 1	 0	 1	 2	 2	 1	585.72	  0.00
523	05	20	v	 0	 2	 8	 2	 2	 2	 2	 1	 1	 0	 1	 1	 1	 1	479.46	  0.00
524	05	20	v	 0	 2	 8	 3	 2	 1	 1	 0	 1	 0	 1	 1	 1	 1	357.24	  0.00
525	05	20	v	 0	 2	 8	 2	 2	 0	 1	 0	 1	 0	 1	 1	 1	 1	594.02	  0.00
526	05	20	v	 0	 2	 8	 1	 1	 1	 1	 0	 1	 0	 1	 2	 2	 1	655.93	  0.00
527	05	20	v	 0	 2	 8	 0	 1	 2	 2	 1	 1	 0	 1	 2	 1	 0	845.42	  0.00
528	05	20	v	 0	 2	 8	 0	 1	 1	 1	 1	 1	 0	 1	 2	 2	 1	978.86	  0.00
529	05	20	v	 0	 2	 8	 0	 1	 3	 2	 0	 1	 0	 1	 2	 0	 0	2000.57	  0.00
530	05	20	v	 0	 2	 8	 3	 2	 0	 1	 1	 1	 0	 1	 1	 1	 1	691.63	  0.00
531	05	20	v	 0	 2	 8	 0	 1	 2	 2	 0	 1	 0	 1	 2	 2	 1	632.14	  0.00
532	05	20	v	 0	 2	 8	 2	 2	 3	 2	 1	 1	 0	 1	 1	 1	 1	621.72	  0.00
533	05	20	v	 0	 2	 8	 1	 1	 2	 2	 1	 1	 0	 1	 2	 2	 1	515.24	  0.00
534	05	20	v	 0	 2	 8	 2	 2	 3	 2	 0	 1	 0	 1	 1	 1	 1	377.05	  0.00
535	05	20	v	 0	 2	 8	 2	 2	 1	 1	 1	 1	 0	 1	 1	 2	 0	 55.06	  0.00
536	05	20	v	 0	 2	 8	 3	 2	 1	 1	 1	 1	 0	 1	 1	 1	 1	989.47	  0.00
537	05	20	v	 0	 2	 8	 1	 1	 2	 2	 0	 1	 0	 1	 2	 2	 1	473.68	  0.00
538	05	20	v	 0	 2	 8	 1	 1	 3	 2	 1	 1	 0	 1	 2	 2	 1	455.38	  0.00
539	05	20	v	 0	 2	 8	 3	 2	 2	 2	 0	 1	 0	 1	 1	 1	 1	517.33	  0.00
540	05	20	v	 0	 2	 8	 2	 2	 2	 2	 1	 1	 0	 1	 1	 1	 1	706.82	  0.00
541	05	20	v	 0	 2	 8	 2	 2	 1	 1	 1	 1	 0	 1	 1	 1	 1	552.47	  0.00
542	05	20	v	 0	 2	 8	 3	 2	 2	 2	 0	 1	 0	 1	 1	 1	 1	486.21	  0.00
543	05	20	v	 0	 2	 8	 3	 2	 0	 1	 0	 1	 0	 1	 1	 1	 1	636.06	  0.00
544	05	20	v	 0	 2	 8	 1	 1	 2	 2	 0	 1	 0	 1	 2	 2	 1	568.58	  0.00
545	05	20	v	 0	 2	 8	 0	 1	 1	 1	 0	 1	 0	 1	 2	 2	 1	454.35	  0.00
546	05	20	v	 0	 2	 8	 1	 1	 0	 1	 0	 1	 0	 1	 2	 2	 1	484.23	  0.00
547	05	20	v	 0	 2	 8	 1	 1	 1	 1	 1	 1	 0	 1	 2	 2	 1	658.07	  0.00
548	05	20	v	 0	 2	 8	 2	 2	 3	 2	 1	 1	 0	 1	 1	 1	 1	510.53	  0.00
549	05	20	v	 0	 2	 8	 1	 1	 1	 1	 1	 1	 0	 1	 2	 2	 1	709.41	  0.00
550	05	20	v	 0	 2	 8	 1	 1	 1	 1	 0	 1	 0	 1	 2	 2	 1	538.88	  0.00
551	05	20	v	 0	 2	 8	 2	 2	 0	 1	 0	 1	 0	 1	 1	 1	 1	479.89	  0.00
552	05	20	v	 0	 2	 8	 3	 2	 3	 2	 1	 1	 0	 1	 1	 1	 1	613.45	  0.00
553	05	20	v	 0	 2	 8	 2	 2	 0	 1	 1	 1	 0	 1	 1	 1	 1	579.11	  0.00
554	05	20	v	 0	 2	 8	 0	 1	 0	 1	 0	 1	 0	 1	 2	 2	 1	608.83	  0.00
555	05	20	v	 0	 2	 8	 1	 1	 0	 1	 1	 1	 0	 1	 2	 2	 1	678.22	  0.00
556	05	20	v	 0	 2	 8	 2	 2	 2	 2	 0	 1	 0	 1	 1	 1	 1	363.75	  0.00
557	05	20	v	 0	 2	 8	 1	 1	 3	 2	 0	 1	 0	 1	 2	 1	 0	857.07	  0.00
558	05	20	v	 0	 2	 8	 3	 2	 1	 1	 1	 1	 0	 1	 1	 1	 1	1141.98	  0.00
559	05	20	v	 0	 2	 8	 0	 1	 1	 1	 1	 1	 0	 1	 2	 2	 1	931.22	  0.00
560	05	20	v	 0	 2	 8	 0	 1	 3	 2	 0	 1	 0	 1	 2	 2	 1	1096.45	  0.00
561	05	20	v	 0	 2	 8	 2	 2	 0	 1	 1	 1	 0	 1	 1	 1	 1	709.36	  0.00
562	05	20	v	 0	 2	 8	 3	 2	 0	 1	 1	 1	 0	 1	 1	 1	 1	970.83	  0.00
563	05	20	v	 0	 2	 8	 2	 2	 2	 2	 0	 1	 0	 1	 1	 1	 1	743.10	  0.00
564	05	20	v	 0	 2	 8	 2	 2	 3	 2	 0	 1	 0	 1	 1	 1	 1	530.99	  0.00
565	05	20	v	 0	 2	 8	 3	 2	 1	 1	 0	 1	 0	 1	 1	 1	 1	514.19	  0.00
566	05	20	v	 0	 2	 8	 0	 1	 3	 2	 1	 1	 0	 1	 2	 2	 1	1056.02	  0.00
567	05	20	v	 0	 2	 8	 0	 1	 1	 1	 0	 1	 0	 1	 2	 2	 1	548.95	  0.00
568	05	20	v	 0	 2	 8	 0	 1	 0	 1	 1	 1	 0	 1	 2	 2	 1	498.65	  0.00
569	05	20	v	 0	 2	 8	 3	 2	 2	 2	 1	 1	 0	 1	 1	 1	 1	856.53	  0.00
570	05	20	v	 0	 2	 8	 3	 2	 3	 2	 0	 1	 0	 1	 1	 1	 1	596.78	  0.00
571	05	20	v	 0	 2	 8	 3	 2	 2	 2	 1	 1	 0	 1	 1	 1	 1	474.46	  0.00
572	05	20	v	 0	 2	 8	 0	 1	 2	 2	 1	 1	 0	 1	 2	 2	 1	696.25	  0.00
573	05	20	v	 0	 2	 8	 2	 2	 1	 1	 0	 1	 0	 1	 1	 1	 1	525.32	  0.00
574	05	20	v	 0	 2	 8	 1	 1	 0	 1	 1	 1	 0	 1	 2	 2	 1	403.60	  0.00
575	05	20	v	 0	 2	 8	 1	 1	 0	 1	 0	 1	 0	 1	 2	 1	 0	809.55	  0.00
576	05	20	v	 0	 2	 9	 2	 2	 1	 1	 1	 1	 0	 1	 1	 1	 1	670.71	  0.00
577	05	20	v	 0	 2	 9	 3	 2	 1	 1	 1	 1	 0	 1	 1	 1	 1	548.14	  0.00
578	05	20	v	 0	 2	 9	 0	 1	 1	 1	 1	 1	 0	 1	 2	 2	 1	498.88	  0.00
579	05	20	v	 0	 2	 9	 1	 1	 3	 2	 0	 1	 0	 1	 2	 2	 1	577.14	  0.00
580	05	20	v	 0	 2	 9	 0	 1	 3	 2	 1	 1	 0	 1	 2	 2	 1	551.29	  0.00
581	05	20	v	 0	 2	 9	 3	 2	 3	 2	 1	 1	 0	 1	 1	 1	 1	541.53	  0.00
582	05	20	v	 0	 2	 9	 2	 2	 2	 2	 0	 1	 0	 1	 1	 1	 1	523.52	  0.00
583	05	20	v	 0	 2	 9	 1	 1	 2	 2	 1	 1	 0	 1	 2	 2	 1	554.01	  0.00
584	05	20	v	 0	 2	 9	 1	 1	 0	 1	 1	 1	 0	 1	 2	 2	 1	479.51	  0.00
585	05	20	v	 0	 2	 9	 1	 1	 1	 1	 0	 1	 0	 1	 2	 2	 1	422.56	  0.00
586	05	20	v	 0	 2	 9	 3	 2	 2	 2	 0	 1	 0	 1	 1	 1	 1	363.86	  0.00
587	05	20	v	 0	 2	 9	 2	 2	 2	 2	 1	 1	 0	 1	 1	 1	 1	498.46	  0.00
588	05	20	v	 0	 2	 9	 1	 1	 1	 1	 0	 1	 0	 1	 2	 2	 1	512.65	  0.00
589	05	20	v	 0	 2	 9	 1	 1	 0	 1	 0	 1	 0	 1	 2	 2	 1	1238.73	  0.00
590	05	20	v	 0	 2	 9	 1	 1	 3	 2	 1	 1	 0	 1	 2	 2	 1	476.28	  0.00
591	05	20	v	 0	 2	 9	 0	 1	 2	 2	 1	 1	 0	 1	 2	 2	 1	450.57	  0.00
592	05	20	v	 0	 2	 9	 2	 2	 0	 1	 0	 1	 0	 1	 1	 1	 1	760.77	  0.00
593	05	20	v	 0	 2	 9	 0	 1	 0	 1	 1	 1	 0	 1	 2	 2	 1	926.73	  0.00
594	05	20	v	 0	 2	 9	 2	 2	 3	 2	 1	 1	 0	 1	 1	 1	 1	508.65	  0.00
595	05	20	v	 0	 2	 9	 2	 2	 1	 1	 0	 1	 0	 1	 1	 1	 1	529.81	  0.00
596	05	20	v	 0	 2	 9	 3	 2	 1	 1	 1	 1	 0	 1	 1	 1	 1	448.19	  0.00
597	05	20	v	 0	 2	 9	 2	 2	 2	 2	 1	 1	 0	 1	 1	 1	 1	574.53	  0.00
598	05	20	v	 0	 2	 9	 0	 1	 3	 2	 0	 1	 0	 1	 2	 2	 1	492.77	  0.00
599	05	20	v	 0	 2	 9	 0	 1	 0	 1	 1	 1	 0	 1	 2	 2	 1	579.25	  0.00
600	05	20	v	 0	 2	 9	 2	 2	 3	 2	 0	 1	 0	 1	 1	 1	 1	529.28	  0.00
601	05	20	v	 0	 2	 9	 3	 2	 2	 2	 1	 1	 0	 1	 1	 1	 1	623.52	  0.00
602	05	20	v	 0	 2	 9	 3	 2	 0	 1	 0	 1	 0	 1	 1	 1	 1	516.74	  0.00
603	05	20	v	 0	 2	 9	 1	 1	 0	 1	 0	 1	 0	 1	 2	 2	 1	474.95	  0.00
604	05	20	v	 0	 2	 9	 3	 2	 2	 2	 1	 1	 0	 1	 1	 1	 1	497.23	  0.00
605	05	20	v	 0	 2	 9	 1	 1	 1	 1	 1	 1	 0	 1	 2	 2	 1	375.58	  0.00
606	05	20	v	 0	 2	 9	 2	 2	 3	 2	 0	 1	 0	 1	 1	 1	 1	821.99	  0.00
607	05	20	v	 0	 2	 9	 2	 2	 2	 2	 0	 1	 0	 1	 1	 1	 1	459.88	  0.00
608	05	20	v	 0	 2	 9	 1	 1	 1	 1	 1	 1	 0	 1	 2	 2	 1	522.18	  0.00
609	05	20	v	 0	 2	 9	 0	 1	 0	 1	 0	 1	 0	 1	 2	 2	 1	496.47	  0.00
610	05	20	v	 0	 2	 9	 2	 2	 0	 1	 1	 1	 0	 1	 1	 2	 0	742.52	  0.00
611	05	20	v	 0	 2	 9	 3	 2	 0	 1	 1	 1	 0	 1	 1	 1	 1	523.78	  0.00
612	05	20	v	 0	 2	 9	 3	 2	 0	 1	 1	 1	 0	 1	 1	 1	 1	561.78	  0.00
613	05	20	v	 0	 2	 9	 2	 2	 1	 1	 1	 1	 0	 1	 1	 1	 1	424.23	  0.00
614	05	20	v	 0	 2	 9	 2	 2	 0	 1	 0	 1	 0	 1	 1	 1	 1	461.58	  0.00
615	05	20	v	 0	 2	 9	 3	 2	 1	 1	 0	 1	 0	 1	 1	 1	 1	660.93	  0.00
616	05	20	v	 0	 2	 9	 3	 2	 3	 2	 0	 1	 0	 1	 1	 1	 1	410.77	  0.00
617	05	20	v	 0	 2	 9	 0	 1	 1	 1	 0	 1	 0	 1	 2	 2	 1	633.49	  0.00
618	05	20	v	 0	 2	 9	 0	 1	 0	 1	 0	 1	 0	 1	 2	 2	 1	671.54	  0.00
619	05	20	v	 0	 2	 9	 0	 1	 1	 1	 1	 1	 0	 1	 2	 2	 1	661.60	  0.00
620	05	20	v	 0	 2	 9	 3	 2	 1	 1	 0	 1	 0	 1	 1	 1	 1	442.35	  0.00
621	05	20	v	 0	 2	 9	 2	 2	 1	 1	 0	 1	 0	 1	 1	 1	 1	481.04	  0.00
622	05	20	v	 0	 2	 9	 1	 1	 2	 2	 0	 1	 0	 1	 2	 2	 1	519.41	  0.00
623	05	20	v	 0	 2	 9	 0	 1	 3	 2	 1	 1	 0	 1	 2	 2	 1	533.62	  0.00
624	05	20	v	 0	 2	 9	 2	 2	 3	 2	 1	 1	 0	 1	 1	 1	 1	499.87	  0.00
625	05	20	v	 0	 2	 9	 0	 1	 3	 2	 0	 1	 0	 1	 2	 2	 1	401.90	  0.00
626	05	20	v	 0	 2	 9	 3	 2	 2	 2	 0	 1	 0	 1	 1	 1	 1	656.54	  0.00
627	05	20	v	 0	 2	 9	 0	 1	 1	 1	 0	 1	 0	 1	 2	 2	 1	574.69	  0.00
628	05	20	v	 0	 2	 9	 0	 1	 2	 2	 1	 1	 0	 1	 2	 2	 1	1020.85	  0.00
629	05	20	v	 0	 2	 9	 1	 1	 2	 2	 1	 1	 0	 1	 2	 2	 1	809.39	  0.00
630	05	20	v	 0	 2	 9	 0	 1	 2	 2	 0	 1	 0	 1	 2	 2	 1	559.26	  0.00
631	05	20	v	 0	 2	 9	 1	 1	 2	 2	 0	 1	 0	 1	 2	 2	 1	509.29	  0.00
632	05	20	v	 0	 2	 9	 3	 2	 3	 2	 0	 1	 0	 1	 1	 1	 1	499.79	  0.00
633	05	20	v	 0	 2	 9	 1	 1	 0	 1	 1	 1	 0	 1	 2	 2	 1	458.03	  0.00
634	05	20	v	 0	 2	 9	 3	 2	 0	 1	 0	 1	 0	 1	 1	 1	 1	456.36	  0.00
635	05	20	v	 0	 2	 9	 0	 1	 2	 2	 0	 1	 0	 1	 2	 2	 1	670.06	  0.00
636	05	20	v	 0	 2	 9	 1	 1	 3	 2	 0	 1	 0	 1	 2	 2	 1	875.95	  0.00
637	05	20	v	 0	 2	 9	 2	 2	 0	 1	 1	 1	 0	 1	 1	 1	 1	1065.56	  0.00
638	05	20	v	 0	 2	 9	 1	 1	 3	 2	 1	 1	 0	 1	 2	 2	 1	823.05	  0.00
639	05	20	v	 0	 2	 9	 3	 2	 3	 2	 1	 1	 0	 1	 1	 1	 1	1020.74	  0.00
640	05	20	v	 0	 2	10	 0	 1	 2	 2	 0	 1	 0	 1	 2	 0	 0	2000.25	  0.00
641	05	20	v	 0	 2	10	 1	 1	 0	 1	 1	 1	 0	 1	 2	 2	 1	1664.73	  0.00
642	05	20	v	 0	 2	10	 2	 2	 0	 1	 1	 1	 0	 1	 1	 1	 1	556.36	  0.00
643	05	20	v	 0	 2	10	 2	 2	 2	 2	 1	 1	 0	 1	 1	 1	 1	994.59	  0.00
644	05	20	v	 0	 2	10	 1	 1	 1	 1	 0	 1	 0	 1	 1	 1	 1	750.61	  0.00
645	05	20	v	 0	 2	10	 1	 1	 2	 2	 0	 1	 0	 1	 2	 2	 1	715.93	  0.00
646	05	20	v	 0	 2	10	 0	 1	 2	 2	 1	 1	 0	 1	 2	 2	 1	569.54	  0.00
647	05	20	v	 0	 2	10	 1	 1	 1	 1	 1	 1	 0	 1	 2	 1	 0	423.22	  0.00
648	05	20	v	 0	 2	10	 1	 1	 2	 2	 1	 1	 0	 1	 2	 2	 1	605.14	  0.00
649	05	20	v	 0	 2	10	 2	 2	 3	 2	 1	 1	 0	 1	 1	 1	 1	730.82	  0.00
650	05	20	v	 0	 2	10	 3	 2	 2	 2	 0	 1	 0	 1	 2	 2	 1	727.27	  0.00
651	05	20	v	 0	 2	10	 1	 1	 1	 1	 1	 1	 0	 1	 2	 1	 0	740.75	  0.00
652	05	20	v	 0	 2	10	 2	 2	 2	 2	 0	 1	 0	 1	 2	 2	 1	1930.30	  0.00
653	05	20	v	 0	 2	10	 3	 2	 0	 1	 1	 1	 0	 1	 1	 1	 1	717.74	  0.00
654	05	20	v	 0	 2	10	 1	 1	 1	 1	 0	 1	 0	 1	 1	 1	 1	1171.47	  0.00
655	05	20	v	 0	 2	10	 3	 2	 1	 1	 0	 1	 0	 1	 1	 1	 1	647.37	  0.00
656	05	20	v	 0	 2	10	 3	 2	 2	 2	 1	 1	 0	 1	 1	 1	 1	524.88	  0.00
657	05	20	v	 0	 2	10	 0	 1	 3	 2	 0	 1	 0	 1	 2	 2	 1	698.59	  0.00
658	05	20	v	 0	 2	10	 1	 1	 0	 1	 0	 1	 0	 1	 1	 1	 1	880.16	  0.00
659	05	20	v	 0	 2	10	 3	 2	 0	 1	 0	 1	 0	 1	 1	 1	 1	381.41	  0.00
660	05	20	v	 0	 2	10	 1	 1	 3	 2	 0	 1	 0	 1	 2	 2	 1	723.41	  0.00
661	05	20	v	 0	 2	10	 2	 2	 1	 1	 0	 1	 0	 1	 1	 1	 1	567.90	  0.00
662	05	20	v	 0	 2	10	 0	 1	 0	 1	 0	 1	 0	 1	 1	 1	 1	765.55	  0.00
663	05	20	v	 0	 2	10	 0	 1	 1	 1	 0	 1	 0	 1	 1	 1	 1	530.90	  0.00
664	05	20	v	 0	 2	10	 3	 2	 2	 2	 1	 1	 0	 1	 1	 1	 1	552.80	  0.00
665	05	20	v	 0	 2	10	 0	 1	 1	 1	 1	 1	 0	 1	 2	 2	 1	470.21	  0.00
666	05	20	v	 0	 2	10	 2	 2	 3	 2	 1	 1	 0	 1	 1	 1	 1	532.32	  0.00
667	05	20	v	 0	 2	10	 0	 1	 3	 2	 1	 1	 0	 1	 2	 2	 1	626.07	  0.00
668	05	20	v	 0	 2	10	 3	 2	 0	 1	 1	 1	 0	 1	 1	 1	 1	494.42	  0.00
669	05	20	v	 0	 2	10	 1	 1	 3	 2	 0	 1	 0	 1	 2	 1	 0	836.52	  0.00
670	05	20	v	 0	 2	10	 1	 1	 2	 2	 1	 1	 0	 1	 2	 2	 1	1001.69	  0.00
671	05	20	v	 0	 2	10	 3	 2	 1	 1	 1	 1	 0	 1	 1	 1	 1	574.94	  0.00
672	05	20	v	 0	 2	10	 2	 2	 1	 1	 1	 1	 0	 1	 1	 1	 1	644.59	  0.00
673	05	20	v	 0	 2	10	 2	 2	 0	 1	 0	 1	 0	 1	 1	 1	 1	906.22	  0.00
674	05	20	v	 0	 2	10	 2	 2	 3	 2	 0	 1	 0	 1	 2	 2	 1	711.46	  0.00
675	05	20	v	 0	 2	10	 2	 2	 2	 2	 1	 1	 0	 1	 1	 2	 0	827.72	  0.00
676	05	20	v	 0	 2	10	 3	 2	 3	 2	 1	 1	 0	 1	 1	 1	 1	585.26	  0.00
677	05	20	v	 0	 2	10	 3	 2	 3	 2	 0	 1	 0	 1	 2	 2	 1	1134.91	  0.00
678	05	20	v	 0	 2	10	 3	 2	 1	 1	 0	 1	 0	 1	 1	 1	 1	547.80	  0.00
679	05	20	v	 0	 2	10	 1	 1	 0	 1	 1	 1	 0	 1	 2	 2	 1	553.57	  0.00
680	05	20	v	 0	 2	10	 2	 2	 3	 2	 0	 1	 0	 1	 2	 2	 1	734.30	  0.00
681	05	20	v	 0	 2	10	 0	 1	 1	 1	 1	 1	 0	 1	 2	 2	 1	859.75	  0.00
682	05	20	v	 0	 2	10	 0	 1	 0	 1	 1	 1	 0	 1	 2	 2	 1	569.05	  0.00
683	05	20	v	 0	 2	10	 3	 2	 0	 1	 0	 1	 0	 1	 1	 1	 1	822.71	  0.00
684	05	20	v	 0	 2	10	 0	 1	 2	 2	 1	 1	 0	 1	 2	 2	 1	627.88	  0.00
685	05	20	v	 0	 2	10	 0	 1	 0	 1	 1	 1	 0	 1	 2	 2	 1	593.72	  0.00
686	05	20	v	 0	 2	10	 0	 1	 3	 2	 0	 1	 0	 1	 2	 2	 1	679.36	  0.00
687	05	20	v	 0	 2	10	 0	 1	 3	 2	 1	 1	 0	 1	 2	 2	 1	955.92	  0.00
688	05	20	v	 0	 2	10	 2	 2	 0	 1	 0	 1	 0	 1	 1	 1	 1	864.85	  0.00
689	05	20	v	 0	 2	10	 3	 2	 3	 2	 1	 1	 0	 1	 1	 1	 1	422.34	  0.00
690	05	20	v	 0	 2	10	 1	 1	 2	 2	 0	 1	 0	 1	 2	 2	 1	692.24	  0.00
691	05	20	v	 0	 2	10	 3	 2	 1	 1	 1	 1	 0	 1	 1	 2	 0	833.86	  0.00
692	05	20	v	 0	 2	10	 3	 2	 3	 2	 0	 1	 0	 1	 2	 2	 1	846.19	  0.00
693	05	20	v	 0	 2	10	 0	 1	 0	 1	 0	 1	 0	 1	 1	 1	 1	651.37	  0.00
694	05	20	v	 0	 2	10	 0	 1	 1	 1	 0	 1	 0	 1	 1	 1	 1	656.93	  0.00
695	05	20	v	 0	 2	10	 1	 1	 3	 2	 1	 1	 0	 1	 2	 1	 0	894.66	  0.00
696	05	20	v	 0	 2	10	 3	 2	 2	 2	 0	 1	 0	 1	 2	 2	 1	747.82	  0.00
697	05	20	v	 0	 2	10	 0	 1	 2	 2	 0	 1	 0	 1	 2	 2	 1	409.19	  0.00
698	05	20	v	 0	 2	10	 2	 2	 1	 1	 1	 1	 0	 1	 1	 1	 1	446.86	  0.00
699	05	20	v	 0	 2	10	 2	 2	 1	 1	 0	 1	 0	 1	 1	 1	 1	668.08	  0.00
700	05	20	v	 0	 2	10	 1	 1	 3	 2	 1	 1	 0	 1	 2	 2	 1	681.59	  0.00
701	05	20	v	 0	 2	10	 2	 2	 2	 2	 0	 1	 0	 1	 2	 1	 0	631.07	  0.00
702	05	20	v	 0	 2	10	 1	 1	 0	 1	 0	 1	 0	 1	 1	 2	 0	844.71	  0.00
703	05	20	v	 0	 2	10	 2	 2	 0	 1	 1	 1	 0	 1	 1	 1	 1	1825.81	  0.00
704	05	20	v	 0	 2	11	 0	 1	 2	 2	 0	 1	 0	 1	 2	 2	 1	598.12	  0.00
705	05	20	v	 0	 2	11	 0	 1	 0	 1	 1	 1	 0	 1	 2	 2	 1	916.28	  0.00
706	05	20	v	 0	 2	11	 1	 1	 2	 2	 1	 1	 0	 1	 2	 2	 1	762.06	  0.00
707	05	20	v	 0	 2	11	 2	 2	 0	 1	 1	 1	 0	 1	 1	 1	 1	479.99	  0.00
708	05	20	v	 0	 2	11	 3	 2	 2	 2	 0	 1	 0	 1	 2	 2	 1	550.31	  0.00
709	05	20	v	 0	 2	11	 3	 2	 1	 1	 0	 1	 0	 1	 1	 1	 1	723.67	  0.00
710	05	20	v	 0	 2	11	 2	 2	 2	 2	 1	 1	 0	 1	 1	 1	 1	513.52	  0.00
711	05	20	v	 0	 2	11	 3	 2	 0	 1	 0	 1	 0	 1	 1	 1	 1	407.78	  0.00
712	05	20	v	 0	 2	11	 3	 2	 3	 2	 1	 1	 0	 1	 1	 1	 1	430.03	  0.00
713	05	20	v	 0	 2	11	 3	 2	 0	 1	 0	 1	 0	 1	 1	 1	 1	444.63	  0.00
714	05	20	v	 0	 2	11	 3	 2	 1	 1	 0	 1	 0	 1	 1	 1	 1	451.13	  0.00
715	05	20	v	 0	 2	11	 3	 2	 3	 2	 1	 1	 0	 1	 1	 1	 1	753.45	  0.00
716	05	20	v	 0	 2	11	 0	 1	 3	 2	 0	 1	 0	 1	 2	 2	 1	535.38	  0.00
717	05	20	v	 0	 2	11	 1	 1	 3	 2	 0	 1	 0	 1	 2	 2	 1	437.67	  0.00
718	05	20	v	 0	 2	11	 3	 2	 2	 2	 0	 1	 0	 1	 2	 2	 1	419.93	  0.00
719	05	20	v	 0	 2	11	 0	 1	 3	 2	 0	 1	 0	 1	 2	 2	 1	530.40	  0.00
720	05	20	v	 0	 2	11	 1	 1	 1	 1	 0	 1	 0	 1	 1	 1	 1	695.58	  0.00
721	05	20	v	 0	 2	11	 0	 1	 0	 1	 1	 1	 0	 1	 2	 2	 1	661.68	  0.00
722	05	20	v	 0	 2	11	 3	 2	 1	 1	 1	 1	 0	 1	 1	 1	 1	571.51	  0.00
723	05	20	v	 0	 2	11	 0	 1	 0	 1	 0	 1	 0	 1	 1	 1	 1	993.92	  0.00
724	05	20	v	 0	 2	11	 2	 2	 1	 1	 0	 1	 0	 1	 1	 1	 1	439.70	  0.00
725	05	20	v	 0	 2	11	 0	 1	 3	 2	 1	 1	 0	 1	 2	 2	 1	565.72	  0.00
726	05	20	v	 0	 2	11	 2	 2	 3	 2	 0	 1	 0	 1	 2	 2	 1	1291.23	  0.00
727	05	20	v	 0	 2	11	 2	 2	 2	 2	 1	 1	 0	 1	 1	 1	 1	592.45	  0.00
728	05	20	v	 0	 2	11	 1	 1	 3	 2	 1	 1	 0	 1	 2	 2	 1	838.44	  0.00
729	05	20	v	 0	 2	11	 1	 1	 1	 1	 1	 1	 0	 1	 2	 2	 1	428.34	  0.00
730	05	20	v	 0	 2	11	 0	 1	 1	 1	 1	 1	 0	 1	 2	 2	 1	530.73	  0.00
731	05	20	v	 0	 2	11	 2	 2	 1	 1	 1	 1	 0	 1	 1	 1	 1	441.03	  0.00
732	05	20	v	 0	 2	11	 0	 1	 1	 1	 0	 1	 0	 1	 1	 1	 1	647.34	  0.00
733	05	20	v	 0	 2	11	 2	 2	 1	 1	 0	 1	 0	 1	 1	 1	 1	517.49	  0.00
734	05	20	v	 0	 2	11	 2	 2	 1	 1	 1	 1	 0	 1	 1	 1	 1	587.03	  0.00
735	05	20	v	 0	 2	11	 1	 1	 1	 1	 1	 1	 0	 1	 2	 2	 1	640.85	  0.00
736	05	20	v	 0	 2	11	 3	 2	 3	 2	 0	 1	 0	 1	 2	 2	 1	535.10	  0.00
737	05	20	v	 0	 2	11	 2	 2	 2	 2	 0	 1	 0	 1	 2	 2	 1	509.24	  0.00
738	05	20	v	 0	 2	11	 2	 2	 3	 2	 1	 1	 0	 1	 1	 1	 1	523.27	  0.00
739	05	20	v	 0	 2	11	 0	 1	 3	 2	 1	 1	 0	 1	 2	 2	 1	649.59	  0.00
740	05	20	v	 0	 2	11	 2	 2	 3	 2	 0	 1	 0	 1	 2	 2	 1	919.89	  0.00
741	05	20	v	 0	 2	11	 3	 2	 3	 2	 0	 1	 0	 1	 2	 2	 1	573.60	  0.00
742	05	20	v	 0	 2	11	 1	 1	 3	 2	 0	 1	 0	 1	 2	 2	 1	483.76	  0.00
743	05	20	v	 0	 2	11	 1	 1	 0	 1	 0	 1	 0	 1	 1	 1	 1	554.07	  0.00
744	05	20	v	 0	 2	11	 2	 2	 0	 1	 1	 1	 0	 1	 1	 1	 1	847.40	  0.00
745	05	20	v	 0	 2	11	 1	 1	 0	 1	 0	 1	 0	 1	 1	 1	 1	469.12	  0.00
746	05	20	v	 0	 2	11	 1	 1	 0	 1	 1	 1	 0	 1	 2	 2	 1	539.56	  0.00
747	05	20	v	 0	 2	11	 0	 1	 2	 2	 1	 1	 0	 1	 2	 2	 1	577.75	  0.00
748	05	20	v	 0	 2	11	 1	 1	 3	 2	 1	 1	 0	 1	 2	 2	 1	367.92	  0.00
749	05	20	v	 0	 2	11	 1	 1	 2	 2	 0	 1	 0	 1	 2	 1	 0	558.39	  0.00
750	05	20	v	 0	 2	11	 1	 1	 0	 1	 1	 1	 0	 1	 2	 2	 1	764.67	  0.00
751	05	20	v	 0	 2	11	 0	 1	 0	 1	 0	 1	 0	 1	 1	 1	 1	578.56	  0.00
752	05	20	v	 0	 2	11	 3	 2	 0	 1	 1	 1	 0	 1	 1	 1	 1	1328.78	  0.00
753	05	20	v	 0	 2	11	 3	 2	 2	 2	 1	 1	 0	 1	 1	 1	 1	523.86	  0.00
754	05	20	v	 0	 2	11	 1	 1	 2	 2	 1	 1	 0	 1	 2	 2	 1	594.91	  0.00
755	05	20	v	 0	 2	11	 1	 1	 2	 2	 0	 1	 0	 1	 2	 2	 1	665.29	  0.00
756	05	20	v	 0	 2	11	 0	 1	 1	 1	 0	 1	 0	 1	 1	 1	 1	623.28	  0.00
757	05	20	v	 0	 2	11	 0	 1	 2	 2	 0	 1	 0	 1	 2	 2	 1	597.40	  0.00
758	05	20	v	 0	 2	11	 1	 1	 1	 1	 0	 1	 0	 1	 1	 1	 1	515.72	  0.00
759	05	20	v	 0	 2	11	 0	 1	 2	 2	 1	 1	 0	 1	 2	 2	 1	689.90	  0.00
760	05	20	v	 0	 2	11	 3	 2	 0	 1	 1	 1	 0	 1	 1	 1	 1	543.07	  0.00
761	05	20	v	 0	 2	11	 3	 2	 1	 1	 1	 1	 0	 1	 1	 1	 1	805.24	  0.00
762	05	20	v	 0	 2	11	 0	 1	 1	 1	 1	 1	 0	 1	 2	 2	 1	563.09	  0.00
763	05	20	v	 0	 2	11	 2	 2	 0	 1	 0	 1	 0	 1	 1	 1	 1	737.29	  0.00
764	05	20	v	 0	 2	11	 2	 2	 3	 2	 1	 1	 0	 1	 1	 1	 1	1143.00	  0.00
765	05	20	v	 0	 2	11	 2	 2	 0	 1	 0	 1	 0	 1	 1	 1	 1	644.54	  0.00
766	05	20	v	 0	 2	11	 3	 2	 2	 2	 1	 1	 0	 1	 1	 1	 1	634.68	  0.00
767	05	20	v	 0	 2	11	 2	 2	 2	 2	 0	 1	 0	 1	 2	 1	 0	799.81	  0.00
768	05	20	v	 0	 2	12	 1	 1	 0	 1	 0	 1	 0	 1	 1	 1	 1	702.66	  0.00
769	05	20	v	 0	 2	12	 0	 1	 0	 1	 0	 1	 0	 1	 1	 1	 1	595.74	  0.00
770	05	20	v	 0	 2	12	 2	 2	 2	 2	 0	 1	 0	 1	 2	 2	 1	505.76	  0.00
771	05	20	v	 0	 2	12	 0	 1	 1	 1	 0	 1	 0	 1	 1	 1	 1	608.08	  0.00
772	05	20	v	 0	 2	12	 1	 1	 2	 2	 0	 1	 0	 1	 2	 2	 1	614.27	  0.00
773	05	20	v	 0	 2	12	 1	 1	 2	 2	 1	 1	 0	 1	 2	 2	 1	828.41	  0.00
774	05	20	v	 0	 2	12	 0	 1	 3	 2	 0	 1	 0	 1	 2	 2	 1	554.18	  0.00
775	05	20	v	 0	 2	12	 2	 2	 0	 1	 0	 1	 0	 1	 1	 1	 1	447.47	  0.00
776	05	20	v	 0	 2	12	 0	 1	 0	 1	 1	 1	 0	 1	 2	 2	 1	869.83	  0.00
777	05	20	v	 0	 2	12	 0	 1	 3	 2	 1	 1	 0	 1	 2	 2	 1	451.64	  0.00
778	05	20	v	 0	 2	12	 3	 2	 2	 2	 0	 1	 0	 1	 2	 2	 1	817.91	  0.00
779	05	20	v	 0	 2	12	 1	 1	 1	 1	 1	 1	 0	 1	 2	 2	 1	663.79	  0.00
780	05	20	v	 0	 2	12	 3	 2	 3	 2	 1	 1	 0	 1	 1	 1	 1	613.87	  0.00
781	05	20	v	 0	 2	12	 0	 1	 2	 2	 1	 1	 0	 1	 2	 2	 1	676.01	  0.00
782	05	20	v	 0	 2	12	 2	 2	 2	 2	 0	 1	 0	 1	 2	 2	 1	545.96	  0.00
783	05	20	v	 0	 2	12	 3	 2	 1	 1	 1	 1	 0	 1	 1	 2	 0	775.36	  0.00
784	05	20	v	 0	 2	12	 1	 1	 1	 1	 0	 1	 0	 1	 1	 1	 1	1109.09	  0.00
785	05	20	v	 0	 2	12	 1	 1	 0	 1	 0	 1	 0	 1	 1	 1	 1	450.50	  0.00
786	05	20	v	 0	 2	12	 3	 2	 0	 1	 0	 1	 0	 1	 1	 1	 1	496.70	  0.00
787	05	20	v	 0	 2	12	 1	 1	 3	 2	 0	 1	 0	 1	 2	 2	 1	703.14	  0.00
788	05	20	v	 0	 2	12	 2	 2	 1	 1	 0	 1	 0	 1	 1	 1	 1	725.18	  0.00
789	05	20	v	 0	 2	12	 0	 1	 3	 2	 0	 1	 0	 1	 2	 2	 1	515.16	  0.00
790	05	20	v	 0	 2	12	 2	 2	 1	 1	 0	 1	 0	 1	 1	 1	 1	617.45	  0.00
791	05	20	v	 0	 2	12	 0	 1	 2	 2	 0	 1	 0	 1	 2	 2	 1	567.71	  0.00
792	05	20	v	 0	 2	12	 2	 2	 1	 1	 1	 1	 0	 1	 1	 1	 1	1212.84	  0.00
793	05	20	v	 0	 2	12	 1	 1	 2	 2	 0	 1	 0	 1	 2	 2	 1	1010.05	  0.00
794	05	20	v	 0	 2	12	 1	 1	 2	 2	 1	 1	 0	 1	 2	 2	 1	1343.72	  0.00
795	05	20	v	 0	 2	12	 0	 1	 1	 1	 1	 1	 0	 1	 2	 2	 1	756.71	  0.00
796	05	20	v	 0	 2	12	 2	 2	 0	 1	 1	 1	 0	 1	 1	 1	 1	442.71	  0.00
797	05	20	v	 0	 2	12	 3	 2	 3	 2	 0	 1	 0	 1	 2	 2	 1	753.04	  0.00
798	05	20	v	 0	 2	12	 2	 2	 1	 1	 1	 1	 0	 1	 1	 1	 1	542.19	  0.00
799	05	20	v	 0	 2	12	 3	 2	 3	 2	 0	 1	 0	 1	 2	 1	 0	1220.27	  0.00
800	05	20	v	 0	 2	12	 2	 2	 3	 2	 1	 1	 0	 1	 1	 1	 1	1705.65	  0.00
801	05	20	v	 0	 2	12	 1	 1	 0	 1	 1	 1	 0	 1	 2	 2	 1	1461.92	  0.00
802	05	20	v	 0	 2	12	 2	 2	 3	 2	 0	 1	 0	 1	 2	 2	 1	571.03	  0.00
803	05	20	v	 0	 2	12	 3	 2	 0	 1	 1	 1	 0	 1	 1	 1	 1	577.23	  0.00
804	05	20	v	 0	 2	12	 2	 2	 3	 2	 0	 1	 0	 1	 2	 2	 1	599.31	  0.00
805	05	20	v	 0	 2	12	 0	 1	 3	 2	 1	 1	 0	 1	 2	 2	 1	549.37	  0.00
806	05	20	v	 0	 2	12	 3	 2	 3	 2	 1	 1	 0	 1	 1	 1	 1	474.78	  0.00
807	05	20	v	 0	 2	12	 3	 2	 2	 2	 1	 1	 0	 1	 1	 1	 1	384.20	  0.00
808	05	20	v	 0	 2	12	 0	 1	 1	 1	 1	 1	 0	 1	 2	 2	 1	647.58	  0.00
809	05	20	v	 0	 2	12	 1	 1	 3	 2	 0	 1	 0	 1	 2	 2	 1	1213.64	  0.00
810	05	20	v	 0	 2	12	 2	 2	 0	 1	 1	 1	 0	 1	 1	 1	 1	499.01	  0.00
811	05	20	v	 0	 2	12	 3	 2	 1	 1	 1	 1	 0	 1	 1	 1	 1	1592.63	  0.00
812	05	20	v	 0	 2	12	 3	 2	 0	 1	 0	 1	 0	 1	 1	 1	 1	541.05	  0.00
813	05	20	v	 0	 2	12	 2	 2	 3	 2	 1	 1	 0	 1	 1	 1	 1	499.21	  0.00
814	05	20	v	 0	 2	12	 0	 1	 0	 1	 1	 1	 0	 1	 2	 2	 1	1009.54	  0.00
815	05	20	v	 0	 2	12	 3	 2	 1	 1	 0	 1	 0	 1	 1	 1	 1	790.79	  0.00
816	05	20	v	 0	 2	12	 0	 1	 2	 2	 1	 1	 0	 1	 2	 2	 1	884.76	  0.00
817	05	20	v	 0	 2	12	 2	 2	 0	 1	 0	 1	 0	 1	 1	 1	 1	1410.69	  0.00
818	05	20	v	 0	 2	12	 0	 1	 0	 1	 0	 1	 0	 1	 1	 1	 1	559.84	  0.00
819	05	20	v	 0	 2	12	 2	 2	 2	 2	 1	 1	 0	 1	 1	 1	 1	1165.00	  0.00
820	05	20	v	 0	 2	12	 3	 2	 2	 2	 1	 1	 0	 1	 1	 1	 1	482.34	  0.00
821	05	20	v	 0	 2	12	 2	 2	 2	 2	 1	 1	 0	 1	 1	 1	 1	440.68	  0.00
822	05	20	v	 0	 2	12	 3	 2	 0	 1	 1	 1	 0	 1	 1	 1	 1	391.07	  0.00
823	05	20	v	 0	 2	12	 1	 1	 1	 1	 1	 1	 0	 1	 2	 2	 1	469.34	  0.00
824	05	20	v	 0	 2	12	 1	 1	 3	 2	 1	 1	 0	 1	 2	 2	 1	459.83	  0.00
825	05	20	v	 0	 2	12	 1	 1	 1	 1	 0	 1	 0	 1	 1	 1	 1	610.14	  0.00
826	05	20	v	 0	 2	12	 0	 1	 1	 1	 0	 1	 0	 1	 1	 1	 1	664.31	  0.00
827	05	20	v	 0	 2	12	 1	 1	 3	 2	 1	 1	 0	 1	 2	 1	 0	566.20	  0.00
828	05	20	v	 0	 2	12	 3	 2	 2	 2	 0	 1	 0	 1	 2	 2	 1	660.59	  0.00
829	05	20	v	 0	 2	12	 0	 1	 2	 2	 0	 1	 0	 1	 2	 2	 1	361.65	  0.00
830	05	20	v	 0	 2	12	 3	 2	 1	 1	 0	 1	 0	 1	 1	 2	 0	368.09	  0.00
831	05	20	v	 0	 2	12	 1	 1	 0	 1	 1	 1	 0	 1	 2	 2	 1	926.70	  0.00
832	05	20	v	 0	 2	13	 3	 2	 3	 2	 1	 1	 0	 1	 1	 1	 1	444.19	  0.00
833	05	20	v	 0	 2	13	 1	 1	 2	 2	 0	 1	 0	 1	 2	 2	 1	538.51	  0.00
834	05	20	v	 0	 2	13	 1	 1	 2	 2	 0	 1	 0	 1	 2	 2	 1	576.99	  0.00
835	05	20	v	 0	 2	13	 0	 1	 2	 2	 0	 1	 0	 1	 2	 2	 1	543.27	  0.00
836	05	20	v	 0	 2	13	 2	 2	 1	 1	 0	 1	 0	 1	 1	 1	 1	557.38	  0.00
837	05	20	v	 0	 2	13	 1	 1	 1	 1	 0	 1	 0	 1	 1	 1	 1	570.63	  0.00
838	05	20	v	 0	 2	13	 2	 2	 2	 2	 1	 1	 0	 1	 1	 1	 1	576.86	  0.00
839	05	20	v	 0	 2	13	 3	 2	 3	 2	 0	 1	 0	 1	 2	 2	 1	662.95	  0.00
840	05	20	v	 0	 2	13	 3	 2	 1	 1	 1	 1	 0	 1	 1	 1	 1	533.09	  0.00
841	05	20	v	 0	 2	13	 1	 1	 3	 2	 1	 1	 0	 1	 2	 2	 1	715.11	  0.00
842	05	20	v	 0	 2	13	 3	 2	 2	 2	 1	 1	 0	 1	 1	 1	 1	865.33	  0.00
843	05	20	v	 0	 2	13	 2	 2	 3	 2	 1	 1	 0	 1	 1	 1	 1	503.08	  0.00
844	05	20	v	 0	 2	13	 0	 1	 0	 1	 1	 1	 0	 1	 2	 2	 1	388.66	  0.00
845	05	20	v	 0	 2	13	 0	 1	 0	 1	 1	 1	 0	 1	 2	 2	 1	442.92	  0.00
846	05	20	v	 0	 2	13	 1	 1	 1	 1	 1	 1	 0	 1	 2	 2	 1	762.14	  0.00
847	05	20	v	 0	 2	13	 1	 1	 1	 1	 0	 1	 0	 1	 1	 1	 1	703.12	  0.00
848	05	20	v	 0	 2	13	 1	 1	 2	 2	 1	 1	 0	 1	 2	 2	 1	1196.96	  0.00
849	05	20	v	 0	 2	13	 0	 1	 0	 1	 0	 1	 0	 1	 1	 1	 1	834.44	  0.00
850	05	20	v	 0	 2	13	 0	 1	 3	 2	 1	 1	 0	 1	 2	 2	 1	800.32	  0.00
851	05	20	v	 0	 2	13	 0	 1	 2	 2	 0	 1	 0	 1	 2	 2	 1	1350.15	  0.00
852	05	20	v	 0	 2	13	 3	 2	 2	 2	 0	 1	 0	 1	 2	 2	 1	450.23	  0.00
853	05	20	v	 0	 2	13	 0	 1	 2	 2	 1	 1	 0	 1	 2	 2	 1	520.59	  0.00
854	05	20	v	 0	 2	13	 2	 2	 2	 2	 0	 1	 0	 1	 2	 2	 1	526.78	  0.00
855	05	20	v	 0	 2	13	 2	 2	 0	 1	 1	 1	 0	 1	 1	 1	 1	517.19	  0.00
856	05	20	v	 0	 2	13	 0	 1	 3	 2	 0	 1	 0	 1	 2	 1	 0	763.46	  0.00
857	05	20	v	 0	 2	13	 2	 2	 1	 1	 1	 1	 0	 1	 1	 1	 1	865.43	  0.00
858	05	20	v	 0	 2	13	 2	 2	 2	 2	 1	 1	 0	 1	 1	 1	 1	655.10	  0.00
859	05	20	v	 0	 2	13	 3	 2	 3	 2	 0	 1	 0	 1	 2	 2	 1	893.15	  0.00
860	05	20	v	 0	 2	13	 2	 2	 3	 2	 0	 1	 0	 1	 2	 2	 1	1586.94	  0.00
861	05	20	v	 0	 2	13	 3	 2	 1	 1	 0	 1	 0	 1	 1	 1	 1	670.67	  0.00
862	05	20	v	 0	 2	13	 1	 1	 3	 2	 1	 1	 0	 1	 2	 2	 1	868.78	  0.00
863	05	20	v	 0	 2	13	 0	 1	 2	 2	 1	 1	 0	 1	 2	 2	 1	434.50	  0.00
864	05	20	v	 0	 2	13	 3	 2	 0	 1	 1	 1	 0	 1	 1	 1	 1	520.72	  0.00
865	05	20	v	 0	 2	13	 1	 1	 0	 1	 0	 1	 0	 1	 1	 1	 1	775.18	  0.00
866	05	20	v	 0	 2	13	 3	 2	 2	 2	 0	 1	 0	 1	 2	 1	 0	365.10	  0.00
867	05	20	v	 0	 2	13	 2	 2	 0	 1	 0	 1	 0	 1	 1	 1	 1	667.62	  0.00
868	05	20	v	 0	 2	13	 1	 1	 2	 2	 1	 1	 0	 1	 2	 2	 1	1064.70	  0.00
869	05	20	v	 0	 2	13	 3	 2	 0	 1	 1	 1	 0	 1	 1	 1	 1	1158.13	  0.00
870	05	20	v	 0	 2	13	 3	 2	 2	 2	 1	 1	 0	 1	 1	 1	 1	547.52	  0.00
871	05	20	v	 0	 2	13	 1	 1	 0	 1	 0	 1	 0	 1	 1	 1	 1	1545.76	  0.00
872	05	20	v	 0	 2	13	 0	 1	 3	 2	 1	 1	 0	 1	 2	 2	 1	1165.61	  0.00
873	05	20	v	 0	 2	13	 2	 2	 0	 1	 0	 1	 0	 1	 1	 1	 1	643.16	  0.00
874	05	20	v	 0	 2	13	 2	 2	 0	 1	 1	 1	 0	 1	 1	 2	 0	864.93	  0.00
875	05	20	v	 0	 2	13	 2	 2	 3	 2	 1	 1	 0	 1	 1	 1	 1	662.54	  0.00
876	05	20	v	 0	 2	13	 3	 2	 1	 1	 1	 1	 0	 1	 1	 1	 1	524.81	  0.00
877	05	20	v	 0	 2	13	 0	 1	 1	 1	 0	 1	 0	 1	 1	 2	 0	1787.06	  0.00
878	05	20	v	 0	 2	13	 3	 2	 0	 1	 0	 1	 0	 1	 1	 1	 1	1759.60	  0.00
879	05	20	v	 0	 2	13	 1	 1	 0	 1	 1	 1	 0	 1	 2	 2	 1	915.29	  0.00
880	05	20	v	 0	 2	13	 3	 2	 3	 2	 1	 1	 0	 1	 1	 1	 1	681.72	  0.00
881	05	20	v	 0	 2	13	 1	 1	 1	 1	 1	 1	 0	 1	 2	 2	 1	718.80	  0.00
882	05	20	v	 0	 2	13	 2	 2	 2	 2	 0	 1	 0	 1	 2	 2	 1	1412.78	  0.00
883	05	20	v	 0	 2	13	 0	 1	 1	 1	 1	 1	 0	 1	 2	 2	 1	961.81	  0.00
884	05	20	v	 0	 2	13	 3	 2	 1	 1	 0	 1	 0	 1	 1	 1	 1	607.40	  0.00
885	05	20	v	 0	 2	13	 2	 2	 1	 1	 0	 1	 0	 1	 1	 1	 1	613.55	  0.00
886	05	20	v	 0	 2	13	 0	 1	 1	 1	 1	 1	 0	 1	 2	 1	 0	787.72	  0.00
887	05	20	v	 0	 2	13	 0	 1	 0	 1	 0	 1	 0	 1	 1	 1	 1	1200.78	  0.00
888	05	20	v	 0	 2	13	 0	 1	 1	 1	 0	 1	 0	 1	 1	 1	 1	701.88	  0.00
889	05	20	v	 0	 2	13	 3	 2	 0	 1	 0	 1	 0	 1	 1	 1	 1	571.84	  0.00
890	05	20	v	 0	 2	13	 0	 1	 3	 2	 0	 1	 0	 1	 2	 2	 1	1210.20	  0.00
891	05	20	v	 0	 2	13	 2	 2	 1	 1	 1	 1	 0	 1	 1	 1	 1	751.43	  0.00
892	05	20	v	 0	 2	13	 2	 2	 3	 2	 0	 1	 0	 1	 2	 2	 1	1989.37	  0.00
893	05	20	v	 0	 2	13	 1	 1	 3	 2	 0	 1	 0	 1	 2	 2	 1	896.64	  0.00
894	05	20	v	 0	 2	13	 1	 1	 3	 2	 0	 1	 0	 1	 2	 2	 1	406.18	  0.00
895	05	20	v	 0	 2	13	 1	 1	 0	 1	 1	 1	 0	 1	 2	 1	 0	987.98	  0.00
