00	27	18	m	 1	 2	 0	 0	 1	 1	 1	 1	 0	 1	 1	 1	 2	 0	1691.75	  0.00
01	27	18	m	 1	 2	 0	 3	 2	 2	 2	 1	 0	 1	 1	 2	 2	 1	1697.77	  0.00
02	27	18	m	 1	 2	 0	 1	 1	 3	 2	 0	 0	 1	 1	 1	 1	 1	1019.28	  0.00
03	27	18	m	 1	 2	 0	 2	 2	 0	 1	 0	 0	 1	 1	 2	 2	 1	728.13	  0.00
04	27	18	m	 1	 2	 0	 1	 1	 2	 2	 0	 0	 1	 1	 1	 1	 1	609.30	  0.00
05	27	18	m	 1	 2	 0	 1	 1	 0	 1	 1	 0	 1	 1	 1	 1	 1	519.91	  0.00
06	27	18	m	 1	 2	 0	 1	 1	 0	 1	 1	 0	 1	 1	 1	 1	 1	468.85	  0.00
07	27	18	m	 1	 2	 0	 0	 1	 1	 1	 0	 0	 1	 1	 1	 1	 1	463.03	  0.00
08	27	18	m	 1	 2	 0	 3	 2	 3	 2	 1	 0	 1	 1	 2	 2	 1	490.82	  0.00
09	27	18	m	 1	 2	 0	 3	 2	 3	 2	 1	 0	 1	 1	 2	 2	 1	475.11	  0.00
10	27	18	m	 1	 2	 0	 0	 1	 3	 2	 1	 0	 1	 1	 1	 1	 1	543.80	  0.00
11	27	18	m	 1	 2	 0	 2	 2	 3	 2	 1	 0	 1	 1	 2	 2	 1	802.72	  0.00
12	27	18	m	 1	 2	 0	 3	 2	 3	 2	 0	 0	 1	 1	 2	 2	 1	484.10	  0.00
13	27	18	m	 1	 2	 0	 2	 2	 2	 2	 0	 0	 1	 1	 2	 2	 1	516.88	  0.00
14	27	18	m	 1	 2	 0	 2	 2	 2	 2	 1	 0	 1	 1	 2	 2	 1	495.62	  0.00
15	27	18	m	 1	 2	 0	 3	 2	 2	 2	 0	 0	 1	 1	 2	 2	 1	485.05	  0.00
16	27	18	m	 1	 2	 0	 2	 2	 0	 1	 0	 0	 1	 1	 2	 2	 1	450.43	  0.00
17	27	18	m	 1	 2	 0	 2	 2	 1	 1	 1	 0	 1	 1	 2	 2	 1	440.18	  0.00
18	27	18	m	 1	 2	 0	 2	 2	 3	 2	 1	 0	 1	 1	 2	 2	 1	451.51	  0.00
19	27	18	m	 1	 2	 0	 3	 2	 0	 1	 1	 0	 1	 1	 2	 2	 1	441.26	  0.00
20	27	18	m	 1	 2	 0	 1	 1	 0	 1	 0	 0	 1	 1	 1	 1	 1	460.69	  0.00
21	27	18	m	 1	 2	 0	 3	 2	 1	 1	 1	 0	 1	 1	 2	 2	 1	629.21	  0.00
22	27	18	m	 1	 2	 0	 2	 2	 1	 1	 1	 0	 1	 1	 2	 2	 1	496.38	  0.00
23	27	18	m	 1	 2	 0	 3	 2	 1	 1	 1	 0	 1	 1	 2	 2	 1	447.89	  0.00
24	27	18	m	 1	 2	 0	 3	 2	 3	 2	 0	 0	 1	 1	 2	 2	 1	404.98	  0.00
25	27	18	m	 1	 2	 0	 2	 2	 2	 2	 1	 0	 1	 1	 2	 2	 1	424.79	  0.00
26	27	18	m	 1	 2	 0	 1	 1	 2	 2	 1	 0	 1	 1	 1	 1	 1	479.72	  0.00
27	27	18	m	 1	 2	 0	 0	 1	 2	 2	 0	 0	 1	 1	 1	 1	 1	564.68	  0.00
28	27	18	m	 1	 2	 0	 3	 2	 0	 1	 0	 0	 1	 1	 2	 2	 1	452.77	  0.00
29	27	18	m	 1	 2	 0	 0	 1	 0	 1	 1	 0	 1	 1	 1	 1	 1	525.03	  0.00
30	27	18	m	 1	 2	 0	 3	 2	 0	 1	 1	 0	 1	 1	 2	 2	 1	478.20	  0.00
31	27	18	m	 1	 2	 0	 2	 2	 0	 1	 1	 0	 1	 1	 2	 2	 1	496.85	  0.00
32	27	18	m	 1	 2	 0	 0	 1	 2	 2	 1	 0	 1	 1	 1	 1	 1	468.42	  0.00
33	27	18	m	 1	 2	 0	 0	 1	 1	 1	 0	 0	 1	 1	 1	 1	 1	531.54	  0.00
34	27	18	m	 1	 2	 0	 0	 1	 3	 2	 0	 0	 1	 1	 1	 1	 1	477.60	  0.00
35	27	18	m	 1	 2	 0	 1	 1	 1	 1	 0	 0	 1	 1	 1	 1	 1	450.16	  0.00
36	27	18	m	 1	 2	 0	 1	 1	 2	 2	 0	 0	 1	 1	 1	 1	 1	428.20	  0.00
37	27	18	m	 1	 2	 0	 1	 1	 3	 2	 1	 0	 1	 1	 1	 1	 1	451.13	  0.00
38	27	18	m	 1	 2	 0	 0	 1	 1	 1	 1	 0	 1	 1	 1	 1	 1	397.09	  0.00
39	27	18	m	 1	 2	 0	 2	 2	 1	 1	 0	 0	 1	 1	 2	 2	 1	539.43	  0.00
40	27	18	m	 1	 2	 0	 3	 2	 0	 1	 0	 0	 1	 1	 2	 2	 1	412.07	  0.00
41	27	18	m	 1	 2	 0	 1	 1	 2	 2	 1	 0	 1	 1	 1	 1	 1	491.39	  0.00
42	27	18	m	 1	 2	 0	 2	 2	 3	 2	 0	 0	 1	 1	 2	 2	 1	505.70	  0.00
43	27	18	m	 1	 2	 0	 2	 2	 1	 1	 0	 0	 1	 1	 2	 2	 1	462.68	  0.00
44	27	18	m	 1	 2	 0	 2	 2	 2	 2	 0	 0	 1	 1	 2	 2	 1	410.54	  0.00
45	27	18	m	 1	 2	 0	 0	 1	 0	 1	 1	 0	 1	 1	 1	 1	 1	511.80	  0.00
46	27	18	m	 1	 2	 0	 3	 2	 2	 2	 0	 0	 1	 1	 2	 2	 1	354.37	  0.00
47	27	18	m	 1	 2	 0	 0	 1	 0	 1	 0	 0	 1	 1	 1	 1	 1	444.99	  0.00
48	27	18	m	 1	 2	 0	 3	 2	 1	 1	 0	 0	 1	 1	 2	 2	 1	453.79	  0.00
49	27	18	m	 1	 2	 0	 1	 1	 0	 1	 0	 0	 1	 1	 1	 1	 1	473.38	  0.00
50	27	18	m	 1	 2	 0	 1	 1	 1	 1	 1	 0	 1	 1	 1	 1	 1	568.90	  0.00
51	27	18	m	 1	 2	 0	 0	 1	 3	 2	 0	 0	 1	 1	 1	 1	 1	557.55	  0.00
52	27	18	m	 1	 2	 0	 1	 1	 3	 2	 0	 0	 1	 1	 1	 1	 1	454.78	  0.00
53	27	18	m	 1	 2	 0	 1	 1	 1	 1	 0	 0	 1	 1	 1	 1	 1	371.04	  0.00
54	27	18	m	 1	 2	 0	 0	 1	 0	 1	 0	 0	 1	 1	 1	 1	 1	425.98	  0.00
55	27	18	m	 1	 2	 0	 1	 1	 3	 2	 1	 0	 1	 1	 1	 1	 1	399.19	  0.00
56	27	18	m	 1	 2	 0	 3	 2	 1	 1	 0	 0	 1	 1	 2	 2	 1	517.26	  0.00
57	27	18	m	 1	 2	 0	 0	 1	 2	 2	 0	 0	 1	 1	 1	 1	 1	498.32	  0.00
58	27	18	m	 1	 2	 0	 0	 1	 2	 2	 1	 0	 1	 1	 1	 1	 1	529.18	  0.00
59	27	18	m	 1	 2	 0	 2	 2	 3	 2	 0	 0	 1	 1	 2	 2	 1	468.53	  0.00
60	27	18	m	 1	 2	 0	 0	 1	 3	 2	 1	 0	 1	 1	 1	 1	 1	461.23	  0.00
61	27	18	m	 1	 2	 0	 3	 2	 2	 2	 1	 0	 1	 1	 2	 2	 1	499.79	  0.00
62	27	18	m	 1	 2	 0	 2	 2	 0	 1	 1	 0	 1	 1	 2	 2	 1	503.13	  0.00
63	27	18	m	 1	 2	 0	 1	 1	 1	 1	 1	 0	 1	 1	 1	 1	 1	443.61	  0.00
64	27	18	m	 1	 2	 1	 1	 1	 2	 2	 0	 0	 1	 1	 1	 1	 1	1031.48	  0.00
65	27	18	m	 1	 2	 1	 0	 1	 0	 1	 0	 0	 1	 1	 1	 1	 1	495.82	  0.00
66	27	18	m	 1	 2	 1	 0	 1	 3	 2	 1	 0	 1	 1	 1	 1	 1	458.84	  0.00
67	27	18	m	 1	 2	 1	 0	 1	 0	 1	 1	 0	 1	 1	 1	 1	 1	454.59	  0.00
68	27	18	m	 1	 2	 1	 2	 2	 1	 1	 1	 0	 1	 1	 2	 2	 1	474.67	  0.00
69	27	18	m	 1	 2	 1	 1	 1	 0	 1	 1	 0	 1	 1	 1	 1	 1	454.01	  0.00
70	27	18	m	 1	 2	 1	 0	 1	 0	 1	 0	 0	 1	 1	 1	 1	 1	482.29	  0.00
71	27	18	m	 1	 2	 1	 0	 1	 1	 1	 0	 0	 1	 1	 1	 1	 1	467.05	  0.00
72	27	18	m	 1	 2	 1	 3	 2	 2	 2	 1	 0	 1	 1	 2	 2	 1	421.90	  0.00
73	27	18	m	 1	 2	 1	 3	 2	 3	 2	 0	 0	 1	 1	 2	 2	 1	449.30	  0.00
74	27	18	m	 1	 2	 1	 2	 2	 3	 2	 0	 0	 1	 1	 2	 2	 1	387.71	  0.00
75	27	18	m	 1	 2	 1	 1	 1	 0	 1	 1	 0	 1	 1	 1	 1	 1	495.06	  0.00
76	27	18	m	 1	 2	 1	 1	 1	 3	 2	 1	 0	 1	 1	 1	 1	 1	430.11	  0.00
77	27	18	m	 1	 2	 1	 0	 1	 1	 1	 1	 0	 1	 1	 1	 1	 1	399.20	  0.00
78	27	18	m	 1	 2	 1	 0	 1	 2	 2	 1	 0	 1	 1	 1	 1	 1	457.53	  0.00
79	27	18	m	 1	 2	 1	 0	 1	 2	 2	 0	 0	 1	 1	 1	 1	 1	417.54	  0.00
80	27	18	m	 1	 2	 1	 1	 1	 2	 2	 1	 0	 1	 1	 1	 1	 1	467.74	  0.00
81	27	18	m	 1	 2	 1	 2	 2	 2	 2	 0	 0	 1	 1	 2	 2	 1	479.82	  0.00
82	27	18	m	 1	 2	 1	 3	 2	 2	 2	 0	 0	 1	 1	 2	 2	 1	390.88	  0.00
83	27	18	m	 1	 2	 1	 2	 2	 2	 2	 1	 0	 1	 1	 2	 2	 1	394.05	  0.00
84	27	18	m	 1	 2	 1	 3	 2	 1	 1	 0	 0	 1	 1	 2	 2	 1	397.89	  0.00
85	27	18	m	 1	 2	 1	 2	 2	 0	 1	 0	 0	 1	 1	 2	 2	 1	477.92	  0.00
86	27	18	m	 1	 2	 1	 3	 2	 1	 1	 1	 0	 1	 1	 2	 2	 1	397.41	  0.00
87	27	18	m	 1	 2	 1	 2	 2	 2	 2	 1	 0	 1	 1	 2	 2	 1	457.62	  0.00
88	27	18	m	 1	 2	 1	 0	 1	 1	 1	 0	 0	 1	 1	 1	 1	 1	500.27	  0.00
89	27	18	m	 1	 2	 1	 3	 2	 0	 1	 1	 0	 1	 1	 2	 1	 0	534.07	  0.00
90	27	18	m	 1	 2	 1	 1	 1	 3	 2	 0	 0	 1	 1	 1	 1	 1	709.14	  0.00
91	27	18	m	 1	 2	 1	 1	 1	 3	 2	 0	 0	 1	 1	 1	 1	 1	502.27	  0.00
92	27	18	m	 1	 2	 1	 2	 2	 3	 2	 1	 0	 1	 1	 2	 2	 1	478.75	  0.00
93	27	18	m	 1	 2	 1	 3	 2	 0	 1	 0	 0	 1	 1	 2	 2	 1	447.16	  0.00
94	27	18	m	 1	 2	 1	 1	 1	 1	 1	 0	 0	 1	 1	 1	 1	 1	445.49	  0.00
95	27	18	m	 1	 2	 1	 1	 1	 1	 1	 1	 0	 1	 1	 1	 1	 1	514.74	  0.00
96	27	18	m	 1	 2	 1	 3	 2	 3	 2	 1	 0	 1	 1	 2	 2	 1	493.94	  0.00
97	27	18	m	 1	 2	 1	 1	 1	 2	 2	 0	 0	 1	 1	 1	 1	 1	603.80	  0.00
98	27	18	m	 1	 2	 1	 0	 1	 3	 2	 0	 0	 1	 1	 1	 1	 1	479.58	  0.00
99	27	18	m	 1	 2	 1	 2	 2	 1	 1	 1	 0	 1	 1	 2	 2	 1	521.39	  0.00
100	27	18	m	 1	 2	 1	 3	 2	 1	 1	 0	 0	 1	 1	 2	 2	 1	481.59	  0.00
101	27	18	m	 1	 2	 1	 3	 2	 1	 1	 1	 0	 1	 1	 2	 2	 1	604.00	  0.00
102	27	18	m	 1	 2	 1	 3	 2	 2	 2	 0	 0	 1	 1	 2	 2	 1	512.17	  0.00
103	27	18	m	 1	 2	 1	 2	 2	 3	 2	 1	 0	 1	 1	 2	 2	 1	545.24	  0.00
104	27	18	m	 1	 2	 1	 0	 1	 3	 2	 1	 0	 1	 1	 1	 1	 1	538.69	  0.00
105	27	18	m	 1	 2	 1	 0	 1	 2	 2	 1	 0	 1	 1	 1	 1	 1	477.20	  0.00
106	27	18	m	 1	 2	 1	 0	 1	 0	 1	 1	 0	 1	 1	 1	 1	 1	600.75	  0.00
107	27	18	m	 1	 2	 1	 1	 1	 3	 2	 1	 0	 1	 1	 1	 1	 1	541.79	  0.00
108	27	18	m	 1	 2	 1	 2	 2	 3	 2	 0	 0	 1	 1	 2	 2	 1	512.89	  0.00
109	27	18	m	 1	 2	 1	 0	 1	 1	 1	 1	 0	 1	 1	 1	 1	 1	625.17	  0.00
110	27	18	m	 1	 2	 1	 3	 2	 3	 2	 0	 0	 1	 1	 2	 2	 1	505.59	  0.00
111	27	18	m	 1	 2	 1	 1	 1	 0	 1	 0	 0	 1	 1	 1	 1	 1	416.81	  0.00
112	27	18	m	 1	 2	 1	 2	 2	 0	 1	 0	 0	 1	 1	 2	 2	 1	594.78	  0.00
113	27	18	m	 1	 2	 1	 3	 2	 3	 2	 1	 0	 1	 1	 2	 1	 0	467.71	  0.00
114	27	18	m	 1	 2	 1	 3	 2	 2	 2	 1	 0	 1	 1	 2	 2	 1	933.75	  0.00
115	27	18	m	 1	 2	 1	 1	 1	 2	 2	 1	 0	 1	 1	 1	 1	 1	482.80	  0.00
116	27	18	m	 1	 2	 1	 2	 2	 1	 1	 0	 0	 1	 1	 2	 2	 1	647.06	  0.00
117	27	18	m	 1	 2	 1	 2	 2	 0	 1	 1	 0	 1	 1	 2	 2	 1	683.23	  0.00
118	27	18	m	 1	 2	 1	 0	 1	 2	 2	 0	 0	 1	 1	 1	 1	 1	539.62	  0.00
119	27	18	m	 1	 2	 1	 1	 1	 1	 1	 0	 0	 1	 1	 1	 1	 1	446.89	  0.00
120	27	18	m	 1	 2	 1	 1	 1	 0	 1	 0	 0	 1	 1	 1	 1	 1	470.18	  0.00
121	27	18	m	 1	 2	 1	 2	 2	 2	 2	 0	 0	 1	 1	 2	 2	 1	461.87	  0.00
122	27	18	m	 1	 2	 1	 0	 1	 3	 2	 0	 0	 1	 1	 1	 1	 1	510.38	  0.00
123	27	18	m	 1	 2	 1	 3	 2	 0	 1	 1	 0	 1	 1	 2	 2	 1	418.93	  0.00
124	27	18	m	 1	 2	 1	 2	 2	 0	 1	 1	 0	 1	 1	 2	 2	 1	482.68	  0.00
125	27	18	m	 1	 2	 1	 2	 2	 1	 1	 0	 0	 1	 1	 2	 2	 1	442.93	  0.00
126	27	18	m	 1	 2	 1	 1	 1	 1	 1	 1	 0	 1	 1	 1	 1	 1	498.48	  0.00
127	27	18	m	 1	 2	 1	 3	 2	 0	 1	 0	 0	 1	 1	 2	 2	 1	434.02	  0.00
128	27	18	m	 1	 2	 2	 3	 2	 2	 2	 1	 0	 1	 1	 1	 1	 1	1941.52	  0.00
129	27	18	m	 1	 2	 2	 3	 2	 1	 1	 1	 0	 1	 1	 2	 2	 1	775.93	  0.00
130	27	18	m	 1	 2	 2	 0	 1	 1	 1	 0	 0	 1	 1	 2	 2	 1	591.14	  0.00
131	27	18	m	 1	 2	 2	 3	 2	 0	 1	 0	 0	 1	 1	 2	 2	 1	1548.08	  0.00
132	27	18	m	 1	 2	 2	 0	 1	 3	 2	 1	 0	 1	 1	 1	 1	 1	877.95	  0.00
133	27	18	m	 1	 2	 2	 2	 2	 0	 1	 1	 0	 1	 1	 2	 2	 1	866.98	  0.00
134	27	18	m	 1	 2	 2	 0	 1	 2	 2	 0	 0	 1	 1	 1	 1	 1	763.73	  0.00
135	27	18	m	 1	 2	 2	 1	 1	 3	 2	 1	 0	 1	 1	 1	 1	 1	1027.73	  0.00
136	27	18	m	 1	 2	 2	 1	 1	 0	 1	 1	 0	 1	 1	 2	 2	 1	842.57	  0.00
137	27	18	m	 1	 2	 2	 3	 2	 0	 1	 1	 0	 1	 1	 2	 2	 1	784.44	  0.00
138	27	18	m	 1	 2	 2	 1	 1	 2	 2	 0	 0	 1	 1	 1	 1	 1	732.90	  0.00
139	27	18	m	 1	 2	 2	 2	 2	 1	 1	 0	 0	 1	 1	 2	 2	 1	629.71	  0.00
140	27	18	m	 1	 2	 2	 2	 2	 2	 2	 1	 0	 1	 1	 1	 1	 1	703.53	  0.00
141	27	18	m	 1	 2	 2	 3	 2	 3	 2	 1	 0	 1	 1	 1	 1	 1	1070.87	  0.00
142	27	18	m	 1	 2	 2	 2	 2	 1	 1	 1	 0	 1	 1	 2	 2	 1	741.47	  0.00
143	27	18	m	 1	 2	 2	 1	 1	 0	 1	 0	 0	 1	 1	 2	 2	 1	991.02	  0.00
144	27	18	m	 1	 2	 2	 0	 1	 3	 2	 1	 0	 1	 1	 1	 1	 1	648.14	  0.00
145	27	18	m	 1	 2	 2	 2	 2	 0	 1	 0	 0	 1	 1	 2	 2	 1	691.97	  0.00
146	27	18	m	 1	 2	 2	 2	 2	 0	 1	 0	 0	 1	 1	 2	 2	 1	591.57	  0.00
147	27	18	m	 1	 2	 2	 3	 2	 1	 1	 0	 0	 1	 1	 2	 2	 1	763.45	  0.00
148	27	18	m	 1	 2	 2	 1	 1	 3	 2	 0	 0	 1	 1	 1	 1	 1	545.96	  0.00
149	27	18	m	 1	 2	 2	 3	 2	 2	 2	 1	 0	 1	 1	 1	 1	 1	529.31	  0.00
150	27	18	m	 1	 2	 2	 0	 1	 1	 1	 0	 0	 1	 1	 2	 2	 1	614.01	  0.00
151	27	18	m	 1	 2	 2	 1	 1	 3	 2	 1	 0	 1	 1	 1	 1	 1	714.95	  0.00
152	27	18	m	 1	 2	 2	 2	 2	 3	 2	 1	 0	 1	 1	 1	 1	 1	998.09	  0.00
153	27	18	m	 1	 2	 2	 1	 1	 2	 2	 1	 0	 1	 1	 1	 1	 1	780.27	  0.00
154	27	18	m	 1	 2	 2	 1	 1	 1	 1	 1	 0	 1	 1	 2	 2	 1	519.25	  0.00
155	27	18	m	 1	 2	 2	 1	 1	 1	 1	 1	 0	 1	 1	 2	 2	 1	489.86	  0.00
156	27	18	m	 1	 2	 2	 3	 2	 3	 2	 1	 0	 1	 1	 1	 1	 1	609.13	  0.00
157	27	18	m	 1	 2	 2	 2	 2	 1	 1	 0	 0	 1	 1	 2	 2	 1	729.00	  0.00
158	27	18	m	 1	 2	 2	 0	 1	 0	 1	 1	 0	 1	 1	 2	 2	 1	878.88	  0.00
159	27	18	m	 1	 2	 2	 0	 1	 2	 2	 1	 0	 1	 1	 1	 1	 1	590.51	  0.00
160	27	18	m	 1	 2	 2	 3	 2	 0	 1	 1	 0	 1	 1	 2	 2	 1	599.20	  0.00
161	27	18	m	 1	 2	 2	 0	 1	 0	 1	 0	 0	 1	 1	 2	 2	 1	542.50	  0.00
162	27	18	m	 1	 2	 2	 1	 1	 3	 2	 0	 0	 1	 1	 1	 1	 1	602.82	  0.00
163	27	18	m	 1	 2	 2	 0	 1	 2	 2	 0	 0	 1	 1	 1	 1	 1	1361.11	  0.00
164	27	18	m	 1	 2	 2	 1	 1	 1	 1	 0	 0	 1	 1	 2	 2	 1	593.41	  0.00
165	27	18	m	 1	 2	 2	 2	 2	 1	 1	 1	 0	 1	 1	 2	 2	 1	512.21	  0.00
166	27	18	m	 1	 2	 2	 1	 1	 0	 1	 0	 0	 1	 1	 2	 2	 1	637.77	  0.00
167	27	18	m	 1	 2	 2	 1	 1	 0	 1	 1	 0	 1	 1	 2	 2	 1	551.15	  0.00
168	27	18	m	 1	 2	 2	 2	 2	 3	 2	 1	 0	 1	 1	 1	 1	 1	551.49	  0.00
169	27	18	m	 1	 2	 2	 3	 2	 2	 2	 0	 0	 1	 1	 1	 1	 1	542.90	  0.00
170	27	18	m	 1	 2	 2	 1	 1	 2	 2	 0	 0	 1	 1	 1	 1	 1	1459.97	  0.00
171	27	18	m	 1	 2	 2	 1	 1	 1	 1	 0	 0	 1	 1	 2	 2	 1	588.73	  0.00
172	27	18	m	 1	 2	 2	 2	 2	 3	 2	 0	 0	 1	 1	 1	 1	 1	842.17	  0.00
173	27	18	m	 1	 2	 2	 2	 2	 2	 2	 0	 0	 1	 1	 1	 1	 1	621.96	  0.00
174	27	18	m	 1	 2	 2	 0	 1	 1	 1	 1	 0	 1	 1	 2	 2	 1	668.63	  0.00
175	27	18	m	 1	 2	 2	 2	 2	 3	 2	 0	 0	 1	 1	 1	 1	 1	834.92	  0.00
176	27	18	m	 1	 2	 2	 2	 2	 0	 1	 1	 0	 1	 1	 2	 2	 1	774.13	  0.00
177	27	18	m	 1	 2	 2	 0	 1	 3	 2	 0	 0	 1	 1	 1	 1	 1	540.31	  0.00
178	27	18	m	 1	 2	 2	 2	 2	 2	 2	 1	 0	 1	 1	 1	 1	 1	728.48	  0.00
179	27	18	m	 1	 2	 2	 3	 2	 1	 1	 0	 0	 1	 1	 2	 2	 1	576.37	  0.00
180	27	18	m	 1	 2	 2	 2	 2	 2	 2	 0	 0	 1	 1	 1	 1	 1	658.49	  0.00
181	27	18	m	 1	 2	 2	 0	 1	 0	 1	 0	 0	 1	 1	 2	 2	 1	740.37	  0.00
182	27	18	m	 1	 2	 2	 0	 1	 1	 1	 1	 0	 1	 1	 2	 2	 1	652.58	  0.00
183	27	18	m	 1	 2	 2	 3	 2	 1	 1	 1	 0	 1	 1	 2	 2	 1	563.09	  0.00
184	27	18	m	 1	 2	 2	 3	 2	 3	 2	 0	 0	 1	 1	 1	 1	 1	653.38	  0.00
185	27	18	m	 1	 2	 2	 0	 1	 2	 2	 1	 0	 1	 1	 1	 1	 1	479.56	  0.00
186	27	18	m	 1	 2	 2	 0	 1	 0	 1	 1	 0	 1	 1	 2	 2	 1	784.75	  0.00
187	27	18	m	 1	 2	 2	 3	 2	 0	 1	 0	 0	 1	 1	 2	 2	 1	442.13	  0.00
188	27	18	m	 1	 2	 2	 0	 1	 3	 2	 0	 0	 1	 1	 1	 1	 1	619.52	  0.00
189	27	18	m	 1	 2	 2	 3	 2	 2	 2	 0	 0	 1	 1	 1	 1	 1	591.78	  0.00
190	27	18	m	 1	 2	 2	 1	 1	 2	 2	 1	 0	 1	 1	 1	 1	 1	589.44	  0.00
191	27	18	m	 1	 2	 2	 3	 2	 3	 2	 0	 0	 1	 1	 1	 1	 1	532.82	  0.00
192	27	18	m	 1	 2	 3	 2	 2	 2	 2	 1	 0	 1	 1	 1	 1	 1	550.93	  0.00
193	27	18	m	 1	 2	 3	 1	 1	 2	 2	 1	 0	 1	 1	 1	 1	 1	583.58	  0.00
194	27	18	m	 1	 2	 3	 3	 2	 3	 2	 1	 0	 1	 1	 1	 1	 1	657.85	  0.00
195	27	18	m	 1	 2	 3	 1	 1	 0	 1	 1	 0	 1	 1	 2	 2	 1	525.34	  0.00
196	27	18	m	 1	 2	 3	 1	 1	 0	 1	 0	 0	 1	 1	 2	 2	 1	485.49	  0.00
197	27	18	m	 1	 2	 3	 1	 1	 1	 1	 0	 0	 1	 1	 2	 2	 1	587.20	  0.00
198	27	18	m	 1	 2	 3	 0	 1	 2	 2	 0	 0	 1	 1	 1	 1	 1	566.35	  0.00
199	27	18	m	 1	 2	 3	 2	 2	 0	 1	 0	 0	 1	 1	 2	 2	 1	591.68	  0.00
200	27	18	m	 1	 2	 3	 2	 2	 0	 1	 1	 0	 1	 1	 2	 2	 1	600.82	  0.00
201	27	18	m	 1	 2	 3	 0	 1	 3	 2	 0	 0	 1	 1	 1	 1	 1	516.66	  0.00
202	27	18	m	 1	 2	 3	 0	 1	 0	 1	 0	 0	 1	 1	 2	 2	 1	571.76	  0.00
203	27	18	m	 1	 2	 3	 0	 1	 2	 2	 1	 0	 1	 1	 1	 1	 1	850.10	  0.00
204	27	18	m	 1	 2	 3	 3	 2	 2	 2	 0	 0	 1	 1	 1	 1	 1	548.74	  0.00
205	27	18	m	 1	 2	 3	 3	 2	 1	 1	 1	 0	 1	 1	 2	 2	 1	623.10	  0.00
206	27	18	m	 1	 2	 3	 3	 2	 1	 1	 1	 0	 1	 1	 2	 2	 1	490.23	  0.00
207	27	18	m	 1	 2	 3	 3	 2	 0	 1	 0	 0	 1	 1	 2	 2	 1	507.92	  0.00
208	27	18	m	 1	 2	 3	 2	 2	 3	 2	 0	 0	 1	 1	 1	 1	 1	604.10	  0.00
209	27	18	m	 1	 2	 3	 1	 1	 0	 1	 0	 0	 1	 1	 2	 2	 1	604.96	  0.00
210	27	18	m	 1	 2	 3	 3	 2	 1	 1	 0	 0	 1	 1	 2	 2	 1	588.60	  0.00
211	27	18	m	 1	 2	 3	 1	 1	 1	 1	 1	 0	 1	 1	 2	 2	 1	646.47	  0.00
212	27	18	m	 1	 2	 3	 2	 2	 2	 2	 0	 0	 1	 1	 1	 1	 1	663.62	  0.00
213	27	18	m	 1	 2	 3	 3	 2	 1	 1	 0	 0	 1	 1	 2	 2	 1	640.02	  0.00
214	27	18	m	 1	 2	 3	 1	 1	 1	 1	 0	 0	 1	 1	 2	 2	 1	665.30	  0.00
215	27	18	m	 1	 2	 3	 2	 2	 2	 2	 1	 0	 1	 1	 1	 1	 1	747.71	  0.00
216	27	18	m	 1	 2	 3	 0	 1	 2	 2	 0	 0	 1	 1	 1	 1	 1	544.40	  0.00
217	27	18	m	 1	 2	 3	 2	 2	 1	 1	 1	 0	 1	 1	 2	 2	 1	610.60	  0.00
218	27	18	m	 1	 2	 3	 1	 1	 2	 2	 0	 0	 1	 1	 1	 1	 1	695.87	  0.00
219	27	18	m	 1	 2	 3	 1	 1	 1	 1	 1	 0	 1	 1	 2	 2	 1	722.81	  0.00
220	27	18	m	 1	 2	 3	 0	 1	 2	 2	 1	 0	 1	 1	 1	 1	 1	592.91	  0.00
221	27	18	m	 1	 2	 3	 2	 2	 0	 1	 1	 0	 1	 1	 2	 2	 1	822.30	  0.00
222	27	18	m	 1	 2	 3	 0	 1	 0	 1	 1	 0	 1	 1	 2	 2	 1	580.78	  0.00
223	27	18	m	 1	 2	 3	 2	 2	 1	 1	 0	 0	 1	 1	 2	 2	 1	924.37	  0.00
224	27	18	m	 1	 2	 3	 1	 1	 3	 2	 1	 0	 1	 1	 1	 1	 1	612.03	  0.00
225	27	18	m	 1	 2	 3	 2	 2	 0	 1	 0	 0	 1	 1	 2	 2	 1	705.38	  0.00
226	27	18	m	 1	 2	 3	 2	 2	 3	 2	 0	 0	 1	 1	 1	 1	 1	724.30	  0.00
227	27	18	m	 1	 2	 3	 0	 1	 3	 2	 1	 0	 1	 1	 1	 1	 1	727.65	  0.00
228	27	18	m	 1	 2	 3	 3	 2	 3	 2	 0	 0	 1	 1	 1	 1	 1	649.50	  0.00
229	27	18	m	 1	 2	 3	 0	 1	 3	 2	 1	 0	 1	 1	 1	 1	 1	609.51	  0.00
230	27	18	m	 1	 2	 3	 0	 1	 0	 1	 0	 0	 1	 1	 2	 2	 1	621.15	  0.00
231	27	18	m	 1	 2	 3	 0	 1	 0	 1	 1	 0	 1	 1	 2	 2	 1	657.45	  0.00
232	27	18	m	 1	 2	 3	 2	 2	 3	 2	 1	 0	 1	 1	 1	 1	 1	650.11	  0.00
233	27	18	m	 1	 2	 3	 0	 1	 1	 1	 1	 0	 1	 1	 2	 2	 1	756.99	  0.00
234	27	18	m	 1	 2	 3	 3	 2	 0	 1	 1	 0	 1	 1	 2	 2	 1	1065.09	  0.00
235	27	18	m	 1	 2	 3	 1	 1	 0	 1	 1	 0	 1	 1	 2	 2	 1	441.32	  0.00
236	27	18	m	 1	 2	 3	 1	 1	 2	 2	 1	 0	 1	 1	 1	 1	 1	619.26	  0.00
237	27	18	m	 1	 2	 3	 0	 1	 1	 1	 1	 0	 1	 1	 2	 2	 1	601.06	  0.00
238	27	18	m	 1	 2	 3	 2	 2	 2	 2	 0	 0	 1	 1	 1	 1	 1	547.52	  0.00
239	27	18	m	 1	 2	 3	 0	 1	 3	 2	 0	 0	 1	 1	 1	 1	 1	831.27	  0.00
240	27	18	m	 1	 2	 3	 3	 2	 3	 2	 0	 0	 1	 1	 1	 1	 1	551.73	  0.00
241	27	18	m	 1	 2	 3	 1	 1	 3	 2	 0	 0	 1	 1	 1	 1	 1	476.56	  0.00
242	27	18	m	 1	 2	 3	 2	 2	 3	 2	 1	 0	 1	 1	 1	 1	 1	431.31	  0.00
243	27	18	m	 1	 2	 3	 0	 1	 1	 1	 0	 0	 1	 1	 2	 2	 1	562.00	  0.00
244	27	18	m	 1	 2	 3	 3	 2	 3	 2	 1	 0	 1	 1	 1	 1	 1	698.93	  0.00
245	27	18	m	 1	 2	 3	 1	 1	 2	 2	 0	 0	 1	 1	 1	 1	 1	740.48	  0.00
246	27	18	m	 1	 2	 3	 3	 2	 0	 1	 0	 0	 1	 1	 2	 2	 1	531.76	  0.00
247	27	18	m	 1	 2	 3	 3	 2	 2	 2	 1	 0	 1	 1	 1	 1	 1	510.96	  0.00
248	27	18	m	 1	 2	 3	 0	 1	 1	 1	 0	 0	 1	 1	 2	 2	 1	547.35	  0.00
249	27	18	m	 1	 2	 3	 3	 2	 0	 1	 1	 0	 1	 1	 2	 2	 1	572.82	  0.00
250	27	18	m	 1	 2	 3	 1	 1	 3	 2	 0	 0	 1	 1	 1	 1	 1	481.26	  0.00
251	27	18	m	 1	 2	 3	 1	 1	 3	 2	 1	 0	 1	 1	 1	 1	 1	710.79	  0.00
252	27	18	m	 1	 2	 3	 2	 2	 1	 1	 1	 0	 1	 1	 2	 2	 1	745.85	  0.00
253	27	18	m	 1	 2	 3	 3	 2	 2	 2	 1	 0	 1	 1	 1	 1	 1	624.10	  0.00
254	27	18	m	 1	 2	 3	 2	 2	 1	 1	 0	 0	 1	 1	 2	 2	 1	434.46	  0.00
255	27	18	m	 1	 2	 3	 3	 2	 2	 2	 0	 0	 1	 1	 1	 1	 1	770.20	  0.00
256	27	18	m	 1	 2	 4	 3	 2	 2	 2	 1	 0	 1	 1	 2	 2	 1	685.36	  0.00
257	27	18	m	 1	 2	 4	 1	 1	 0	 1	 0	 0	 1	 1	 2	 2	 1	702.82	  0.00
258	27	18	m	 1	 2	 4	 0	 1	 0	 1	 0	 0	 1	 1	 2	 2	 1	621.44	  0.00
259	27	18	m	 1	 2	 4	 0	 1	 2	 2	 1	 0	 1	 1	 1	 1	 1	673.52	  0.00
260	27	18	m	 1	 2	 4	 3	 2	 3	 2	 1	 0	 1	 1	 2	 2	 1	665.70	  0.00
261	27	18	m	 1	 2	 4	 1	 1	 2	 2	 1	 0	 1	 1	 1	 1	 1	583.35	  0.00
262	27	18	m	 1	 2	 4	 3	 2	 2	 2	 0	 0	 1	 1	 1	 1	 1	722.50	  0.00
263	27	18	m	 1	 2	 4	 3	 2	 2	 2	 1	 0	 1	 1	 2	 2	 1	611.17	  0.00
264	27	18	m	 1	 2	 4	 3	 2	 0	 1	 0	 0	 1	 1	 2	 2	 1	524.58	  0.00
265	27	18	m	 1	 2	 4	 1	 1	 3	 2	 1	 0	 1	 1	 1	 1	 1	535.97	  0.00
266	27	18	m	 1	 2	 4	 0	 1	 3	 2	 0	 0	 1	 1	 1	 1	 1	430.43	  0.00
267	27	18	m	 1	 2	 4	 1	 1	 3	 2	 0	 0	 1	 1	 1	 1	 1	471.81	  0.00
268	27	18	m	 1	 2	 4	 3	 2	 3	 2	 0	 0	 1	 1	 1	 1	 1	493.36	  0.00
269	27	18	m	 1	 2	 4	 0	 1	 2	 2	 0	 0	 1	 1	 1	 1	 1	564.57	  0.00
270	27	18	m	 1	 2	 4	 2	 2	 1	 1	 0	 0	 1	 1	 2	 2	 1	777.16	  0.00
271	27	18	m	 1	 2	 4	 2	 2	 1	 1	 0	 0	 1	 1	 2	 2	 1	540.60	  0.00
272	27	18	m	 1	 2	 4	 0	 1	 3	 2	 1	 0	 1	 1	 1	 1	 1	606.36	  0.00
273	27	18	m	 1	 2	 4	 2	 2	 1	 1	 1	 0	 1	 1	 2	 2	 1	642.13	  0.00
274	27	18	m	 1	 2	 4	 2	 2	 3	 2	 0	 0	 1	 1	 1	 1	 1	631.57	  0.00
275	27	18	m	 1	 2	 4	 3	 2	 0	 1	 1	 0	 1	 1	 2	 2	 1	639.16	  0.00
276	27	18	m	 1	 2	 4	 2	 2	 2	 2	 0	 0	 1	 1	 1	 1	 1	536.10	  0.00
277	27	18	m	 1	 2	 4	 1	 1	 1	 1	 1	 0	 1	 1	 1	 1	 1	661.66	  0.00
278	27	18	m	 1	 2	 4	 3	 2	 1	 1	 0	 0	 1	 1	 2	 1	 0	477.01	  0.00
279	27	18	m	 1	 2	 4	 3	 2	 1	 1	 1	 0	 1	 1	 2	 2	 1	559.10	  0.00
280	27	18	m	 1	 2	 4	 2	 2	 3	 2	 1	 0	 1	 1	 2	 2	 1	486.20	  0.00
281	27	18	m	 1	 2	 4	 2	 2	 0	 1	 0	 0	 1	 1	 2	 2	 1	500.25	  0.00
282	27	18	m	 1	 2	 4	 2	 2	 1	 1	 1	 0	 1	 1	 2	 2	 1	616.80	  0.00
283	27	18	m	 1	 2	 4	 3	 2	 0	 1	 1	 0	 1	 1	 2	 2	 1	508.40	  0.00
284	27	18	m	 1	 2	 4	 0	 1	 1	 1	 0	 0	 1	 1	 2	 2	 1	625.82	  0.00
285	27	18	m	 1	 2	 4	 0	 1	 3	 2	 1	 0	 1	 1	 1	 1	 1	650.68	  0.00
286	27	18	m	 1	 2	 4	 1	 1	 1	 1	 0	 0	 1	 1	 2	 2	 1	618.43	  0.00
287	27	18	m	 1	 2	 4	 3	 2	 3	 2	 1	 0	 1	 1	 2	 2	 1	588.70	  0.00
288	27	18	m	 1	 2	 4	 2	 2	 0	 1	 1	 0	 1	 1	 2	 2	 1	521.12	  0.00
289	27	18	m	 1	 2	 4	 0	 1	 2	 2	 1	 0	 1	 1	 1	 1	 1	662.32	  0.00
290	27	18	m	 1	 2	 4	 1	 1	 1	 1	 1	 0	 1	 1	 1	 1	 1	496.37	  0.00
291	27	18	m	 1	 2	 4	 0	 1	 0	 1	 1	 0	 1	 1	 1	 1	 1	682.12	  0.00
292	27	18	m	 1	 2	 4	 2	 2	 0	 1	 0	 0	 1	 1	 2	 2	 1	617.08	  0.00
293	27	18	m	 1	 2	 4	 1	 1	 0	 1	 1	 0	 1	 1	 1	 1	 1	587.56	  0.00
294	27	18	m	 1	 2	 4	 2	 2	 3	 2	 1	 0	 1	 1	 2	 2	 1	724.00	  0.00
295	27	18	m	 1	 2	 4	 0	 1	 2	 2	 0	 0	 1	 1	 1	 1	 1	630.87	  0.00
296	27	18	m	 1	 2	 4	 2	 2	 2	 2	 0	 0	 1	 1	 1	 1	 1	492.42	  0.00
297	27	18	m	 1	 2	 4	 1	 1	 3	 2	 0	 0	 1	 1	 1	 1	 1	667.05	  0.00
298	27	18	m	 1	 2	 4	 2	 2	 0	 1	 1	 0	 1	 1	 2	 2	 1	648.08	  0.00
299	27	18	m	 1	 2	 4	 2	 2	 2	 2	 1	 0	 1	 1	 2	 2	 1	493.47	  0.00
300	27	18	m	 1	 2	 4	 3	 2	 3	 2	 0	 0	 1	 1	 1	 1	 1	594.73	  0.00
301	27	18	m	 1	 2	 4	 0	 1	 1	 1	 0	 0	 1	 1	 2	 2	 1	889.08	  0.00
302	27	18	m	 1	 2	 4	 0	 1	 0	 1	 0	 0	 1	 1	 2	 2	 1	831.01	  0.00
303	27	18	m	 1	 2	 4	 2	 2	 3	 2	 0	 0	 1	 1	 1	 1	 1	520.97	  0.00
304	27	18	m	 1	 2	 4	 0	 1	 3	 2	 0	 0	 1	 1	 1	 1	 1	491.57	  0.00
305	27	18	m	 1	 2	 4	 3	 2	 1	 1	 0	 0	 1	 1	 2	 2	 1	668.85	  0.00
306	27	18	m	 1	 2	 4	 3	 2	 2	 2	 0	 0	 1	 1	 1	 1	 1	614.87	  0.00
307	27	18	m	 1	 2	 4	 3	 2	 0	 1	 0	 0	 1	 1	 2	 2	 1	615.19	  0.00
308	27	18	m	 1	 2	 4	 2	 2	 2	 2	 1	 0	 1	 1	 2	 2	 1	614.82	  0.00
309	27	18	m	 1	 2	 4	 0	 1	 1	 1	 1	 0	 1	 1	 1	 1	 1	601.29	  0.00
310	27	18	m	 1	 2	 4	 0	 1	 0	 1	 1	 0	 1	 1	 1	 1	 1	612.76	  0.00
311	27	18	m	 1	 2	 4	 3	 2	 1	 1	 1	 0	 1	 1	 2	 2	 1	496.18	  0.00
312	27	18	m	 1	 2	 4	 1	 1	 2	 2	 0	 0	 1	 1	 1	 1	 1	687.15	  0.00
313	27	18	m	 1	 2	 4	 1	 1	 2	 2	 0	 0	 1	 1	 1	 1	 1	570.50	  0.00
314	27	18	m	 1	 2	 4	 1	 1	 3	 2	 1	 0	 1	 1	 1	 1	 1	619.86	  0.00
315	27	18	m	 1	 2	 4	 1	 1	 0	 1	 1	 0	 1	 1	 1	 1	 1	507.90	  0.00
316	27	18	m	 1	 2	 4	 1	 1	 2	 2	 1	 0	 1	 1	 1	 1	 1	516.36	  0.00
317	27	18	m	 1	 2	 4	 1	 1	 0	 1	 0	 0	 1	 1	 2	 2	 1	609.42	  0.00
318	27	18	m	 1	 2	 4	 0	 1	 1	 1	 1	 0	 1	 1	 1	 1	 1	498.25	  0.00
319	27	18	m	 1	 2	 4	 1	 1	 1	 1	 0	 0	 1	 1	 2	 2	 1	1029.26	  0.00
320	27	18	m	 1	 2	 5	 0	 1	 3	 2	 0	 0	 1	 1	 1	 1	 1	728.13	  0.00
321	27	18	m	 1	 2	 5	 3	 2	 0	 1	 1	 0	 1	 1	 2	 2	 1	627.89	  0.00
322	27	18	m	 1	 2	 5	 1	 1	 2	 2	 0	 0	 1	 1	 1	 1	 1	579.96	  0.00
323	27	18	m	 1	 2	 5	 2	 2	 1	 1	 0	 0	 1	 1	 2	 2	 1	686.92	  0.00
324	27	18	m	 1	 2	 5	 3	 2	 3	 2	 1	 0	 1	 1	 2	 2	 1	516.09	  0.00
325	27	18	m	 1	 2	 5	 0	 1	 3	 2	 1	 0	 1	 1	 1	 1	 1	427.53	  0.00
326	27	18	m	 1	 2	 5	 1	 1	 1	 1	 0	 0	 1	 1	 2	 2	 1	579.99	  0.00
327	27	18	m	 1	 2	 5	 3	 2	 3	 2	 0	 0	 1	 1	 1	 1	 1	676.20	  0.00
328	27	18	m	 1	 2	 5	 1	 1	 3	 2	 1	 0	 1	 1	 1	 1	 1	603.51	  0.00
329	27	18	m	 1	 2	 5	 2	 2	 3	 2	 0	 0	 1	 1	 1	 1	 1	457.45	  0.00
330	27	18	m	 1	 2	 5	 0	 1	 0	 1	 1	 0	 1	 1	 1	 1	 1	602.67	  0.00
331	27	18	m	 1	 2	 5	 1	 1	 3	 2	 0	 0	 1	 1	 1	 1	 1	546.41	  0.00
332	27	18	m	 1	 2	 5	 3	 2	 2	 2	 1	 0	 1	 1	 2	 2	 1	570.97	  0.00
333	27	18	m	 1	 2	 5	 2	 2	 2	 2	 1	 0	 1	 1	 2	 2	 1	556.42	  0.00
334	27	18	m	 1	 2	 5	 2	 2	 1	 1	 1	 0	 1	 1	 2	 2	 1	459.49	  0.00
335	27	18	m	 1	 2	 5	 0	 1	 2	 2	 0	 0	 1	 1	 1	 1	 1	522.15	  0.00
336	27	18	m	 1	 2	 5	 1	 1	 1	 1	 1	 0	 1	 1	 1	 1	 1	636.34	  0.00
337	27	18	m	 1	 2	 5	 2	 2	 0	 1	 1	 0	 1	 1	 2	 2	 1	578.38	  0.00
338	27	18	m	 1	 2	 5	 0	 1	 0	 1	 0	 0	 1	 1	 2	 2	 1	543.98	  0.00
339	27	18	m	 1	 2	 5	 0	 1	 0	 1	 0	 0	 1	 1	 2	 2	 1	398.06	  0.00
340	27	18	m	 1	 2	 5	 2	 2	 3	 2	 1	 0	 1	 1	 2	 1	 0	480.80	  0.00
341	27	18	m	 1	 2	 5	 3	 2	 2	 2	 0	 0	 1	 1	 1	 1	 1	713.02	  0.00
342	27	18	m	 1	 2	 5	 2	 2	 0	 1	 1	 0	 1	 1	 2	 2	 1	607.39	  0.00
343	27	18	m	 1	 2	 5	 0	 1	 0	 1	 1	 0	 1	 1	 1	 1	 1	667.34	  0.00
344	27	18	m	 1	 2	 5	 3	 2	 0	 1	 1	 0	 1	 1	 2	 2	 1	570.20	  0.00
345	27	18	m	 1	 2	 5	 1	 1	 0	 1	 0	 0	 1	 1	 2	 2	 1	756.16	  0.00
346	27	18	m	 1	 2	 5	 1	 1	 1	 1	 1	 0	 1	 1	 1	 1	 1	498.39	  0.00
347	27	18	m	 1	 2	 5	 1	 1	 1	 1	 0	 0	 1	 1	 2	 2	 1	583.78	  0.00
348	27	18	m	 1	 2	 5	 3	 2	 0	 1	 0	 0	 1	 1	 2	 2	 1	633.63	  0.00
349	27	18	m	 1	 2	 5	 0	 1	 1	 1	 0	 0	 1	 1	 2	 2	 1	552.86	  0.00
350	27	18	m	 1	 2	 5	 0	 1	 2	 2	 1	 0	 1	 1	 1	 1	 1	610.90	  0.00
351	27	18	m	 1	 2	 5	 1	 1	 3	 2	 1	 0	 1	 1	 1	 1	 1	643.11	  0.00
352	27	18	m	 1	 2	 5	 3	 2	 2	 2	 0	 0	 1	 1	 1	 1	 1	499.95	  0.00
353	27	18	m	 1	 2	 5	 2	 2	 0	 1	 0	 0	 1	 1	 2	 2	 1	509.24	  0.00
354	27	18	m	 1	 2	 5	 2	 2	 2	 2	 1	 0	 1	 1	 2	 2	 1	705.14	  0.00
355	27	18	m	 1	 2	 5	 1	 1	 2	 2	 1	 0	 1	 1	 1	 1	 1	627.74	  0.00
356	27	18	m	 1	 2	 5	 2	 2	 3	 2	 0	 0	 1	 1	 1	 1	 1	623.34	  0.00
357	27	18	m	 1	 2	 5	 0	 1	 1	 1	 1	 0	 1	 1	 1	 1	 1	659.60	  0.00
358	27	18	m	 1	 2	 5	 3	 2	 0	 1	 0	 0	 1	 1	 2	 2	 1	570.63	  0.00
359	27	18	m	 1	 2	 5	 2	 2	 1	 1	 1	 0	 1	 1	 2	 2	 1	571.53	  0.00
360	27	18	m	 1	 2	 5	 0	 1	 3	 2	 1	 0	 1	 1	 1	 1	 1	683.14	  0.00
361	27	18	m	 1	 2	 5	 0	 1	 1	 1	 0	 0	 1	 1	 2	 2	 1	659.33	  0.00
362	27	18	m	 1	 2	 5	 3	 2	 3	 2	 1	 0	 1	 1	 2	 2	 1	583.78	  0.00
363	27	18	m	 1	 2	 5	 1	 1	 0	 1	 0	 0	 1	 1	 2	 2	 1	614.73	  0.00
364	27	18	m	 1	 2	 5	 3	 2	 1	 1	 1	 0	 1	 1	 2	 2	 1	669.92	  0.00
365	27	18	m	 1	 2	 5	 1	 1	 0	 1	 1	 0	 1	 1	 1	 1	 1	548.41	  0.00
366	27	18	m	 1	 2	 5	 3	 2	 1	 1	 0	 0	 1	 1	 2	 2	 1	549.40	  0.00
367	27	18	m	 1	 2	 5	 1	 1	 2	 2	 0	 0	 1	 1	 1	 1	 1	721.77	  0.00
368	27	18	m	 1	 2	 5	 1	 1	 3	 2	 0	 0	 1	 1	 1	 1	 1	518.42	  0.00
369	27	18	m	 1	 2	 5	 2	 2	 2	 2	 0	 0	 1	 1	 1	 1	 1	526.58	  0.00
370	27	18	m	 1	 2	 5	 2	 2	 3	 2	 1	 0	 1	 1	 2	 2	 1	478.63	  0.00
371	27	18	m	 1	 2	 5	 2	 2	 0	 1	 0	 0	 1	 1	 2	 2	 1	493.19	  0.00
372	27	18	m	 1	 2	 5	 0	 1	 3	 2	 0	 0	 1	 1	 1	 1	 1	448.06	  0.00
373	27	18	m	 1	 2	 5	 2	 2	 2	 2	 0	 0	 1	 1	 1	 1	 1	555.25	  0.00
374	27	18	m	 1	 2	 5	 0	 1	 2	 2	 0	 0	 1	 1	 1	 1	 1	605.22	  0.00
375	27	18	m	 1	 2	 5	 1	 1	 0	 1	 1	 0	 1	 1	 1	 1	 1	619.59	  0.00
376	27	18	m	 1	 2	 5	 3	 2	 3	 2	 0	 0	 1	 1	 1	 1	 1	693.90	  0.00
377	27	18	m	 1	 2	 5	 1	 1	 2	 2	 1	 0	 1	 1	 1	 1	 1	644.70	  0.00
378	27	18	m	 1	 2	 5	 3	 2	 2	 2	 1	 0	 1	 1	 2	 2	 1	678.16	  0.00
379	27	18	m	 1	 2	 5	 3	 2	 1	 1	 0	 0	 1	 1	 2	 2	 1	597.38	  0.00
380	27	18	m	 1	 2	 5	 2	 2	 1	 1	 0	 0	 1	 1	 2	 2	 1	614.59	  0.00
381	27	18	m	 1	 2	 5	 0	 1	 2	 2	 1	 0	 1	 1	 1	 1	 1	642.41	  0.00
382	27	18	m	 1	 2	 5	 3	 2	 1	 1	 1	 0	 1	 1	 2	 2	 1	626.88	  0.00
383	27	18	m	 1	 2	 5	 0	 1	 1	 1	 1	 0	 1	 1	 1	 1	 1	614.24	  0.00
384	27	18	m	 1	 2	 6	 0	 1	 1	 1	 1	 0	 1	 1	 1	 1	 1	484.56	  0.00
385	27	18	m	 1	 2	 6	 0	 1	 0	 1	 1	 0	 1	 1	 1	 1	 1	480.13	  0.00
386	27	18	m	 1	 2	 6	 1	 1	 1	 1	 0	 0	 1	 1	 2	 2	 1	575.28	  0.00
387	27	18	m	 1	 2	 6	 3	 2	 2	 2	 0	 0	 1	 1	 1	 1	 1	595.25	  0.00
388	27	18	m	 1	 2	 6	 0	 1	 0	 1	 0	 0	 1	 1	 2	 2	 1	590.67	  0.00
389	27	18	m	 1	 2	 6	 0	 1	 2	 2	 1	 0	 1	 1	 1	 1	 1	605.17	  0.00
390	27	18	m	 1	 2	 6	 1	 1	 0	 1	 1	 0	 1	 1	 1	 1	 1	475.28	  0.00
391	27	18	m	 1	 2	 6	 3	 2	 3	 2	 0	 0	 1	 1	 1	 1	 1	781.17	  0.00
392	27	18	m	 1	 2	 6	 3	 2	 0	 1	 0	 0	 1	 1	 2	 2	 1	480.00	  0.00
393	27	18	m	 1	 2	 6	 2	 2	 0	 1	 1	 0	 1	 1	 2	 1	 0	472.88	  0.00
394	27	18	m	 1	 2	 6	 2	 2	 0	 1	 0	 0	 1	 1	 2	 2	 1	1237.36	  0.00
395	27	18	m	 1	 2	 6	 1	 1	 2	 2	 0	 0	 1	 1	 1	 1	 1	592.62	  0.00
396	27	18	m	 1	 2	 6	 2	 2	 3	 2	 0	 0	 1	 1	 1	 1	 1	715.75	  0.00
397	27	18	m	 1	 2	 6	 1	 1	 2	 2	 0	 0	 1	 1	 1	 1	 1	471.63	  0.00
398	27	18	m	 1	 2	 6	 3	 2	 1	 1	 0	 0	 1	 1	 2	 2	 1	603.27	  0.00
399	27	18	m	 1	 2	 6	 2	 2	 1	 1	 1	 0	 1	 1	 2	 2	 1	571.48	  0.00
400	27	18	m	 1	 2	 6	 2	 2	 2	 2	 1	 0	 1	 1	 2	 2	 1	545.24	  0.00
401	27	18	m	 1	 2	 6	 2	 2	 1	 1	 0	 0	 1	 1	 2	 2	 1	684.91	  0.00
402	27	18	m	 1	 2	 6	 0	 1	 1	 1	 0	 0	 1	 1	 2	 2	 1	570.67	  0.00
403	27	18	m	 1	 2	 6	 1	 1	 2	 2	 1	 0	 1	 1	 1	 1	 1	587.71	  0.00
404	27	18	m	 1	 2	 6	 2	 2	 1	 1	 0	 0	 1	 1	 2	 1	 0	686.44	  0.00
405	27	18	m	 1	 2	 6	 0	 1	 2	 2	 1	 0	 1	 1	 1	 1	 1	804.16	  0.00
406	27	18	m	 1	 2	 6	 0	 1	 3	 2	 1	 0	 1	 1	 1	 1	 1	668.78	  0.00
407	27	18	m	 1	 2	 6	 1	 1	 3	 2	 0	 0	 1	 1	 1	 1	 1	832.75	  0.00
408	27	18	m	 1	 2	 6	 1	 1	 3	 2	 1	 0	 1	 1	 1	 1	 1	640.19	  0.00
409	27	18	m	 1	 2	 6	 2	 2	 1	 1	 1	 0	 1	 1	 2	 2	 1	692.68	  0.00
410	27	18	m	 1	 2	 6	 3	 2	 1	 1	 1	 0	 1	 1	 2	 2	 1	541.13	  0.00
411	27	18	m	 1	 2	 6	 1	 1	 0	 1	 1	 0	 1	 1	 1	 1	 1	655.32	  0.00
412	27	18	m	 1	 2	 6	 1	 1	 1	 1	 1	 0	 1	 1	 1	 1	 1	590.86	  0.00
413	27	18	m	 1	 2	 6	 1	 1	 3	 2	 0	 0	 1	 1	 1	 1	 1	1016.03	  0.00
414	27	18	m	 1	 2	 6	 3	 2	 2	 2	 0	 0	 1	 1	 1	 1	 1	640.97	  0.00
415	27	18	m	 1	 2	 6	 0	 1	 0	 1	 0	 0	 1	 1	 2	 2	 1	470.48	  0.00
416	27	18	m	 1	 2	 6	 0	 1	 3	 2	 1	 0	 1	 1	 1	 1	 1	713.61	  0.00
417	27	18	m	 1	 2	 6	 2	 2	 3	 2	 1	 0	 1	 1	 2	 2	 1	635.42	  0.00
418	27	18	m	 1	 2	 6	 0	 1	 2	 2	 0	 0	 1	 1	 1	 1	 1	619.89	  0.00
419	27	18	m	 1	 2	 6	 3	 2	 1	 1	 0	 0	 1	 1	 2	 2	 1	815.62	  0.00
420	27	18	m	 1	 2	 6	 1	 1	 0	 1	 0	 0	 1	 1	 2	 2	 1	696.45	  0.00
421	27	18	m	 1	 2	 6	 3	 2	 0	 1	 1	 0	 1	 1	 2	 2	 1	691.79	  0.00
422	27	18	m	 1	 2	 6	 2	 2	 2	 2	 0	 0	 1	 1	 1	 1	 1	673.53	  0.00
423	27	18	m	 1	 2	 6	 0	 1	 1	 1	 0	 0	 1	 1	 2	 2	 1	712.33	  0.00
424	27	18	m	 1	 2	 6	 0	 1	 0	 1	 1	 0	 1	 1	 1	 1	 1	718.33	  0.00
425	27	18	m	 1	 2	 6	 3	 2	 3	 2	 1	 0	 1	 1	 2	 2	 1	664.82	  0.00
426	27	18	m	 1	 2	 6	 0	 1	 2	 2	 0	 0	 1	 1	 1	 1	 1	844.42	  0.00
427	27	18	m	 1	 2	 6	 3	 2	 2	 2	 1	 0	 1	 1	 2	 2	 1	1029.49	  0.00
428	27	18	m	 1	 2	 6	 0	 1	 3	 2	 0	 0	 1	 1	 1	 1	 1	635.50	  0.00
429	27	18	m	 1	 2	 6	 1	 1	 0	 1	 0	 0	 1	 1	 2	 2	 1	614.64	  0.00
430	27	18	m	 1	 2	 6	 2	 2	 2	 2	 1	 0	 1	 1	 2	 2	 1	615.47	  0.00
431	27	18	m	 1	 2	 6	 1	 1	 3	 2	 1	 0	 1	 1	 1	 1	 1	608.11	  0.00
432	27	18	m	 1	 2	 6	 2	 2	 3	 2	 0	 0	 1	 1	 1	 1	 1	617.10	  0.00
433	27	18	m	 1	 2	 6	 3	 2	 0	 1	 0	 0	 1	 1	 2	 2	 1	634.31	  0.00
434	27	18	m	 1	 2	 6	 1	 1	 2	 2	 1	 0	 1	 1	 1	 1	 1	635.19	  0.00
435	27	18	m	 1	 2	 6	 3	 2	 3	 2	 0	 0	 1	 1	 1	 1	 1	626.89	  0.00
436	27	18	m	 1	 2	 6	 2	 2	 2	 2	 0	 0	 1	 1	 1	 1	 1	570.63	  0.00
437	27	18	m	 1	 2	 6	 3	 2	 1	 1	 1	 0	 1	 1	 2	 2	 1	604.16	  0.00
438	27	18	m	 1	 2	 6	 2	 2	 0	 1	 1	 0	 1	 1	 2	 2	 1	564.01	  0.00
439	27	18	m	 1	 2	 6	 1	 1	 1	 1	 1	 0	 1	 1	 1	 1	 1	630.53	  0.00
440	27	18	m	 1	 2	 6	 0	 1	 1	 1	 1	 0	 1	 1	 1	 1	 1	1406.31	  0.00
441	27	18	m	 1	 2	 6	 2	 2	 3	 2	 1	 0	 1	 1	 2	 2	 1	750.76	  0.00
442	27	18	m	 1	 2	 6	 3	 2	 3	 2	 1	 0	 1	 1	 2	 2	 1	653.48	  0.00
443	27	18	m	 1	 2	 6	 3	 2	 0	 1	 1	 0	 1	 1	 2	 2	 1	645.15	  0.00
444	27	18	m	 1	 2	 6	 0	 1	 3	 2	 0	 0	 1	 1	 1	 1	 1	1315.09	  0.00
445	27	18	m	 1	 2	 6	 1	 1	 1	 1	 0	 0	 1	 1	 2	 2	 1	958.57	  0.00
446	27	18	m	 1	 2	 6	 2	 2	 0	 1	 0	 0	 1	 1	 2	 2	 1	567.22	  0.00
447	27	18	m	 1	 2	 6	 3	 2	 2	 2	 1	 0	 1	 1	 2	 2	 1	611.66	  0.00
448	27	18	m	 1	 2	 7	 1	 1	 0	 1	 1	 0	 1	 1	 1	 1	 1	639.71	  0.00
449	27	18	m	 1	 2	 7	 2	 2	 1	 1	 0	 0	 1	 1	 2	 2	 1	681.36	  0.00
450	27	18	m	 1	 2	 7	 1	 1	 0	 1	 0	 0	 1	 1	 2	 1	 0	776.40	  0.00
451	27	18	m	 1	 2	 7	 2	 2	 2	 2	 0	 0	 1	 1	 1	 1	 1	1176.78	  0.00
452	27	18	m	 1	 2	 7	 0	 1	 0	 1	 1	 0	 1	 1	 1	 1	 1	673.45	  0.00
453	27	18	m	 1	 2	 7	 0	 1	 3	 2	 1	 0	 1	 1	 1	 1	 1	518.57	  0.00
454	27	18	m	 1	 2	 7	 1	 1	 1	 1	 1	 0	 1	 1	 1	 1	 1	555.80	  0.00
455	27	18	m	 1	 2	 7	 1	 1	 2	 2	 0	 0	 1	 1	 1	 1	 1	529.77	  0.00
456	27	18	m	 1	 2	 7	 1	 1	 3	 2	 0	 0	 1	 1	 1	 1	 1	571.43	  0.00
457	27	18	m	 1	 2	 7	 3	 2	 3	 2	 1	 0	 1	 1	 2	 2	 1	607.68	  0.00
458	27	18	m	 1	 2	 7	 2	 2	 0	 1	 0	 0	 1	 1	 2	 2	 1	458.98	  0.00
459	27	18	m	 1	 2	 7	 2	 2	 3	 2	 0	 0	 1	 1	 1	 1	 1	671.10	  0.00
460	27	18	m	 1	 2	 7	 3	 2	 2	 2	 0	 0	 1	 1	 1	 1	 1	636.58	  0.00
461	27	18	m	 1	 2	 7	 3	 2	 1	 1	 1	 0	 1	 1	 2	 2	 1	1226.79	  0.00
462	27	18	m	 1	 2	 7	 1	 1	 1	 1	 0	 0	 1	 1	 2	 2	 1	582.96	  0.00
463	27	18	m	 1	 2	 7	 3	 2	 0	 1	 0	 0	 1	 1	 2	 2	 1	967.34	  0.00
464	27	18	m	 1	 2	 7	 3	 2	 3	 2	 0	 0	 1	 1	 1	 1	 1	782.76	  0.00
465	27	18	m	 1	 2	 7	 2	 2	 3	 2	 1	 0	 1	 1	 2	 2	 1	579.35	  0.00
466	27	18	m	 1	 2	 7	 1	 1	 0	 1	 0	 0	 1	 1	 2	 2	 1	1147.94	  0.00
467	27	18	m	 1	 2	 7	 0	 1	 3	 2	 0	 0	 1	 1	 1	 1	 1	606.64	  0.00
468	27	18	m	 1	 2	 7	 2	 2	 1	 1	 0	 0	 1	 1	 2	 2	 1	659.27	  0.00
469	27	18	m	 1	 2	 7	 1	 1	 0	 1	 1	 0	 1	 1	 1	 1	 1	570.14	  0.00
470	27	18	m	 1	 2	 7	 0	 1	 1	 1	 1	 0	 1	 1	 1	 1	 1	625.53	  0.00
471	27	18	m	 1	 2	 7	 0	 1	 2	 2	 1	 0	 1	 1	 1	 1	 1	520.22	  0.00
472	27	18	m	 1	 2	 7	 0	 1	 0	 1	 0	 0	 1	 1	 2	 2	 1	700.89	  0.00
473	27	18	m	 1	 2	 7	 2	 2	 1	 1	 1	 0	 1	 1	 2	 2	 1	679.83	  0.00
474	27	18	m	 1	 2	 7	 0	 1	 2	 2	 0	 0	 1	 1	 1	 1	 1	606.34	  0.00
475	27	18	m	 1	 2	 7	 3	 2	 0	 1	 1	 0	 1	 1	 2	 2	 1	598.97	  0.00
476	27	18	m	 1	 2	 7	 3	 2	 0	 1	 0	 0	 1	 1	 2	 2	 1	1075.77	  0.00
477	27	18	m	 1	 2	 7	 2	 2	 0	 1	 0	 0	 1	 1	 2	 2	 1	545.54	  0.00
478	27	18	m	 1	 2	 7	 1	 1	 1	 1	 0	 0	 1	 1	 2	 2	 1	668.97	  0.00
479	27	18	m	 1	 2	 7	 1	 1	 2	 2	 1	 0	 1	 1	 1	 1	 1	677.88	  0.00
480	27	18	m	 1	 2	 7	 2	 2	 0	 1	 1	 0	 1	 1	 2	 2	 1	545.47	  0.00
481	27	18	m	 1	 2	 7	 2	 2	 2	 2	 1	 0	 1	 1	 2	 2	 1	502.91	  0.00
482	27	18	m	 1	 2	 7	 3	 2	 2	 2	 0	 0	 1	 1	 1	 1	 1	682.51	  0.00
483	27	18	m	 1	 2	 7	 1	 1	 3	 2	 1	 0	 1	 1	 1	 1	 1	595.58	  0.00
484	27	18	m	 1	 2	 7	 0	 1	 3	 2	 1	 0	 1	 1	 1	 1	 1	534.37	  0.00
485	27	18	m	 1	 2	 7	 2	 2	 0	 1	 1	 0	 1	 1	 2	 2	 1	633.16	  0.00
486	27	18	m	 1	 2	 7	 0	 1	 2	 2	 1	 0	 1	 1	 1	 1	 1	919.60	  0.00
487	27	18	m	 1	 2	 7	 2	 2	 3	 2	 1	 0	 1	 1	 2	 2	 1	601.83	  0.00
488	27	18	m	 1	 2	 7	 3	 2	 0	 1	 1	 0	 1	 1	 2	 2	 1	659.88	  0.00
489	27	18	m	 1	 2	 7	 0	 1	 1	 1	 0	 0	 1	 1	 2	 2	 1	750.42	  0.00
490	27	18	m	 1	 2	 7	 0	 1	 2	 2	 0	 0	 1	 1	 1	 1	 1	647.74	  0.00
491	27	18	m	 1	 2	 7	 3	 2	 1	 1	 0	 0	 1	 1	 2	 2	 1	517.02	  0.00
492	27	18	m	 1	 2	 7	 2	 2	 1	 1	 1	 0	 1	 1	 2	 2	 1	689.38	  0.00
493	27	18	m	 1	 2	 7	 1	 1	 1	 1	 1	 0	 1	 1	 1	 1	 1	673.80	  0.00
494	27	18	m	 1	 2	 7	 3	 2	 2	 2	 1	 0	 1	 1	 2	 2	 1	737.16	  0.00
495	27	18	m	 1	 2	 7	 2	 2	 2	 2	 1	 0	 1	 1	 2	 2	 1	539.29	  0.00
496	27	18	m	 1	 2	 7	 1	 1	 3	 2	 1	 0	 1	 1	 1	 1	 1	774.18	  0.00
497	27	18	m	 1	 2	 7	 3	 2	 1	 1	 1	 0	 1	 1	 2	 2	 1	611.49	  0.00
498	27	18	m	 1	 2	 7	 0	 1	 1	 1	 1	 0	 1	 1	 1	 1	 1	623.37	  0.00
499	27	18	m	 1	 2	 7	 0	 1	 0	 1	 0	 0	 1	 1	 2	 2	 1	726.85	  0.00
500	27	18	m	 1	 2	 7	 3	 2	 2	 2	 1	 0	 1	 1	 2	 2	 1	577.33	  0.00
501	27	18	m	 1	 2	 7	 2	 2	 3	 2	 0	 0	 1	 1	 1	 1	 1	505.26	  0.00
502	27	18	m	 1	 2	 7	 1	 1	 3	 2	 0	 0	 1	 1	 1	 1	 1	492.68	  0.00
503	27	18	m	 1	 2	 7	 0	 1	 3	 2	 0	 0	 1	 1	 1	 1	 1	594.39	  0.00
504	27	18	m	 1	 2	 7	 3	 2	 3	 2	 0	 0	 1	 1	 1	 1	 1	540.81	  0.00
505	27	18	m	 1	 2	 7	 0	 1	 1	 1	 0	 0	 1	 1	 2	 2	 1	824.66	  0.00
506	27	18	m	 1	 2	 7	 1	 1	 2	 2	 0	 0	 1	 1	 1	 1	 1	610.41	  0.00
507	27	18	m	 1	 2	 7	 2	 2	 2	 2	 0	 0	 1	 1	 1	 1	 1	923.17	  0.00
508	27	18	m	 1	 2	 7	 3	 2	 1	 1	 0	 0	 1	 1	 2	 2	 1	580.94	  0.00
509	27	18	m	 1	 2	 7	 1	 1	 2	 2	 1	 0	 1	 1	 1	 1	 1	801.86	  0.00
510	27	18	m	 1	 2	 7	 3	 2	 3	 2	 1	 0	 1	 1	 2	 2	 1	522.33	  0.00
511	27	18	m	 1	 2	 7	 0	 1	 0	 1	 1	 0	 1	 1	 1	 1	 1	648.41	  0.00
512	27	18	m	 1	 2	 8	 1	 1	 1	 1	 0	 1	 1	 0	 2	 2	 1	1163.40	  0.00
513	27	18	m	 1	 2	 8	 1	 1	 0	 1	 1	 1	 1	 0	 2	 2	 1	499.29	  0.00
514	27	18	m	 1	 2	 8	 2	 2	 2	 2	 1	 1	 1	 0	 1	 1	 1	665.77	  0.00
515	27	18	m	 1	 2	 8	 0	 1	 0	 1	 0	 1	 1	 0	 2	 2	 1	632.53	  0.00
516	27	18	m	 1	 2	 8	 2	 2	 0	 1	 1	 1	 1	 0	 1	 1	 1	488.69	  0.00
517	27	18	m	 1	 2	 8	 2	 2	 3	 2	 1	 1	 1	 0	 1	 1	 1	513.66	  0.00
518	27	18	m	 1	 2	 8	 3	 2	 3	 2	 0	 1	 1	 0	 1	 1	 1	484.32	  0.00
519	27	18	m	 1	 2	 8	 3	 2	 2	 2	 1	 1	 1	 0	 1	 1	 1	468.64	  0.00
520	27	18	m	 1	 2	 8	 2	 2	 1	 1	 1	 1	 1	 0	 1	 1	 1	458.17	  0.00
521	27	18	m	 1	 2	 8	 2	 2	 0	 1	 0	 1	 1	 0	 1	 1	 1	458.82	  0.00
522	27	18	m	 1	 2	 8	 0	 1	 0	 1	 1	 1	 1	 0	 2	 2	 1	505.72	  0.00
523	27	18	m	 1	 2	 8	 3	 2	 1	 1	 0	 1	 1	 0	 1	 1	 1	475.13	  0.00
524	27	18	m	 1	 2	 8	 1	 1	 1	 1	 0	 1	 1	 0	 2	 2	 1	448.64	  0.00
525	27	18	m	 1	 2	 8	 1	 1	 3	 2	 1	 1	 1	 0	 2	 2	 1	522.65	  0.00
526	27	18	m	 1	 2	 8	 3	 2	 1	 1	 0	 1	 1	 0	 1	 1	 1	398.09	  0.00
527	27	18	m	 1	 2	 8	 0	 1	 2	 2	 1	 1	 1	 0	 2	 2	 1	434.11	  0.00
528	27	18	m	 1	 2	 8	 0	 1	 3	 2	 0	 1	 1	 0	 2	 2	 1	513.53	  0.00
529	27	18	m	 1	 2	 8	 3	 2	 1	 1	 1	 1	 1	 0	 1	 1	 1	410.73	  0.00
530	27	18	m	 1	 2	 8	 3	 2	 3	 2	 1	 1	 1	 0	 1	 1	 1	505.65	  0.00
531	27	18	m	 1	 2	 8	 3	 2	 3	 2	 0	 1	 1	 0	 1	 1	 1	434.74	  0.00
532	27	18	m	 1	 2	 8	 1	 1	 3	 2	 1	 1	 1	 0	 2	 2	 1	452.50	  0.00
533	27	18	m	 1	 2	 8	 1	 1	 2	 2	 0	 1	 1	 0	 2	 2	 1	466.35	  0.00
534	27	18	m	 1	 2	 8	 3	 2	 0	 1	 0	 1	 1	 0	 1	 1	 1	565.02	  0.00
535	27	18	m	 1	 2	 8	 0	 1	 1	 1	 1	 1	 1	 0	 2	 2	 1	435.01	  0.00
536	27	18	m	 1	 2	 8	 2	 2	 0	 1	 1	 1	 1	 0	 1	 1	 1	666.90	  0.00
537	27	18	m	 1	 2	 8	 0	 1	 3	 2	 1	 1	 1	 0	 2	 2	 1	437.39	  0.00
538	27	18	m	 1	 2	 8	 1	 1	 0	 1	 1	 1	 1	 0	 2	 2	 1	731.81	  0.00
539	27	18	m	 1	 2	 8	 2	 2	 3	 2	 0	 1	 1	 0	 1	 1	 1	454.63	  0.00
540	27	18	m	 1	 2	 8	 3	 2	 3	 2	 1	 1	 1	 0	 1	 1	 1	413.65	  0.00
541	27	18	m	 1	 2	 8	 2	 2	 2	 2	 1	 1	 1	 0	 1	 1	 1	458.78	  0.00
542	27	18	m	 1	 2	 8	 1	 1	 2	 2	 1	 1	 1	 0	 2	 2	 1	432.21	  0.00
543	27	18	m	 1	 2	 8	 0	 1	 2	 2	 1	 1	 1	 0	 2	 2	 1	449.18	  0.00
544	27	18	m	 1	 2	 8	 1	 1	 2	 2	 1	 1	 1	 0	 2	 2	 1	470.73	  0.00
545	27	18	m	 1	 2	 8	 1	 1	 3	 2	 0	 1	 1	 0	 2	 2	 1	487.43	  0.00
546	27	18	m	 1	 2	 8	 1	 1	 1	 1	 1	 1	 1	 0	 2	 2	 1	517.70	  0.00
547	27	18	m	 1	 2	 8	 1	 1	 2	 2	 0	 1	 1	 0	 2	 2	 1	447.17	  0.00
548	27	18	m	 1	 2	 8	 1	 1	 0	 1	 0	 1	 1	 0	 2	 2	 1	499.87	  0.00
549	27	18	m	 1	 2	 8	 0	 1	 3	 2	 1	 1	 1	 0	 2	 2	 1	432.41	  0.00
550	27	18	m	 1	 2	 8	 0	 1	 0	 1	 1	 1	 1	 0	 2	 2	 1	419.44	  0.00
551	27	18	m	 1	 2	 8	 3	 2	 0	 1	 0	 1	 1	 0	 1	 1	 1	509.84	  0.00
552	27	18	m	 1	 2	 8	 0	 1	 1	 1	 0	 1	 1	 0	 2	 2	 1	438.66	  0.00
553	27	18	m	 1	 2	 8	 2	 2	 1	 1	 1	 1	 1	 0	 1	 1	 1	403.90	  0.00
554	27	18	m	 1	 2	 8	 2	 2	 1	 1	 0	 1	 1	 0	 1	 1	 1	469.23	  0.00
555	27	18	m	 1	 2	 8	 2	 2	 3	 2	 1	 1	 1	 0	 1	 1	 1	483.00	  0.00
556	27	18	m	 1	 2	 8	 2	 2	 2	 2	 0	 1	 1	 0	 1	 1	 1	443.64	  0.00
557	27	18	m	 1	 2	 8	 2	 2	 1	 1	 0	 1	 1	 0	 1	 1	 1	496.22	  0.00
558	27	18	m	 1	 2	 8	 0	 1	 1	 1	 1	 1	 1	 0	 2	 2	 1	537.64	  0.00
559	27	18	m	 1	 2	 8	 3	 2	 2	 2	 0	 1	 1	 0	 1	 1	 1	479.95	  0.00
560	27	18	m	 1	 2	 8	 1	 1	 1	 1	 1	 1	 1	 0	 2	 2	 1	368.58	  0.00
561	27	18	m	 1	 2	 8	 3	 2	 1	 1	 1	 1	 1	 0	 1	 1	 1	347.95	  0.00
562	27	18	m	 1	 2	 8	 0	 1	 0	 1	 0	 1	 1	 0	 2	 2	 1	348.69	  0.00
563	27	18	m	 1	 2	 8	 3	 2	 2	 2	 0	 1	 1	 0	 1	 1	 1	281.35	  0.00
564	27	18	m	 1	 2	 8	 0	 1	 3	 2	 0	 1	 1	 0	 2	 2	 1	304.22	  0.00
565	27	18	m	 1	 2	 8	 0	 1	 2	 2	 0	 1	 1	 0	 2	 2	 1	508.98	  0.00
566	27	18	m	 1	 2	 8	 3	 2	 0	 1	 1	 1	 1	 0	 1	 1	 1	430.01	  0.00
567	27	18	m	 1	 2	 8	 3	 2	 0	 1	 1	 1	 1	 0	 1	 1	 1	541.89	  0.00
568	27	18	m	 1	 2	 8	 2	 2	 0	 1	 0	 1	 1	 0	 1	 1	 1	428.01	  0.00
569	27	18	m	 1	 2	 8	 0	 1	 2	 2	 0	 1	 1	 0	 2	 2	 1	453.15	  0.00
570	27	18	m	 1	 2	 8	 2	 2	 3	 2	 0	 1	 1	 0	 1	 1	 1	339.43	  0.00
571	27	18	m	 1	 2	 8	 1	 1	 0	 1	 0	 1	 1	 0	 2	 2	 1	389.28	  0.00
572	27	18	m	 1	 2	 8	 2	 2	 2	 2	 0	 1	 1	 0	 1	 1	 1	327.47	  0.00
573	27	18	m	 1	 2	 8	 3	 2	 2	 2	 1	 1	 1	 0	 1	 1	 1	515.94	  0.00
574	27	18	m	 1	 2	 8	 1	 1	 3	 2	 0	 1	 1	 0	 2	 2	 1	404.93	  0.00
575	27	18	m	 1	 2	 8	 0	 1	 1	 1	 0	 1	 1	 0	 2	 2	 1	472.63	  0.00
576	27	18	m	 1	 2	 9	 0	 1	 3	 2	 1	 1	 1	 0	 2	 2	 1	588.32	  0.00
577	27	18	m	 1	 2	 9	 0	 1	 1	 1	 1	 1	 1	 0	 2	 2	 1	434.33	  0.00
578	27	18	m	 1	 2	 9	 2	 2	 2	 2	 1	 1	 1	 0	 1	 1	 1	440.95	  0.00
579	27	18	m	 1	 2	 9	 3	 2	 2	 2	 0	 1	 1	 0	 1	 1	 1	437.98	  0.00
580	27	18	m	 1	 2	 9	 1	 1	 0	 1	 0	 1	 1	 0	 2	 2	 1	434.11	  0.00
581	27	18	m	 1	 2	 9	 1	 1	 0	 1	 0	 1	 1	 0	 2	 2	 1	424.09	  0.00
582	27	18	m	 1	 2	 9	 0	 1	 0	 1	 0	 1	 1	 0	 2	 2	 1	368.24	  0.00
583	27	18	m	 1	 2	 9	 0	 1	 1	 1	 0	 1	 1	 0	 2	 2	 1	423.61	  0.00
584	27	18	m	 1	 2	 9	 1	 1	 1	 1	 0	 1	 1	 0	 2	 2	 1	408.69	  0.00
585	27	18	m	 1	 2	 9	 2	 2	 3	 2	 0	 1	 1	 0	 1	 1	 1	431.57	  0.00
586	27	18	m	 1	 2	 9	 1	 1	 3	 2	 0	 1	 1	 0	 2	 2	 1	416.38	  0.00
587	27	18	m	 1	 2	 9	 0	 1	 0	 1	 0	 1	 1	 0	 2	 2	 1	433.87	  0.00
588	27	18	m	 1	 2	 9	 3	 2	 0	 1	 0	 1	 1	 0	 1	 1	 1	432.29	  0.00
589	27	18	m	 1	 2	 9	 3	 2	 0	 1	 0	 1	 1	 0	 1	 2	 0	278.43	  0.00
590	27	18	m	 1	 2	 9	 3	 2	 2	 2	 1	 1	 1	 0	 1	 1	 1	523.68	  0.00
591	27	18	m	 1	 2	 9	 2	 2	 3	 2	 0	 1	 1	 0	 1	 1	 1	421.28	  0.00
592	27	18	m	 1	 2	 9	 1	 1	 2	 2	 1	 1	 1	 0	 2	 2	 1	435.98	  0.00
593	27	18	m	 1	 2	 9	 3	 2	 1	 1	 0	 1	 1	 0	 1	 1	 1	390.61	  0.00
594	27	18	m	 1	 2	 9	 0	 1	 2	 2	 1	 1	 1	 0	 2	 2	 1	419.04	  0.00
595	27	18	m	 1	 2	 9	 3	 2	 2	 2	 0	 1	 1	 0	 1	 1	 1	360.43	  0.00
596	27	18	m	 1	 2	 9	 0	 1	 1	 1	 1	 1	 1	 0	 2	 2	 1	478.68	  0.00
597	27	18	m	 1	 2	 9	 3	 2	 3	 2	 0	 1	 1	 0	 1	 1	 1	422.60	  0.00
598	27	18	m	 1	 2	 9	 1	 1	 2	 2	 0	 1	 1	 0	 2	 2	 1	469.03	  0.00
599	27	18	m	 1	 2	 9	 1	 1	 1	 1	 1	 1	 1	 0	 2	 2	 1	462.24	  0.00
600	27	18	m	 1	 2	 9	 1	 1	 3	 2	 1	 1	 1	 0	 2	 2	 1	424.85	  0.00
601	27	18	m	 1	 2	 9	 2	 2	 1	 1	 0	 1	 1	 0	 1	 1	 1	474.97	  0.00
602	27	18	m	 1	 2	 9	 3	 2	 0	 1	 1	 1	 1	 0	 1	 1	 1	461.70	  0.00
603	27	18	m	 1	 2	 9	 1	 1	 0	 1	 1	 1	 1	 0	 2	 2	 1	433.58	  0.00
604	27	18	m	 1	 2	 9	 3	 2	 0	 1	 1	 1	 1	 0	 1	 1	 1	464.56	  0.00
605	27	18	m	 1	 2	 9	 3	 2	 1	 1	 1	 1	 1	 0	 1	 1	 1	487.40	  0.00
606	27	18	m	 1	 2	 9	 3	 2	 3	 2	 1	 1	 1	 0	 1	 1	 1	474.91	  0.00
607	27	18	m	 1	 2	 9	 0	 1	 1	 1	 0	 1	 1	 0	 2	 2	 1	440.63	  0.00
608	27	18	m	 1	 2	 9	 2	 2	 1	 1	 1	 1	 1	 0	 1	 1	 1	435.88	  0.00
609	27	18	m	 1	 2	 9	 2	 2	 1	 1	 1	 1	 1	 0	 1	 1	 1	442.82	  0.00
610	27	18	m	 1	 2	 9	 1	 1	 3	 2	 0	 1	 1	 0	 2	 2	 1	432.02	  0.00
611	27	18	m	 1	 2	 9	 0	 1	 3	 2	 1	 1	 1	 0	 2	 2	 1	523.00	  0.00
612	27	18	m	 1	 2	 9	 0	 1	 2	 2	 0	 1	 1	 0	 2	 2	 1	401.63	  0.00
613	27	18	m	 1	 2	 9	 2	 2	 3	 2	 1	 1	 1	 0	 1	 1	 1	386.38	  0.00
614	27	18	m	 1	 2	 9	 2	 2	 2	 2	 0	 1	 1	 0	 1	 1	 1	471.98	  0.00
615	27	18	m	 1	 2	 9	 0	 1	 3	 2	 0	 1	 1	 0	 2	 2	 1	434.80	  0.00
616	27	18	m	 1	 2	 9	 3	 2	 1	 1	 1	 1	 1	 0	 1	 1	 1	457.68	  0.00
617	27	18	m	 1	 2	 9	 0	 1	 2	 2	 1	 1	 1	 0	 2	 2	 1	363.68	  0.00
618	27	18	m	 1	 2	 9	 1	 1	 1	 1	 0	 1	 1	 0	 2	 2	 1	468.27	  0.00
619	27	18	m	 1	 2	 9	 2	 2	 0	 1	 0	 1	 1	 0	 1	 1	 1	446.79	  0.00
620	27	18	m	 1	 2	 9	 2	 2	 3	 2	 1	 1	 1	 0	 1	 1	 1	447.63	  0.00
621	27	18	m	 1	 2	 9	 2	 2	 0	 1	 1	 1	 1	 0	 1	 1	 1	606.42	  0.00
622	27	18	m	 1	 2	 9	 2	 2	 0	 1	 0	 1	 1	 0	 1	 1	 1	460.14	  0.00
623	27	18	m	 1	 2	 9	 1	 1	 2	 2	 0	 1	 1	 0	 2	 2	 1	407.15	  0.00
624	27	18	m	 1	 2	 9	 3	 2	 3	 2	 1	 1	 1	 0	 1	 1	 1	462.68	  0.00
625	27	18	m	 1	 2	 9	 2	 2	 2	 2	 1	 1	 1	 0	 1	 2	 0	338.61	  0.00
626	27	18	m	 1	 2	 9	 3	 2	 3	 2	 0	 1	 1	 0	 1	 1	 1	519.17	  0.00
627	27	18	m	 1	 2	 9	 0	 1	 2	 2	 0	 1	 1	 0	 2	 2	 1	498.68	  0.00
628	27	18	m	 1	 2	 9	 2	 2	 0	 1	 1	 1	 1	 0	 1	 1	 1	501.61	  0.00
629	27	18	m	 1	 2	 9	 2	 2	 2	 2	 0	 1	 1	 0	 1	 1	 1	494.23	  0.00
630	27	18	m	 1	 2	 9	 1	 1	 0	 1	 1	 1	 1	 0	 2	 2	 1	467.99	  0.00
631	27	18	m	 1	 2	 9	 1	 1	 2	 2	 1	 1	 1	 0	 2	 2	 1	498.96	  0.00
632	27	18	m	 1	 2	 9	 0	 1	 0	 1	 1	 1	 1	 0	 2	 2	 1	429.08	  0.00
633	27	18	m	 1	 2	 9	 3	 2	 1	 1	 0	 1	 1	 0	 1	 1	 1	419.48	  0.00
634	27	18	m	 1	 2	 9	 0	 1	 3	 2	 0	 1	 1	 0	 2	 2	 1	387.99	  0.00
635	27	18	m	 1	 2	 9	 2	 2	 1	 1	 0	 1	 1	 0	 1	 1	 1	405.47	  0.00
636	27	18	m	 1	 2	 9	 0	 1	 0	 1	 1	 1	 1	 0	 2	 2	 1	344.11	  0.00
637	27	18	m	 1	 2	 9	 3	 2	 2	 2	 1	 1	 1	 0	 1	 1	 1	366.53	  0.00
638	27	18	m	 1	 2	 9	 1	 1	 3	 2	 1	 1	 1	 0	 2	 2	 1	376.11	  0.00
639	27	18	m	 1	 2	 9	 1	 1	 1	 1	 1	 1	 1	 0	 2	 2	 1	509.74	  0.00
640	27	18	m	 1	 2	10	 1	 1	 3	 2	 0	 1	 1	 0	 1	 1	 1	923.59	  0.00
641	27	18	m	 1	 2	10	 1	 1	 3	 2	 1	 1	 1	 0	 2	 2	 1	874.52	  0.00
642	27	18	m	 1	 2	10	 1	 1	 0	 1	 0	 1	 1	 0	 2	 2	 1	784.74	  0.00
643	27	18	m	 1	 2	10	 3	 2	 0	 1	 0	 1	 1	 0	 2	 2	 1	483.01	  0.00
644	27	18	m	 1	 2	10	 0	 1	 3	 2	 1	 1	 1	 0	 2	 2	 1	447.17	  0.00
645	27	18	m	 1	 2	10	 0	 1	 2	 2	 0	 1	 1	 0	 1	 1	 1	698.02	  0.00
646	27	18	m	 1	 2	10	 2	 2	 3	 2	 1	 1	 1	 0	 1	 1	 1	600.40	  0.00
647	27	18	m	 1	 2	10	 0	 1	 3	 2	 0	 1	 1	 0	 1	 1	 1	587.19	  0.00
648	27	18	m	 1	 2	10	 1	 1	 1	 1	 0	 1	 1	 0	 2	 2	 1	595.70	  0.00
649	27	18	m	 1	 2	10	 2	 2	 2	 2	 1	 1	 1	 0	 1	 1	 1	718.57	  0.00
650	27	18	m	 1	 2	10	 3	 2	 2	 2	 1	 1	 1	 0	 1	 1	 1	571.94	  0.00
651	27	18	m	 1	 2	10	 0	 1	 3	 2	 1	 1	 1	 0	 2	 2	 1	606.73	  0.00
652	27	18	m	 1	 2	10	 1	 1	 1	 1	 1	 1	 1	 0	 2	 2	 1	590.63	  0.00
653	27	18	m	 1	 2	10	 2	 2	 0	 1	 0	 1	 1	 0	 2	 2	 1	615.64	  0.00
654	27	18	m	 1	 2	10	 2	 2	 3	 2	 0	 1	 1	 0	 1	 1	 1	414.74	  0.00
655	27	18	m	 1	 2	10	 1	 1	 1	 1	 1	 1	 1	 0	 2	 2	 1	554.03	  0.00
656	27	18	m	 1	 2	10	 3	 2	 3	 2	 1	 1	 1	 0	 1	 1	 1	1109.40	  0.00
657	27	18	m	 1	 2	10	 1	 1	 3	 2	 1	 1	 1	 0	 2	 2	 1	679.39	  0.00
658	27	18	m	 1	 2	10	 0	 1	 0	 1	 0	 1	 1	 0	 2	 2	 1	760.18	  0.00
659	27	18	m	 1	 2	10	 2	 2	 1	 1	 1	 1	 1	 0	 1	 1	 1	608.11	  0.00
660	27	18	m	 1	 2	10	 3	 2	 0	 1	 1	 1	 1	 0	 1	 1	 1	483.39	  0.00
661	27	18	m	 1	 2	10	 2	 2	 0	 1	 1	 1	 1	 0	 1	 1	 1	513.84	  0.00
662	27	18	m	 1	 2	10	 0	 1	 2	 2	 1	 1	 1	 0	 2	 2	 1	451.46	  0.00
663	27	18	m	 1	 2	10	 3	 2	 1	 1	 1	 1	 1	 0	 1	 1	 1	656.29	  0.00
664	27	18	m	 1	 2	10	 0	 1	 1	 1	 0	 1	 1	 0	 2	 2	 1	787.21	  0.00
665	27	18	m	 1	 2	10	 1	 1	 3	 2	 0	 1	 1	 0	 1	 1	 1	588.70	  0.00
666	27	18	m	 1	 2	10	 0	 1	 1	 1	 0	 1	 1	 0	 2	 2	 1	653.48	  0.00
667	27	18	m	 1	 2	10	 1	 1	 2	 2	 1	 1	 1	 0	 2	 2	 1	857.74	  0.00
668	27	18	m	 1	 2	10	 2	 2	 2	 2	 1	 1	 1	 0	 1	 1	 1	438.94	  0.00
669	27	18	m	 1	 2	10	 2	 2	 1	 1	 0	 1	 1	 0	 2	 1	 0	567.45	  0.00
670	27	18	m	 1	 2	10	 2	 2	 0	 1	 1	 1	 1	 0	 1	 1	 1	706.55	  0.00
671	27	18	m	 1	 2	10	 2	 2	 1	 1	 1	 1	 1	 0	 1	 1	 1	475.59	  0.00
672	27	18	m	 1	 2	10	 1	 1	 2	 2	 0	 1	 1	 0	 1	 1	 1	997.38	  0.00
673	27	18	m	 1	 2	10	 0	 1	 0	 1	 1	 1	 1	 0	 2	 2	 1	676.16	  0.00
674	27	18	m	 1	 2	10	 3	 2	 3	 2	 0	 1	 1	 0	 1	 1	 1	646.67	  0.00
675	27	18	m	 1	 2	10	 0	 1	 1	 1	 1	 1	 1	 0	 2	 2	 1	500.15	  0.00
676	27	18	m	 1	 2	10	 0	 1	 2	 2	 1	 1	 1	 0	 2	 2	 1	522.24	  0.00
677	27	18	m	 1	 2	10	 1	 1	 0	 1	 1	 1	 1	 0	 2	 2	 1	505.69	  0.00
678	27	18	m	 1	 2	10	 1	 1	 0	 1	 1	 1	 1	 0	 2	 2	 1	542.42	  0.00
679	27	18	m	 1	 2	10	 0	 1	 2	 2	 0	 1	 1	 0	 1	 1	 1	648.04	  0.00
680	27	18	m	 1	 2	10	 3	 2	 2	 2	 0	 1	 1	 0	 1	 1	 1	550.43	  0.00
681	27	18	m	 1	 2	10	 2	 2	 0	 1	 0	 1	 1	 0	 2	 2	 1	510.11	  0.00
682	27	18	m	 1	 2	10	 3	 2	 1	 1	 0	 1	 1	 0	 2	 1	 0	472.64	  0.00
683	27	18	m	 1	 2	10	 3	 2	 1	 1	 0	 1	 1	 0	 2	 2	 1	775.06	  0.00
684	27	18	m	 1	 2	10	 0	 1	 3	 2	 0	 1	 1	 0	 1	 1	 1	698.99	  0.00
685	27	18	m	 1	 2	10	 0	 1	 0	 1	 0	 1	 1	 0	 2	 2	 1	556.76	  0.00
686	27	18	m	 1	 2	10	 3	 2	 2	 2	 1	 1	 1	 0	 1	 1	 1	744.91	  0.00
687	27	18	m	 1	 2	10	 3	 2	 2	 2	 0	 1	 1	 0	 1	 1	 1	864.87	  0.00
688	27	18	m	 1	 2	10	 3	 2	 0	 1	 0	 1	 1	 0	 2	 2	 1	617.42	  0.00
689	27	18	m	 1	 2	10	 2	 2	 2	 2	 0	 1	 1	 0	 1	 1	 1	636.93	  0.00
690	27	18	m	 1	 2	10	 2	 2	 1	 1	 0	 1	 1	 0	 2	 2	 1	1458.67	  0.00
691	27	18	m	 1	 2	10	 2	 2	 2	 2	 0	 1	 1	 0	 1	 1	 1	630.00	  0.00
692	27	18	m	 1	 2	10	 3	 2	 1	 1	 1	 1	 1	 0	 1	 1	 1	687.35	  0.00
693	27	18	m	 1	 2	10	 3	 2	 0	 1	 1	 1	 1	 0	 1	 1	 1	646.77	  0.00
694	27	18	m	 1	 2	10	 1	 1	 2	 2	 1	 1	 1	 0	 2	 2	 1	459.22	  0.00
695	27	18	m	 1	 2	10	 3	 2	 3	 2	 0	 1	 1	 0	 1	 1	 1	653.18	  0.00
696	27	18	m	 1	 2	10	 2	 2	 3	 2	 0	 1	 1	 0	 1	 1	 1	438.56	  0.00
697	27	18	m	 1	 2	10	 3	 2	 3	 2	 1	 1	 1	 0	 1	 1	 1	501.70	  0.00
698	27	18	m	 1	 2	10	 0	 1	 0	 1	 1	 1	 1	 0	 2	 2	 1	593.76	  0.00
699	27	18	m	 1	 2	10	 0	 1	 1	 1	 1	 1	 1	 0	 2	 2	 1	512.56	  0.00
700	27	18	m	 1	 2	10	 2	 2	 3	 2	 1	 1	 1	 0	 1	 1	 1	572.95	  0.00
701	27	18	m	 1	 2	10	 1	 1	 1	 1	 0	 1	 1	 0	 2	 2	 1	937.90	  0.00
702	27	18	m	 1	 2	10	 1	 1	 2	 2	 0	 1	 1	 0	 1	 1	 1	644.10	  0.00
703	27	18	m	 1	 2	10	 1	 1	 0	 1	 0	 1	 1	 0	 2	 2	 1	530.22	  0.00
704	27	18	m	 1	 2	11	 0	 1	 1	 1	 0	 1	 1	 0	 2	 2	 1	827.78	  0.00
705	27	18	m	 1	 2	11	 0	 1	 3	 2	 0	 1	 1	 0	 1	 1	 1	725.02	  0.00
706	27	18	m	 1	 2	11	 2	 2	 0	 1	 0	 1	 1	 0	 2	 2	 1	611.44	  0.00
707	27	18	m	 1	 2	11	 3	 2	 1	 1	 1	 1	 1	 0	 1	 1	 1	1126.42	  0.00
708	27	18	m	 1	 2	11	 1	 1	 3	 2	 0	 1	 1	 0	 1	 1	 1	1033.11	  0.00
709	27	18	m	 1	 2	11	 2	 2	 3	 2	 0	 1	 1	 0	 1	 1	 1	551.91	  0.00
710	27	18	m	 1	 2	11	 3	 2	 0	 1	 0	 1	 1	 0	 2	 2	 1	642.67	  0.00
711	27	18	m	 1	 2	11	 0	 1	 3	 2	 0	 1	 1	 0	 1	 1	 1	980.78	  0.00
712	27	18	m	 1	 2	11	 2	 2	 0	 1	 0	 1	 1	 0	 2	 2	 1	567.66	  0.00
713	27	18	m	 1	 2	11	 1	 1	 3	 2	 1	 1	 1	 0	 2	 2	 1	748.11	  0.00
714	27	18	m	 1	 2	11	 0	 1	 1	 1	 1	 1	 1	 0	 2	 2	 1	460.38	  0.00
715	27	18	m	 1	 2	11	 3	 2	 0	 1	 0	 1	 1	 0	 2	 2	 1	562.06	  0.00
716	27	18	m	 1	 2	11	 3	 2	 0	 1	 1	 1	 1	 0	 1	 1	 1	601.08	  0.00
717	27	18	m	 1	 2	11	 2	 2	 3	 2	 0	 1	 1	 0	 1	 1	 1	649.97	  0.00
718	27	18	m	 1	 2	11	 3	 2	 0	 1	 1	 1	 1	 0	 1	 1	 1	717.79	  0.00
719	27	18	m	 1	 2	11	 1	 1	 0	 1	 1	 1	 1	 0	 2	 2	 1	637.87	  0.00
720	27	18	m	 1	 2	11	 0	 1	 2	 2	 1	 1	 1	 0	 2	 2	 1	559.72	  0.00
721	27	18	m	 1	 2	11	 1	 1	 1	 1	 0	 1	 1	 0	 2	 2	 1	838.18	  0.00
722	27	18	m	 1	 2	11	 1	 1	 0	 1	 0	 1	 1	 0	 2	 2	 1	637.32	  0.00
723	27	18	m	 1	 2	11	 0	 1	 0	 1	 0	 1	 1	 0	 2	 2	 1	499.52	  0.00
724	27	18	m	 1	 2	11	 3	 2	 1	 1	 1	 1	 1	 0	 1	 1	 1	688.19	  0.00
725	27	18	m	 1	 2	11	 2	 2	 2	 2	 0	 1	 1	 0	 1	 1	 1	560.11	  0.00
726	27	18	m	 1	 2	11	 0	 1	 2	 2	 0	 1	 1	 0	 1	 1	 1	479.40	  0.00
727	27	18	m	 1	 2	11	 1	 1	 2	 2	 0	 1	 1	 0	 1	 1	 1	488.67	  0.00
728	27	18	m	 1	 2	11	 0	 1	 0	 1	 0	 1	 1	 0	 2	 2	 1	701.86	  0.00
729	27	18	m	 1	 2	11	 1	 1	 3	 2	 0	 1	 1	 0	 1	 1	 1	664.73	  0.00
730	27	18	m	 1	 2	11	 2	 2	 1	 1	 1	 1	 1	 0	 1	 1	 1	1037.80	  0.00
731	27	18	m	 1	 2	11	 3	 2	 3	 2	 1	 1	 1	 0	 1	 1	 1	698.04	  0.00
732	27	18	m	 1	 2	11	 2	 2	 2	 2	 1	 1	 1	 0	 1	 1	 1	538.48	  0.00
733	27	18	m	 1	 2	11	 1	 1	 1	 1	 1	 1	 1	 0	 2	 2	 1	531.16	  0.00
734	27	18	m	 1	 2	11	 2	 2	 2	 2	 0	 1	 1	 0	 1	 1	 1	732.55	  0.00
735	27	18	m	 1	 2	11	 3	 2	 1	 1	 0	 1	 1	 0	 2	 2	 1	1228.25	  0.00
736	27	18	m	 1	 2	11	 3	 2	 2	 2	 1	 1	 1	 0	 1	 1	 1	665.08	  0.00
737	27	18	m	 1	 2	11	 3	 2	 3	 2	 0	 1	 1	 0	 1	 1	 1	641.55	  0.00
738	27	18	m	 1	 2	11	 3	 2	 2	 2	 1	 1	 1	 0	 1	 1	 1	683.14	  0.00
739	27	18	m	 1	 2	11	 2	 2	 1	 1	 0	 1	 1	 0	 2	 1	 0	634.93	  0.00
740	27	18	m	 1	 2	11	 1	 1	 2	 2	 0	 1	 1	 0	 1	 0	 0	2000.18	  0.00
741	27	18	m	 1	 2	11	 0	 1	 1	 1	 0	 1	 1	 0	 2	 2	 1	1101.61	  0.00
742	27	18	m	 1	 2	11	 2	 2	 3	 2	 1	 1	 1	 0	 1	 1	 1	696.47	  0.00
743	27	18	m	 1	 2	11	 0	 1	 3	 2	 1	 1	 1	 0	 2	 2	 1	691.58	  0.00
744	27	18	m	 1	 2	11	 0	 1	 2	 2	 0	 1	 1	 0	 1	 1	 1	548.36	  0.00
745	27	18	m	 1	 2	11	 2	 2	 1	 1	 1	 1	 1	 0	 1	 1	 1	1038.93	  0.00
746	27	18	m	 1	 2	11	 0	 1	 0	 1	 1	 1	 1	 0	 2	 2	 1	465.26	  0.00
747	27	18	m	 1	 2	11	 0	 1	 3	 2	 1	 1	 1	 0	 2	 2	 1	547.50	  0.00
748	27	18	m	 1	 2	11	 0	 1	 0	 1	 1	 1	 1	 0	 2	 2	 1	483.57	  0.00
749	27	18	m	 1	 2	11	 1	 1	 0	 1	 1	 1	 1	 0	 2	 2	 1	451.04	  0.00
750	27	18	m	 1	 2	11	 2	 2	 0	 1	 1	 1	 1	 0	 1	 1	 1	530.96	  0.00
751	27	18	m	 1	 2	11	 2	 2	 1	 1	 0	 1	 1	 0	 2	 2	 1	1075.93	  0.00
752	27	18	m	 1	 2	11	 3	 2	 2	 2	 0	 1	 1	 0	 1	 1	 1	491.31	  0.00
753	27	18	m	 1	 2	11	 3	 2	 1	 1	 0	 1	 1	 0	 2	 2	 1	573.99	  0.00
754	27	18	m	 1	 2	11	 1	 1	 1	 1	 0	 1	 1	 0	 2	 2	 1	539.50	  0.00
755	27	18	m	 1	 2	11	 2	 2	 0	 1	 1	 1	 1	 0	 1	 1	 1	597.68	  0.00
756	27	18	m	 1	 2	11	 0	 1	 1	 1	 1	 1	 1	 0	 2	 2	 1	661.12	  0.00
757	27	18	m	 1	 2	11	 2	 2	 3	 2	 1	 1	 1	 0	 1	 1	 1	666.37	  0.00
758	27	18	m	 1	 2	11	 0	 1	 2	 2	 1	 1	 1	 0	 2	 2	 1	422.33	  0.00
759	27	18	m	 1	 2	11	 3	 2	 3	 2	 0	 1	 1	 0	 1	 1	 1	616.61	  0.00
760	27	18	m	 1	 2	11	 2	 2	 2	 2	 1	 1	 1	 0	 1	 1	 1	650.08	  0.00
761	27	18	m	 1	 2	11	 3	 2	 2	 2	 0	 1	 1	 0	 1	 1	 1	544.86	  0.00
762	27	18	m	 1	 2	11	 1	 1	 0	 1	 0	 1	 1	 0	 2	 2	 1	562.13	  0.00
763	27	18	m	 1	 2	11	 1	 1	 2	 2	 1	 1	 1	 0	 2	 2	 1	660.97	  0.00
764	27	18	m	 1	 2	11	 1	 1	 1	 1	 1	 1	 1	 0	 2	 2	 1	544.76	  0.00
765	27	18	m	 1	 2	11	 3	 2	 3	 2	 1	 1	 1	 0	 1	 1	 1	683.51	  0.00
766	27	18	m	 1	 2	11	 1	 1	 3	 2	 1	 1	 1	 0	 2	 2	 1	479.71	  0.00
767	27	18	m	 1	 2	11	 1	 1	 2	 2	 1	 1	 1	 0	 2	 2	 1	671.60	  0.00
768	27	18	m	 1	 2	12	 2	 2	 3	 2	 1	 1	 1	 0	 1	 1	 1	465.71	  0.00
769	27	18	m	 1	 2	12	 2	 2	 0	 1	 1	 1	 1	 0	 1	 1	 1	518.50	  0.00
770	27	18	m	 1	 2	12	 0	 1	 1	 1	 0	 1	 1	 0	 2	 2	 1	764.31	  0.00
771	27	18	m	 1	 2	12	 3	 2	 0	 1	 1	 1	 1	 0	 1	 1	 1	756.79	  0.00
772	27	18	m	 1	 2	12	 0	 1	 2	 2	 0	 1	 1	 0	 1	 1	 1	977.79	  0.00
773	27	18	m	 1	 2	12	 1	 1	 0	 1	 1	 1	 1	 0	 2	 2	 1	610.03	  0.00
774	27	18	m	 1	 2	12	 0	 1	 3	 2	 0	 1	 1	 0	 1	 1	 1	676.02	  0.00
775	27	18	m	 1	 2	12	 1	 1	 3	 2	 0	 1	 1	 0	 1	 1	 1	464.69	  0.00
776	27	18	m	 1	 2	12	 1	 1	 0	 1	 1	 1	 1	 0	 2	 2	 1	615.32	  0.00
777	27	18	m	 1	 2	12	 3	 2	 3	 2	 1	 1	 1	 0	 1	 1	 1	583.44	  0.00
778	27	18	m	 1	 2	12	 0	 1	 2	 2	 1	 1	 1	 0	 2	 2	 1	592.50	  0.00
779	27	18	m	 1	 2	12	 2	 2	 0	 1	 0	 1	 1	 0	 2	 2	 1	604.37	  0.00
780	27	18	m	 1	 2	12	 2	 2	 2	 2	 1	 1	 1	 0	 1	 2	 0	485.50	  0.00
781	27	18	m	 1	 2	12	 2	 2	 2	 2	 0	 1	 1	 0	 1	 1	 1	576.34	  0.00
782	27	18	m	 1	 2	12	 1	 1	 0	 1	 0	 1	 1	 0	 2	 2	 1	519.17	  0.00
783	27	18	m	 1	 2	12	 3	 2	 0	 1	 1	 1	 1	 0	 1	 1	 1	604.27	  0.00
784	27	18	m	 1	 2	12	 1	 1	 2	 2	 1	 1	 1	 0	 2	 2	 1	665.23	  0.00
785	27	18	m	 1	 2	12	 3	 2	 1	 1	 0	 1	 1	 0	 2	 2	 1	679.64	  0.00
786	27	18	m	 1	 2	12	 3	 2	 0	 1	 0	 1	 1	 0	 2	 2	 1	680.43	  0.00
787	27	18	m	 1	 2	12	 0	 1	 1	 1	 1	 1	 1	 0	 2	 2	 1	964.08	  0.00
788	27	18	m	 1	 2	12	 0	 1	 2	 2	 1	 1	 1	 0	 2	 2	 1	542.75	  0.00
789	27	18	m	 1	 2	12	 2	 2	 3	 2	 0	 1	 1	 0	 1	 1	 1	658.09	  0.00
790	27	18	m	 1	 2	12	 2	 2	 0	 1	 1	 1	 1	 0	 1	 1	 1	1299.67	  0.00
791	27	18	m	 1	 2	12	 0	 1	 0	 1	 1	 1	 1	 0	 2	 2	 1	559.62	  0.00
792	27	18	m	 1	 2	12	 2	 2	 2	 2	 1	 1	 1	 0	 1	 1	 1	1262.43	  0.00
793	27	18	m	 1	 2	12	 3	 2	 1	 1	 1	 1	 1	 0	 1	 1	 1	857.24	  0.00
794	27	18	m	 1	 2	12	 1	 1	 3	 2	 0	 1	 1	 0	 1	 1	 1	650.95	  0.00
795	27	18	m	 1	 2	12	 1	 1	 1	 1	 0	 1	 1	 0	 2	 2	 1	880.25	  0.00
796	27	18	m	 1	 2	12	 0	 1	 0	 1	 1	 1	 1	 0	 2	 2	 1	962.12	  0.00
797	27	18	m	 1	 2	12	 3	 2	 3	 2	 0	 1	 1	 0	 1	 1	 1	660.73	  0.00
798	27	18	m	 1	 2	12	 3	 2	 0	 1	 0	 1	 1	 0	 2	 2	 1	554.56	  0.00
799	27	18	m	 1	 2	12	 3	 2	 2	 2	 0	 1	 1	 0	 1	 1	 1	832.99	  0.00
800	27	18	m	 1	 2	12	 2	 2	 2	 2	 0	 1	 1	 0	 1	 1	 1	463.61	  0.00
801	27	18	m	 1	 2	12	 1	 1	 1	 1	 1	 1	 1	 0	 2	 2	 1	695.89	  0.00
802	27	18	m	 1	 2	12	 1	 1	 2	 2	 0	 1	 1	 0	 1	 1	 1	495.38	  0.00
803	27	18	m	 1	 2	12	 3	 2	 3	 2	 1	 1	 1	 0	 1	 1	 1	713.93	  0.00
804	27	18	m	 1	 2	12	 3	 2	 2	 2	 1	 1	 1	 0	 1	 1	 1	820.52	  0.00
805	27	18	m	 1	 2	12	 0	 1	 3	 2	 1	 1	 1	 0	 2	 2	 1	572.93	  0.00
806	27	18	m	 1	 2	12	 2	 2	 1	 1	 0	 1	 1	 0	 2	 2	 1	832.20	  0.00
807	27	18	m	 1	 2	12	 3	 2	 1	 1	 0	 1	 1	 0	 2	 2	 1	500.91	  0.00
808	27	18	m	 1	 2	12	 3	 2	 2	 2	 0	 1	 1	 0	 1	 2	 0	725.01	  0.00
809	27	18	m	 1	 2	12	 1	 1	 1	 1	 1	 1	 1	 0	 2	 2	 1	714.82	  0.00
810	27	18	m	 1	 2	12	 1	 1	 3	 2	 1	 1	 1	 0	 2	 2	 1	946.66	  0.00
811	27	18	m	 1	 2	12	 2	 2	 3	 2	 1	 1	 1	 0	 1	 1	 1	1197.28	  0.00
812	27	18	m	 1	 2	12	 1	 1	 0	 1	 0	 1	 1	 0	 2	 2	 1	626.20	  0.00
813	27	18	m	 1	 2	12	 2	 2	 3	 2	 0	 1	 1	 0	 1	 1	 1	528.19	  0.00
814	27	18	m	 1	 2	12	 2	 2	 0	 1	 0	 1	 1	 0	 2	 2	 1	760.28	  0.00
815	27	18	m	 1	 2	12	 3	 2	 1	 1	 1	 1	 1	 0	 1	 1	 1	676.66	  0.00
816	27	18	m	 1	 2	12	 0	 1	 0	 1	 0	 1	 1	 0	 2	 2	 1	658.35	  0.00
817	27	18	m	 1	 2	12	 0	 1	 2	 2	 0	 1	 1	 0	 1	 1	 1	520.50	  0.00
818	27	18	m	 1	 2	12	 2	 2	 1	 1	 1	 1	 1	 0	 1	 1	 1	703.74	  0.00
819	27	18	m	 1	 2	12	 1	 1	 2	 2	 0	 1	 1	 0	 1	 1	 1	666.46	  0.00
820	27	18	m	 1	 2	12	 2	 2	 1	 1	 0	 1	 1	 0	 2	 2	 1	814.13	  0.00
821	27	18	m	 1	 2	12	 0	 1	 1	 1	 0	 1	 1	 0	 2	 2	 1	696.83	  0.00
822	27	18	m	 1	 2	12	 1	 1	 1	 1	 0	 1	 1	 0	 2	 2	 1	501.68	  0.00
823	27	18	m	 1	 2	12	 0	 1	 0	 1	 0	 1	 1	 0	 2	 2	 1	703.99	  0.00
824	27	18	m	 1	 2	12	 2	 2	 1	 1	 1	 1	 1	 0	 1	 1	 1	633.99	  0.00
825	27	18	m	 1	 2	12	 1	 1	 2	 2	 1	 1	 1	 0	 2	 2	 1	1140.75	  0.00
826	27	18	m	 1	 2	12	 1	 1	 3	 2	 1	 1	 1	 0	 2	 2	 1	594.16	  0.00
827	27	18	m	 1	 2	12	 0	 1	 1	 1	 1	 1	 1	 0	 2	 2	 1	548.86	  0.00
828	27	18	m	 1	 2	12	 0	 1	 3	 2	 1	 1	 1	 0	 2	 2	 1	525.29	  0.00
829	27	18	m	 1	 2	12	 3	 2	 2	 2	 1	 1	 1	 0	 1	 1	 1	593.33	  0.00
830	27	18	m	 1	 2	12	 0	 1	 3	 2	 0	 1	 1	 0	 1	 1	 1	621.33	  0.00
831	27	18	m	 1	 2	12	 3	 2	 3	 2	 0	 1	 1	 0	 1	 1	 1	505.24	  0.00
832	27	18	m	 1	 2	13	 2	 2	 0	 1	 0	 1	 1	 0	 2	 2	 1	639.57	  0.00
833	27	18	m	 1	 2	13	 1	 1	 1	 1	 0	 1	 1	 0	 2	 2	 1	681.14	  0.00
834	27	18	m	 1	 2	13	 0	 1	 1	 1	 1	 1	 1	 0	 2	 2	 1	630.22	  0.00
835	27	18	m	 1	 2	13	 3	 2	 1	 1	 0	 1	 1	 0	 2	 1	 0	606.65	  0.00
836	27	18	m	 1	 2	13	 2	 2	 1	 1	 1	 1	 1	 0	 1	 1	 1	982.91	  0.00
837	27	18	m	 1	 2	13	 2	 2	 2	 2	 0	 1	 1	 0	 1	 1	 1	655.92	  0.00
838	27	18	m	 1	 2	13	 1	 1	 3	 2	 1	 1	 1	 0	 2	 2	 1	1113.53	  0.00
839	27	18	m	 1	 2	13	 0	 1	 3	 2	 0	 1	 1	 0	 1	 1	 1	637.71	  0.00
840	27	18	m	 1	 2	13	 1	 1	 1	 1	 1	 1	 1	 0	 2	 2	 1	649.38	  0.00
841	27	18	m	 1	 2	13	 3	 2	 3	 2	 1	 1	 1	 0	 1	 1	 1	685.35	  0.00
842	27	18	m	 1	 2	13	 0	 1	 0	 1	 1	 1	 1	 0	 2	 2	 1	664.60	  0.00
843	27	18	m	 1	 2	13	 2	 2	 2	 2	 1	 1	 1	 0	 1	 1	 1	526.81	  0.00
844	27	18	m	 1	 2	13	 1	 1	 0	 1	 1	 1	 1	 0	 2	 2	 1	473.09	  0.00
845	27	18	m	 1	 2	13	 3	 2	 1	 1	 0	 1	 1	 0	 2	 0	 0	2000.21	  0.00
846	27	18	m	 1	 2	13	 2	 2	 3	 2	 1	 1	 1	 0	 1	 1	 1	1522.07	  0.00
847	27	18	m	 1	 2	13	 2	 2	 1	 1	 0	 1	 1	 0	 2	 0	 0	2000.20	  0.00
848	27	18	m	 1	 2	13	 2	 2	 2	 2	 0	 1	 1	 0	 1	 1	 1	666.51	  0.00
849	27	18	m	 1	 2	13	 1	 1	 0	 1	 0	 1	 1	 0	 2	 2	 1	786.93	  0.00
850	27	18	m	 1	 2	13	 0	 1	 1	 1	 0	 1	 1	 0	 2	 2	 1	624.51	  0.00
851	27	18	m	 1	 2	13	 0	 1	 3	 2	 1	 1	 1	 0	 2	 2	 1	746.72	  0.00
852	27	18	m	 1	 2	13	 1	 1	 1	 1	 0	 1	 1	 0	 2	 2	 1	668.47	  0.00
853	27	18	m	 1	 2	13	 3	 2	 1	 1	 1	 1	 1	 0	 1	 1	 1	682.78	  0.00
854	27	18	m	 1	 2	13	 0	 1	 0	 1	 0	 1	 1	 0	 2	 1	 0	1363.62	  0.00
855	27	18	m	 1	 2	13	 2	 2	 3	 2	 0	 1	 1	 0	 1	 1	 1	800.36	  0.00
856	27	18	m	 1	 2	13	 3	 2	 3	 2	 1	 1	 1	 0	 1	 1	 1	683.84	  0.00
857	27	18	m	 1	 2	13	 3	 2	 0	 1	 1	 1	 1	 0	 1	 1	 1	543.28	  0.00
858	27	18	m	 1	 2	13	 0	 1	 1	 1	 0	 1	 1	 0	 2	 2	 1	878.86	  0.00
859	27	18	m	 1	 2	13	 3	 2	 0	 1	 0	 1	 1	 0	 2	 2	 1	590.03	  0.00
860	27	18	m	 1	 2	13	 0	 1	 0	 1	 0	 1	 1	 0	 2	 2	 1	454.81	  0.00
861	27	18	m	 1	 2	13	 2	 2	 2	 2	 1	 1	 1	 0	 1	 1	 1	679.01	  0.00
862	27	18	m	 1	 2	13	 0	 1	 2	 2	 0	 1	 1	 0	 1	 1	 1	1365.29	  0.00
863	27	18	m	 1	 2	13	 1	 1	 3	 2	 0	 1	 1	 0	 1	 1	 1	608.70	  0.00
864	27	18	m	 1	 2	13	 2	 2	 1	 1	 1	 1	 1	 0	 1	 1	 1	520.06	  0.00
865	27	18	m	 1	 2	13	 3	 2	 2	 2	 1	 1	 1	 0	 1	 1	 1	678.08	  0.00
866	27	18	m	 1	 2	13	 1	 1	 3	 2	 0	 1	 1	 0	 1	 1	 1	752.28	  0.00
867	27	18	m	 1	 2	13	 0	 1	 3	 2	 0	 1	 1	 0	 1	 1	 1	486.24	  0.00
868	27	18	m	 1	 2	13	 1	 1	 1	 1	 1	 1	 1	 0	 2	 2	 1	685.63	  0.00
869	27	18	m	 1	 2	13	 3	 2	 2	 2	 0	 1	 1	 0	 1	 1	 1	607.67	  0.00
870	27	18	m	 1	 2	13	 2	 2	 0	 1	 1	 1	 1	 0	 1	 1	 1	676.48	  0.00
871	27	18	m	 1	 2	13	 1	 1	 2	 2	 1	 1	 1	 0	 2	 2	 1	889.50	  0.00
872	27	18	m	 1	 2	13	 1	 1	 0	 1	 0	 1	 1	 0	 2	 1	 0	841.11	  0.00
873	27	18	m	 1	 2	13	 2	 2	 3	 2	 1	 1	 1	 0	 1	 1	 1	815.90	  0.00
874	27	18	m	 1	 2	13	 2	 2	 0	 1	 1	 1	 1	 0	 1	 1	 1	591.79	  0.00
875	27	18	m	 1	 2	13	 0	 1	 2	 2	 1	 1	 1	 0	 2	 2	 1	664.54	  0.00
876	27	18	m	 1	 2	13	 3	 2	 1	 1	 1	 1	 1	 0	 1	 1	 1	616.87	  0.00
877	27	18	m	 1	 2	13	 1	 1	 0	 1	 1	 1	 1	 0	 2	 2	 1	763.78	  0.00
878	27	18	m	 1	 2	13	 3	 2	 2	 2	 1	 1	 1	 0	 1	 1	 1	585.71	  0.00
879	27	18	m	 1	 2	13	 0	 1	 3	 2	 1	 1	 1	 0	 2	 2	 1	485.85	  0.00
880	27	18	m	 1	 2	13	 0	 1	 0	 1	 1	 1	 1	 0	 2	 2	 1	554.98	  0.00
881	27	18	m	 1	 2	13	 1	 1	 2	 2	 1	 1	 1	 0	 2	 2	 1	523.36	  0.00
882	27	18	m	 1	 2	13	 0	 1	 2	 2	 0	 1	 1	 0	 1	 1	 1	649.48	  0.00
883	27	18	m	 1	 2	13	 3	 2	 0	 1	 0	 1	 1	 0	 2	 2	 1	586.89	  0.00
884	27	18	m	 1	 2	13	 2	 2	 3	 2	 0	 1	 1	 0	 1	 1	 1	737.23	  0.00
885	27	18	m	 1	 2	13	 1	 1	 2	 2	 0	 1	 1	 0	 1	 1	 1	642.77	  0.00
886	27	18	m	 1	 2	13	 2	 2	 1	 1	 0	 1	 1	 0	 2	 2	 1	823.03	  0.00
887	27	18	m	 1	 2	13	 3	 2	 3	 2	 0	 1	 1	 0	 1	 1	 1	1239.82	  0.00
888	27	18	m	 1	 2	13	 2	 2	 0	 1	 0	 1	 1	 0	 2	 1	 0	875.29	  0.00
889	27	18	m	 1	 2	13	 3	 2	 3	 2	 0	 1	 1	 0	 1	 1	 1	1185.77	  0.00
890	27	18	m	 1	 2	13	 0	 1	 1	 1	 1	 1	 1	 0	 2	 2	 1	1040.58	  0.00
891	27	18	m	 1	 2	13	 3	 2	 0	 1	 1	 1	 1	 0	 1	 1	 1	632.82	  0.00
892	27	18	m	 1	 2	13	 3	 2	 2	 2	 0	 1	 1	 0	 1	 1	 1	726.25	  0.00
893	27	18	m	 1	 2	13	 0	 1	 2	 2	 1	 1	 1	 0	 2	 2	 1	675.19	  0.00
894	27	18	m	 1	 2	13	 1	 1	 3	 2	 1	 1	 1	 0	 2	 2	 1	608.02	  0.00
895	27	18	m	 1	 2	13	 1	 1	 2	 2	 0	 1	 1	 0	 1	 1	 1	633.38	  0.00
