00	10	20	v	 0	 1	 0	 2	 2	 0	 1	 1	 0	 0	 1	 2	 0	 0	2000.21	  0.00
01	10	20	v	 0	 1	 0	 2	 2	 1	 1	 0	 0	 0	 1	 2	 2	 1	679.14	  0.00
02	10	20	v	 0	 1	 0	 3	 2	 2	 2	 0	 0	 0	 1	 2	 2	 1	483.88	  0.00
03	10	20	v	 0	 1	 0	 0	 1	 0	 1	 1	 0	 0	 1	 1	 1	 1	523.03	  0.00
04	10	20	v	 0	 1	 0	 2	 2	 2	 2	 1	 0	 0	 1	 2	 2	 1	575.27	  0.00
05	10	20	v	 0	 1	 0	 1	 1	 3	 2	 0	 0	 0	 1	 1	 1	 1	589.38	  0.00
06	10	20	v	 0	 1	 0	 3	 2	 0	 1	 0	 0	 0	 1	 2	 2	 1	494.61	  0.00
07	10	20	v	 0	 1	 0	 3	 2	 1	 1	 0	 0	 0	 1	 2	 2	 1	565.02	  0.00
08	10	20	v	 0	 1	 0	 2	 2	 1	 1	 1	 0	 0	 1	 2	 2	 1	497.47	  0.00
09	10	20	v	 0	 1	 0	 2	 2	 3	 2	 1	 0	 0	 1	 2	 2	 1	413.74	  0.00
10	10	20	v	 0	 1	 0	 0	 1	 0	 1	 0	 0	 0	 1	 1	 1	 1	346.38	  0.00
11	10	20	v	 0	 1	 0	 2	 2	 0	 1	 0	 0	 0	 1	 2	 2	 1	632.12	  0.00
12	10	20	v	 0	 1	 0	 1	 1	 1	 1	 1	 0	 0	 1	 1	 1	 1	450.83	  0.00
13	10	20	v	 0	 1	 0	 2	 2	 1	 1	 0	 0	 0	 1	 2	 2	 1	554.79	  0.00
14	10	20	v	 0	 1	 0	 3	 2	 1	 1	 1	 0	 0	 1	 2	 2	 1	405.83	  0.00
15	10	20	v	 0	 1	 0	 0	 1	 3	 2	 0	 0	 0	 1	 1	 1	 1	468.08	  0.00
16	10	20	v	 0	 1	 0	 0	 1	 2	 2	 1	 0	 0	 1	 1	 1	 1	498.64	  0.00
17	10	20	v	 0	 1	 0	 1	 1	 3	 2	 0	 0	 0	 1	 1	 1	 1	561.74	  0.00
18	10	20	v	 0	 1	 0	 2	 2	 0	 1	 0	 0	 0	 1	 2	 2	 1	486.02	  0.00
19	10	20	v	 0	 1	 0	 0	 1	 0	 1	 1	 0	 0	 1	 1	 1	 1	622.65	  0.00
20	10	20	v	 0	 1	 0	 0	 1	 3	 2	 1	 0	 0	 1	 1	 1	 1	489.32	  0.00
21	10	20	v	 0	 1	 0	 0	 1	 1	 1	 0	 0	 0	 1	 1	 1	 1	421.27	  0.00
22	10	20	v	 0	 1	 0	 3	 2	 0	 1	 1	 0	 0	 1	 2	 2	 1	557.77	  0.00
23	10	20	v	 0	 1	 0	 3	 2	 3	 2	 0	 0	 0	 1	 2	 2	 1	580.11	  0.00
24	10	20	v	 0	 1	 0	 2	 2	 1	 1	 1	 0	 0	 1	 2	 2	 1	447.26	  0.00
25	10	20	v	 0	 1	 0	 1	 1	 2	 2	 0	 0	 0	 1	 1	 1	 1	461.48	  0.00
26	10	20	v	 0	 1	 0	 1	 1	 3	 2	 1	 0	 0	 1	 1	 1	 1	736.80	  0.00
27	10	20	v	 0	 1	 0	 0	 1	 1	 1	 1	 0	 0	 1	 1	 1	 1	481.34	  0.00
28	10	20	v	 0	 1	 0	 2	 2	 3	 2	 1	 0	 0	 1	 2	 2	 1	420.83	  0.00
29	10	20	v	 0	 1	 0	 3	 2	 0	 1	 0	 0	 0	 1	 2	 2	 1	500.57	  0.00
30	10	20	v	 0	 1	 0	 0	 1	 3	 2	 0	 0	 0	 1	 1	 1	 1	505.58	  0.00
31	10	20	v	 0	 1	 0	 2	 2	 3	 2	 0	 0	 0	 1	 2	 2	 1	569.70	  0.00
32	10	20	v	 0	 1	 0	 2	 2	 2	 2	 0	 0	 0	 1	 2	 2	 1	599.86	  0.00
33	10	20	v	 0	 1	 0	 2	 2	 2	 2	 1	 0	 0	 1	 2	 2	 1	573.23	  0.00
34	10	20	v	 0	 1	 0	 1	 1	 2	 2	 0	 0	 0	 1	 1	 1	 1	497.30	  0.00
35	10	20	v	 0	 1	 0	 3	 2	 2	 2	 1	 0	 0	 1	 2	 2	 1	453.73	  0.00
36	10	20	v	 0	 1	 0	 0	 1	 3	 2	 1	 0	 0	 1	 1	 1	 1	492.19	  0.00
37	10	20	v	 0	 1	 0	 2	 2	 0	 1	 1	 0	 0	 1	 2	 2	 1	571.66	  0.00
38	10	20	v	 0	 1	 0	 1	 1	 1	 1	 0	 0	 0	 1	 1	 1	 1	528.58	  0.00
39	10	20	v	 0	 1	 0	 3	 2	 2	 2	 0	 0	 0	 1	 2	 2	 1	493.51	  0.00
40	10	20	v	 0	 1	 0	 1	 1	 3	 2	 1	 0	 0	 1	 1	 1	 1	662.91	  0.00
41	10	20	v	 0	 1	 0	 0	 1	 2	 2	 0	 0	 0	 1	 1	 1	 1	652.12	  0.00
42	10	20	v	 0	 1	 0	 3	 2	 1	 1	 0	 0	 0	 1	 2	 2	 1	543.88	  0.00
43	10	20	v	 0	 1	 0	 0	 1	 1	 1	 1	 0	 0	 1	 1	 1	 1	507.77	  0.00
44	10	20	v	 0	 1	 0	 2	 2	 2	 2	 0	 0	 0	 1	 2	 2	 1	636.39	  0.00
45	10	20	v	 0	 1	 0	 3	 2	 3	 2	 0	 0	 0	 1	 2	 2	 1	479.01	  0.00
46	10	20	v	 0	 1	 0	 3	 2	 0	 1	 1	 0	 0	 1	 2	 2	 1	607.41	  0.00
47	10	20	v	 0	 1	 0	 1	 1	 1	 1	 0	 0	 0	 1	 1	 1	 1	572.18	  0.00
48	10	20	v	 0	 1	 0	 1	 1	 1	 1	 1	 0	 0	 1	 1	 1	 1	570.09	  0.00
49	10	20	v	 0	 1	 0	 1	 1	 2	 2	 1	 0	 0	 1	 1	 1	 1	493.51	  0.00
50	10	20	v	 0	 1	 0	 2	 2	 3	 2	 0	 0	 0	 1	 2	 2	 1	425.72	  0.00
51	10	20	v	 0	 1	 0	 1	 1	 2	 2	 1	 0	 0	 1	 1	 1	 1	505.49	  0.00
52	10	20	v	 0	 1	 0	 1	 1	 0	 1	 1	 0	 0	 1	 1	 1	 1	739.79	  0.00
53	10	20	v	 0	 1	 0	 0	 1	 0	 1	 0	 0	 0	 1	 1	 1	 1	549.61	  0.00
54	10	20	v	 0	 1	 0	 0	 1	 2	 2	 0	 0	 0	 1	 1	 1	 1	833.16	  0.00
55	10	20	v	 0	 1	 0	 3	 2	 1	 1	 1	 0	 0	 1	 2	 2	 1	561.27	  0.00
56	10	20	v	 0	 1	 0	 1	 1	 0	 1	 0	 0	 0	 1	 1	 1	 1	541.70	  0.00
57	10	20	v	 0	 1	 0	 3	 2	 3	 2	 1	 0	 0	 1	 2	 2	 1	637.16	  0.00
58	10	20	v	 0	 1	 0	 1	 1	 0	 1	 0	 0	 0	 1	 1	 1	 1	463.41	  0.00
59	10	20	v	 0	 1	 0	 3	 2	 3	 2	 1	 0	 0	 1	 2	 2	 1	657.15	  0.00
60	10	20	v	 0	 1	 0	 0	 1	 1	 1	 0	 0	 0	 1	 1	 1	 1	589.69	  0.00
61	10	20	v	 0	 1	 0	 0	 1	 2	 2	 1	 0	 0	 1	 1	 1	 1	464.97	  0.00
62	10	20	v	 0	 1	 0	 1	 1	 0	 1	 1	 0	 0	 1	 1	 1	 1	462.93	  0.00
63	10	20	v	 0	 1	 0	 3	 2	 2	 2	 1	 0	 0	 1	 2	 2	 1	598.67	  0.00
64	10	20	v	 0	 1	 1	 0	 1	 0	 1	 0	 0	 0	 1	 1	 1	 1	545.28	  0.00
65	10	20	v	 0	 1	 1	 0	 1	 3	 2	 0	 0	 0	 1	 1	 1	 1	543.47	  0.00
66	10	20	v	 0	 1	 1	 3	 2	 3	 2	 1	 0	 0	 1	 2	 2	 1	614.30	  0.00
67	10	20	v	 0	 1	 1	 2	 2	 0	 1	 1	 0	 0	 1	 2	 2	 1	604.21	  0.00
68	10	20	v	 0	 1	 1	 2	 2	 1	 1	 1	 0	 0	 1	 2	 2	 1	439.06	  0.00
69	10	20	v	 0	 1	 1	 0	 1	 1	 1	 0	 0	 0	 1	 1	 1	 1	486.41	  0.00
70	10	20	v	 0	 1	 1	 1	 1	 3	 2	 1	 0	 0	 1	 1	 1	 1	427.61	  0.00
71	10	20	v	 0	 1	 1	 2	 2	 1	 1	 0	 0	 0	 1	 2	 2	 1	532.10	  0.00
72	10	20	v	 0	 1	 1	 2	 2	 0	 1	 1	 0	 0	 1	 2	 2	 1	456.25	  0.00
73	10	20	v	 0	 1	 1	 3	 2	 0	 1	 1	 0	 0	 1	 2	 2	 1	471.59	  0.00
74	10	20	v	 0	 1	 1	 0	 1	 2	 2	 1	 0	 0	 1	 1	 1	 1	420.77	  0.00
75	10	20	v	 0	 1	 1	 2	 2	 0	 1	 0	 0	 0	 1	 2	 2	 1	443.71	  0.00
76	10	20	v	 0	 1	 1	 0	 1	 2	 2	 0	 0	 0	 1	 1	 1	 1	530.97	  0.00
77	10	20	v	 0	 1	 1	 1	 1	 0	 1	 0	 0	 0	 1	 1	 1	 1	431.31	  0.00
78	10	20	v	 0	 1	 1	 0	 1	 1	 1	 1	 0	 0	 1	 1	 1	 1	510.88	  0.00
79	10	20	v	 0	 1	 1	 2	 2	 1	 1	 0	 0	 0	 1	 2	 2	 1	468.83	  0.00
80	10	20	v	 0	 1	 1	 1	 1	 2	 2	 0	 0	 0	 1	 1	 1	 1	581.27	  0.00
81	10	20	v	 0	 1	 1	 0	 1	 1	 1	 0	 0	 0	 1	 1	 1	 1	465.15	  0.00
82	10	20	v	 0	 1	 1	 1	 1	 0	 1	 0	 0	 0	 1	 1	 1	 1	691.98	  0.00
83	10	20	v	 0	 1	 1	 2	 2	 3	 2	 1	 0	 0	 1	 2	 2	 1	461.79	  0.00
84	10	20	v	 0	 1	 1	 3	 2	 1	 1	 1	 0	 0	 1	 2	 2	 1	598.58	  0.00
85	10	20	v	 0	 1	 1	 3	 2	 3	 2	 0	 0	 0	 1	 2	 2	 1	367.52	  0.00
86	10	20	v	 0	 1	 1	 0	 1	 2	 2	 1	 0	 0	 1	 1	 1	 1	619.93	  0.00
87	10	20	v	 0	 1	 1	 1	 1	 1	 1	 0	 0	 0	 1	 1	 1	 1	437.53	  0.00
88	10	20	v	 0	 1	 1	 1	 1	 3	 2	 0	 0	 0	 1	 1	 1	 1	468.45	  0.00
89	10	20	v	 0	 1	 1	 2	 2	 0	 1	 0	 0	 0	 1	 2	 2	 1	466.88	  0.00
90	10	20	v	 0	 1	 1	 3	 2	 3	 2	 0	 0	 0	 1	 2	 2	 1	506.07	  0.00
91	10	20	v	 0	 1	 1	 0	 1	 0	 1	 1	 0	 0	 1	 1	 1	 1	512.51	  0.00
92	10	20	v	 0	 1	 1	 1	 1	 2	 2	 1	 0	 0	 1	 1	 1	 1	518.96	  0.00
93	10	20	v	 0	 1	 1	 1	 1	 1	 1	 1	 0	 0	 1	 1	 1	 1	435.60	  0.00
94	10	20	v	 0	 1	 1	 1	 1	 1	 1	 1	 0	 0	 1	 1	 1	 1	416.52	  0.00
95	10	20	v	 0	 1	 1	 0	 1	 3	 2	 0	 0	 0	 1	 1	 1	 1	406.88	  0.00
96	10	20	v	 0	 1	 1	 2	 2	 2	 2	 1	 0	 0	 1	 2	 2	 1	544.05	  0.00
97	10	20	v	 0	 1	 1	 3	 2	 1	 1	 0	 0	 0	 1	 2	 2	 1	444.36	  0.00
98	10	20	v	 0	 1	 1	 1	 1	 2	 2	 0	 0	 0	 1	 1	 1	 1	573.10	  0.00
99	10	20	v	 0	 1	 1	 3	 2	 2	 2	 1	 0	 0	 1	 2	 2	 1	555.18	  0.00
100	10	20	v	 0	 1	 1	 0	 1	 3	 2	 1	 0	 0	 1	 1	 1	 1	610.51	  0.00
101	10	20	v	 0	 1	 1	 1	 1	 0	 1	 1	 0	 0	 1	 1	 1	 1	584.17	  0.00
102	10	20	v	 0	 1	 1	 1	 1	 1	 1	 0	 0	 0	 1	 1	 1	 1	451.79	  0.00
103	10	20	v	 0	 1	 1	 1	 1	 3	 2	 1	 0	 0	 1	 1	 1	 1	401.19	  0.00
104	10	20	v	 0	 1	 1	 2	 2	 2	 2	 0	 0	 0	 1	 2	 2	 1	342.49	  0.00
105	10	20	v	 0	 1	 1	 3	 2	 0	 1	 1	 0	 0	 1	 2	 2	 1	462.16	  0.00
106	10	20	v	 0	 1	 1	 3	 2	 1	 1	 0	 0	 0	 1	 2	 2	 1	509.63	  0.00
107	10	20	v	 0	 1	 1	 3	 2	 2	 2	 1	 0	 0	 1	 2	 2	 1	450.89	  0.00
108	10	20	v	 0	 1	 1	 1	 1	 0	 1	 1	 0	 0	 1	 1	 1	 1	530.87	  0.00
109	10	20	v	 0	 1	 1	 3	 2	 1	 1	 1	 0	 0	 1	 2	 2	 1	586.01	  0.00
110	10	20	v	 0	 1	 1	 2	 2	 3	 2	 0	 0	 0	 1	 2	 2	 1	633.37	  0.00
111	10	20	v	 0	 1	 1	 3	 2	 3	 2	 1	 0	 0	 1	 2	 2	 1	419.12	  0.00
112	10	20	v	 0	 1	 1	 0	 1	 1	 1	 1	 0	 0	 1	 1	 1	 1	532.02	  0.00
113	10	20	v	 0	 1	 1	 0	 1	 3	 2	 1	 0	 0	 1	 1	 1	 1	733.28	  0.00
114	10	20	v	 0	 1	 1	 0	 1	 0	 1	 1	 0	 0	 1	 1	 1	 1	437.27	  0.00
115	10	20	v	 0	 1	 1	 2	 2	 2	 2	 0	 0	 0	 1	 2	 2	 1	590.78	  0.00
116	10	20	v	 0	 1	 1	 3	 2	 2	 2	 0	 0	 0	 1	 2	 2	 1	792.84	  0.00
117	10	20	v	 0	 1	 1	 0	 1	 0	 1	 0	 0	 0	 1	 1	 1	 1	554.03	  0.00
118	10	20	v	 0	 1	 1	 3	 2	 0	 1	 0	 0	 0	 1	 2	 2	 1	495.19	  0.00
119	10	20	v	 0	 1	 1	 2	 2	 3	 2	 1	 0	 0	 1	 2	 2	 1	517.84	  0.00
120	10	20	v	 0	 1	 1	 1	 1	 3	 2	 0	 0	 0	 1	 1	 1	 1	426.45	  0.00
121	10	20	v	 0	 1	 1	 2	 2	 3	 2	 0	 0	 0	 1	 2	 2	 1	580.15	  0.00
122	10	20	v	 0	 1	 1	 3	 2	 2	 2	 0	 0	 0	 1	 2	 2	 1	529.33	  0.00
123	10	20	v	 0	 1	 1	 2	 2	 2	 2	 1	 0	 0	 1	 2	 2	 1	444.95	  0.00
124	10	20	v	 0	 1	 1	 1	 1	 2	 2	 1	 0	 0	 1	 1	 1	 1	484.15	  0.00
125	10	20	v	 0	 1	 1	 0	 1	 2	 2	 0	 0	 0	 1	 1	 1	 1	539.35	  0.00
126	10	20	v	 0	 1	 1	 3	 2	 0	 1	 0	 0	 0	 1	 2	 2	 1	594.91	  0.00
127	10	20	v	 0	 1	 1	 2	 2	 1	 1	 1	 0	 0	 1	 2	 2	 1	495.21	  0.00
128	10	20	v	 0	 1	 2	 3	 2	 2	 2	 1	 0	 0	 1	 2	 2	 1	1324.03	  0.00
129	10	20	v	 0	 1	 2	 0	 1	 1	 1	 0	 0	 0	 1	 1	 1	 1	1221.76	  0.00
130	10	20	v	 0	 1	 2	 3	 2	 3	 2	 1	 0	 0	 1	 2	 2	 1	916.64	  0.00
131	10	20	v	 0	 1	 2	 3	 2	 3	 2	 1	 0	 0	 1	 2	 1	 0	783.31	  0.00
132	10	20	v	 0	 1	 2	 3	 2	 0	 1	 1	 0	 0	 1	 1	 1	 1	535.96	  0.00
133	10	20	v	 0	 1	 2	 0	 1	 3	 2	 0	 0	 0	 1	 2	 2	 1	713.26	  0.00
134	10	20	v	 0	 1	 2	 1	 1	 2	 2	 1	 0	 0	 1	 2	 1	 0	629.16	  0.00
135	10	20	v	 0	 1	 2	 3	 2	 1	 1	 0	 0	 0	 1	 1	 1	 1	700.29	  0.00
136	10	20	v	 0	 1	 2	 2	 2	 2	 2	 0	 0	 0	 1	 2	 2	 1	851.87	  0.00
137	10	20	v	 0	 1	 2	 1	 1	 2	 2	 1	 0	 0	 1	 2	 2	 1	645.16	  0.00
138	10	20	v	 0	 1	 2	 1	 1	 1	 1	 0	 0	 0	 1	 1	 1	 1	846.80	  0.00
139	10	20	v	 0	 1	 2	 3	 2	 1	 1	 0	 0	 0	 1	 1	 1	 1	713.51	  0.00
140	10	20	v	 0	 1	 2	 3	 2	 0	 1	 1	 0	 0	 1	 1	 1	 1	784.43	  0.00
141	10	20	v	 0	 1	 2	 3	 2	 1	 1	 1	 0	 0	 1	 1	 1	 1	700.33	  0.00
142	10	20	v	 0	 1	 2	 1	 1	 0	 1	 1	 0	 0	 1	 1	 1	 1	607.11	  0.00
143	10	20	v	 0	 1	 2	 0	 1	 2	 2	 0	 0	 0	 1	 2	 2	 1	490.49	  0.00
144	10	20	v	 0	 1	 2	 2	 2	 0	 1	 1	 0	 0	 1	 1	 1	 1	561.77	  0.00
145	10	20	v	 0	 1	 2	 0	 1	 1	 1	 1	 0	 0	 1	 1	 1	 1	624.78	  0.00
146	10	20	v	 0	 1	 2	 3	 2	 1	 1	 1	 0	 0	 1	 1	 1	 1	532.69	  0.00
147	10	20	v	 0	 1	 2	 2	 2	 3	 2	 0	 0	 0	 1	 2	 2	 1	962.86	  0.00
148	10	20	v	 0	 1	 2	 0	 1	 2	 2	 1	 0	 0	 1	 2	 2	 1	698.00	  0.00
149	10	20	v	 0	 1	 2	 1	 1	 3	 2	 1	 0	 0	 1	 2	 2	 1	597.58	  0.00
150	10	20	v	 0	 1	 2	 1	 1	 2	 2	 0	 0	 0	 1	 2	 2	 1	619.80	  0.00
151	10	20	v	 0	 1	 2	 0	 1	 0	 1	 1	 0	 0	 1	 1	 1	 1	543.98	  0.00
152	10	20	v	 0	 1	 2	 2	 2	 2	 2	 1	 0	 0	 1	 2	 2	 1	843.71	  0.00
153	10	20	v	 0	 1	 2	 2	 2	 3	 2	 0	 0	 0	 1	 2	 2	 1	898.16	  0.00
154	10	20	v	 0	 1	 2	 0	 1	 3	 2	 1	 0	 0	 1	 2	 2	 1	633.30	  0.00
155	10	20	v	 0	 1	 2	 3	 2	 3	 2	 0	 0	 0	 1	 2	 2	 1	973.64	  0.00
156	10	20	v	 0	 1	 2	 0	 1	 1	 1	 0	 0	 0	 1	 1	 1	 1	791.25	  0.00
157	10	20	v	 0	 1	 2	 2	 2	 3	 2	 1	 0	 0	 1	 2	 2	 1	674.45	  0.00
158	10	20	v	 0	 1	 2	 2	 2	 2	 2	 1	 0	 0	 1	 2	 2	 1	753.54	  0.00
159	10	20	v	 0	 1	 2	 2	 2	 1	 1	 0	 0	 0	 1	 1	 1	 1	604.25	  0.00
160	10	20	v	 0	 1	 2	 3	 2	 2	 2	 0	 0	 0	 1	 2	 2	 1	1261.92	  0.00
161	10	20	v	 0	 1	 2	 3	 2	 2	 2	 0	 0	 0	 1	 2	 2	 1	507.83	  0.00
162	10	20	v	 0	 1	 2	 0	 1	 3	 2	 0	 0	 0	 1	 2	 2	 1	611.88	  0.00
163	10	20	v	 0	 1	 2	 2	 2	 1	 1	 1	 0	 0	 1	 1	 1	 1	625.72	  0.00
164	10	20	v	 0	 1	 2	 0	 1	 0	 1	 0	 0	 0	 1	 1	 1	 1	1186.44	  0.00
165	10	20	v	 0	 1	 2	 3	 2	 3	 2	 0	 0	 0	 1	 2	 2	 1	824.25	  0.00
166	10	20	v	 0	 1	 2	 1	 1	 2	 2	 0	 0	 0	 1	 2	 2	 1	910.48	  0.00
167	10	20	v	 0	 1	 2	 2	 2	 0	 1	 0	 0	 0	 1	 1	 1	 1	817.83	  0.00
168	10	20	v	 0	 1	 2	 3	 2	 0	 1	 0	 0	 0	 1	 1	 1	 1	611.20	  0.00
169	10	20	v	 0	 1	 2	 0	 1	 2	 2	 0	 0	 0	 1	 2	 2	 1	617.00	  0.00
170	10	20	v	 0	 1	 2	 3	 2	 0	 1	 0	 0	 0	 1	 1	 1	 1	622.84	  0.00
171	10	20	v	 0	 1	 2	 2	 2	 0	 1	 1	 0	 0	 1	 1	 1	 1	538.90	  0.00
172	10	20	v	 0	 1	 2	 1	 1	 0	 1	 1	 0	 0	 1	 1	 1	 1	471.41	  0.00
173	10	20	v	 0	 1	 2	 2	 2	 3	 2	 1	 0	 0	 1	 2	 2	 1	631.61	  0.00
174	10	20	v	 0	 1	 2	 2	 2	 1	 1	 1	 0	 0	 1	 1	 1	 1	563.85	  0.00
175	10	20	v	 0	 1	 2	 1	 1	 3	 2	 1	 0	 0	 1	 2	 2	 1	586.04	  0.00
176	10	20	v	 0	 1	 2	 1	 1	 1	 1	 0	 0	 0	 1	 1	 1	 1	624.54	  0.00
177	10	20	v	 0	 1	 2	 1	 1	 3	 2	 0	 0	 0	 1	 2	 2	 1	622.18	  0.00
178	10	20	v	 0	 1	 2	 0	 1	 2	 2	 1	 0	 0	 1	 2	 2	 1	595.43	  0.00
179	10	20	v	 0	 1	 2	 0	 1	 0	 1	 0	 0	 0	 1	 1	 1	 1	576.81	  0.00
180	10	20	v	 0	 1	 2	 0	 1	 3	 2	 1	 0	 0	 1	 2	 2	 1	598.04	  0.00
181	10	20	v	 0	 1	 2	 1	 1	 0	 1	 0	 0	 0	 1	 1	 1	 1	864.96	  0.00
182	10	20	v	 0	 1	 2	 1	 1	 3	 2	 0	 0	 0	 1	 2	 2	 1	617.46	  0.00
183	10	20	v	 0	 1	 2	 0	 1	 1	 1	 1	 0	 0	 1	 1	 1	 1	566.15	  0.00
184	10	20	v	 0	 1	 2	 0	 1	 0	 1	 1	 0	 0	 1	 1	 1	 1	612.84	  0.00
185	10	20	v	 0	 1	 2	 3	 2	 2	 2	 1	 0	 0	 1	 2	 2	 1	504.47	  0.00
186	10	20	v	 0	 1	 2	 2	 2	 2	 2	 0	 0	 0	 1	 2	 2	 1	641.00	  0.00
187	10	20	v	 0	 1	 2	 1	 1	 1	 1	 1	 0	 0	 1	 1	 1	 1	523.06	  0.00
188	10	20	v	 0	 1	 2	 2	 2	 1	 1	 0	 0	 0	 1	 1	 1	 1	888.31	  0.00
189	10	20	v	 0	 1	 2	 2	 2	 0	 1	 0	 0	 0	 1	 1	 1	 1	714.18	  0.00
190	10	20	v	 0	 1	 2	 1	 1	 0	 1	 0	 0	 0	 1	 1	 1	 1	630.11	  0.00
191	10	20	v	 0	 1	 2	 1	 1	 1	 1	 1	 0	 0	 1	 1	 1	 1	1876.29	  0.00
192	10	20	v	 0	 1	 3	 1	 1	 3	 2	 1	 0	 0	 1	 2	 2	 1	683.46	  0.00
193	10	20	v	 0	 1	 3	 0	 1	 0	 1	 1	 0	 0	 1	 1	 1	 1	518.34	  0.00
194	10	20	v	 0	 1	 3	 3	 2	 0	 1	 1	 0	 0	 1	 1	 1	 1	474.95	  0.00
195	10	20	v	 0	 1	 3	 2	 2	 0	 1	 1	 0	 0	 1	 1	 1	 1	424.15	  0.00
196	10	20	v	 0	 1	 3	 0	 1	 3	 2	 0	 0	 0	 1	 2	 2	 1	504.19	  0.00
197	10	20	v	 0	 1	 3	 1	 1	 2	 2	 0	 0	 0	 1	 2	 2	 1	510.62	  0.00
198	10	20	v	 0	 1	 3	 0	 1	 1	 1	 1	 0	 0	 1	 1	 1	 1	549.74	  0.00
199	10	20	v	 0	 1	 3	 1	 1	 3	 2	 0	 0	 0	 1	 2	 2	 1	596.91	  0.00
200	10	20	v	 0	 1	 3	 1	 1	 3	 2	 1	 0	 0	 1	 2	 2	 1	505.35	  0.00
201	10	20	v	 0	 1	 3	 2	 2	 2	 2	 0	 0	 0	 1	 2	 2	 1	715.85	  0.00
202	10	20	v	 0	 1	 3	 3	 2	 2	 2	 0	 0	 0	 1	 2	 2	 1	509.82	  0.00
203	10	20	v	 0	 1	 3	 2	 2	 0	 1	 0	 0	 0	 1	 1	 1	 1	556.20	  0.00
204	10	20	v	 0	 1	 3	 3	 2	 0	 1	 0	 0	 0	 1	 1	 1	 1	440.05	  0.00
205	10	20	v	 0	 1	 3	 0	 1	 1	 1	 0	 0	 0	 1	 1	 2	 0	503.69	  0.00
206	10	20	v	 0	 1	 3	 1	 1	 0	 1	 1	 0	 0	 1	 1	 1	 1	648.93	  0.00
207	10	20	v	 0	 1	 3	 1	 1	 3	 2	 0	 0	 0	 1	 2	 1	 0	459.31	  0.00
208	10	20	v	 0	 1	 3	 2	 2	 0	 1	 0	 0	 0	 1	 1	 1	 1	588.22	  0.00
209	10	20	v	 0	 1	 3	 3	 2	 2	 2	 0	 0	 0	 1	 2	 2	 1	537.48	  0.00
210	10	20	v	 0	 1	 3	 3	 2	 3	 2	 1	 0	 0	 1	 2	 2	 1	788.65	  0.00
211	10	20	v	 0	 1	 3	 1	 1	 0	 1	 1	 0	 0	 1	 1	 1	 1	672.28	  0.00
212	10	20	v	 0	 1	 3	 0	 1	 3	 2	 1	 0	 0	 1	 2	 2	 1	783.69	  0.00
213	10	20	v	 0	 1	 3	 2	 2	 1	 1	 1	 0	 0	 1	 1	 1	 1	642.79	  0.00
214	10	20	v	 0	 1	 3	 3	 2	 2	 2	 1	 0	 0	 1	 2	 2	 1	591.87	  0.00
215	10	20	v	 0	 1	 3	 1	 1	 1	 1	 1	 0	 0	 1	 1	 1	 1	720.68	  0.00
216	10	20	v	 0	 1	 3	 2	 2	 1	 1	 0	 0	 0	 1	 1	 1	 1	571.77	  0.00
217	10	20	v	 0	 1	 3	 2	 2	 1	 1	 0	 0	 0	 1	 1	 1	 1	496.50	  0.00
218	10	20	v	 0	 1	 3	 0	 1	 2	 2	 1	 0	 0	 1	 2	 2	 1	519.13	  0.00
219	10	20	v	 0	 1	 3	 1	 1	 2	 2	 0	 0	 0	 1	 2	 2	 1	468.57	  0.00
220	10	20	v	 0	 1	 3	 3	 2	 0	 1	 1	 0	 0	 1	 1	 1	 1	589.33	  0.00
221	10	20	v	 0	 1	 3	 2	 2	 2	 2	 0	 0	 0	 1	 2	 2	 1	725.05	  0.00
222	10	20	v	 0	 1	 3	 2	 2	 1	 1	 1	 0	 0	 1	 1	 1	 1	1106.67	  0.00
223	10	20	v	 0	 1	 3	 2	 2	 2	 2	 1	 0	 0	 1	 2	 2	 1	549.21	  0.00
224	10	20	v	 0	 1	 3	 0	 1	 2	 2	 0	 0	 0	 1	 2	 2	 1	563.72	  0.00
225	10	20	v	 0	 1	 3	 2	 2	 0	 1	 1	 0	 0	 1	 1	 1	 1	700.65	  0.00
226	10	20	v	 0	 1	 3	 0	 1	 3	 2	 0	 0	 0	 1	 2	 2	 1	764.01	  0.00
227	10	20	v	 0	 1	 3	 0	 1	 1	 1	 0	 0	 0	 1	 1	 1	 1	590.50	  0.00
228	10	20	v	 0	 1	 3	 3	 2	 1	 1	 1	 0	 0	 1	 1	 1	 1	662.15	  0.00
229	10	20	v	 0	 1	 3	 0	 1	 2	 2	 0	 0	 0	 1	 2	 2	 1	618.41	  0.00
230	10	20	v	 0	 1	 3	 3	 2	 1	 1	 1	 0	 0	 1	 1	 1	 1	1285.68	  0.00
231	10	20	v	 0	 1	 3	 2	 2	 3	 2	 1	 0	 0	 1	 2	 2	 1	532.16	  0.00
232	10	20	v	 0	 1	 3	 2	 2	 3	 2	 0	 0	 0	 1	 2	 2	 1	571.17	  0.00
233	10	20	v	 0	 1	 3	 3	 2	 3	 2	 1	 0	 0	 1	 2	 2	 1	601.98	  0.00
234	10	20	v	 0	 1	 3	 0	 1	 0	 1	 0	 0	 0	 1	 1	 1	 1	910.17	  0.00
235	10	20	v	 0	 1	 3	 0	 1	 3	 2	 1	 0	 0	 1	 2	 2	 1	614.15	  0.00
236	10	20	v	 0	 1	 3	 3	 2	 0	 1	 0	 0	 0	 1	 1	 1	 1	555.16	  0.00
237	10	20	v	 0	 1	 3	 3	 2	 3	 2	 0	 0	 0	 1	 2	 2	 1	585.07	  0.00
238	10	20	v	 0	 1	 3	 0	 1	 2	 2	 1	 0	 0	 1	 2	 2	 1	607.75	  0.00
239	10	20	v	 0	 1	 3	 2	 2	 3	 2	 1	 0	 0	 1	 2	 2	 1	720.08	  0.00
240	10	20	v	 0	 1	 3	 2	 2	 3	 2	 0	 0	 0	 1	 2	 2	 1	522.22	  0.00
241	10	20	v	 0	 1	 3	 2	 2	 2	 2	 1	 0	 0	 1	 2	 2	 1	634.70	  0.00
242	10	20	v	 0	 1	 3	 1	 1	 2	 2	 1	 0	 0	 1	 2	 2	 1	461.51	  0.00
243	10	20	v	 0	 1	 3	 0	 1	 1	 1	 1	 0	 0	 1	 1	 1	 1	525.11	  0.00
244	10	20	v	 0	 1	 3	 1	 1	 0	 1	 0	 0	 0	 1	 1	 1	 1	874.19	  0.00
245	10	20	v	 0	 1	 3	 1	 1	 0	 1	 0	 0	 0	 1	 1	 1	 1	520.14	  0.00
246	10	20	v	 0	 1	 3	 3	 2	 2	 2	 1	 0	 0	 1	 2	 2	 1	550.95	  0.00
247	10	20	v	 0	 1	 3	 1	 1	 1	 1	 0	 0	 0	 1	 1	 1	 1	565.61	  0.00
248	10	20	v	 0	 1	 3	 1	 1	 1	 1	 1	 0	 0	 1	 1	 1	 1	620.92	  0.00
249	10	20	v	 0	 1	 3	 0	 1	 0	 1	 1	 0	 0	 1	 1	 1	 1	1067.84	  0.00
250	10	20	v	 0	 1	 3	 3	 2	 1	 1	 0	 0	 0	 1	 1	 1	 1	812.35	  0.00
251	10	20	v	 0	 1	 3	 3	 2	 1	 1	 0	 0	 0	 1	 1	 1	 1	622.54	  0.00
252	10	20	v	 0	 1	 3	 3	 2	 3	 2	 0	 0	 0	 1	 2	 2	 1	669.61	  0.00
253	10	20	v	 0	 1	 3	 0	 1	 0	 1	 0	 0	 0	 1	 1	 1	 1	674.91	  0.00
254	10	20	v	 0	 1	 3	 1	 1	 2	 2	 1	 0	 0	 1	 2	 2	 1	558.68	  0.00
255	10	20	v	 0	 1	 3	 1	 1	 1	 1	 0	 0	 0	 1	 1	 1	 1	662.95	  0.00
256	10	20	v	 0	 1	 4	 3	 2	 3	 2	 1	 0	 0	 1	 2	 2	 1	718.35	  0.00
257	10	20	v	 0	 1	 4	 3	 2	 3	 2	 0	 0	 0	 1	 2	 2	 1	1336.03	  0.00
258	10	20	v	 0	 1	 4	 3	 2	 2	 2	 1	 0	 0	 1	 2	 2	 1	744.88	  0.00
259	10	20	v	 0	 1	 4	 3	 2	 3	 2	 1	 0	 0	 1	 2	 2	 1	587.35	  0.00
260	10	20	v	 0	 1	 4	 1	 1	 3	 2	 0	 0	 0	 1	 2	 2	 1	707.63	  0.00
261	10	20	v	 0	 1	 4	 1	 1	 1	 1	 0	 0	 0	 1	 1	 1	 1	589.96	  0.00
262	10	20	v	 0	 1	 4	 1	 1	 2	 2	 0	 0	 0	 1	 2	 2	 1	628.40	  0.00
263	10	20	v	 0	 1	 4	 3	 2	 2	 2	 0	 0	 0	 1	 2	 2	 1	593.48	  0.00
264	10	20	v	 0	 1	 4	 3	 2	 1	 1	 0	 0	 0	 1	 1	 1	 1	566.70	  0.00
265	10	20	v	 0	 1	 4	 2	 2	 1	 1	 0	 0	 0	 1	 1	 1	 1	466.51	  0.00
266	10	20	v	 0	 1	 4	 0	 1	 2	 2	 1	 0	 0	 1	 1	 1	 1	464.46	  0.00
267	10	20	v	 0	 1	 4	 0	 1	 2	 2	 0	 0	 0	 1	 2	 2	 1	559.39	  0.00
268	10	20	v	 0	 1	 4	 1	 1	 3	 2	 0	 0	 0	 1	 2	 2	 1	679.34	  0.00
269	10	20	v	 0	 1	 4	 0	 1	 0	 1	 1	 0	 0	 1	 1	 1	 1	562.49	  0.00
270	10	20	v	 0	 1	 4	 1	 1	 0	 1	 0	 0	 0	 1	 1	 1	 1	527.76	  0.00
271	10	20	v	 0	 1	 4	 2	 2	 1	 1	 1	 0	 0	 1	 2	 1	 0	615.31	  0.00
272	10	20	v	 0	 1	 4	 3	 2	 1	 1	 1	 0	 0	 1	 2	 2	 1	621.10	  0.00
273	10	20	v	 0	 1	 4	 2	 2	 0	 1	 1	 0	 0	 1	 2	 2	 1	879.70	  0.00
274	10	20	v	 0	 1	 4	 0	 1	 1	 1	 1	 0	 0	 1	 1	 1	 1	574.09	  0.00
275	10	20	v	 0	 1	 4	 2	 2	 3	 2	 1	 0	 0	 1	 2	 2	 1	775.73	  0.00
276	10	20	v	 0	 1	 4	 0	 1	 3	 2	 0	 0	 0	 1	 2	 2	 1	732.60	  0.00
277	10	20	v	 0	 1	 4	 2	 2	 3	 2	 0	 0	 0	 1	 2	 2	 1	517.67	  0.00
278	10	20	v	 0	 1	 4	 2	 2	 0	 1	 0	 0	 0	 1	 1	 1	 1	915.57	  0.00
279	10	20	v	 0	 1	 4	 0	 1	 0	 1	 1	 0	 0	 1	 1	 1	 1	831.20	  0.00
280	10	20	v	 0	 1	 4	 0	 1	 3	 2	 1	 0	 0	 1	 1	 1	 1	542.07	  0.00
281	10	20	v	 0	 1	 4	 0	 1	 3	 2	 1	 0	 0	 1	 1	 1	 1	1975.68	  0.00
282	10	20	v	 0	 1	 4	 2	 2	 1	 1	 1	 0	 0	 1	 2	 2	 1	617.02	  0.00
283	10	20	v	 0	 1	 4	 1	 1	 1	 1	 0	 0	 0	 1	 1	 1	 1	859.53	  0.00
284	10	20	v	 0	 1	 4	 0	 1	 2	 2	 1	 0	 0	 1	 1	 1	 1	897.05	  0.00
285	10	20	v	 0	 1	 4	 0	 1	 0	 1	 0	 0	 0	 1	 1	 1	 1	535.85	  0.00
286	10	20	v	 0	 1	 4	 0	 1	 2	 2	 0	 0	 0	 1	 2	 2	 1	589.66	  0.00
287	10	20	v	 0	 1	 4	 3	 2	 0	 1	 0	 0	 0	 1	 1	 1	 1	717.94	  0.00
288	10	20	v	 0	 1	 4	 3	 2	 1	 1	 0	 0	 0	 1	 1	 2	 0	813.45	  0.00
289	10	20	v	 0	 1	 4	 0	 1	 1	 1	 1	 0	 0	 1	 1	 1	 1	696.57	  0.00
290	10	20	v	 0	 1	 4	 1	 1	 2	 2	 1	 0	 0	 1	 1	 1	 1	473.85	  0.00
291	10	20	v	 0	 1	 4	 2	 2	 1	 1	 0	 0	 0	 1	 1	 1	 1	577.79	  0.00
292	10	20	v	 0	 1	 4	 1	 1	 1	 1	 1	 0	 0	 1	 1	 1	 1	526.56	  0.00
293	10	20	v	 0	 1	 4	 1	 1	 2	 2	 1	 0	 0	 1	 1	 1	 1	441.51	  0.00
294	10	20	v	 0	 1	 4	 3	 2	 3	 2	 0	 0	 0	 1	 2	 2	 1	635.43	  0.00
295	10	20	v	 0	 1	 4	 3	 2	 1	 1	 1	 0	 0	 1	 2	 2	 1	1220.59	  0.00
296	10	20	v	 0	 1	 4	 1	 1	 1	 1	 1	 0	 0	 1	 1	 1	 1	605.37	  0.00
297	10	20	v	 0	 1	 4	 2	 2	 0	 1	 1	 0	 0	 1	 2	 2	 1	660.18	  0.00
298	10	20	v	 0	 1	 4	 1	 1	 3	 2	 1	 0	 0	 1	 1	 1	 1	592.28	  0.00
299	10	20	v	 0	 1	 4	 2	 2	 3	 2	 0	 0	 0	 1	 2	 2	 1	605.57	  0.00
300	10	20	v	 0	 1	 4	 2	 2	 3	 2	 1	 0	 0	 1	 2	 2	 1	668.46	  0.00
301	10	20	v	 0	 1	 4	 3	 2	 0	 1	 0	 0	 0	 1	 1	 1	 1	608.95	  0.00
302	10	20	v	 0	 1	 4	 2	 2	 2	 2	 0	 0	 0	 1	 2	 2	 1	557.67	  0.00
303	10	20	v	 0	 1	 4	 1	 1	 0	 1	 1	 0	 0	 1	 1	 1	 1	604.15	  0.00
304	10	20	v	 0	 1	 4	 3	 2	 0	 1	 1	 0	 0	 1	 2	 2	 1	642.73	  0.00
305	10	20	v	 0	 1	 4	 0	 1	 3	 2	 0	 0	 0	 1	 2	 2	 1	950.44	  0.00
306	10	20	v	 0	 1	 4	 2	 2	 2	 2	 0	 0	 0	 1	 2	 2	 1	554.93	  0.00
307	10	20	v	 0	 1	 4	 1	 1	 2	 2	 0	 0	 0	 1	 2	 2	 1	568.95	  0.00
308	10	20	v	 0	 1	 4	 3	 2	 2	 2	 1	 0	 0	 1	 2	 2	 1	1064.52	  0.00
309	10	20	v	 0	 1	 4	 3	 2	 0	 1	 1	 0	 0	 1	 2	 2	 1	482.17	  0.00
310	10	20	v	 0	 1	 4	 0	 1	 1	 1	 0	 0	 0	 1	 1	 1	 1	594.17	  0.00
311	10	20	v	 0	 1	 4	 2	 2	 2	 2	 1	 0	 0	 1	 2	 2	 1	608.13	  0.00
312	10	20	v	 0	 1	 4	 2	 2	 0	 1	 0	 0	 0	 1	 1	 1	 1	972.16	  0.00
313	10	20	v	 0	 1	 4	 1	 1	 0	 1	 0	 0	 0	 1	 1	 1	 1	430.74	  0.00
314	10	20	v	 0	 1	 4	 2	 2	 2	 2	 1	 0	 0	 1	 2	 1	 0	444.99	  0.00
315	10	20	v	 0	 1	 4	 0	 1	 1	 1	 0	 0	 0	 1	 1	 1	 1	532.64	  0.00
316	10	20	v	 0	 1	 4	 3	 2	 2	 2	 0	 0	 0	 1	 2	 2	 1	611.99	  0.00
317	10	20	v	 0	 1	 4	 1	 1	 0	 1	 1	 0	 0	 1	 1	 1	 1	764.72	  0.00
318	10	20	v	 0	 1	 4	 1	 1	 3	 2	 1	 0	 0	 1	 1	 1	 1	492.86	  0.00
319	10	20	v	 0	 1	 4	 0	 1	 0	 1	 0	 0	 0	 1	 1	 1	 1	506.07	  0.00
320	10	20	v	 0	 1	 5	 0	 1	 0	 1	 0	 0	 0	 1	 1	 1	 1	725.58	  0.00
321	10	20	v	 0	 1	 5	 2	 2	 1	 1	 0	 0	 0	 1	 1	 1	 1	625.52	  0.00
322	10	20	v	 0	 1	 5	 1	 1	 1	 1	 0	 0	 0	 1	 1	 1	 1	444.11	  0.00
323	10	20	v	 0	 1	 5	 0	 1	 3	 2	 0	 0	 0	 1	 2	 2	 1	573.03	  0.00
324	10	20	v	 0	 1	 5	 0	 1	 2	 2	 0	 0	 0	 1	 2	 2	 1	612.03	  0.00
325	10	20	v	 0	 1	 5	 3	 2	 1	 1	 0	 0	 0	 1	 1	 1	 1	936.57	  0.00
326	10	20	v	 0	 1	 5	 3	 2	 0	 1	 1	 0	 0	 1	 2	 2	 1	852.38	  0.00
327	10	20	v	 0	 1	 5	 3	 2	 2	 2	 0	 0	 0	 1	 2	 2	 1	491.30	  0.00
328	10	20	v	 0	 1	 5	 3	 2	 3	 2	 0	 0	 0	 1	 2	 2	 1	529.46	  0.00
329	10	20	v	 0	 1	 5	 1	 1	 3	 2	 0	 0	 0	 1	 2	 2	 1	478.72	  0.00
330	10	20	v	 0	 1	 5	 1	 1	 0	 1	 0	 0	 0	 1	 1	 1	 1	533.97	  0.00
331	10	20	v	 0	 1	 5	 0	 1	 0	 1	 1	 0	 0	 1	 1	 1	 1	1135.97	  0.00
332	10	20	v	 0	 1	 5	 3	 2	 2	 2	 1	 0	 0	 1	 2	 2	 1	562.37	  0.00
333	10	20	v	 0	 1	 5	 1	 1	 1	 1	 0	 0	 0	 1	 1	 1	 1	560.59	  0.00
334	10	20	v	 0	 1	 5	 3	 2	 1	 1	 0	 0	 0	 1	 1	 1	 1	452.64	  0.00
335	10	20	v	 0	 1	 5	 2	 2	 0	 1	 0	 0	 0	 1	 1	 1	 1	524.49	  0.00
336	10	20	v	 0	 1	 5	 1	 1	 2	 2	 1	 0	 0	 1	 1	 1	 1	962.39	  0.00
337	10	20	v	 0	 1	 5	 2	 2	 2	 2	 1	 0	 0	 1	 2	 2	 1	445.88	  0.00
338	10	20	v	 0	 1	 5	 3	 2	 3	 2	 0	 0	 0	 1	 2	 2	 1	452.52	  0.00
339	10	20	v	 0	 1	 5	 0	 1	 3	 2	 1	 0	 0	 1	 1	 1	 1	613.94	  0.00
340	10	20	v	 0	 1	 5	 1	 1	 3	 2	 1	 0	 0	 1	 1	 1	 1	1020.13	  0.00
341	10	20	v	 0	 1	 5	 2	 2	 2	 2	 0	 0	 0	 1	 2	 2	 1	576.93	  0.00
342	10	20	v	 0	 1	 5	 1	 1	 3	 2	 1	 0	 0	 1	 1	 1	 1	762.66	  0.00
343	10	20	v	 0	 1	 5	 2	 2	 3	 2	 1	 0	 0	 1	 2	 2	 1	572.87	  0.00
344	10	20	v	 0	 1	 5	 3	 2	 3	 2	 1	 0	 0	 1	 2	 2	 1	937.58	  0.00
345	10	20	v	 0	 1	 5	 3	 2	 3	 2	 1	 0	 0	 1	 2	 2	 1	502.66	  0.00
346	10	20	v	 0	 1	 5	 0	 1	 1	 1	 0	 0	 0	 1	 1	 1	 1	802.92	  0.00
347	10	20	v	 0	 1	 5	 3	 2	 1	 1	 1	 0	 0	 1	 2	 2	 1	588.54	  0.00
348	10	20	v	 0	 1	 5	 2	 2	 1	 1	 1	 0	 0	 1	 2	 2	 1	537.77	  0.00
349	10	20	v	 0	 1	 5	 0	 1	 2	 2	 1	 0	 0	 1	 1	 1	 1	585.02	  0.00
350	10	20	v	 0	 1	 5	 0	 1	 1	 1	 1	 0	 0	 1	 1	 1	 1	501.55	  0.00
351	10	20	v	 0	 1	 5	 2	 2	 3	 2	 1	 0	 0	 1	 2	 2	 1	638.51	  0.00
352	10	20	v	 0	 1	 5	 2	 2	 0	 1	 0	 0	 0	 1	 1	 1	 1	604.11	  0.00
353	10	20	v	 0	 1	 5	 3	 2	 2	 2	 1	 0	 0	 1	 2	 2	 1	772.47	  0.00
354	10	20	v	 0	 1	 5	 0	 1	 3	 2	 1	 0	 0	 1	 1	 1	 1	639.70	  0.00
355	10	20	v	 0	 1	 5	 1	 1	 1	 1	 1	 0	 0	 1	 1	 1	 1	539.64	  0.00
356	10	20	v	 0	 1	 5	 1	 1	 0	 1	 1	 0	 0	 1	 1	 1	 1	481.06	  0.00
357	10	20	v	 0	 1	 5	 0	 1	 1	 1	 1	 0	 0	 1	 1	 1	 1	617.98	  0.00
358	10	20	v	 0	 1	 5	 1	 1	 2	 2	 0	 0	 0	 1	 2	 2	 1	648.94	  0.00
359	10	20	v	 0	 1	 5	 1	 1	 2	 2	 1	 0	 0	 1	 1	 1	 1	573.31	  0.00
360	10	20	v	 0	 1	 5	 2	 2	 0	 1	 1	 0	 0	 1	 2	 2	 1	653.37	  0.00
361	10	20	v	 0	 1	 5	 1	 1	 1	 1	 1	 0	 0	 1	 1	 1	 1	552.60	  0.00
362	10	20	v	 0	 1	 5	 3	 2	 0	 1	 0	 0	 0	 1	 1	 1	 1	681.31	  0.00
363	10	20	v	 0	 1	 5	 3	 2	 1	 1	 1	 0	 0	 1	 2	 2	 1	605.49	  0.00
364	10	20	v	 0	 1	 5	 2	 2	 1	 1	 1	 0	 0	 1	 2	 2	 1	563.20	  0.00
365	10	20	v	 0	 1	 5	 2	 2	 3	 2	 0	 0	 0	 1	 2	 2	 1	618.51	  0.00
366	10	20	v	 0	 1	 5	 2	 2	 1	 1	 0	 0	 0	 1	 1	 1	 1	518.74	  0.00
367	10	20	v	 0	 1	 5	 0	 1	 2	 2	 1	 0	 0	 1	 1	 1	 1	672.00	  0.00
368	10	20	v	 0	 1	 5	 2	 2	 2	 2	 0	 0	 0	 1	 2	 2	 1	547.66	  0.00
369	10	20	v	 0	 1	 5	 3	 2	 2	 2	 0	 0	 0	 1	 2	 2	 1	431.69	  0.00
370	10	20	v	 0	 1	 5	 0	 1	 3	 2	 0	 0	 0	 1	 2	 2	 1	518.84	  0.00
371	10	20	v	 0	 1	 5	 1	 1	 3	 2	 0	 0	 0	 1	 2	 2	 1	508.99	  0.00
372	10	20	v	 0	 1	 5	 1	 1	 0	 1	 0	 0	 0	 1	 1	 1	 1	637.80	  0.00
373	10	20	v	 0	 1	 5	 1	 1	 2	 2	 0	 0	 0	 1	 2	 2	 1	733.85	  0.00
374	10	20	v	 0	 1	 5	 2	 2	 0	 1	 1	 0	 0	 1	 2	 2	 1	707.33	  0.00
375	10	20	v	 0	 1	 5	 3	 2	 0	 1	 1	 0	 0	 1	 2	 2	 1	533.76	  0.00
376	10	20	v	 0	 1	 5	 2	 2	 3	 2	 0	 0	 0	 1	 2	 2	 1	654.68	  0.00
377	10	20	v	 0	 1	 5	 3	 2	 0	 1	 0	 0	 0	 1	 1	 1	 1	611.14	  0.00
378	10	20	v	 0	 1	 5	 0	 1	 1	 1	 0	 0	 0	 1	 1	 1	 1	910.93	  0.00
379	10	20	v	 0	 1	 5	 2	 2	 2	 2	 1	 0	 0	 1	 2	 2	 1	688.29	  0.00
380	10	20	v	 0	 1	 5	 0	 1	 0	 1	 1	 0	 0	 1	 1	 1	 1	490.46	  0.00
381	10	20	v	 0	 1	 5	 0	 1	 2	 2	 0	 0	 0	 1	 2	 2	 1	570.38	  0.00
382	10	20	v	 0	 1	 5	 0	 1	 0	 1	 0	 0	 0	 1	 1	 1	 1	519.57	  0.00
383	10	20	v	 0	 1	 5	 1	 1	 0	 1	 1	 0	 0	 1	 1	 1	 1	672.85	  0.00
384	10	20	v	 0	 1	 6	 0	 1	 2	 2	 0	 0	 0	 1	 2	 2	 1	621.95	  0.00
385	10	20	v	 0	 1	 6	 0	 1	 3	 2	 1	 0	 0	 1	 1	 1	 1	961.89	  0.00
386	10	20	v	 0	 1	 6	 0	 1	 3	 2	 1	 0	 0	 1	 1	 1	 1	567.80	  0.00
387	10	20	v	 0	 1	 6	 2	 2	 3	 2	 0	 0	 0	 1	 2	 2	 1	582.33	  0.00
388	10	20	v	 0	 1	 6	 2	 2	 1	 1	 0	 0	 0	 1	 1	 1	 1	1665.68	  0.00
389	10	20	v	 0	 1	 6	 0	 1	 0	 1	 0	 0	 0	 1	 1	 1	 1	511.85	  0.00
390	10	20	v	 0	 1	 6	 0	 1	 3	 2	 0	 0	 0	 1	 2	 2	 1	469.30	  0.00
391	10	20	v	 0	 1	 6	 3	 2	 1	 1	 0	 0	 0	 1	 1	 1	 1	492.19	  0.00
392	10	20	v	 0	 1	 6	 1	 1	 1	 1	 1	 0	 0	 1	 1	 1	 1	669.97	  0.00
393	10	20	v	 0	 1	 6	 2	 2	 0	 1	 0	 0	 0	 1	 1	 1	 1	740.70	  0.00
394	10	20	v	 0	 1	 6	 1	 1	 0	 1	 1	 0	 0	 1	 1	 1	 1	550.81	  0.00
395	10	20	v	 0	 1	 6	 3	 2	 3	 2	 0	 0	 0	 1	 2	 2	 1	589.81	  0.00
396	10	20	v	 0	 1	 6	 2	 2	 1	 1	 1	 0	 0	 1	 2	 2	 1	1175.52	  0.00
397	10	20	v	 0	 1	 6	 2	 2	 0	 1	 1	 0	 0	 1	 2	 2	 1	471.05	  0.00
398	10	20	v	 0	 1	 6	 3	 2	 1	 1	 1	 0	 0	 1	 2	 2	 1	436.82	  0.00
399	10	20	v	 0	 1	 6	 0	 1	 1	 1	 0	 0	 0	 1	 1	 1	 1	557.51	  0.00
400	10	20	v	 0	 1	 6	 0	 1	 0	 1	 1	 0	 0	 1	 1	 1	 1	1094.34	  0.00
401	10	20	v	 0	 1	 6	 1	 1	 1	 1	 1	 0	 0	 1	 1	 1	 1	422.42	  0.00
402	10	20	v	 0	 1	 6	 3	 2	 1	 1	 1	 0	 0	 1	 2	 2	 1	574.97	  0.00
403	10	20	v	 0	 1	 6	 0	 1	 2	 2	 0	 0	 0	 1	 2	 2	 1	614.05	  0.00
404	10	20	v	 0	 1	 6	 3	 2	 0	 1	 0	 0	 0	 1	 1	 1	 1	677.48	  0.00
405	10	20	v	 0	 1	 6	 1	 1	 2	 2	 1	 0	 0	 1	 1	 1	 1	544.99	  0.00
406	10	20	v	 0	 1	 6	 3	 2	 0	 1	 0	 0	 0	 1	 1	 1	 1	510.62	  0.00
407	10	20	v	 0	 1	 6	 2	 2	 3	 2	 0	 0	 0	 1	 2	 2	 1	557.88	  0.00
408	10	20	v	 0	 1	 6	 3	 2	 2	 2	 0	 0	 0	 1	 2	 2	 1	1004.78	  0.00
409	10	20	v	 0	 1	 6	 3	 2	 3	 2	 1	 0	 0	 1	 2	 2	 1	610.77	  0.00
410	10	20	v	 0	 1	 6	 0	 1	 1	 1	 1	 0	 0	 1	 1	 1	 1	477.52	  0.00
411	10	20	v	 0	 1	 6	 3	 2	 3	 2	 1	 0	 0	 1	 2	 2	 1	491.95	  0.00
412	10	20	v	 0	 1	 6	 1	 1	 0	 1	 0	 0	 0	 1	 1	 1	 1	653.44	  0.00
413	10	20	v	 0	 1	 6	 2	 2	 2	 2	 0	 0	 0	 1	 2	 2	 1	602.55	  0.00
414	10	20	v	 0	 1	 6	 0	 1	 2	 2	 1	 0	 0	 1	 1	 1	 1	551.71	  0.00
415	10	20	v	 0	 1	 6	 1	 1	 2	 2	 0	 0	 0	 1	 2	 2	 1	957.95	  0.00
416	10	20	v	 0	 1	 6	 2	 2	 1	 1	 1	 0	 0	 1	 2	 2	 1	751.63	  0.00
417	10	20	v	 0	 1	 6	 0	 1	 1	 1	 1	 0	 0	 1	 1	 2	 0	463.97	  0.00
418	10	20	v	 0	 1	 6	 1	 1	 1	 1	 0	 0	 0	 1	 1	 1	 1	552.10	  0.00
419	10	20	v	 0	 1	 6	 1	 1	 1	 1	 0	 0	 0	 1	 1	 1	 1	427.91	  0.00
420	10	20	v	 0	 1	 6	 1	 1	 3	 2	 1	 0	 0	 1	 1	 1	 1	498.72	  0.00
421	10	20	v	 0	 1	 6	 2	 2	 1	 1	 0	 0	 0	 1	 1	 1	 1	595.01	  0.00
422	10	20	v	 0	 1	 6	 1	 1	 3	 2	 0	 0	 0	 1	 2	 2	 1	438.14	  0.00
423	10	20	v	 0	 1	 6	 0	 1	 1	 1	 0	 0	 0	 1	 1	 1	 1	615.69	  0.00
424	10	20	v	 0	 1	 6	 1	 1	 3	 2	 1	 0	 0	 1	 1	 1	 1	638.62	  0.00
425	10	20	v	 0	 1	 6	 1	 1	 2	 2	 0	 0	 0	 1	 2	 2	 1	595.97	  0.00
426	10	20	v	 0	 1	 6	 3	 2	 2	 2	 1	 0	 0	 1	 2	 1	 0	520.65	  0.00
427	10	20	v	 0	 1	 6	 3	 2	 2	 2	 1	 0	 0	 1	 2	 2	 1	1016.65	  0.00
428	10	20	v	 0	 1	 6	 2	 2	 3	 2	 1	 0	 0	 1	 2	 2	 1	531.80	  0.00
429	10	20	v	 0	 1	 6	 2	 2	 0	 1	 1	 0	 0	 1	 2	 2	 1	472.92	  0.00
430	10	20	v	 0	 1	 6	 2	 2	 2	 2	 0	 0	 0	 1	 2	 2	 1	748.65	  0.00
431	10	20	v	 0	 1	 6	 3	 2	 1	 1	 0	 0	 0	 1	 1	 1	 1	550.87	  0.00
432	10	20	v	 0	 1	 6	 1	 1	 0	 1	 1	 0	 0	 1	 1	 1	 1	597.82	  0.00
433	10	20	v	 0	 1	 6	 2	 2	 3	 2	 1	 0	 0	 1	 2	 2	 1	579.86	  0.00
434	10	20	v	 0	 1	 6	 1	 1	 3	 2	 0	 0	 0	 1	 2	 2	 1	610.55	  0.00
435	10	20	v	 0	 1	 6	 0	 1	 0	 1	 1	 0	 0	 1	 1	 1	 1	625.10	  0.00
436	10	20	v	 0	 1	 6	 3	 2	 2	 2	 0	 0	 0	 1	 2	 2	 1	532.65	  0.00
437	10	20	v	 0	 1	 6	 2	 2	 2	 2	 1	 0	 0	 1	 2	 2	 1	832.68	  0.00
438	10	20	v	 0	 1	 6	 2	 2	 0	 1	 0	 0	 0	 1	 1	 1	 1	610.20	  0.00
439	10	20	v	 0	 1	 6	 3	 2	 3	 2	 0	 0	 0	 1	 2	 2	 1	551.21	  0.00
440	10	20	v	 0	 1	 6	 1	 1	 2	 2	 1	 0	 0	 1	 1	 1	 1	704.33	  0.00
441	10	20	v	 0	 1	 6	 0	 1	 0	 1	 0	 0	 0	 1	 1	 1	 1	775.92	  0.00
442	10	20	v	 0	 1	 6	 3	 2	 0	 1	 1	 0	 0	 1	 2	 2	 1	537.22	  0.00
443	10	20	v	 0	 1	 6	 2	 2	 2	 2	 1	 0	 0	 1	 2	 2	 1	584.38	  0.00
444	10	20	v	 0	 1	 6	 1	 1	 0	 1	 0	 0	 0	 1	 1	 1	 1	509.19	  0.00
445	10	20	v	 0	 1	 6	 0	 1	 3	 2	 0	 0	 0	 1	 2	 2	 1	637.08	  0.00
446	10	20	v	 0	 1	 6	 0	 1	 2	 2	 1	 0	 0	 1	 1	 1	 1	610.43	  0.00
447	10	20	v	 0	 1	 6	 3	 2	 0	 1	 1	 0	 0	 1	 2	 2	 1	608.73	  0.00
448	10	20	v	 0	 1	 7	 2	 2	 2	 2	 0	 0	 0	 1	 2	 2	 1	753.77	  0.00
449	10	20	v	 0	 1	 7	 0	 1	 2	 2	 0	 0	 0	 1	 2	 2	 1	523.23	  0.00
450	10	20	v	 0	 1	 7	 2	 2	 1	 1	 1	 0	 0	 1	 2	 2	 1	1043.71	  0.00
451	10	20	v	 0	 1	 7	 0	 1	 2	 2	 1	 0	 0	 1	 1	 1	 1	665.90	  0.00
452	10	20	v	 0	 1	 7	 1	 1	 1	 1	 1	 0	 0	 1	 1	 1	 1	597.94	  0.00
453	10	20	v	 0	 1	 7	 2	 2	 0	 1	 0	 0	 0	 1	 1	 1	 1	685.73	  0.00
454	10	20	v	 0	 1	 7	 1	 1	 3	 2	 1	 0	 0	 1	 1	 1	 1	528.44	  0.00
455	10	20	v	 0	 1	 7	 0	 1	 1	 1	 0	 0	 0	 1	 1	 1	 1	1049.11	  0.00
456	10	20	v	 0	 1	 7	 2	 2	 3	 2	 1	 0	 0	 1	 2	 2	 1	540.65	  0.00
457	10	20	v	 0	 1	 7	 3	 2	 1	 1	 1	 0	 0	 1	 2	 2	 1	547.14	  0.00
458	10	20	v	 0	 1	 7	 3	 2	 0	 1	 0	 0	 0	 1	 1	 1	 1	945.18	  0.00
459	10	20	v	 0	 1	 7	 2	 2	 0	 1	 0	 0	 0	 1	 1	 1	 1	730.66	  0.00
460	10	20	v	 0	 1	 7	 1	 1	 3	 2	 0	 0	 0	 1	 2	 2	 1	712.33	  0.00
461	10	20	v	 0	 1	 7	 1	 1	 0	 1	 1	 0	 0	 1	 1	 1	 1	611.36	  0.00
462	10	20	v	 0	 1	 7	 0	 1	 0	 1	 0	 0	 0	 1	 1	 1	 1	601.33	  0.00
463	10	20	v	 0	 1	 7	 2	 2	 1	 1	 1	 0	 0	 1	 2	 2	 1	517.22	  0.00
464	10	20	v	 0	 1	 7	 3	 2	 3	 2	 1	 0	 0	 1	 2	 2	 1	524.02	  0.00
465	10	20	v	 0	 1	 7	 2	 2	 3	 2	 1	 0	 0	 1	 2	 2	 1	457.00	  0.00
466	10	20	v	 0	 1	 7	 1	 1	 3	 2	 0	 0	 0	 1	 2	 1	 0	512.68	  0.00
467	10	20	v	 0	 1	 7	 3	 2	 2	 2	 1	 0	 0	 1	 2	 2	 1	780.24	  0.00
468	10	20	v	 0	 1	 7	 1	 1	 0	 1	 1	 0	 0	 1	 1	 1	 1	557.88	  0.00
469	10	20	v	 0	 1	 7	 0	 1	 3	 2	 0	 0	 0	 1	 2	 2	 1	587.76	  0.00
470	10	20	v	 0	 1	 7	 3	 2	 2	 2	 1	 0	 0	 1	 2	 2	 1	732.67	  0.00
471	10	20	v	 0	 1	 7	 0	 1	 2	 2	 1	 0	 0	 1	 1	 1	 1	1065.26	  0.00
472	10	20	v	 0	 1	 7	 2	 2	 2	 2	 0	 0	 0	 1	 2	 2	 1	622.10	  0.00
473	10	20	v	 0	 1	 7	 3	 2	 0	 1	 1	 0	 0	 1	 2	 2	 1	660.81	  0.00
474	10	20	v	 0	 1	 7	 3	 2	 1	 1	 0	 0	 0	 1	 1	 1	 1	577.50	  0.00
475	10	20	v	 0	 1	 7	 0	 1	 0	 1	 1	 0	 0	 1	 1	 1	 1	624.64	  0.00
476	10	20	v	 0	 1	 7	 2	 2	 1	 1	 0	 0	 0	 1	 1	 1	 1	565.67	  0.00
477	10	20	v	 0	 1	 7	 1	 1	 2	 2	 1	 0	 0	 1	 1	 1	 1	546.34	  0.00
478	10	20	v	 0	 1	 7	 1	 1	 1	 1	 0	 0	 0	 1	 1	 1	 1	487.66	  0.00
479	10	20	v	 0	 1	 7	 1	 1	 0	 1	 0	 0	 0	 1	 1	 1	 1	1326.32	  0.00
480	10	20	v	 0	 1	 7	 2	 2	 0	 1	 1	 0	 0	 1	 2	 2	 1	523.88	  0.00
481	10	20	v	 0	 1	 7	 1	 1	 1	 1	 0	 0	 0	 1	 1	 1	 1	660.84	  0.00
482	10	20	v	 0	 1	 7	 0	 1	 1	 1	 1	 0	 0	 1	 1	 1	 1	536.48	  0.00
483	10	20	v	 0	 1	 7	 1	 1	 2	 2	 0	 0	 0	 1	 2	 2	 1	583.71	  0.00
484	10	20	v	 0	 1	 7	 1	 1	 2	 2	 0	 0	 0	 1	 2	 2	 1	467.61	  0.00
485	10	20	v	 0	 1	 7	 3	 2	 1	 1	 0	 0	 0	 1	 1	 2	 0	425.20	  0.00
486	10	20	v	 0	 1	 7	 2	 2	 2	 2	 1	 0	 0	 1	 2	 2	 1	544.81	  0.00
487	10	20	v	 0	 1	 7	 0	 1	 1	 1	 1	 0	 0	 1	 1	 1	 1	559.58	  0.00
488	10	20	v	 0	 1	 7	 3	 2	 3	 2	 0	 0	 0	 1	 2	 2	 1	639.36	  0.00
489	10	20	v	 0	 1	 7	 2	 2	 0	 1	 1	 0	 0	 1	 2	 2	 1	874.06	  0.00
490	10	20	v	 0	 1	 7	 3	 2	 3	 2	 1	 0	 0	 1	 2	 2	 1	537.26	  0.00
491	10	20	v	 0	 1	 7	 3	 2	 0	 1	 0	 0	 0	 1	 1	 1	 1	608.96	  0.00
492	10	20	v	 0	 1	 7	 3	 2	 2	 2	 0	 0	 0	 1	 2	 2	 1	656.04	  0.00
493	10	20	v	 0	 1	 7	 0	 1	 3	 2	 1	 0	 0	 1	 1	 1	 1	645.97	  0.00
494	10	20	v	 0	 1	 7	 2	 2	 2	 2	 1	 0	 0	 1	 2	 2	 1	692.03	  0.00
495	10	20	v	 0	 1	 7	 0	 1	 0	 1	 1	 0	 0	 1	 1	 1	 1	510.23	  0.00
496	10	20	v	 0	 1	 7	 3	 2	 3	 2	 0	 0	 0	 1	 2	 2	 1	867.82	  0.00
497	10	20	v	 0	 1	 7	 1	 1	 3	 2	 1	 0	 0	 1	 1	 1	 1	751.34	  0.00
498	10	20	v	 0	 1	 7	 1	 1	 2	 2	 1	 0	 0	 1	 1	 1	 1	708.29	  0.00
499	10	20	v	 0	 1	 7	 0	 1	 2	 2	 0	 0	 0	 1	 2	 2	 1	535.18	  0.00
500	10	20	v	 0	 1	 7	 0	 1	 1	 1	 0	 0	 0	 1	 1	 1	 1	631.33	  0.00
501	10	20	v	 0	 1	 7	 1	 1	 0	 1	 0	 0	 0	 1	 1	 1	 1	661.34	  0.00
502	10	20	v	 0	 1	 7	 0	 1	 0	 1	 0	 0	 0	 1	 1	 1	 1	520.52	  0.00
503	10	20	v	 0	 1	 7	 0	 1	 3	 2	 0	 0	 0	 1	 2	 2	 1	641.07	  0.00
504	10	20	v	 0	 1	 7	 2	 2	 3	 2	 0	 0	 0	 1	 2	 2	 1	582.00	  0.00
505	10	20	v	 0	 1	 7	 1	 1	 1	 1	 1	 0	 0	 1	 1	 1	 1	784.15	  0.00
506	10	20	v	 0	 1	 7	 3	 2	 1	 1	 1	 0	 0	 1	 2	 2	 1	594.36	  0.00
507	10	20	v	 0	 1	 7	 0	 1	 3	 2	 1	 0	 0	 1	 1	 1	 1	674.01	  0.00
508	10	20	v	 0	 1	 7	 2	 2	 3	 2	 0	 0	 0	 1	 2	 2	 1	615.20	  0.00
509	10	20	v	 0	 1	 7	 3	 2	 2	 2	 0	 0	 0	 1	 2	 1	 0	915.18	  0.00
510	10	20	v	 0	 1	 7	 2	 2	 1	 1	 0	 0	 0	 1	 1	 1	 1	503.91	  0.00
511	10	20	v	 0	 1	 7	 3	 2	 0	 1	 1	 0	 0	 1	 2	 2	 1	844.71	  0.00
512	10	20	v	 0	 1	 8	 2	 2	 3	 2	 0	 1	 0	 0	 1	 1	 1	975.35	  0.00
513	10	20	v	 0	 1	 8	 0	 1	 1	 1	 1	 1	 0	 0	 2	 2	 1	580.71	  0.00
514	10	20	v	 0	 1	 8	 1	 1	 3	 2	 1	 1	 0	 0	 2	 2	 1	488.63	  0.00
515	10	20	v	 0	 1	 8	 1	 1	 2	 2	 1	 1	 0	 0	 2	 2	 1	682.35	  0.00
516	10	20	v	 0	 1	 8	 0	 1	 3	 2	 1	 1	 0	 0	 2	 2	 1	435.09	  0.00
517	10	20	v	 0	 1	 8	 0	 1	 0	 1	 1	 1	 0	 0	 2	 2	 1	441.20	  0.00
518	10	20	v	 0	 1	 8	 1	 1	 0	 1	 0	 1	 0	 0	 2	 2	 1	446.46	  0.00
519	10	20	v	 0	 1	 8	 0	 1	 3	 2	 0	 1	 0	 0	 2	 2	 1	468.64	  0.00
520	10	20	v	 0	 1	 8	 0	 1	 2	 2	 1	 1	 0	 0	 2	 2	 1	384.85	  0.00
521	10	20	v	 0	 1	 8	 0	 1	 0	 1	 0	 1	 0	 0	 2	 2	 1	382.86	  0.00
522	10	20	v	 0	 1	 8	 3	 2	 1	 1	 1	 1	 0	 0	 1	 1	 1	478.63	  0.00
523	10	20	v	 0	 1	 8	 2	 2	 0	 1	 1	 1	 0	 0	 1	 1	 1	517.47	  0.00
524	10	20	v	 0	 1	 8	 0	 1	 1	 1	 1	 1	 0	 0	 2	 2	 1	441.53	  0.00
525	10	20	v	 0	 1	 8	 3	 2	 2	 2	 1	 1	 0	 0	 1	 1	 1	488.33	  0.00
526	10	20	v	 0	 1	 8	 1	 1	 0	 1	 0	 1	 0	 0	 2	 2	 1	518.18	  0.00
527	10	20	v	 0	 1	 8	 0	 1	 3	 2	 1	 1	 0	 0	 2	 1	 0	727.93	  0.00
528	10	20	v	 0	 1	 8	 3	 2	 0	 1	 0	 1	 0	 0	 1	 1	 1	1034.80	  0.00
529	10	20	v	 0	 1	 8	 2	 2	 2	 2	 1	 1	 0	 0	 1	 1	 1	1408.01	  0.00
530	10	20	v	 0	 1	 8	 2	 2	 0	 1	 1	 1	 0	 0	 1	 1	 1	523.31	  0.00
531	10	20	v	 0	 1	 8	 3	 2	 0	 1	 1	 1	 0	 0	 1	 1	 1	406.80	  0.00
532	10	20	v	 0	 1	 8	 2	 2	 1	 1	 0	 1	 0	 0	 1	 1	 1	412.11	  0.00
533	10	20	v	 0	 1	 8	 2	 2	 3	 2	 0	 1	 0	 0	 1	 1	 1	507.70	  0.00
534	10	20	v	 0	 1	 8	 3	 2	 0	 1	 1	 1	 0	 0	 1	 1	 1	358.67	  0.00
535	10	20	v	 0	 1	 8	 2	 2	 1	 1	 1	 1	 0	 0	 1	 1	 1	413.88	  0.00
536	10	20	v	 0	 1	 8	 0	 1	 2	 2	 0	 1	 0	 0	 2	 2	 1	493.40	  0.00
537	10	20	v	 0	 1	 8	 3	 2	 0	 1	 0	 1	 0	 0	 1	 1	 1	491.31	  0.00
538	10	20	v	 0	 1	 8	 2	 2	 1	 1	 1	 1	 0	 0	 1	 1	 1	1198.77	  0.00
539	10	20	v	 0	 1	 8	 0	 1	 0	 1	 1	 1	 0	 0	 2	 2	 1	460.65	  0.00
540	10	20	v	 0	 1	 8	 3	 2	 1	 1	 0	 1	 0	 0	 1	 1	 1	792.95	  0.00
541	10	20	v	 0	 1	 8	 2	 2	 3	 2	 1	 1	 0	 0	 1	 1	 1	462.76	  0.00
542	10	20	v	 0	 1	 8	 1	 1	 0	 1	 1	 1	 0	 0	 2	 2	 1	543.44	  0.00
543	10	20	v	 0	 1	 8	 1	 1	 1	 1	 0	 1	 0	 0	 2	 2	 1	965.51	  0.00
544	10	20	v	 0	 1	 8	 0	 1	 1	 1	 0	 1	 0	 0	 2	 2	 1	521.86	  0.00
545	10	20	v	 0	 1	 8	 3	 2	 3	 2	 0	 1	 0	 0	 1	 1	 1	511.65	  0.00
546	10	20	v	 0	 1	 8	 1	 1	 0	 1	 1	 1	 0	 0	 2	 2	 1	574.56	  0.00
547	10	20	v	 0	 1	 8	 1	 1	 3	 2	 0	 1	 0	 0	 2	 2	 1	539.88	  0.00
548	10	20	v	 0	 1	 8	 2	 2	 3	 2	 1	 1	 0	 0	 1	 1	 1	414.24	  0.00
549	10	20	v	 0	 1	 8	 0	 1	 1	 1	 0	 1	 0	 0	 2	 2	 1	664.91	  0.00
550	10	20	v	 0	 1	 8	 1	 1	 3	 2	 0	 1	 0	 0	 2	 2	 1	524.03	  0.00
551	10	20	v	 0	 1	 8	 2	 2	 2	 2	 0	 1	 0	 0	 1	 1	 1	529.95	  0.00
552	10	20	v	 0	 1	 8	 1	 1	 2	 2	 1	 1	 0	 0	 2	 2	 1	617.49	  0.00
553	10	20	v	 0	 1	 8	 2	 2	 0	 1	 0	 1	 0	 0	 1	 1	 1	483.36	  0.00
554	10	20	v	 0	 1	 8	 1	 1	 1	 1	 1	 1	 0	 0	 2	 2	 1	595.61	  0.00
555	10	20	v	 0	 1	 8	 0	 1	 2	 2	 0	 1	 0	 0	 2	 2	 1	731.88	  0.00
556	10	20	v	 0	 1	 8	 3	 2	 2	 2	 0	 1	 0	 0	 1	 1	 1	729.57	  0.00
557	10	20	v	 0	 1	 8	 0	 1	 3	 2	 0	 1	 0	 0	 2	 2	 1	620.94	  0.00
558	10	20	v	 0	 1	 8	 1	 1	 1	 1	 0	 1	 0	 0	 2	 2	 1	553.35	  0.00
559	10	20	v	 0	 1	 8	 0	 1	 2	 2	 1	 1	 0	 0	 2	 2	 1	542.98	  0.00
560	10	20	v	 0	 1	 8	 2	 2	 1	 1	 0	 1	 0	 0	 1	 1	 1	433.76	  0.00
561	10	20	v	 0	 1	 8	 3	 2	 3	 2	 1	 1	 0	 0	 1	 1	 1	562.16	  0.00
562	10	20	v	 0	 1	 8	 1	 1	 2	 2	 0	 1	 0	 0	 2	 2	 1	453.80	  0.00
563	10	20	v	 0	 1	 8	 2	 2	 0	 1	 0	 1	 0	 0	 1	 1	 1	476.19	  0.00
564	10	20	v	 0	 1	 8	 3	 2	 1	 1	 0	 1	 0	 0	 1	 1	 1	498.49	  0.00
565	10	20	v	 0	 1	 8	 2	 2	 2	 2	 1	 1	 0	 0	 1	 1	 1	439.21	  0.00
566	10	20	v	 0	 1	 8	 3	 2	 3	 2	 1	 1	 0	 0	 1	 1	 1	396.32	  0.00
567	10	20	v	 0	 1	 8	 3	 2	 2	 2	 0	 1	 0	 0	 1	 1	 1	402.41	  0.00
568	10	20	v	 0	 1	 8	 0	 1	 0	 1	 0	 1	 0	 0	 2	 2	 1	505.26	  0.00
569	10	20	v	 0	 1	 8	 1	 1	 1	 1	 1	 1	 0	 0	 2	 2	 1	788.85	  0.00
570	10	20	v	 0	 1	 8	 2	 2	 2	 2	 0	 1	 0	 0	 1	 1	 1	574.10	  0.00
571	10	20	v	 0	 1	 8	 3	 2	 3	 2	 0	 1	 0	 0	 1	 1	 1	441.28	  0.00
572	10	20	v	 0	 1	 8	 3	 2	 2	 2	 1	 1	 0	 0	 1	 1	 1	479.95	  0.00
573	10	20	v	 0	 1	 8	 1	 1	 3	 2	 1	 1	 0	 0	 2	 2	 1	672.95	  0.00
574	10	20	v	 0	 1	 8	 1	 1	 2	 2	 0	 1	 0	 0	 2	 2	 1	524.40	  0.00
575	10	20	v	 0	 1	 8	 3	 2	 1	 1	 1	 1	 0	 0	 1	 1	 1	455.65	  0.00
576	10	20	v	 0	 1	 9	 1	 1	 3	 2	 0	 1	 0	 0	 2	 2	 1	559.72	  0.00
577	10	20	v	 0	 1	 9	 0	 1	 2	 2	 1	 1	 0	 0	 2	 2	 1	386.54	  0.00
578	10	20	v	 0	 1	 9	 3	 2	 2	 2	 0	 1	 0	 0	 1	 1	 1	540.07	  0.00
579	10	20	v	 0	 1	 9	 0	 1	 1	 1	 0	 1	 0	 0	 2	 2	 1	480.30	  0.00
580	10	20	v	 0	 1	 9	 2	 2	 0	 1	 1	 1	 0	 0	 1	 1	 1	992.56	  0.00
581	10	20	v	 0	 1	 9	 2	 2	 2	 2	 1	 1	 0	 0	 1	 1	 1	500.36	  0.00
582	10	20	v	 0	 1	 9	 1	 1	 0	 1	 1	 1	 0	 0	 2	 2	 1	474.15	  0.00
583	10	20	v	 0	 1	 9	 3	 2	 0	 1	 1	 1	 0	 0	 1	 1	 1	456.40	  0.00
584	10	20	v	 0	 1	 9	 1	 1	 1	 1	 1	 1	 0	 0	 2	 2	 1	430.10	  0.00
585	10	20	v	 0	 1	 9	 3	 2	 0	 1	 0	 1	 0	 0	 1	 1	 1	379.61	  0.00
586	10	20	v	 0	 1	 9	 1	 1	 2	 2	 1	 1	 0	 0	 2	 2	 1	353.59	  0.00
587	10	20	v	 0	 1	 9	 3	 2	 0	 1	 0	 1	 0	 0	 1	 1	 1	424.91	  0.00
588	10	20	v	 0	 1	 9	 2	 2	 3	 2	 1	 1	 0	 0	 1	 1	 1	333.21	  0.00
589	10	20	v	 0	 1	 9	 2	 2	 2	 2	 0	 1	 0	 0	 1	 1	 1	340.01	  0.00
590	10	20	v	 0	 1	 9	 0	 1	 3	 2	 0	 1	 0	 0	 2	 2	 1	501.74	  0.00
591	10	20	v	 0	 1	 9	 3	 2	 1	 1	 0	 1	 0	 0	 1	 1	 1	442.73	  0.00
592	10	20	v	 0	 1	 9	 0	 1	 3	 2	 0	 1	 0	 0	 2	 2	 1	449.47	  0.00
593	10	20	v	 0	 1	 9	 1	 1	 1	 1	 0	 1	 0	 0	 2	 2	 1	382.37	  0.00
594	10	20	v	 0	 1	 9	 2	 2	 1	 1	 1	 1	 0	 0	 1	 1	 1	462.44	  0.00
595	10	20	v	 0	 1	 9	 0	 1	 2	 2	 0	 1	 0	 0	 2	 2	 1	436.50	  0.00
596	10	20	v	 0	 1	 9	 2	 2	 0	 1	 1	 1	 0	 0	 1	 1	 1	475.51	  0.00
597	10	20	v	 0	 1	 9	 0	 1	 0	 1	 1	 1	 0	 0	 2	 2	 1	555.66	  0.00
598	10	20	v	 0	 1	 9	 2	 2	 1	 1	 1	 1	 0	 0	 1	 1	 1	405.98	  0.00
599	10	20	v	 0	 1	 9	 1	 1	 0	 1	 0	 1	 0	 0	 2	 2	 1	379.89	  0.00
600	10	20	v	 0	 1	 9	 2	 2	 0	 1	 0	 1	 0	 0	 1	 1	 1	492.64	  0.00
601	10	20	v	 0	 1	 9	 1	 1	 2	 2	 0	 1	 0	 0	 2	 2	 1	433.79	  0.00
602	10	20	v	 0	 1	 9	 0	 1	 1	 1	 1	 1	 0	 0	 2	 2	 1	562.78	  0.00
603	10	20	v	 0	 1	 9	 1	 1	 1	 1	 0	 1	 0	 0	 2	 2	 1	364.89	  0.00
604	10	20	v	 0	 1	 9	 0	 1	 0	 1	 0	 1	 0	 0	 2	 2	 1	355.22	  0.00
605	10	20	v	 0	 1	 9	 2	 2	 3	 2	 0	 1	 0	 0	 1	 1	 1	533.44	  0.00
606	10	20	v	 0	 1	 9	 1	 1	 3	 2	 1	 1	 0	 0	 2	 2	 1	449.91	  0.00
607	10	20	v	 0	 1	 9	 2	 2	 3	 2	 0	 1	 0	 0	 1	 1	 1	350.56	  0.00
608	10	20	v	 0	 1	 9	 1	 1	 3	 2	 0	 1	 0	 0	 2	 2	 1	380.54	  0.00
609	10	20	v	 0	 1	 9	 0	 1	 3	 2	 1	 1	 0	 0	 2	 2	 1	419.81	  0.00
610	10	20	v	 0	 1	 9	 0	 1	 2	 2	 0	 1	 0	 0	 2	 2	 1	352.96	  0.00
611	10	20	v	 0	 1	 9	 2	 2	 0	 1	 0	 1	 0	 0	 1	 1	 1	465.93	  0.00
612	10	20	v	 0	 1	 9	 3	 2	 3	 2	 1	 1	 0	 0	 1	 1	 1	407.16	  0.00
613	10	20	v	 0	 1	 9	 0	 1	 1	 1	 1	 1	 0	 0	 2	 2	 1	470.91	  0.00
614	10	20	v	 0	 1	 9	 0	 1	 0	 1	 1	 1	 0	 0	 2	 2	 1	403.29	  0.00
615	10	20	v	 0	 1	 9	 1	 1	 2	 2	 1	 1	 0	 0	 2	 2	 1	369.55	  0.00
616	10	20	v	 0	 1	 9	 3	 2	 1	 1	 1	 1	 0	 0	 1	 1	 1	433.23	  0.00
617	10	20	v	 0	 1	 9	 0	 1	 3	 2	 1	 1	 0	 0	 2	 2	 1	480.00	  0.00
618	10	20	v	 0	 1	 9	 3	 2	 3	 2	 1	 1	 0	 0	 1	 1	 1	404.56	  0.00
619	10	20	v	 0	 1	 9	 0	 1	 0	 1	 0	 1	 0	 0	 2	 2	 1	354.17	  0.00
620	10	20	v	 0	 1	 9	 3	 2	 3	 2	 0	 1	 0	 0	 1	 1	 1	393.14	  0.00
621	10	20	v	 0	 1	 9	 2	 2	 2	 2	 1	 1	 0	 0	 1	 1	 1	587.60	  0.00
622	10	20	v	 0	 1	 9	 1	 1	 1	 1	 1	 1	 0	 0	 2	 2	 1	390.10	  0.00
623	10	20	v	 0	 1	 9	 0	 1	 1	 1	 0	 1	 0	 0	 2	 1	 0	445.68	  0.00
624	10	20	v	 0	 1	 9	 3	 2	 0	 1	 1	 1	 0	 0	 1	 1	 1	558.27	  0.00
625	10	20	v	 0	 1	 9	 3	 2	 2	 2	 1	 1	 0	 0	 1	 1	 1	580.97	  0.00
626	10	20	v	 0	 1	 9	 1	 1	 0	 1	 0	 1	 0	 0	 2	 2	 1	530.27	  0.00
627	10	20	v	 0	 1	 9	 1	 1	 3	 2	 1	 1	 0	 0	 2	 2	 1	422.36	  0.00
628	10	20	v	 0	 1	 9	 1	 1	 2	 2	 0	 1	 0	 0	 2	 2	 1	346.09	  0.00
629	10	20	v	 0	 1	 9	 2	 2	 1	 1	 0	 1	 0	 0	 1	 1	 1	467.25	  0.00
630	10	20	v	 0	 1	 9	 2	 2	 1	 1	 0	 1	 0	 0	 1	 1	 1	416.47	  0.00
631	10	20	v	 0	 1	 9	 3	 2	 1	 1	 1	 1	 0	 0	 1	 1	 1	341.65	  0.00
632	10	20	v	 0	 1	 9	 3	 2	 2	 2	 1	 1	 0	 0	 1	 1	 1	372.81	  0.00
633	10	20	v	 0	 1	 9	 3	 2	 1	 1	 0	 1	 0	 0	 1	 1	 1	363.10	  0.00
634	10	20	v	 0	 1	 9	 2	 2	 2	 2	 0	 1	 0	 0	 1	 1	 1	361.61	  0.00
635	10	20	v	 0	 1	 9	 2	 2	 3	 2	 1	 1	 0	 0	 1	 1	 1	351.91	  0.00
636	10	20	v	 0	 1	 9	 1	 1	 0	 1	 1	 1	 0	 0	 2	 2	 1	742.00	  0.00
637	10	20	v	 0	 1	 9	 3	 2	 3	 2	 0	 1	 0	 0	 1	 1	 1	454.50	  0.00
638	10	20	v	 0	 1	 9	 0	 1	 2	 2	 1	 1	 0	 0	 2	 2	 1	492.63	  0.00
639	10	20	v	 0	 1	 9	 3	 2	 2	 2	 0	 1	 0	 0	 1	 1	 1	490.76	  0.00
640	10	20	v	 0	 1	10	 2	 2	 3	 2	 1	 1	 0	 0	 1	 1	 1	706.03	  0.00
641	10	20	v	 0	 1	10	 1	 1	 0	 1	 1	 1	 0	 0	 2	 1	 0	466.88	  0.00
642	10	20	v	 0	 1	10	 3	 2	 3	 2	 0	 1	 0	 0	 2	 2	 1	1313.46	  0.00
643	10	20	v	 0	 1	10	 2	 2	 3	 2	 1	 1	 0	 0	 1	 1	 1	819.71	  0.00
644	10	20	v	 0	 1	10	 1	 1	 3	 2	 0	 1	 0	 0	 2	 2	 1	588.58	  0.00
645	10	20	v	 0	 1	10	 2	 2	 2	 2	 1	 1	 0	 0	 1	 1	 1	472.06	  0.00
646	10	20	v	 0	 1	10	 1	 1	 0	 1	 1	 1	 0	 0	 2	 2	 1	690.26	  0.00
647	10	20	v	 0	 1	10	 2	 2	 3	 2	 0	 1	 0	 0	 2	 2	 1	695.98	  0.00
648	10	20	v	 0	 1	10	 2	 2	 1	 1	 0	 1	 0	 0	 1	 1	 1	562.95	  0.00
649	10	20	v	 0	 1	10	 3	 2	 2	 2	 1	 1	 0	 0	 1	 1	 1	568.61	  0.00
650	10	20	v	 0	 1	10	 0	 1	 0	 1	 0	 1	 0	 0	 1	 1	 1	630.80	  0.00
651	10	20	v	 0	 1	10	 2	 2	 2	 2	 0	 1	 0	 0	 2	 2	 1	620.25	  0.00
652	10	20	v	 0	 1	10	 2	 2	 2	 2	 1	 1	 0	 0	 1	 1	 1	479.24	  0.00
653	10	20	v	 0	 1	10	 1	 1	 2	 2	 1	 1	 0	 0	 2	 2	 1	599.48	  0.00
654	10	20	v	 0	 1	10	 2	 2	 0	 1	 0	 1	 0	 0	 1	 1	 1	564.55	  0.00
655	10	20	v	 0	 1	10	 1	 1	 1	 1	 0	 1	 0	 0	 1	 1	 1	603.04	  0.00
656	10	20	v	 0	 1	10	 0	 1	 1	 1	 0	 1	 0	 0	 1	 1	 1	567.22	  0.00
657	10	20	v	 0	 1	10	 1	 1	 2	 2	 0	 1	 0	 0	 2	 2	 1	621.92	  0.00
658	10	20	v	 0	 1	10	 2	 2	 1	 1	 1	 1	 0	 0	 1	 1	 1	497.11	  0.00
659	10	20	v	 0	 1	10	 0	 1	 0	 1	 1	 1	 0	 0	 2	 2	 1	470.25	  0.00
660	10	20	v	 0	 1	10	 3	 2	 0	 1	 0	 1	 0	 0	 1	 1	 1	615.28	  0.00
661	10	20	v	 0	 1	10	 2	 2	 0	 1	 1	 1	 0	 0	 1	 1	 1	776.07	  0.00
662	10	20	v	 0	 1	10	 1	 1	 3	 2	 0	 1	 0	 0	 2	 2	 1	643.02	  0.00
663	10	20	v	 0	 1	10	 3	 2	 1	 1	 1	 1	 0	 0	 1	 1	 1	663.98	  0.00
664	10	20	v	 0	 1	10	 0	 1	 1	 1	 0	 1	 0	 0	 1	 2	 0	1338.96	  0.00
665	10	20	v	 0	 1	10	 1	 1	 3	 2	 1	 1	 0	 0	 2	 2	 1	707.27	  0.00
666	10	20	v	 0	 1	10	 1	 1	 2	 2	 1	 1	 0	 0	 2	 2	 1	712.91	  0.00
667	10	20	v	 0	 1	10	 3	 2	 3	 2	 0	 1	 0	 0	 2	 2	 1	1477.51	  0.00
668	10	20	v	 0	 1	10	 1	 1	 0	 1	 0	 1	 0	 0	 1	 1	 1	518.40	  0.00
669	10	20	v	 0	 1	10	 0	 1	 3	 2	 1	 1	 0	 0	 2	 2	 1	899.42	  0.00
670	10	20	v	 0	 1	10	 3	 2	 1	 1	 0	 1	 0	 0	 1	 1	 1	586.67	  0.00
671	10	20	v	 0	 1	10	 0	 1	 2	 2	 0	 1	 0	 0	 2	 2	 1	633.34	  0.00
672	10	20	v	 0	 1	10	 0	 1	 1	 1	 1	 1	 0	 0	 2	 2	 1	875.77	  0.00
673	10	20	v	 0	 1	10	 3	 2	 2	 2	 0	 1	 0	 0	 2	 2	 1	1158.65	  0.00
674	10	20	v	 0	 1	10	 1	 1	 1	 1	 1	 1	 0	 0	 2	 2	 1	665.80	  0.00
675	10	20	v	 0	 1	10	 3	 2	 1	 1	 0	 1	 0	 0	 1	 1	 1	638.15	  0.00
676	10	20	v	 0	 1	10	 1	 1	 2	 2	 0	 1	 0	 0	 2	 2	 1	619.41	  0.00
677	10	20	v	 0	 1	10	 0	 1	 3	 2	 1	 1	 0	 0	 2	 2	 1	633.16	  0.00
678	10	20	v	 0	 1	10	 3	 2	 2	 2	 1	 1	 0	 0	 1	 1	 1	622.85	  0.00
679	10	20	v	 0	 1	10	 2	 2	 1	 1	 0	 1	 0	 0	 1	 1	 1	963.28	  0.00
680	10	20	v	 0	 1	10	 0	 1	 2	 2	 1	 1	 0	 0	 2	 1	 0	568.81	  0.00
681	10	20	v	 0	 1	10	 0	 1	 3	 2	 0	 1	 0	 0	 2	 2	 1	623.70	  0.00
682	10	20	v	 0	 1	10	 3	 2	 3	 2	 1	 1	 0	 0	 1	 1	 1	612.01	  0.00
683	10	20	v	 0	 1	10	 1	 1	 0	 1	 0	 1	 0	 0	 1	 2	 0	1580.77	  0.00
684	10	20	v	 0	 1	10	 2	 2	 0	 1	 0	 1	 0	 0	 1	 1	 1	589.71	  0.00
685	10	20	v	 0	 1	10	 3	 2	 0	 1	 1	 1	 0	 0	 1	 1	 1	1150.44	  0.00
686	10	20	v	 0	 1	10	 2	 2	 0	 1	 1	 1	 0	 0	 1	 1	 1	445.57	  0.00
687	10	20	v	 0	 1	10	 3	 2	 2	 2	 0	 1	 0	 0	 2	 2	 1	598.54	  0.00
688	10	20	v	 0	 1	10	 0	 1	 1	 1	 1	 1	 0	 0	 2	 1	 0	896.89	  0.00
689	10	20	v	 0	 1	10	 3	 2	 3	 2	 1	 1	 0	 0	 1	 2	 0	616.91	  0.00
690	10	20	v	 0	 1	10	 0	 1	 2	 2	 0	 1	 0	 0	 2	 0	 0	2000.29	  0.00
691	10	20	v	 0	 1	10	 1	 1	 1	 1	 0	 1	 0	 0	 1	 1	 1	1205.96	  0.00
692	10	20	v	 0	 1	10	 2	 2	 1	 1	 1	 1	 0	 0	 1	 1	 1	451.83	  0.00
693	10	20	v	 0	 1	10	 0	 1	 0	 1	 0	 1	 0	 0	 1	 1	 1	531.57	  0.00
694	10	20	v	 0	 1	10	 0	 1	 0	 1	 1	 1	 0	 0	 2	 2	 1	675.19	  0.00
695	10	20	v	 0	 1	10	 2	 2	 2	 2	 0	 1	 0	 0	 2	 2	 1	680.96	  0.00
696	10	20	v	 0	 1	10	 3	 2	 0	 1	 1	 1	 0	 0	 1	 1	 1	1584.05	  0.00
697	10	20	v	 0	 1	10	 0	 1	 3	 2	 0	 1	 0	 0	 2	 2	 1	593.16	  0.00
698	10	20	v	 0	 1	10	 3	 2	 1	 1	 1	 1	 0	 0	 1	 1	 1	754.01	  0.00
699	10	20	v	 0	 1	10	 1	 1	 1	 1	 1	 1	 0	 0	 2	 2	 1	636.34	  0.00
700	10	20	v	 0	 1	10	 0	 1	 2	 2	 1	 1	 0	 0	 2	 2	 1	650.11	  0.00
701	10	20	v	 0	 1	10	 2	 2	 3	 2	 0	 1	 0	 0	 2	 2	 1	672.34	  0.00
702	10	20	v	 0	 1	10	 1	 1	 3	 2	 1	 1	 0	 0	 2	 2	 1	523.06	  0.00
703	10	20	v	 0	 1	10	 3	 2	 0	 1	 0	 1	 0	 0	 1	 1	 1	496.40	  0.00
704	10	20	v	 0	 1	11	 0	 1	 1	 1	 0	 1	 0	 0	 1	 1	 1	574.69	  0.00
705	10	20	v	 0	 1	11	 3	 2	 2	 2	 0	 1	 0	 0	 2	 2	 1	662.66	  0.00
706	10	20	v	 0	 1	11	 3	 2	 2	 2	 1	 1	 0	 0	 1	 1	 1	1476.69	  0.00
707	10	20	v	 0	 1	11	 1	 1	 3	 2	 1	 1	 0	 0	 2	 2	 1	600.52	  0.00
708	10	20	v	 0	 1	11	 3	 2	 3	 2	 1	 1	 0	 0	 1	 1	 1	688.36	  0.00
709	10	20	v	 0	 1	11	 2	 2	 0	 1	 0	 1	 0	 0	 1	 1	 1	758.90	  0.00
710	10	20	v	 0	 1	11	 0	 1	 2	 2	 0	 1	 0	 0	 2	 2	 1	634.45	  0.00
711	10	20	v	 0	 1	11	 3	 2	 0	 1	 1	 1	 0	 0	 1	 1	 1	901.74	  0.00
712	10	20	v	 0	 1	11	 2	 2	 3	 2	 0	 1	 0	 0	 2	 2	 1	556.74	  0.00
713	10	20	v	 0	 1	11	 2	 2	 2	 2	 1	 1	 0	 0	 1	 1	 1	522.36	  0.00
714	10	20	v	 0	 1	11	 2	 2	 1	 1	 0	 1	 0	 0	 1	 1	 1	781.74	  0.00
715	10	20	v	 0	 1	11	 3	 2	 3	 2	 1	 1	 0	 0	 1	 1	 1	714.34	  0.00
716	10	20	v	 0	 1	11	 1	 1	 2	 2	 1	 1	 0	 0	 2	 2	 1	606.07	  0.00
717	10	20	v	 0	 1	11	 0	 1	 0	 1	 1	 1	 0	 0	 2	 2	 1	774.91	  0.00
718	10	20	v	 0	 1	11	 3	 2	 0	 1	 0	 1	 0	 0	 1	 1	 1	576.83	  0.00
719	10	20	v	 0	 1	11	 1	 1	 2	 2	 1	 1	 0	 0	 2	 2	 1	689.24	  0.00
720	10	20	v	 0	 1	11	 3	 2	 2	 2	 0	 1	 0	 0	 2	 2	 1	719.84	  0.00
721	10	20	v	 0	 1	11	 0	 1	 2	 2	 0	 1	 0	 0	 2	 2	 1	562.82	  0.00
722	10	20	v	 0	 1	11	 1	 1	 0	 1	 1	 1	 0	 0	 2	 2	 1	936.36	  0.00
723	10	20	v	 0	 1	11	 1	 1	 1	 1	 1	 1	 0	 0	 2	 2	 1	509.65	  0.00
724	10	20	v	 0	 1	11	 2	 2	 3	 2	 1	 1	 0	 0	 1	 1	 1	557.03	  0.00
725	10	20	v	 0	 1	11	 2	 2	 3	 2	 1	 1	 0	 0	 1	 1	 1	514.44	  0.00
726	10	20	v	 0	 1	11	 2	 2	 1	 1	 1	 1	 0	 0	 1	 1	 1	446.50	  0.00
727	10	20	v	 0	 1	11	 0	 1	 1	 1	 1	 1	 0	 0	 2	 2	 1	673.09	  0.00
728	10	20	v	 0	 1	11	 1	 1	 3	 2	 0	 1	 0	 0	 2	 2	 1	785.59	  0.00
729	10	20	v	 0	 1	11	 0	 1	 2	 2	 1	 1	 0	 0	 2	 2	 1	571.36	  0.00
730	10	20	v	 0	 1	11	 2	 2	 3	 2	 0	 1	 0	 0	 2	 2	 1	471.55	  0.00
731	10	20	v	 0	 1	11	 2	 2	 0	 1	 0	 1	 0	 0	 1	 1	 1	674.01	  0.00
732	10	20	v	 0	 1	11	 0	 1	 3	 2	 1	 1	 0	 0	 2	 2	 1	933.06	  0.00
733	10	20	v	 0	 1	11	 1	 1	 1	 1	 0	 1	 0	 0	 1	 1	 1	1337.88	  0.00
734	10	20	v	 0	 1	11	 3	 2	 1	 1	 0	 1	 0	 0	 1	 1	 1	437.30	  0.00
735	10	20	v	 0	 1	11	 2	 2	 2	 2	 0	 1	 0	 0	 2	 1	 0	386.67	  0.00
736	10	20	v	 0	 1	11	 0	 1	 2	 2	 1	 1	 0	 0	 2	 2	 1	703.41	  0.00
737	10	20	v	 0	 1	11	 1	 1	 3	 2	 1	 1	 0	 0	 2	 2	 1	497.17	  0.00
738	10	20	v	 0	 1	11	 3	 2	 3	 2	 0	 1	 0	 0	 2	 1	 0	707.86	  0.00
739	10	20	v	 0	 1	11	 0	 1	 1	 1	 0	 1	 0	 0	 1	 1	 1	599.91	  0.00
740	10	20	v	 0	 1	11	 2	 2	 0	 1	 1	 1	 0	 0	 1	 1	 1	720.15	  0.00
741	10	20	v	 0	 1	11	 1	 1	 0	 1	 0	 1	 0	 0	 1	 1	 1	620.41	  0.00
742	10	20	v	 0	 1	11	 1	 1	 0	 1	 0	 1	 0	 0	 1	 1	 1	470.74	  0.00
743	10	20	v	 0	 1	11	 3	 2	 1	 1	 1	 1	 0	 0	 1	 1	 1	525.89	  0.00
744	10	20	v	 0	 1	11	 0	 1	 0	 1	 1	 1	 0	 0	 2	 2	 1	540.50	  0.00
745	10	20	v	 0	 1	11	 3	 2	 1	 1	 0	 1	 0	 0	 1	 1	 1	555.29	  0.00
746	10	20	v	 0	 1	11	 3	 2	 0	 1	 0	 1	 0	 0	 1	 1	 1	814.65	  0.00
747	10	20	v	 0	 1	11	 2	 2	 1	 1	 1	 1	 0	 0	 1	 2	 0	730.09	  0.00
748	10	20	v	 0	 1	11	 1	 1	 3	 2	 0	 1	 0	 0	 2	 2	 1	973.69	  0.00
749	10	20	v	 0	 1	11	 0	 1	 0	 1	 0	 1	 0	 0	 1	 1	 1	644.81	  0.00
750	10	20	v	 0	 1	11	 1	 1	 1	 1	 0	 1	 0	 0	 1	 1	 1	690.93	  0.00
751	10	20	v	 0	 1	11	 0	 1	 1	 1	 1	 1	 0	 0	 2	 2	 1	794.94	  0.00
752	10	20	v	 0	 1	11	 1	 1	 1	 1	 1	 1	 0	 0	 2	 2	 1	531.70	  0.00
753	10	20	v	 0	 1	11	 3	 2	 2	 2	 1	 1	 0	 0	 1	 1	 1	496.61	  0.00
754	10	20	v	 0	 1	11	 2	 2	 2	 2	 1	 1	 0	 0	 1	 1	 1	1474.77	  0.00
755	10	20	v	 0	 1	11	 3	 2	 0	 1	 1	 1	 0	 0	 1	 1	 1	491.35	  0.00
756	10	20	v	 0	 1	11	 1	 1	 2	 2	 0	 1	 0	 0	 2	 2	 1	866.16	  0.00
757	10	20	v	 0	 1	11	 0	 1	 3	 2	 1	 1	 0	 0	 2	 2	 1	1173.08	  0.00
758	10	20	v	 0	 1	11	 2	 2	 2	 2	 0	 1	 0	 0	 2	 2	 1	746.00	  0.00
759	10	20	v	 0	 1	11	 2	 2	 1	 1	 0	 1	 0	 0	 1	 1	 1	719.48	  0.00
760	10	20	v	 0	 1	11	 3	 2	 3	 2	 0	 1	 0	 0	 2	 2	 1	929.62	  0.00
761	10	20	v	 0	 1	11	 1	 1	 2	 2	 0	 1	 0	 0	 2	 2	 1	625.40	  0.00
762	10	20	v	 0	 1	11	 3	 2	 1	 1	 1	 1	 0	 0	 1	 1	 1	842.98	  0.00
763	10	20	v	 0	 1	11	 0	 1	 0	 1	 0	 1	 0	 0	 1	 1	 1	784.46	  0.00
764	10	20	v	 0	 1	11	 2	 2	 0	 1	 1	 1	 0	 0	 1	 1	 1	1092.43	  0.00
765	10	20	v	 0	 1	11	 1	 1	 0	 1	 1	 1	 0	 0	 2	 2	 1	698.07	  0.00
766	10	20	v	 0	 1	11	 0	 1	 3	 2	 0	 1	 0	 0	 2	 2	 1	825.71	  0.00
767	10	20	v	 0	 1	11	 0	 1	 3	 2	 0	 1	 0	 0	 2	 2	 1	570.60	  0.00
768	10	20	v	 0	 1	12	 0	 1	 1	 1	 0	 1	 0	 0	 1	 1	 1	617.75	  0.00
769	10	20	v	 0	 1	12	 1	 1	 2	 2	 1	 1	 0	 0	 2	 2	 1	1382.91	  0.00
770	10	20	v	 0	 1	12	 1	 1	 1	 1	 0	 1	 0	 0	 1	 1	 1	735.35	  0.00
771	10	20	v	 0	 1	12	 0	 1	 1	 1	 1	 1	 0	 0	 2	 2	 1	929.08	  0.00
772	10	20	v	 0	 1	12	 3	 2	 2	 2	 0	 1	 0	 0	 2	 2	 1	714.66	  0.00
773	10	20	v	 0	 1	12	 1	 1	 2	 2	 1	 1	 0	 0	 2	 2	 1	662.62	  0.00
774	10	20	v	 0	 1	12	 2	 2	 1	 1	 0	 1	 0	 0	 1	 1	 1	1027.93	  0.00
775	10	20	v	 0	 1	12	 3	 2	 2	 2	 1	 1	 0	 0	 1	 1	 1	1343.64	  0.00
776	10	20	v	 0	 1	12	 1	 1	 0	 1	 0	 1	 0	 0	 1	 1	 1	1756.92	  0.00
777	10	20	v	 0	 1	12	 2	 2	 2	 2	 0	 1	 0	 0	 2	 2	 1	717.09	  0.00
778	10	20	v	 0	 1	12	 1	 1	 0	 1	 1	 1	 0	 0	 2	 2	 1	1007.91	  0.00
779	10	20	v	 0	 1	12	 1	 1	 1	 1	 1	 1	 0	 0	 2	 2	 1	417.73	  0.00
780	10	20	v	 0	 1	12	 3	 2	 1	 1	 1	 1	 0	 0	 1	 1	 1	889.58	  0.00
781	10	20	v	 0	 1	12	 0	 1	 2	 2	 0	 1	 0	 0	 2	 2	 1	1197.42	  0.00
782	10	20	v	 0	 1	12	 2	 2	 2	 2	 1	 1	 0	 0	 1	 1	 1	590.82	  0.00
783	10	20	v	 0	 1	12	 2	 2	 2	 2	 0	 1	 0	 0	 2	 2	 1	719.56	  0.00
784	10	20	v	 0	 1	12	 0	 1	 1	 1	 1	 1	 0	 0	 2	 2	 1	750.25	  0.00
785	10	20	v	 0	 1	12	 3	 2	 1	 1	 0	 1	 0	 0	 1	 1	 1	788.97	  0.00
786	10	20	v	 0	 1	12	 2	 2	 0	 1	 1	 1	 0	 0	 1	 2	 0	712.39	  0.00
787	10	20	v	 0	 1	12	 1	 1	 3	 2	 1	 1	 0	 0	 2	 2	 1	767.52	  0.00
788	10	20	v	 0	 1	12	 3	 2	 3	 2	 0	 1	 0	 0	 2	 2	 1	1075.51	  0.00
789	10	20	v	 0	 1	12	 2	 2	 1	 1	 0	 1	 0	 0	 1	 1	 1	534.35	  0.00
790	10	20	v	 0	 1	12	 0	 1	 3	 2	 1	 1	 0	 0	 2	 2	 1	720.17	  0.00
791	10	20	v	 0	 1	12	 0	 1	 2	 2	 0	 1	 0	 0	 2	 2	 1	628.58	  0.00
792	10	20	v	 0	 1	12	 2	 2	 3	 2	 0	 1	 0	 0	 2	 2	 1	569.62	  0.00
793	10	20	v	 0	 1	12	 3	 2	 3	 2	 1	 1	 0	 0	 1	 1	 1	656.69	  0.00
794	10	20	v	 0	 1	12	 2	 2	 3	 2	 0	 1	 0	 0	 2	 2	 1	598.51	  0.00
795	10	20	v	 0	 1	12	 2	 2	 0	 1	 0	 1	 0	 0	 1	 1	 1	693.70	  0.00
796	10	20	v	 0	 1	12	 0	 1	 0	 1	 0	 1	 0	 0	 1	 1	 1	512.04	  0.00
797	10	20	v	 0	 1	12	 2	 2	 0	 1	 0	 1	 0	 0	 1	 1	 1	436.94	  0.00
798	10	20	v	 0	 1	12	 0	 1	 0	 1	 0	 1	 0	 0	 1	 1	 1	443.41	  0.00
799	10	20	v	 0	 1	12	 2	 2	 0	 1	 1	 1	 0	 0	 1	 1	 1	702.90	  0.00
800	10	20	v	 0	 1	12	 3	 2	 0	 1	 1	 1	 0	 0	 1	 1	 1	545.89	  0.00
801	10	20	v	 0	 1	12	 1	 1	 3	 2	 1	 1	 0	 0	 2	 2	 1	617.52	  0.00
802	10	20	v	 0	 1	12	 3	 2	 0	 1	 1	 1	 0	 0	 1	 1	 1	680.09	  0.00
803	10	20	v	 0	 1	12	 3	 2	 1	 1	 1	 1	 0	 0	 1	 1	 1	596.32	  0.00
804	10	20	v	 0	 1	12	 0	 1	 1	 1	 0	 1	 0	 0	 1	 1	 1	578.29	  0.00
805	10	20	v	 0	 1	12	 0	 1	 2	 2	 1	 1	 0	 0	 2	 2	 1	600.95	  0.00
806	10	20	v	 0	 1	12	 0	 1	 0	 1	 1	 1	 0	 0	 2	 2	 1	1276.37	  0.00
807	10	20	v	 0	 1	12	 2	 2	 3	 2	 1	 1	 0	 0	 1	 1	 1	832.67	  0.00
808	10	20	v	 0	 1	12	 3	 2	 0	 1	 0	 1	 0	 0	 1	 1	 1	1247.07	  0.00
809	10	20	v	 0	 1	12	 1	 1	 1	 1	 1	 1	 0	 0	 2	 2	 1	583.18	  0.00
810	10	20	v	 0	 1	12	 3	 2	 2	 2	 1	 1	 0	 0	 1	 1	 1	735.45	  0.00
811	10	20	v	 0	 1	12	 0	 1	 2	 2	 1	 1	 0	 0	 2	 2	 1	708.81	  0.00
812	10	20	v	 0	 1	12	 2	 2	 2	 2	 1	 1	 0	 0	 1	 1	 1	951.67	  0.00
813	10	20	v	 0	 1	12	 3	 2	 3	 2	 1	 1	 0	 0	 1	 1	 1	516.86	  0.00
814	10	20	v	 0	 1	12	 2	 2	 1	 1	 1	 1	 0	 0	 1	 1	 1	417.17	  0.00
815	10	20	v	 0	 1	12	 0	 1	 3	 2	 0	 1	 0	 0	 2	 2	 1	635.95	  0.00
816	10	20	v	 0	 1	12	 2	 2	 3	 2	 1	 1	 0	 0	 1	 1	 1	829.90	  0.00
817	10	20	v	 0	 1	12	 3	 2	 1	 1	 0	 1	 0	 0	 1	 1	 1	746.11	  0.00
818	10	20	v	 0	 1	12	 3	 2	 2	 2	 0	 1	 0	 0	 2	 2	 1	726.82	  0.00
819	10	20	v	 0	 1	12	 1	 1	 2	 2	 0	 1	 0	 0	 2	 2	 1	724.73	  0.00
820	10	20	v	 0	 1	12	 0	 1	 3	 2	 0	 1	 0	 0	 2	 2	 1	698.19	  0.00
821	10	20	v	 0	 1	12	 1	 1	 1	 1	 0	 1	 0	 0	 1	 1	 1	908.36	  0.00
822	10	20	v	 0	 1	12	 0	 1	 3	 2	 1	 1	 0	 0	 2	 1	 0	555.18	  0.00
823	10	20	v	 0	 1	12	 1	 1	 3	 2	 0	 1	 0	 0	 2	 2	 1	684.00	  0.00
824	10	20	v	 0	 1	12	 1	 1	 0	 1	 0	 1	 0	 0	 1	 1	 1	551.40	  0.00
825	10	20	v	 0	 1	12	 2	 2	 1	 1	 1	 1	 0	 0	 1	 1	 1	468.05	  0.00
826	10	20	v	 0	 1	12	 3	 2	 0	 1	 0	 1	 0	 0	 1	 1	 1	555.25	  0.00
827	10	20	v	 0	 1	12	 0	 1	 0	 1	 1	 1	 0	 0	 2	 2	 1	528.95	  0.00
828	10	20	v	 0	 1	12	 1	 1	 3	 2	 0	 1	 0	 0	 2	 2	 1	608.79	  0.00
829	10	20	v	 0	 1	12	 1	 1	 2	 2	 0	 1	 0	 0	 2	 2	 1	655.86	  0.00
830	10	20	v	 0	 1	12	 3	 2	 3	 2	 0	 1	 0	 0	 2	 2	 1	409.18	  0.00
831	10	20	v	 0	 1	12	 1	 1	 0	 1	 1	 1	 0	 0	 2	 2	 1	464.68	  0.00
832	10	20	v	 0	 1	13	 2	 2	 2	 2	 0	 1	 0	 0	 2	 2	 1	512.02	  0.00
833	10	20	v	 0	 1	13	 1	 1	 3	 2	 1	 1	 0	 0	 2	 2	 1	412.40	  0.00
834	10	20	v	 0	 1	13	 2	 2	 3	 2	 1	 1	 0	 0	 1	 1	 1	508.69	  0.00
835	10	20	v	 0	 1	13	 2	 2	 0	 1	 1	 1	 0	 0	 1	 1	 1	424.52	  0.00
836	10	20	v	 0	 1	13	 2	 2	 2	 2	 1	 1	 0	 0	 1	 1	 1	390.17	  0.00
837	10	20	v	 0	 1	13	 0	 1	 0	 1	 1	 1	 0	 0	 2	 2	 1	486.56	  0.00
838	10	20	v	 0	 1	13	 0	 1	 2	 2	 1	 1	 0	 0	 2	 2	 1	525.49	  0.00
839	10	20	v	 0	 1	13	 0	 1	 3	 2	 0	 1	 0	 0	 2	 2	 1	646.34	  0.00
840	10	20	v	 0	 1	13	 0	 1	 3	 2	 0	 1	 0	 0	 2	 2	 1	440.43	  0.00
841	10	20	v	 0	 1	13	 3	 2	 3	 2	 1	 1	 0	 0	 1	 1	 1	512.01	  0.00
842	10	20	v	 0	 1	13	 3	 2	 0	 1	 0	 1	 0	 0	 1	 1	 1	869.53	  0.00
843	10	20	v	 0	 1	13	 3	 2	 3	 2	 0	 1	 0	 0	 2	 2	 1	581.74	  0.00
844	10	20	v	 0	 1	13	 0	 1	 3	 2	 1	 1	 0	 0	 2	 2	 1	742.85	  0.00
845	10	20	v	 0	 1	13	 3	 2	 2	 2	 1	 1	 0	 0	 1	 1	 1	545.11	  0.00
846	10	20	v	 0	 1	13	 0	 1	 2	 2	 0	 1	 0	 0	 2	 2	 1	501.62	  0.00
847	10	20	v	 0	 1	13	 2	 2	 2	 2	 0	 1	 0	 0	 2	 2	 1	508.17	  0.00
848	10	20	v	 0	 1	13	 1	 1	 2	 2	 1	 1	 0	 0	 2	 2	 1	637.00	  0.00
849	10	20	v	 0	 1	13	 2	 2	 1	 1	 0	 1	 0	 0	 1	 1	 1	1026.78	  0.00
850	10	20	v	 0	 1	13	 3	 2	 2	 2	 0	 1	 0	 0	 2	 2	 1	600.02	  0.00
851	10	20	v	 0	 1	13	 2	 2	 3	 2	 1	 1	 0	 0	 1	 1	 1	883.65	  0.00
852	10	20	v	 0	 1	13	 0	 1	 0	 1	 0	 1	 0	 0	 1	 2	 0	864.27	  0.00
853	10	20	v	 0	 1	13	 2	 2	 1	 1	 0	 1	 0	 0	 1	 1	 1	617.11	  0.00
854	10	20	v	 0	 1	13	 3	 2	 3	 2	 0	 1	 0	 0	 2	 2	 1	664.23	  0.00
855	10	20	v	 0	 1	13	 2	 2	 0	 1	 0	 1	 0	 0	 1	 1	 1	588.90	  0.00
856	10	20	v	 0	 1	13	 1	 1	 3	 2	 0	 1	 0	 0	 2	 2	 1	546.27	  0.00
857	10	20	v	 0	 1	13	 1	 1	 2	 2	 0	 1	 0	 0	 2	 2	 1	691.39	  0.00
858	10	20	v	 0	 1	13	 3	 2	 2	 2	 0	 1	 0	 0	 2	 2	 1	673.06	  0.00
859	10	20	v	 0	 1	13	 3	 2	 1	 1	 0	 1	 0	 0	 1	 1	 1	671.14	  0.00
860	10	20	v	 0	 1	13	 1	 1	 3	 2	 1	 1	 0	 0	 2	 1	 0	709.08	  0.00
861	10	20	v	 0	 1	13	 0	 1	 1	 1	 0	 1	 0	 0	 1	 1	 1	568.34	  0.00
862	10	20	v	 0	 1	13	 1	 1	 0	 1	 1	 1	 0	 0	 2	 2	 1	737.64	  0.00
863	10	20	v	 0	 1	13	 3	 2	 0	 1	 1	 1	 0	 0	 1	 1	 1	613.38	  0.00
864	10	20	v	 0	 1	13	 1	 1	 0	 1	 0	 1	 0	 0	 1	 1	 1	619.70	  0.00
865	10	20	v	 0	 1	13	 0	 1	 2	 2	 1	 1	 0	 0	 2	 2	 1	707.49	  0.00
866	10	20	v	 0	 1	13	 2	 2	 1	 1	 1	 1	 0	 0	 1	 1	 1	1105.37	  0.00
867	10	20	v	 0	 1	13	 1	 1	 1	 1	 0	 1	 0	 0	 1	 1	 1	669.63	  0.00
868	10	20	v	 0	 1	13	 3	 2	 1	 1	 1	 1	 0	 0	 1	 1	 1	553.27	  0.00
869	10	20	v	 0	 1	13	 0	 1	 3	 2	 1	 1	 0	 0	 2	 2	 1	526.98	  0.00
870	10	20	v	 0	 1	13	 1	 1	 1	 1	 1	 1	 0	 0	 2	 2	 1	745.45	  0.00
871	10	20	v	 0	 1	13	 2	 2	 2	 2	 1	 1	 0	 0	 1	 2	 0	784.26	  0.00
872	10	20	v	 0	 1	13	 1	 1	 1	 1	 0	 1	 0	 0	 1	 1	 1	610.77	  0.00
873	10	20	v	 0	 1	13	 0	 1	 0	 1	 0	 1	 0	 0	 1	 1	 1	592.61	  0.00
874	10	20	v	 0	 1	13	 1	 1	 2	 2	 1	 1	 0	 0	 2	 2	 1	770.29	  0.00
875	10	20	v	 0	 1	13	 0	 1	 1	 1	 0	 1	 0	 0	 1	 1	 1	670.30	  0.00
876	10	20	v	 0	 1	13	 3	 2	 3	 2	 1	 1	 0	 0	 1	 1	 1	1443.53	  0.00
877	10	20	v	 0	 1	13	 2	 2	 3	 2	 0	 1	 0	 0	 2	 2	 1	811.19	  0.00
878	10	20	v	 0	 1	13	 0	 1	 1	 1	 1	 1	 0	 0	 2	 2	 1	832.83	  0.00
879	10	20	v	 0	 1	13	 0	 1	 2	 2	 0	 1	 0	 0	 2	 2	 1	1435.13	  0.00
880	10	20	v	 0	 1	13	 3	 2	 1	 1	 1	 1	 0	 0	 1	 1	 1	983.26	  0.00
881	10	20	v	 0	 1	13	 1	 1	 3	 2	 0	 1	 0	 0	 2	 2	 1	532.12	  0.00
882	10	20	v	 0	 1	13	 2	 2	 1	 1	 1	 1	 0	 0	 1	 1	 1	946.27	  0.00
883	10	20	v	 0	 1	13	 1	 1	 2	 2	 0	 1	 0	 0	 2	 2	 1	641.27	  0.00
884	10	20	v	 0	 1	13	 2	 2	 0	 1	 1	 1	 0	 0	 1	 2	 0	737.21	  0.00
885	10	20	v	 0	 1	13	 0	 1	 0	 1	 1	 1	 0	 0	 2	 1	 0	530.94	  0.00
886	10	20	v	 0	 1	13	 1	 1	 1	 1	 1	 1	 0	 0	 2	 1	 0	847.46	  0.00
887	10	20	v	 0	 1	13	 3	 2	 2	 2	 1	 1	 0	 0	 1	 1	 1	698.54	  0.00
888	10	20	v	 0	 1	13	 3	 2	 0	 1	 0	 1	 0	 0	 1	 1	 1	565.96	  0.00
889	10	20	v	 0	 1	13	 1	 1	 0	 1	 1	 1	 0	 0	 2	 2	 1	743.72	  0.00
890	10	20	v	 0	 1	13	 2	 2	 3	 2	 0	 1	 0	 0	 2	 2	 1	774.30	  0.00
891	10	20	v	 0	 1	13	 2	 2	 0	 1	 0	 1	 0	 0	 1	 1	 1	1056.70	  0.00
892	10	20	v	 0	 1	13	 3	 2	 0	 1	 1	 1	 0	 0	 1	 1	 1	597.29	  0.00
893	10	20	v	 0	 1	13	 0	 1	 1	 1	 1	 1	 0	 0	 2	 2	 1	668.70	  0.00
894	10	20	v	 0	 1	13	 3	 2	 1	 1	 0	 1	 0	 0	 1	 1	 1	577.26	  0.00
895	10	20	v	 0	 1	13	 1	 1	 0	 1	 0	 1	 0	 0	 1	 1	 1	542.80	  0.00
