00	22	18	m	 1	 1	 0	 3	 2	 0	 1	 1	 0	 1	 0	 2	 2	 1	794.67	  0.00
01	22	18	m	 1	 1	 0	 3	 2	 1	 1	 1	 0	 1	 0	 2	 2	 1	621.80	  0.00
02	22	18	m	 1	 1	 0	 1	 1	 3	 2	 1	 0	 1	 0	 1	 1	 1	627.44	  0.00
03	22	18	m	 1	 1	 0	 2	 2	 2	 2	 0	 0	 1	 0	 2	 2	 1	338.49	  0.00
04	22	18	m	 1	 1	 0	 1	 1	 3	 2	 1	 0	 1	 0	 1	 1	 1	441.46	  0.00
05	22	18	m	 1	 1	 0	 0	 1	 1	 1	 1	 0	 1	 0	 1	 1	 1	660.64	  0.00
06	22	18	m	 1	 1	 0	 3	 2	 0	 1	 1	 0	 1	 0	 2	 2	 1	434.24	  0.00
07	22	18	m	 1	 1	 0	 0	 1	 1	 1	 0	 0	 1	 0	 1	 1	 1	448.19	  0.00
08	22	18	m	 1	 1	 0	 1	 1	 1	 1	 0	 0	 1	 0	 1	 1	 1	347.35	  0.00
09	22	18	m	 1	 1	 0	 2	 2	 2	 2	 0	 0	 1	 0	 2	 2	 1	363.11	  0.00
10	22	18	m	 1	 1	 0	 1	 1	 3	 2	 0	 0	 1	 0	 1	 1	 1	465.13	  0.00
11	22	18	m	 1	 1	 0	 2	 2	 1	 1	 0	 0	 1	 0	 2	 1	 0	342.93	  0.00
12	22	18	m	 1	 1	 0	 2	 2	 1	 1	 0	 0	 1	 0	 2	 2	 1	461.05	  0.00
13	22	18	m	 1	 1	 0	 2	 2	 2	 2	 1	 0	 1	 0	 2	 2	 1	490.94	  0.00
14	22	18	m	 1	 1	 0	 1	 1	 3	 2	 0	 0	 1	 0	 1	 1	 1	408.55	  0.00
15	22	18	m	 1	 1	 0	 0	 1	 0	 1	 1	 0	 1	 0	 1	 2	 0	334.46	  0.00
16	22	18	m	 1	 1	 0	 3	 2	 3	 2	 0	 0	 1	 0	 2	 2	 1	468.68	  0.00
17	22	18	m	 1	 1	 0	 1	 1	 1	 1	 0	 0	 1	 0	 1	 1	 1	464.58	  0.00
18	22	18	m	 1	 1	 0	 3	 2	 3	 2	 1	 0	 1	 0	 2	 2	 1	375.43	  0.00
19	22	18	m	 1	 1	 0	 1	 1	 0	 1	 1	 0	 1	 0	 1	 1	 1	373.43	  0.00
20	22	18	m	 1	 1	 0	 3	 2	 1	 1	 0	 0	 1	 0	 2	 2	 1	355.39	  0.00
21	22	18	m	 1	 1	 0	 1	 1	 1	 1	 1	 0	 1	 0	 1	 1	 1	297.39	  0.00
22	22	18	m	 1	 1	 0	 3	 2	 0	 1	 0	 0	 1	 0	 2	 2	 1	503.57	  0.00
23	22	18	m	 1	 1	 0	 2	 2	 3	 2	 0	 0	 1	 0	 2	 2	 1	429.27	  0.00
24	22	18	m	 1	 1	 0	 0	 1	 0	 1	 0	 0	 1	 0	 1	 1	 1	442.29	  0.00
25	22	18	m	 1	 1	 0	 2	 2	 3	 2	 1	 0	 1	 0	 2	 2	 1	416.05	  0.00
26	22	18	m	 1	 1	 0	 1	 1	 2	 2	 0	 0	 1	 0	 1	 1	 1	445.99	  0.00
27	22	18	m	 1	 1	 0	 2	 2	 1	 1	 1	 0	 1	 0	 2	 2	 1	443.84	  0.00
28	22	18	m	 1	 1	 0	 0	 1	 1	 1	 1	 0	 1	 0	 1	 1	 1	393.22	  0.00
29	22	18	m	 1	 1	 0	 2	 2	 0	 1	 1	 0	 1	 0	 2	 2	 1	935.76	  0.00
30	22	18	m	 1	 1	 0	 0	 1	 3	 2	 0	 0	 1	 0	 1	 1	 1	444.80	  0.00
31	22	18	m	 1	 1	 0	 0	 1	 3	 2	 1	 0	 1	 0	 1	 1	 1	377.85	  0.00
32	22	18	m	 1	 1	 0	 3	 2	 2	 2	 1	 0	 1	 0	 2	 2	 1	367.74	  0.00
33	22	18	m	 1	 1	 0	 3	 2	 0	 1	 0	 0	 1	 0	 2	 2	 1	349.73	  0.00
34	22	18	m	 1	 1	 0	 0	 1	 2	 2	 1	 0	 1	 0	 1	 1	 1	403.72	  0.00
35	22	18	m	 1	 1	 0	 0	 1	 0	 1	 1	 0	 1	 0	 1	 1	 1	297.49	  0.00
36	22	18	m	 1	 1	 0	 2	 2	 2	 2	 1	 0	 1	 0	 2	 1	 0	383.53	  0.00
37	22	18	m	 1	 1	 0	 1	 1	 2	 2	 1	 0	 1	 0	 1	 1	 1	501.84	  0.00
38	22	18	m	 1	 1	 0	 0	 1	 2	 2	 0	 0	 1	 0	 1	 1	 1	347.60	  0.00
39	22	18	m	 1	 1	 0	 2	 2	 0	 1	 0	 0	 1	 0	 2	 1	 0	400.32	  0.00
40	22	18	m	 1	 1	 0	 3	 2	 2	 2	 0	 0	 1	 0	 2	 2	 1	486.50	  0.00
41	22	18	m	 1	 1	 0	 3	 2	 3	 2	 1	 0	 1	 0	 2	 2	 1	380.38	  0.00
42	22	18	m	 1	 1	 0	 0	 1	 2	 2	 1	 0	 1	 0	 1	 1	 1	506.41	  0.00
43	22	18	m	 1	 1	 0	 3	 2	 1	 1	 1	 0	 1	 0	 2	 2	 1	472.17	  0.00
44	22	18	m	 1	 1	 0	 0	 1	 1	 1	 0	 0	 1	 0	 1	 1	 1	525.95	  0.00
45	22	18	m	 1	 1	 0	 1	 1	 0	 1	 0	 0	 1	 0	 1	 1	 1	499.02	  0.00
46	22	18	m	 1	 1	 0	 2	 2	 3	 2	 1	 0	 1	 0	 2	 2	 1	368.67	  0.00
47	22	18	m	 1	 1	 0	 0	 1	 3	 2	 1	 0	 1	 0	 1	 1	 1	438.58	  0.00
48	22	18	m	 1	 1	 0	 2	 2	 0	 1	 1	 0	 1	 0	 2	 2	 1	604.41	  0.00
49	22	18	m	 1	 1	 0	 3	 2	 2	 2	 1	 0	 1	 0	 2	 2	 1	410.07	  0.00
50	22	18	m	 1	 1	 0	 1	 1	 1	 1	 1	 0	 1	 0	 1	 1	 1	448.07	  0.00
51	22	18	m	 1	 1	 0	 0	 1	 0	 1	 0	 0	 1	 0	 1	 1	 1	405.87	  0.00
52	22	18	m	 1	 1	 0	 0	 1	 3	 2	 0	 0	 1	 0	 1	 1	 1	363.83	  0.00
53	22	18	m	 1	 1	 0	 3	 2	 2	 2	 0	 0	 1	 0	 2	 2	 1	456.75	  0.00
54	22	18	m	 1	 1	 0	 3	 2	 3	 2	 0	 0	 1	 0	 2	 2	 1	374.69	  0.00
55	22	18	m	 1	 1	 0	 3	 2	 1	 1	 0	 0	 1	 0	 2	 2	 1	404.48	  0.00
56	22	18	m	 1	 1	 0	 0	 1	 2	 2	 0	 0	 1	 0	 1	 1	 1	442.46	  0.00
57	22	18	m	 1	 1	 0	 1	 1	 0	 1	 0	 0	 1	 0	 1	 1	 1	448.49	  0.00
58	22	18	m	 1	 1	 0	 2	 2	 0	 1	 0	 0	 1	 0	 2	 2	 1	462.37	  0.00
59	22	18	m	 1	 1	 0	 2	 2	 1	 1	 1	 0	 1	 0	 2	 2	 1	348.31	  0.00
60	22	18	m	 1	 1	 0	 1	 1	 0	 1	 1	 0	 1	 0	 1	 1	 1	434.24	  0.00
61	22	18	m	 1	 1	 0	 1	 1	 2	 2	 0	 0	 1	 0	 1	 1	 1	415.16	  0.00
62	22	18	m	 1	 1	 0	 1	 1	 2	 2	 1	 0	 1	 0	 1	 1	 1	349.08	  0.00
63	22	18	m	 1	 1	 0	 2	 2	 3	 2	 0	 0	 1	 0	 2	 1	 0	386.99	  0.00
64	22	18	m	 1	 1	 1	 2	 2	 2	 2	 0	 0	 1	 0	 2	 2	 1	617.29	  0.00
65	22	18	m	 1	 1	 1	 0	 1	 3	 2	 0	 0	 1	 0	 1	 1	 1	631.37	  0.00
66	22	18	m	 1	 1	 1	 3	 2	 2	 2	 1	 0	 1	 0	 2	 2	 1	501.37	  0.00
67	22	18	m	 1	 1	 1	 0	 1	 0	 1	 1	 0	 1	 0	 1	 1	 1	659.78	  0.00
68	22	18	m	 1	 1	 1	 2	 2	 1	 1	 0	 0	 1	 0	 2	 2	 1	569.62	  0.00
69	22	18	m	 1	 1	 1	 0	 1	 3	 2	 1	 0	 1	 0	 1	 1	 1	447.19	  0.00
70	22	18	m	 1	 1	 1	 0	 1	 1	 1	 0	 0	 1	 0	 1	 1	 1	429.25	  0.00
71	22	18	m	 1	 1	 1	 3	 2	 3	 2	 0	 0	 1	 0	 2	 2	 1	419.78	  0.00
72	22	18	m	 1	 1	 1	 2	 2	 0	 1	 1	 0	 1	 0	 2	 2	 1	353.98	  0.00
73	22	18	m	 1	 1	 1	 1	 1	 1	 1	 1	 0	 1	 0	 1	 1	 1	392.68	  0.00
74	22	18	m	 1	 1	 1	 3	 2	 3	 2	 1	 0	 1	 0	 2	 2	 1	454.91	  0.00
75	22	18	m	 1	 1	 1	 1	 1	 0	 1	 0	 0	 1	 0	 1	 1	 1	813.49	  0.00
76	22	18	m	 1	 1	 1	 2	 2	 2	 2	 1	 0	 1	 0	 2	 2	 1	347.25	  0.00
77	22	18	m	 1	 1	 1	 2	 2	 1	 1	 1	 0	 1	 0	 2	 2	 1	489.82	  0.00
78	22	18	m	 1	 1	 1	 1	 1	 3	 2	 0	 0	 1	 0	 1	 1	 1	431.38	  0.00
79	22	18	m	 1	 1	 1	 0	 1	 1	 1	 1	 0	 1	 0	 1	 1	 1	477.59	  0.00
80	22	18	m	 1	 1	 1	 2	 2	 1	 1	 0	 0	 1	 0	 2	 2	 1	435.90	  0.00
81	22	18	m	 1	 1	 1	 3	 2	 1	 1	 0	 0	 1	 0	 2	 2	 1	362.06	  0.00
82	22	18	m	 1	 1	 1	 0	 1	 2	 2	 1	 0	 1	 0	 1	 1	 1	488.66	  0.00
83	22	18	m	 1	 1	 1	 2	 2	 0	 1	 0	 0	 1	 0	 2	 2	 1	383.16	  0.00
84	22	18	m	 1	 1	 1	 2	 2	 3	 2	 0	 0	 1	 0	 2	 1	 0	317.55	  0.00
85	22	18	m	 1	 1	 1	 3	 2	 2	 2	 0	 0	 1	 0	 2	 2	 1	628.23	  0.00
86	22	18	m	 1	 1	 1	 0	 1	 2	 2	 0	 0	 1	 0	 1	 1	 1	458.29	  0.00
87	22	18	m	 1	 1	 1	 3	 2	 2	 2	 1	 0	 1	 0	 2	 2	 1	480.63	  0.00
88	22	18	m	 1	 1	 1	 0	 1	 3	 2	 1	 0	 1	 0	 1	 1	 1	461.84	  0.00
89	22	18	m	 1	 1	 1	 2	 2	 3	 2	 1	 0	 1	 0	 2	 2	 1	419.46	  0.00
90	22	18	m	 1	 1	 1	 2	 2	 2	 2	 0	 0	 1	 0	 2	 2	 1	426.67	  0.00
91	22	18	m	 1	 1	 1	 2	 2	 0	 1	 0	 0	 1	 0	 2	 2	 1	464.34	  0.00
92	22	18	m	 1	 1	 1	 3	 2	 0	 1	 0	 0	 1	 0	 2	 2	 1	399.43	  0.00
93	22	18	m	 1	 1	 1	 1	 1	 0	 1	 0	 0	 1	 0	 1	 1	 1	389.30	  0.00
94	22	18	m	 1	 1	 1	 0	 1	 2	 2	 0	 0	 1	 0	 1	 1	 1	364.13	  0.00
95	22	18	m	 1	 1	 1	 2	 2	 2	 2	 1	 0	 1	 0	 2	 2	 1	466.51	  0.00
96	22	18	m	 1	 1	 1	 1	 1	 2	 2	 0	 0	 1	 0	 1	 1	 1	513.13	  0.00
97	22	18	m	 1	 1	 1	 0	 1	 2	 2	 1	 0	 1	 0	 1	 1	 1	463.43	  0.00
98	22	18	m	 1	 1	 1	 2	 2	 3	 2	 0	 0	 1	 0	 2	 2	 1	444.88	  0.00
99	22	18	m	 1	 1	 1	 0	 1	 1	 1	 0	 0	 1	 0	 1	 1	 1	499.18	  0.00
100	22	18	m	 1	 1	 1	 1	 1	 2	 2	 0	 0	 1	 0	 1	 1	 1	433.40	  0.00
101	22	18	m	 1	 1	 1	 1	 1	 3	 2	 0	 0	 1	 0	 1	 1	 1	383.83	  0.00
102	22	18	m	 1	 1	 1	 3	 2	 1	 1	 0	 0	 1	 0	 2	 2	 1	438.06	  0.00
103	22	18	m	 1	 1	 1	 3	 2	 1	 1	 1	 0	 1	 0	 2	 2	 1	420.66	  0.00
104	22	18	m	 1	 1	 1	 3	 2	 1	 1	 1	 0	 1	 0	 2	 2	 1	474.85	  0.00
105	22	18	m	 1	 1	 1	 1	 1	 2	 2	 1	 0	 1	 0	 1	 1	 1	409.36	  0.00
106	22	18	m	 1	 1	 1	 1	 1	 1	 1	 1	 0	 1	 0	 1	 1	 1	351.62	  0.00
107	22	18	m	 1	 1	 1	 1	 1	 3	 2	 1	 0	 1	 0	 1	 1	 1	340.12	  0.00
108	22	18	m	 1	 1	 1	 1	 1	 1	 1	 0	 0	 1	 0	 1	 1	 1	427.86	  0.00
109	22	18	m	 1	 1	 1	 1	 1	 1	 1	 0	 0	 1	 0	 1	 1	 1	626.30	  0.00
110	22	18	m	 1	 1	 1	 1	 1	 0	 1	 1	 0	 1	 0	 1	 1	 1	520.44	  0.00
111	22	18	m	 1	 1	 1	 3	 2	 3	 2	 0	 0	 1	 0	 2	 2	 1	470.67	  0.00
112	22	18	m	 1	 1	 1	 2	 2	 1	 1	 1	 0	 1	 0	 2	 2	 1	372.93	  0.00
113	22	18	m	 1	 1	 1	 2	 2	 0	 1	 1	 0	 1	 0	 2	 2	 1	411.43	  0.00
114	22	18	m	 1	 1	 1	 1	 1	 0	 1	 1	 0	 1	 0	 1	 1	 1	561.94	  0.00
115	22	18	m	 1	 1	 1	 0	 1	 1	 1	 1	 0	 1	 0	 1	 1	 1	384.22	  0.00
116	22	18	m	 1	 1	 1	 3	 2	 0	 1	 0	 0	 1	 0	 2	 2	 1	430.41	  0.00
117	22	18	m	 1	 1	 1	 0	 1	 3	 2	 0	 0	 1	 0	 1	 1	 1	484.07	  0.00
118	22	18	m	 1	 1	 1	 3	 2	 0	 1	 1	 0	 1	 0	 2	 2	 1	434.29	  0.00
119	22	18	m	 1	 1	 1	 1	 1	 2	 2	 1	 0	 1	 0	 1	 1	 1	368.65	  0.00
120	22	18	m	 1	 1	 1	 0	 1	 0	 1	 0	 0	 1	 0	 1	 1	 1	319.28	  0.00
121	22	18	m	 1	 1	 1	 3	 2	 0	 1	 1	 0	 1	 0	 2	 2	 1	437.80	  0.00
122	22	18	m	 1	 1	 1	 0	 1	 0	 1	 0	 0	 1	 0	 1	 1	 1	388.24	  0.00
123	22	18	m	 1	 1	 1	 3	 2	 3	 2	 1	 0	 1	 0	 2	 2	 1	482.48	  0.00
124	22	18	m	 1	 1	 1	 0	 1	 0	 1	 1	 0	 1	 0	 1	 1	 1	464.94	  0.00
125	22	18	m	 1	 1	 1	 2	 2	 3	 2	 1	 0	 1	 0	 2	 2	 1	407.40	  0.00
126	22	18	m	 1	 1	 1	 1	 1	 3	 2	 1	 0	 1	 0	 1	 1	 1	389.82	  0.00
127	22	18	m	 1	 1	 1	 3	 2	 2	 2	 0	 0	 1	 0	 2	 2	 1	444.02	  0.00
128	22	18	m	 1	 1	 2	 2	 2	 0	 1	 0	 0	 1	 0	 2	 0	 0	2000.19	  0.00
129	22	18	m	 1	 1	 2	 1	 1	 1	 1	 1	 0	 1	 0	 2	 2	 1	1722.80	  0.00
130	22	18	m	 1	 1	 2	 3	 2	 2	 2	 0	 0	 1	 0	 1	 1	 1	718.82	  0.00
131	22	18	m	 1	 1	 2	 1	 1	 0	 1	 1	 0	 1	 0	 2	 2	 1	620.29	  0.00
132	22	18	m	 1	 1	 2	 1	 1	 0	 1	 0	 0	 1	 0	 2	 2	 1	560.95	  0.00
133	22	18	m	 1	 1	 2	 0	 1	 0	 1	 1	 0	 1	 0	 2	 2	 1	438.57	  0.00
134	22	18	m	 1	 1	 2	 1	 1	 0	 1	 1	 0	 1	 0	 2	 2	 1	540.47	  0.00
135	22	18	m	 1	 1	 2	 1	 1	 3	 2	 1	 0	 1	 0	 1	 1	 1	594.32	  0.00
136	22	18	m	 1	 1	 2	 3	 2	 1	 1	 1	 0	 1	 0	 2	 2	 1	639.95	  0.00
137	22	18	m	 1	 1	 2	 3	 2	 0	 1	 1	 0	 1	 0	 2	 1	 0	565.55	  0.00
138	22	18	m	 1	 1	 2	 0	 1	 3	 2	 0	 0	 1	 0	 1	 1	 1	642.27	  0.00
139	22	18	m	 1	 1	 2	 2	 2	 2	 2	 0	 0	 1	 0	 1	 1	 1	639.56	  0.00
140	22	18	m	 1	 1	 2	 3	 2	 0	 1	 0	 0	 1	 0	 2	 2	 1	637.47	  0.00
141	22	18	m	 1	 1	 2	 2	 2	 0	 1	 1	 0	 1	 0	 2	 2	 1	426.93	  0.00
142	22	18	m	 1	 1	 2	 1	 1	 1	 1	 0	 0	 1	 0	 2	 2	 1	344.85	  0.00
143	22	18	m	 1	 1	 2	 0	 1	 2	 2	 0	 0	 1	 0	 1	 1	 1	742.93	  0.00
144	22	18	m	 1	 1	 2	 3	 2	 3	 2	 1	 0	 1	 0	 1	 1	 1	579.54	  0.00
145	22	18	m	 1	 1	 2	 2	 2	 2	 2	 1	 0	 1	 0	 1	 1	 1	649.10	  0.00
146	22	18	m	 1	 1	 2	 3	 2	 0	 1	 0	 0	 1	 0	 2	 2	 1	454.71	  0.00
147	22	18	m	 1	 1	 2	 3	 2	 3	 2	 1	 0	 1	 0	 1	 1	 1	660.56	  0.00
148	22	18	m	 1	 1	 2	 1	 1	 3	 2	 0	 0	 1	 0	 1	 1	 1	786.12	  0.00
149	22	18	m	 1	 1	 2	 2	 2	 3	 2	 0	 0	 1	 0	 1	 1	 1	487.57	  0.00
150	22	18	m	 1	 1	 2	 1	 1	 2	 2	 0	 0	 1	 0	 1	 1	 1	565.37	  0.00
151	22	18	m	 1	 1	 2	 0	 1	 1	 1	 1	 0	 1	 0	 2	 2	 1	842.19	  0.00
152	22	18	m	 1	 1	 2	 2	 2	 1	 1	 0	 0	 1	 0	 2	 2	 1	399.51	  0.00
153	22	18	m	 1	 1	 2	 0	 1	 1	 1	 0	 0	 1	 0	 2	 2	 1	509.33	  0.00
154	22	18	m	 1	 1	 2	 2	 2	 3	 2	 1	 0	 1	 0	 1	 1	 1	579.09	  0.00
155	22	18	m	 1	 1	 2	 2	 2	 1	 1	 1	 0	 1	 0	 2	 2	 1	472.89	  0.00
156	22	18	m	 1	 1	 2	 1	 1	 2	 2	 1	 0	 1	 0	 1	 1	 1	438.60	  0.00
157	22	18	m	 1	 1	 2	 2	 2	 2	 2	 1	 0	 1	 0	 1	 1	 1	428.48	  0.00
158	22	18	m	 1	 1	 2	 1	 1	 3	 2	 1	 0	 1	 0	 1	 2	 0	561.28	  0.00
159	22	18	m	 1	 1	 2	 0	 1	 3	 2	 1	 0	 1	 0	 1	 1	 1	487.03	  0.00
160	22	18	m	 1	 1	 2	 0	 1	 0	 1	 0	 0	 1	 0	 2	 2	 1	556.90	  0.00
161	22	18	m	 1	 1	 2	 0	 1	 0	 1	 1	 0	 1	 0	 2	 2	 1	482.64	  0.00
162	22	18	m	 1	 1	 2	 3	 2	 2	 2	 1	 0	 1	 0	 1	 1	 1	512.36	  0.00
163	22	18	m	 1	 1	 2	 0	 1	 0	 1	 0	 0	 1	 0	 2	 2	 1	486.22	  0.00
164	22	18	m	 1	 1	 2	 1	 1	 2	 2	 1	 0	 1	 0	 1	 1	 1	683.97	  0.00
165	22	18	m	 1	 1	 2	 0	 1	 2	 2	 1	 0	 1	 0	 1	 1	 1	432.60	  0.00
166	22	18	m	 1	 1	 2	 1	 1	 0	 1	 0	 0	 1	 0	 2	 1	 0	334.44	  0.00
167	22	18	m	 1	 1	 2	 0	 1	 1	 1	 0	 0	 1	 0	 2	 1	 0	388.49	  0.00
168	22	18	m	 1	 1	 2	 1	 1	 1	 1	 0	 0	 1	 0	 2	 2	 1	666.46	  0.00
169	22	18	m	 1	 1	 2	 2	 2	 1	 1	 0	 0	 1	 0	 2	 2	 1	375.99	  0.00
170	22	18	m	 1	 1	 2	 0	 1	 1	 1	 1	 0	 1	 0	 2	 2	 1	350.00	  0.00
171	22	18	m	 1	 1	 2	 0	 1	 3	 2	 1	 0	 1	 0	 1	 2	 0	372.00	  0.00
172	22	18	m	 1	 1	 2	 3	 2	 1	 1	 0	 0	 1	 0	 2	 1	 0	337.05	  0.00
173	22	18	m	 1	 1	 2	 3	 2	 2	 2	 0	 0	 1	 0	 1	 1	 1	615.04	  0.00
174	22	18	m	 1	 1	 2	 0	 1	 2	 2	 1	 0	 1	 0	 1	 1	 1	428.66	  0.00
175	22	18	m	 1	 1	 2	 0	 1	 2	 2	 0	 0	 1	 0	 1	 1	 1	562.58	  0.00
176	22	18	m	 1	 1	 2	 3	 2	 3	 2	 0	 0	 1	 0	 1	 1	 1	640.31	  0.00
177	22	18	m	 1	 1	 2	 2	 2	 0	 1	 1	 0	 1	 0	 2	 2	 1	541.80	  0.00
178	22	18	m	 1	 1	 2	 3	 2	 1	 1	 0	 0	 1	 0	 2	 2	 1	547.67	  0.00
179	22	18	m	 1	 1	 2	 1	 1	 2	 2	 0	 0	 1	 0	 1	 2	 0	448.36	  0.00
180	22	18	m	 1	 1	 2	 2	 2	 3	 2	 0	 0	 1	 0	 1	 1	 1	606.20	  0.00
181	22	18	m	 1	 1	 2	 2	 2	 1	 1	 1	 0	 1	 0	 2	 1	 0	387.84	  0.00
182	22	18	m	 1	 1	 2	 1	 1	 1	 1	 1	 0	 1	 0	 2	 2	 1	561.83	  0.00
183	22	18	m	 1	 1	 2	 2	 2	 2	 2	 0	 0	 1	 0	 1	 1	 1	495.58	  0.00
184	22	18	m	 1	 1	 2	 3	 2	 1	 1	 1	 0	 1	 0	 2	 2	 1	717.32	  0.00
185	22	18	m	 1	 1	 2	 0	 1	 3	 2	 0	 0	 1	 0	 1	 1	 1	514.78	  0.00
186	22	18	m	 1	 1	 2	 2	 2	 0	 1	 0	 0	 1	 0	 2	 2	 1	623.58	  0.00
187	22	18	m	 1	 1	 2	 3	 2	 0	 1	 1	 0	 1	 0	 2	 2	 1	461.17	  0.00
188	22	18	m	 1	 1	 2	 2	 2	 3	 2	 1	 0	 1	 0	 1	 1	 1	547.04	  0.00
189	22	18	m	 1	 1	 2	 3	 2	 2	 2	 1	 0	 1	 0	 1	 1	 1	552.78	  0.00
190	22	18	m	 1	 1	 2	 3	 2	 3	 2	 0	 0	 1	 0	 1	 2	 0	638.51	  0.00
191	22	18	m	 1	 1	 2	 1	 1	 3	 2	 0	 0	 1	 0	 1	 1	 1	628.04	  0.00
192	22	18	m	 1	 1	 3	 1	 1	 2	 2	 0	 0	 1	 0	 1	 1	 1	554.35	  0.00
193	22	18	m	 1	 1	 3	 3	 2	 0	 1	 1	 0	 1	 0	 2	 2	 1	496.44	  0.00
194	22	18	m	 1	 1	 3	 3	 2	 1	 1	 0	 0	 1	 0	 2	 1	 0	430.77	  0.00
195	22	18	m	 1	 1	 3	 1	 1	 0	 1	 1	 0	 1	 0	 2	 2	 1	613.13	  0.00
196	22	18	m	 1	 1	 3	 0	 1	 0	 1	 1	 0	 1	 0	 2	 2	 1	427.32	  0.00
197	22	18	m	 1	 1	 3	 3	 2	 3	 2	 0	 0	 1	 0	 1	 1	 1	608.90	  0.00
198	22	18	m	 1	 1	 3	 0	 1	 3	 2	 1	 0	 1	 0	 1	 1	 1	670.96	  0.00
199	22	18	m	 1	 1	 3	 2	 2	 3	 2	 1	 0	 1	 0	 1	 1	 1	412.90	  0.00
200	22	18	m	 1	 1	 3	 2	 2	 1	 1	 1	 0	 1	 0	 2	 2	 1	547.37	  0.00
201	22	18	m	 1	 1	 3	 0	 1	 2	 2	 0	 0	 1	 0	 1	 1	 1	537.61	  0.00
202	22	18	m	 1	 1	 3	 3	 2	 2	 2	 1	 0	 1	 0	 1	 1	 1	495.83	  0.00
203	22	18	m	 1	 1	 3	 0	 1	 3	 2	 1	 0	 1	 0	 1	 1	 1	549.98	  0.00
204	22	18	m	 1	 1	 3	 1	 1	 3	 2	 1	 0	 1	 0	 1	 1	 1	428.32	  0.00
205	22	18	m	 1	 1	 3	 0	 1	 3	 2	 0	 0	 1	 0	 1	 1	 1	394.78	  0.00
206	22	18	m	 1	 1	 3	 3	 2	 2	 2	 0	 0	 1	 0	 1	 2	 0	488.55	  0.00
207	22	18	m	 1	 1	 3	 1	 1	 3	 2	 0	 0	 1	 0	 1	 1	 1	622.64	  0.00
208	22	18	m	 1	 1	 3	 2	 2	 1	 1	 0	 0	 1	 0	 2	 2	 1	484.59	  0.00
209	22	18	m	 1	 1	 3	 1	 1	 1	 1	 0	 0	 1	 0	 2	 2	 1	474.89	  0.00
210	22	18	m	 1	 1	 3	 2	 2	 2	 2	 1	 0	 1	 0	 1	 1	 1	697.30	  0.00
211	22	18	m	 1	 1	 3	 3	 2	 2	 2	 0	 0	 1	 0	 1	 1	 1	447.24	  0.00
212	22	18	m	 1	 1	 3	 3	 2	 1	 1	 1	 0	 1	 0	 2	 2	 1	541.63	  0.00
213	22	18	m	 1	 1	 3	 0	 1	 0	 1	 1	 0	 1	 0	 2	 2	 1	587.85	  0.00
214	22	18	m	 1	 1	 3	 2	 2	 1	 1	 0	 0	 1	 0	 2	 2	 1	554.12	  0.00
215	22	18	m	 1	 1	 3	 3	 2	 0	 1	 0	 0	 1	 0	 2	 2	 1	440.25	  0.00
216	22	18	m	 1	 1	 3	 1	 1	 2	 2	 0	 0	 1	 0	 1	 1	 1	469.88	  0.00
217	22	18	m	 1	 1	 3	 1	 1	 0	 1	 0	 0	 1	 0	 2	 2	 1	548.03	  0.00
218	22	18	m	 1	 1	 3	 0	 1	 0	 1	 0	 0	 1	 0	 2	 2	 1	458.18	  0.00
219	22	18	m	 1	 1	 3	 3	 2	 3	 2	 0	 0	 1	 0	 1	 1	 1	432.63	  0.00
220	22	18	m	 1	 1	 3	 0	 1	 3	 2	 0	 0	 1	 0	 1	 1	 1	454.93	  0.00
221	22	18	m	 1	 1	 3	 3	 2	 0	 1	 0	 0	 1	 0	 2	 2	 1	1053.28	  0.00
222	22	18	m	 1	 1	 3	 2	 2	 0	 1	 1	 0	 1	 0	 2	 2	 1	418.86	  0.00
223	22	18	m	 1	 1	 3	 1	 1	 0	 1	 0	 0	 1	 0	 2	 2	 1	473.22	  0.00
224	22	18	m	 1	 1	 3	 2	 2	 0	 1	 1	 0	 1	 0	 2	 2	 1	383.60	  0.00
225	22	18	m	 1	 1	 3	 0	 1	 1	 1	 0	 0	 1	 0	 2	 2	 1	549.03	  0.00
226	22	18	m	 1	 1	 3	 2	 2	 0	 1	 0	 0	 1	 0	 2	 2	 1	371.24	  0.00
227	22	18	m	 1	 1	 3	 3	 2	 1	 1	 0	 0	 1	 0	 2	 2	 1	697.78	  0.00
228	22	18	m	 1	 1	 3	 0	 1	 2	 2	 0	 0	 1	 0	 1	 1	 1	439.72	  0.00
229	22	18	m	 1	 1	 3	 0	 1	 1	 1	 1	 0	 1	 0	 2	 2	 1	622.11	  0.00
230	22	18	m	 1	 1	 3	 1	 1	 3	 2	 1	 0	 1	 0	 1	 1	 1	412.23	  0.00
231	22	18	m	 1	 1	 3	 3	 2	 1	 1	 1	 0	 1	 0	 2	 2	 1	458.61	  0.00
232	22	18	m	 1	 1	 3	 2	 2	 2	 2	 0	 0	 1	 0	 1	 1	 1	449.01	  0.00
233	22	18	m	 1	 1	 3	 0	 1	 0	 1	 0	 0	 1	 0	 2	 2	 1	415.22	  0.00
234	22	18	m	 1	 1	 3	 1	 1	 1	 1	 1	 0	 1	 0	 2	 2	 1	564.85	  0.00
235	22	18	m	 1	 1	 3	 0	 1	 1	 1	 0	 0	 1	 0	 2	 2	 1	699.06	  0.00
236	22	18	m	 1	 1	 3	 2	 2	 1	 1	 1	 0	 1	 0	 2	 2	 1	408.98	  0.00
237	22	18	m	 1	 1	 3	 1	 1	 2	 2	 1	 0	 1	 0	 1	 1	 1	439.48	  0.00
238	22	18	m	 1	 1	 3	 1	 1	 0	 1	 1	 0	 1	 0	 2	 2	 1	477.98	  0.00
239	22	18	m	 1	 1	 3	 2	 2	 0	 1	 0	 0	 1	 0	 2	 2	 1	500.18	  0.00
240	22	18	m	 1	 1	 3	 1	 1	 1	 1	 1	 0	 1	 0	 2	 2	 1	754.48	  0.00
241	22	18	m	 1	 1	 3	 0	 1	 1	 1	 1	 0	 1	 0	 2	 2	 1	440.40	  0.00
242	22	18	m	 1	 1	 3	 3	 2	 3	 2	 1	 0	 1	 0	 1	 1	 1	542.76	  0.00
243	22	18	m	 1	 1	 3	 3	 2	 3	 2	 1	 0	 1	 0	 1	 1	 1	452.98	  0.00
244	22	18	m	 1	 1	 3	 1	 1	 1	 1	 0	 0	 1	 0	 2	 2	 1	554.42	  0.00
245	22	18	m	 1	 1	 3	 0	 1	 2	 2	 1	 0	 1	 0	 1	 1	 1	464.63	  0.00
246	22	18	m	 1	 1	 3	 3	 2	 0	 1	 1	 0	 1	 0	 2	 2	 1	574.97	  0.00
247	22	18	m	 1	 1	 3	 3	 2	 2	 2	 1	 0	 1	 0	 1	 1	 1	525.18	  0.00
248	22	18	m	 1	 1	 3	 2	 2	 3	 2	 0	 0	 1	 0	 1	 2	 0	419.45	  0.00
249	22	18	m	 1	 1	 3	 2	 2	 3	 2	 0	 0	 1	 0	 1	 1	 1	481.93	  0.00
250	22	18	m	 1	 1	 3	 2	 2	 2	 2	 1	 0	 1	 0	 1	 1	 1	544.12	  0.00
251	22	18	m	 1	 1	 3	 0	 1	 2	 2	 1	 0	 1	 0	 1	 1	 1	422.35	  0.00
252	22	18	m	 1	 1	 3	 1	 1	 2	 2	 1	 0	 1	 0	 1	 1	 1	403.81	  0.00
253	22	18	m	 1	 1	 3	 1	 1	 3	 2	 0	 0	 1	 0	 1	 1	 1	586.25	  0.00
254	22	18	m	 1	 1	 3	 2	 2	 3	 2	 1	 0	 1	 0	 1	 1	 1	424.38	  0.00
255	22	18	m	 1	 1	 3	 2	 2	 2	 2	 0	 0	 1	 0	 1	 1	 1	582.78	  0.00
256	22	18	m	 1	 1	 4	 3	 2	 0	 1	 1	 0	 1	 0	 2	 0	 0	2000.20	  0.00
257	22	18	m	 1	 1	 4	 1	 1	 0	 1	 0	 0	 1	 0	 2	 0	 0	2000.28	  0.00
258	22	18	m	 1	 1	 4	 0	 1	 1	 1	 1	 0	 1	 0	 1	 1	 1	968.77	  0.00
259	22	18	m	 1	 1	 4	 1	 1	 2	 2	 1	 0	 1	 0	 1	 1	 1	534.11	  0.00
260	22	18	m	 1	 1	 4	 0	 1	 2	 2	 1	 0	 1	 0	 1	 1	 1	402.89	  0.00
261	22	18	m	 1	 1	 4	 3	 2	 0	 1	 0	 0	 1	 0	 2	 2	 1	1216.75	  0.00
262	22	18	m	 1	 1	 4	 1	 1	 1	 1	 0	 0	 1	 0	 2	 2	 1	957.58	  0.00
263	22	18	m	 1	 1	 4	 0	 1	 3	 2	 0	 0	 1	 0	 1	 1	 1	642.64	  0.00
264	22	18	m	 1	 1	 4	 1	 1	 3	 2	 0	 0	 1	 0	 1	 1	 1	640.24	  0.00
265	22	18	m	 1	 1	 4	 0	 1	 1	 1	 0	 0	 1	 0	 2	 2	 1	605.44	  0.00
266	22	18	m	 1	 1	 4	 2	 2	 0	 1	 1	 0	 1	 0	 2	 2	 1	434.53	  0.00
267	22	18	m	 1	 1	 4	 2	 2	 1	 1	 0	 0	 1	 0	 2	 2	 1	512.34	  0.00
268	22	18	m	 1	 1	 4	 0	 1	 3	 2	 0	 0	 1	 0	 1	 1	 1	526.06	  0.00
269	22	18	m	 1	 1	 4	 2	 2	 2	 2	 1	 0	 1	 0	 2	 1	 0	403.96	  0.00
270	22	18	m	 1	 1	 4	 3	 2	 3	 2	 1	 0	 1	 0	 2	 2	 1	497.83	  0.00
271	22	18	m	 1	 1	 4	 3	 2	 2	 2	 1	 0	 1	 0	 2	 2	 1	479.63	  0.00
272	22	18	m	 1	 1	 4	 0	 1	 0	 1	 1	 0	 1	 0	 1	 1	 1	525.53	  0.00
273	22	18	m	 1	 1	 4	 3	 2	 3	 2	 0	 0	 1	 0	 1	 2	 0	738.28	  0.00
274	22	18	m	 1	 1	 4	 1	 1	 2	 2	 0	 0	 1	 0	 1	 1	 1	599.68	  0.00
275	22	18	m	 1	 1	 4	 3	 2	 1	 1	 0	 0	 1	 0	 2	 2	 1	509.34	  0.00
276	22	18	m	 1	 1	 4	 0	 1	 2	 2	 0	 0	 1	 0	 1	 1	 1	571.09	  0.00
277	22	18	m	 1	 1	 4	 3	 2	 2	 2	 1	 0	 1	 0	 2	 2	 1	448.84	  0.00
278	22	18	m	 1	 1	 4	 3	 2	 3	 2	 0	 0	 1	 0	 1	 1	 1	1078.72	  0.00
279	22	18	m	 1	 1	 4	 2	 2	 3	 2	 1	 0	 1	 0	 2	 2	 1	459.69	  0.00
280	22	18	m	 1	 1	 4	 2	 2	 2	 2	 0	 0	 1	 0	 1	 1	 1	944.54	  0.00
281	22	18	m	 1	 1	 4	 2	 2	 1	 1	 1	 0	 1	 0	 2	 2	 1	445.77	  0.00
282	22	18	m	 1	 1	 4	 1	 1	 1	 1	 0	 0	 1	 0	 2	 2	 1	595.62	  0.00
283	22	18	m	 1	 1	 4	 2	 2	 3	 2	 0	 0	 1	 0	 1	 1	 1	633.29	  0.00
284	22	18	m	 1	 1	 4	 3	 2	 3	 2	 1	 0	 1	 0	 2	 2	 1	966.68	  0.00
285	22	18	m	 1	 1	 4	 2	 2	 0	 1	 0	 0	 1	 0	 2	 2	 1	692.00	  0.00
286	22	18	m	 1	 1	 4	 0	 1	 2	 2	 0	 0	 1	 0	 1	 1	 1	616.49	  0.00
287	22	18	m	 1	 1	 4	 2	 2	 2	 2	 0	 0	 1	 0	 1	 1	 1	430.18	  0.00
288	22	18	m	 1	 1	 4	 2	 2	 3	 2	 1	 0	 1	 0	 2	 2	 1	676.14	  0.00
289	22	18	m	 1	 1	 4	 1	 1	 0	 1	 1	 0	 1	 0	 1	 1	 1	553.58	  0.00
290	22	18	m	 1	 1	 4	 0	 1	 1	 1	 1	 0	 1	 0	 1	 1	 1	518.40	  0.00
291	22	18	m	 1	 1	 4	 2	 2	 1	 1	 0	 0	 1	 0	 2	 2	 1	773.01	  0.00
292	22	18	m	 1	 1	 4	 2	 2	 0	 1	 1	 0	 1	 0	 2	 2	 1	610.48	  0.00
293	22	18	m	 1	 1	 4	 1	 1	 2	 2	 0	 0	 1	 0	 1	 1	 1	607.09	  0.00
294	22	18	m	 1	 1	 4	 3	 2	 0	 1	 1	 0	 1	 0	 2	 2	 1	572.78	  0.00
295	22	18	m	 1	 1	 4	 2	 2	 0	 1	 0	 0	 1	 0	 2	 2	 1	714.52	  0.00
296	22	18	m	 1	 1	 4	 2	 2	 3	 2	 0	 0	 1	 0	 1	 1	 1	639.94	  0.00
297	22	18	m	 1	 1	 4	 3	 2	 1	 1	 1	 0	 1	 0	 2	 2	 1	557.50	  0.00
298	22	18	m	 1	 1	 4	 0	 1	 0	 1	 0	 0	 1	 0	 2	 2	 1	1115.28	  0.00
299	22	18	m	 1	 1	 4	 2	 2	 1	 1	 1	 0	 1	 0	 2	 2	 1	455.26	  0.00
300	22	18	m	 1	 1	 4	 0	 1	 0	 1	 0	 0	 1	 0	 2	 2	 1	493.01	  0.00
301	22	18	m	 1	 1	 4	 0	 1	 1	 1	 0	 0	 1	 0	 2	 2	 1	650.81	  0.00
302	22	18	m	 1	 1	 4	 3	 2	 2	 2	 0	 0	 1	 0	 1	 1	 1	344.45	  0.00
303	22	18	m	 1	 1	 4	 3	 2	 0	 1	 0	 0	 1	 0	 2	 1	 0	390.45	  0.00
304	22	18	m	 1	 1	 4	 1	 1	 1	 1	 1	 0	 1	 0	 1	 1	 1	644.46	  0.00
305	22	18	m	 1	 1	 4	 1	 1	 3	 2	 0	 0	 1	 0	 1	 1	 1	505.96	  0.00
306	22	18	m	 1	 1	 4	 0	 1	 3	 2	 1	 0	 1	 0	 1	 1	 1	487.83	  0.00
307	22	18	m	 1	 1	 4	 0	 1	 2	 2	 1	 0	 1	 0	 1	 1	 1	412.48	  0.00
308	22	18	m	 1	 1	 4	 3	 2	 1	 1	 1	 0	 1	 0	 2	 1	 0	354.11	  0.00
309	22	18	m	 1	 1	 4	 1	 1	 1	 1	 1	 0	 1	 0	 1	 2	 0	488.50	  0.00
310	22	18	m	 1	 1	 4	 3	 2	 1	 1	 0	 0	 1	 0	 2	 2	 1	1054.42	  0.00
311	22	18	m	 1	 1	 4	 0	 1	 0	 1	 1	 0	 1	 0	 1	 1	 1	1107.45	  0.00
312	22	18	m	 1	 1	 4	 1	 1	 0	 1	 0	 0	 1	 0	 2	 2	 1	655.41	  0.00
313	22	18	m	 1	 1	 4	 2	 2	 2	 2	 1	 0	 1	 0	 2	 2	 1	541.00	  0.00
314	22	18	m	 1	 1	 4	 1	 1	 0	 1	 1	 0	 1	 0	 1	 1	 1	626.67	  0.00
315	22	18	m	 1	 1	 4	 1	 1	 3	 2	 1	 0	 1	 0	 1	 1	 1	448.13	  0.00
316	22	18	m	 1	 1	 4	 0	 1	 3	 2	 1	 0	 1	 0	 1	 1	 1	574.23	  0.00
317	22	18	m	 1	 1	 4	 1	 1	 3	 2	 1	 0	 1	 0	 1	 1	 1	411.89	  0.00
318	22	18	m	 1	 1	 4	 3	 2	 2	 2	 0	 0	 1	 0	 1	 1	 1	609.82	  0.00
319	22	18	m	 1	 1	 4	 1	 1	 2	 2	 1	 0	 1	 0	 1	 1	 1	438.54	  0.00
320	22	18	m	 1	 1	 5	 1	 1	 2	 2	 1	 0	 1	 0	 1	 1	 1	581.87	  0.00
321	22	18	m	 1	 1	 5	 1	 1	 2	 2	 0	 0	 1	 0	 1	 1	 1	580.38	  0.00
322	22	18	m	 1	 1	 5	 2	 2	 3	 2	 1	 0	 1	 0	 2	 1	 0	434.46	  0.00
323	22	18	m	 1	 1	 5	 0	 1	 2	 2	 1	 0	 1	 0	 1	 1	 1	503.95	  0.00
324	22	18	m	 1	 1	 5	 2	 2	 0	 1	 0	 0	 1	 0	 2	 2	 1	702.13	  0.00
325	22	18	m	 1	 1	 5	 1	 1	 3	 2	 0	 0	 1	 0	 1	 1	 1	556.04	  0.00
326	22	18	m	 1	 1	 5	 3	 2	 2	 2	 0	 0	 1	 0	 1	 1	 1	650.33	  0.00
327	22	18	m	 1	 1	 5	 3	 2	 2	 2	 1	 0	 1	 0	 2	 2	 1	496.46	  0.00
328	22	18	m	 1	 1	 5	 3	 2	 3	 2	 0	 0	 1	 0	 1	 1	 1	470.72	  0.00
329	22	18	m	 1	 1	 5	 0	 1	 2	 2	 0	 0	 1	 0	 1	 1	 1	509.02	  0.00
330	22	18	m	 1	 1	 5	 3	 2	 2	 2	 1	 0	 1	 0	 2	 2	 1	611.13	  0.00
331	22	18	m	 1	 1	 5	 1	 1	 1	 1	 1	 0	 1	 0	 1	 1	 1	553.52	  0.00
332	22	18	m	 1	 1	 5	 0	 1	 1	 1	 1	 0	 1	 0	 1	 1	 1	503.73	  0.00
333	22	18	m	 1	 1	 5	 1	 1	 3	 2	 0	 0	 1	 0	 1	 1	 1	468.97	  0.00
334	22	18	m	 1	 1	 5	 2	 2	 0	 1	 1	 0	 1	 0	 2	 2	 1	515.34	  0.00
335	22	18	m	 1	 1	 5	 2	 2	 3	 2	 0	 0	 1	 0	 1	 1	 1	561.64	  0.00
336	22	18	m	 1	 1	 5	 1	 1	 3	 2	 1	 0	 1	 0	 1	 1	 1	647.85	  0.00
337	22	18	m	 1	 1	 5	 0	 1	 0	 1	 0	 0	 1	 0	 2	 2	 1	765.99	  0.00
338	22	18	m	 1	 1	 5	 2	 2	 1	 1	 1	 0	 1	 0	 2	 2	 1	1571.74	  0.00
339	22	18	m	 1	 1	 5	 1	 1	 1	 1	 1	 0	 1	 0	 1	 1	 1	664.50	  0.00
340	22	18	m	 1	 1	 5	 0	 1	 2	 2	 0	 0	 1	 0	 1	 2	 0	701.80	  0.00
341	22	18	m	 1	 1	 5	 0	 1	 3	 2	 1	 0	 1	 0	 1	 1	 1	579.74	  0.00
342	22	18	m	 1	 1	 5	 1	 1	 0	 1	 1	 0	 1	 0	 1	 1	 1	440.53	  0.00
343	22	18	m	 1	 1	 5	 2	 2	 2	 2	 0	 0	 1	 0	 1	 1	 1	512.33	  0.00
344	22	18	m	 1	 1	 5	 2	 2	 1	 1	 0	 0	 1	 0	 2	 2	 1	718.53	  0.00
345	22	18	m	 1	 1	 5	 0	 1	 2	 2	 1	 0	 1	 0	 1	 1	 1	540.58	  0.00
346	22	18	m	 1	 1	 5	 1	 1	 1	 1	 0	 0	 1	 0	 2	 2	 1	714.71	  0.00
347	22	18	m	 1	 1	 5	 0	 1	 3	 2	 1	 0	 1	 0	 1	 1	 1	616.76	  0.00
348	22	18	m	 1	 1	 5	 1	 1	 0	 1	 1	 0	 1	 0	 1	 1	 1	462.01	  0.00
349	22	18	m	 1	 1	 5	 0	 1	 0	 1	 1	 0	 1	 0	 1	 1	 1	428.20	  0.00
350	22	18	m	 1	 1	 5	 3	 2	 0	 1	 0	 0	 1	 0	 2	 2	 1	1018.63	  0.00
351	22	18	m	 1	 1	 5	 2	 2	 0	 1	 1	 0	 1	 0	 2	 2	 1	544.16	  0.00
352	22	18	m	 1	 1	 5	 0	 1	 1	 1	 0	 0	 1	 0	 2	 1	 0	550.31	  0.00
353	22	18	m	 1	 1	 5	 1	 1	 2	 2	 1	 0	 1	 0	 1	 1	 1	596.66	  0.00
354	22	18	m	 1	 1	 5	 3	 2	 1	 1	 1	 0	 1	 0	 2	 2	 1	770.57	  0.00
355	22	18	m	 1	 1	 5	 3	 2	 3	 2	 0	 0	 1	 0	 1	 1	 1	1032.67	  0.00
356	22	18	m	 1	 1	 5	 1	 1	 3	 2	 1	 0	 1	 0	 1	 1	 1	469.18	  0.00
357	22	18	m	 1	 1	 5	 1	 1	 0	 1	 0	 0	 1	 0	 2	 2	 1	851.50	  0.00
358	22	18	m	 1	 1	 5	 3	 2	 1	 1	 1	 0	 1	 0	 2	 2	 1	465.61	  0.00
359	22	18	m	 1	 1	 5	 3	 2	 2	 2	 0	 0	 1	 0	 1	 1	 1	447.73	  0.00
360	22	18	m	 1	 1	 5	 3	 2	 0	 1	 1	 0	 1	 0	 2	 2	 1	694.25	  0.00
361	22	18	m	 1	 1	 5	 2	 2	 3	 2	 1	 0	 1	 0	 2	 2	 1	444.16	  0.00
362	22	18	m	 1	 1	 5	 1	 1	 0	 1	 0	 0	 1	 0	 2	 2	 1	738.49	  0.00
363	22	18	m	 1	 1	 5	 3	 2	 3	 2	 1	 0	 1	 0	 2	 2	 1	496.51	  0.00
364	22	18	m	 1	 1	 5	 3	 2	 3	 2	 1	 0	 1	 0	 2	 2	 1	478.07	  0.00
365	22	18	m	 1	 1	 5	 3	 2	 1	 1	 0	 0	 1	 0	 2	 2	 1	564.15	  0.00
366	22	18	m	 1	 1	 5	 0	 1	 3	 2	 0	 0	 1	 0	 1	 1	 1	562.32	  0.00
367	22	18	m	 1	 1	 5	 3	 2	 1	 1	 0	 0	 1	 0	 2	 2	 1	744.53	  0.00
368	22	18	m	 1	 1	 5	 0	 1	 0	 1	 0	 0	 1	 0	 2	 2	 1	654.43	  0.00
369	22	18	m	 1	 1	 5	 2	 2	 1	 1	 0	 0	 1	 0	 2	 2	 1	420.49	  0.00
370	22	18	m	 1	 1	 5	 0	 1	 0	 1	 1	 0	 1	 0	 1	 1	 1	666.87	  0.00
371	22	18	m	 1	 1	 5	 1	 1	 2	 2	 0	 0	 1	 0	 1	 2	 0	488.95	  0.00
372	22	18	m	 1	 1	 5	 0	 1	 3	 2	 0	 0	 1	 0	 1	 1	 1	567.27	  0.00
373	22	18	m	 1	 1	 5	 1	 1	 1	 1	 0	 0	 1	 0	 2	 2	 1	604.63	  0.00
374	22	18	m	 1	 1	 5	 0	 1	 1	 1	 0	 0	 1	 0	 2	 2	 1	498.66	  0.00
375	22	18	m	 1	 1	 5	 0	 1	 1	 1	 1	 0	 1	 0	 1	 1	 1	632.99	  0.00
376	22	18	m	 1	 1	 5	 3	 2	 0	 1	 1	 0	 1	 0	 2	 2	 1	567.09	  0.00
377	22	18	m	 1	 1	 5	 2	 2	 3	 2	 0	 0	 1	 0	 1	 1	 1	525.28	  0.00
378	22	18	m	 1	 1	 5	 2	 2	 2	 2	 1	 0	 1	 0	 2	 2	 1	451.38	  0.00
379	22	18	m	 1	 1	 5	 2	 2	 2	 2	 1	 0	 1	 0	 2	 2	 1	482.00	  0.00
380	22	18	m	 1	 1	 5	 3	 2	 0	 1	 0	 0	 1	 0	 2	 1	 0	528.32	  0.00
381	22	18	m	 1	 1	 5	 2	 2	 0	 1	 0	 0	 1	 0	 2	 1	 0	486.55	  0.00
382	22	18	m	 1	 1	 5	 2	 2	 2	 2	 0	 0	 1	 0	 1	 1	 1	500.08	  0.00
383	22	18	m	 1	 1	 5	 2	 2	 1	 1	 1	 0	 1	 0	 2	 2	 1	498.26	  0.00
384	22	18	m	 1	 1	 6	 0	 1	 3	 2	 1	 0	 1	 0	 1	 1	 1	576.53	  0.00
385	22	18	m	 1	 1	 6	 1	 1	 2	 2	 1	 0	 1	 0	 1	 1	 1	494.66	  0.00
386	22	18	m	 1	 1	 6	 3	 2	 0	 1	 0	 0	 1	 0	 2	 2	 1	564.90	  0.00
387	22	18	m	 1	 1	 6	 3	 2	 2	 2	 1	 0	 1	 0	 2	 2	 1	595.20	  0.00
388	22	18	m	 1	 1	 6	 1	 1	 0	 1	 0	 0	 1	 0	 2	 2	 1	577.31	  0.00
389	22	18	m	 1	 1	 6	 3	 2	 2	 2	 1	 0	 1	 0	 2	 2	 1	535.53	  0.00
390	22	18	m	 1	 1	 6	 0	 1	 2	 2	 0	 0	 1	 0	 1	 1	 1	588.93	  0.00
391	22	18	m	 1	 1	 6	 0	 1	 0	 1	 0	 0	 1	 0	 2	 2	 1	635.87	  0.00
392	22	18	m	 1	 1	 6	 1	 1	 3	 2	 0	 0	 1	 0	 1	 1	 1	568.95	  0.00
393	22	18	m	 1	 1	 6	 3	 2	 0	 1	 1	 0	 1	 0	 2	 2	 1	447.29	  0.00
394	22	18	m	 1	 1	 6	 0	 1	 2	 2	 1	 0	 1	 0	 1	 1	 1	453.62	  0.00
395	22	18	m	 1	 1	 6	 3	 2	 3	 2	 1	 0	 1	 0	 2	 2	 1	460.00	  0.00
396	22	18	m	 1	 1	 6	 3	 2	 0	 1	 1	 0	 1	 0	 2	 2	 1	434.07	  0.00
397	22	18	m	 1	 1	 6	 3	 2	 3	 2	 1	 0	 1	 0	 2	 2	 1	640.69	  0.00
398	22	18	m	 1	 1	 6	 3	 2	 0	 1	 0	 0	 1	 0	 2	 2	 1	638.86	  0.00
399	22	18	m	 1	 1	 6	 1	 1	 3	 2	 1	 0	 1	 0	 1	 1	 1	532.82	  0.00
400	22	18	m	 1	 1	 6	 1	 1	 1	 1	 1	 0	 1	 0	 1	 1	 1	483.20	  0.00
401	22	18	m	 1	 1	 6	 2	 2	 2	 2	 1	 0	 1	 0	 2	 2	 1	528.53	  0.00
402	22	18	m	 1	 1	 6	 3	 2	 2	 2	 0	 0	 1	 0	 1	 1	 1	526.73	  0.00
403	22	18	m	 1	 1	 6	 2	 2	 3	 2	 1	 0	 1	 0	 2	 2	 1	460.87	  0.00
404	22	18	m	 1	 1	 6	 1	 1	 2	 2	 0	 0	 1	 0	 1	 1	 1	427.37	  0.00
405	22	18	m	 1	 1	 6	 1	 1	 1	 1	 0	 0	 1	 0	 2	 2	 1	777.78	  0.00
406	22	18	m	 1	 1	 6	 1	 1	 3	 2	 1	 0	 1	 0	 1	 1	 1	631.63	  0.00
407	22	18	m	 1	 1	 6	 3	 2	 1	 1	 1	 0	 1	 0	 2	 2	 1	661.76	  0.00
408	22	18	m	 1	 1	 6	 2	 2	 1	 1	 0	 0	 1	 0	 2	 1	 0	475.78	  0.00
409	22	18	m	 1	 1	 6	 2	 2	 2	 2	 0	 0	 1	 0	 1	 1	 1	473.27	  0.00
410	22	18	m	 1	 1	 6	 0	 1	 1	 1	 0	 0	 1	 0	 2	 2	 1	575.44	  0.00
411	22	18	m	 1	 1	 6	 2	 2	 1	 1	 1	 0	 1	 0	 2	 2	 1	557.41	  0.00
412	22	18	m	 1	 1	 6	 3	 2	 3	 2	 0	 0	 1	 0	 1	 1	 1	755.85	  0.00
413	22	18	m	 1	 1	 6	 1	 1	 2	 2	 0	 0	 1	 0	 1	 1	 1	881.84	  0.00
414	22	18	m	 1	 1	 6	 2	 2	 0	 1	 0	 0	 1	 0	 2	 2	 1	607.57	  0.00
415	22	18	m	 1	 1	 6	 1	 1	 1	 1	 1	 0	 1	 0	 1	 1	 1	565.76	  0.00
416	22	18	m	 1	 1	 6	 2	 2	 2	 2	 0	 0	 1	 0	 1	 1	 1	635.14	  0.00
417	22	18	m	 1	 1	 6	 2	 2	 1	 1	 0	 0	 1	 0	 2	 1	 0	481.02	  0.00
418	22	18	m	 1	 1	 6	 3	 2	 1	 1	 1	 0	 1	 0	 2	 2	 1	743.46	  0.00
419	22	18	m	 1	 1	 6	 0	 1	 2	 2	 1	 0	 1	 0	 1	 2	 0	477.36	  0.00
420	22	18	m	 1	 1	 6	 1	 1	 0	 1	 1	 0	 1	 0	 1	 1	 1	419.62	  0.00
421	22	18	m	 1	 1	 6	 0	 1	 1	 1	 1	 0	 1	 0	 1	 1	 1	474.11	  0.00
422	22	18	m	 1	 1	 6	 2	 2	 1	 1	 1	 0	 1	 0	 2	 2	 1	672.20	  0.00
423	22	18	m	 1	 1	 6	 1	 1	 0	 1	 1	 0	 1	 0	 1	 1	 1	622.47	  0.00
424	22	18	m	 1	 1	 6	 0	 1	 0	 1	 1	 0	 1	 0	 1	 1	 1	500.57	  0.00
425	22	18	m	 1	 1	 6	 0	 1	 2	 2	 0	 0	 1	 0	 1	 1	 1	1001.86	  0.00
426	22	18	m	 1	 1	 6	 2	 2	 3	 2	 0	 0	 1	 0	 1	 1	 1	559.43	  0.00
427	22	18	m	 1	 1	 6	 3	 2	 1	 1	 0	 0	 1	 0	 2	 1	 0	461.67	  0.00
428	22	18	m	 1	 1	 6	 1	 1	 2	 2	 1	 0	 1	 0	 1	 1	 1	563.39	  0.00
429	22	18	m	 1	 1	 6	 0	 1	 1	 1	 0	 0	 1	 0	 2	 2	 1	962.19	  0.00
430	22	18	m	 1	 1	 6	 0	 1	 0	 1	 0	 0	 1	 0	 2	 2	 1	447.86	  0.00
431	22	18	m	 1	 1	 6	 0	 1	 3	 2	 0	 0	 1	 0	 1	 1	 1	526.21	  0.00
432	22	18	m	 1	 1	 6	 2	 2	 2	 2	 1	 0	 1	 0	 2	 2	 1	772.46	  0.00
433	22	18	m	 1	 1	 6	 0	 1	 3	 2	 1	 0	 1	 0	 1	 1	 1	466.49	  0.00
434	22	18	m	 1	 1	 6	 2	 2	 0	 1	 1	 0	 1	 0	 2	 2	 1	487.85	  0.00
435	22	18	m	 1	 1	 6	 1	 1	 3	 2	 0	 0	 1	 0	 1	 1	 1	438.10	  0.00
436	22	18	m	 1	 1	 6	 2	 2	 3	 2	 0	 0	 1	 0	 1	 1	 1	404.55	  0.00
437	22	18	m	 1	 1	 6	 1	 1	 1	 1	 0	 0	 1	 0	 2	 2	 1	570.90	  0.00
438	22	18	m	 1	 1	 6	 3	 2	 2	 2	 0	 0	 1	 0	 1	 1	 1	657.22	  0.00
439	22	18	m	 1	 1	 6	 2	 2	 3	 2	 1	 0	 1	 0	 2	 2	 1	535.29	  0.00
440	22	18	m	 1	 1	 6	 2	 2	 0	 1	 1	 0	 1	 0	 2	 2	 1	469.56	  0.00
441	22	18	m	 1	 1	 6	 2	 2	 0	 1	 0	 0	 1	 0	 2	 2	 1	635.82	  0.00
442	22	18	m	 1	 1	 6	 0	 1	 0	 1	 1	 0	 1	 0	 1	 1	 1	441.89	  0.00
443	22	18	m	 1	 1	 6	 3	 2	 1	 1	 0	 0	 1	 0	 2	 2	 1	686.96	  0.00
444	22	18	m	 1	 1	 6	 0	 1	 1	 1	 1	 0	 1	 0	 1	 1	 1	637.41	  0.00
445	22	18	m	 1	 1	 6	 0	 1	 3	 2	 0	 0	 1	 0	 1	 2	 0	443.46	  0.00
446	22	18	m	 1	 1	 6	 3	 2	 3	 2	 0	 0	 1	 0	 1	 1	 1	545.86	  0.00
447	22	18	m	 1	 1	 6	 1	 1	 0	 1	 0	 0	 1	 0	 2	 2	 1	504.01	  0.00
448	22	18	m	 1	 1	 7	 0	 1	 2	 2	 1	 0	 1	 0	 1	 1	 1	526.39	  0.00
449	22	18	m	 1	 1	 7	 0	 1	 0	 1	 1	 0	 1	 0	 1	 1	 1	428.70	  0.00
450	22	18	m	 1	 1	 7	 2	 2	 1	 1	 0	 0	 1	 0	 2	 2	 1	515.03	  0.00
451	22	18	m	 1	 1	 7	 2	 2	 3	 2	 1	 0	 1	 0	 2	 1	 0	944.42	  0.00
452	22	18	m	 1	 1	 7	 2	 2	 2	 2	 1	 0	 1	 0	 2	 1	 0	390.06	  0.00
453	22	18	m	 1	 1	 7	 1	 1	 1	 1	 0	 0	 1	 0	 2	 2	 1	996.53	  0.00
454	22	18	m	 1	 1	 7	 3	 2	 0	 1	 1	 0	 1	 0	 2	 2	 1	1074.06	  0.00
455	22	18	m	 1	 1	 7	 2	 2	 3	 2	 0	 0	 1	 0	 1	 1	 1	487.47	  0.00
456	22	18	m	 1	 1	 7	 3	 2	 1	 1	 0	 0	 1	 0	 2	 2	 1	517.80	  0.00
457	22	18	m	 1	 1	 7	 2	 2	 2	 2	 0	 0	 1	 0	 1	 1	 1	572.08	  0.00
458	22	18	m	 1	 1	 7	 3	 2	 2	 2	 1	 0	 1	 0	 2	 2	 1	530.37	  0.00
459	22	18	m	 1	 1	 7	 2	 2	 1	 1	 1	 0	 1	 0	 2	 2	 1	559.64	  0.00
460	22	18	m	 1	 1	 7	 3	 2	 0	 1	 0	 0	 1	 0	 2	 1	 0	509.79	  0.00
461	22	18	m	 1	 1	 7	 3	 2	 2	 2	 1	 0	 1	 0	 2	 2	 1	700.17	  0.00
462	22	18	m	 1	 1	 7	 1	 1	 3	 2	 0	 0	 1	 0	 1	 1	 1	786.11	  0.00
463	22	18	m	 1	 1	 7	 0	 1	 1	 1	 0	 0	 1	 0	 2	 1	 0	519.94	  0.00
464	22	18	m	 1	 1	 7	 2	 2	 1	 1	 0	 0	 1	 0	 2	 2	 1	622.35	  0.00
465	22	18	m	 1	 1	 7	 2	 2	 2	 2	 1	 0	 1	 0	 2	 2	 1	532.39	  0.00
466	22	18	m	 1	 1	 7	 2	 2	 2	 2	 0	 0	 1	 0	 1	 1	 1	698.64	  0.00
467	22	18	m	 1	 1	 7	 0	 1	 1	 1	 0	 0	 1	 0	 2	 2	 1	647.73	  0.00
468	22	18	m	 1	 1	 7	 0	 1	 2	 2	 0	 0	 1	 0	 1	 1	 1	693.73	  0.00
469	22	18	m	 1	 1	 7	 1	 1	 1	 1	 1	 0	 1	 0	 1	 1	 1	843.55	  0.00
470	22	18	m	 1	 1	 7	 1	 1	 2	 2	 0	 0	 1	 0	 1	 1	 1	1865.57	  0.00
471	22	18	m	 1	 1	 7	 1	 1	 3	 2	 1	 0	 1	 0	 1	 1	 1	637.93	  0.00
472	22	18	m	 1	 1	 7	 0	 1	 2	 2	 0	 0	 1	 0	 1	 1	 1	547.95	  0.00
473	22	18	m	 1	 1	 7	 0	 1	 1	 1	 1	 0	 1	 0	 1	 1	 1	546.30	  0.00
474	22	18	m	 1	 1	 7	 0	 1	 0	 1	 0	 0	 1	 0	 2	 2	 1	863.56	  0.00
475	22	18	m	 1	 1	 7	 2	 2	 3	 2	 1	 0	 1	 0	 2	 2	 1	741.28	  0.00
476	22	18	m	 1	 1	 7	 1	 1	 3	 2	 0	 0	 1	 0	 1	 1	 1	915.14	  0.00
477	22	18	m	 1	 1	 7	 0	 1	 0	 1	 0	 0	 1	 0	 2	 2	 1	696.86	  0.00
478	22	18	m	 1	 1	 7	 1	 1	 0	 1	 0	 0	 1	 0	 2	 2	 1	486.85	  0.00
479	22	18	m	 1	 1	 7	 1	 1	 0	 1	 1	 0	 1	 0	 1	 1	 1	717.22	  0.00
480	22	18	m	 1	 1	 7	 2	 2	 0	 1	 0	 0	 1	 0	 2	 2	 1	899.20	  0.00
481	22	18	m	 1	 1	 7	 3	 2	 3	 2	 0	 0	 1	 0	 1	 1	 1	504.85	  0.00
482	22	18	m	 1	 1	 7	 2	 2	 3	 2	 0	 0	 1	 0	 1	 1	 1	494.30	  0.00
483	22	18	m	 1	 1	 7	 0	 1	 3	 2	 0	 0	 1	 0	 1	 1	 1	404.45	  0.00
484	22	18	m	 1	 1	 7	 0	 1	 3	 2	 0	 0	 1	 0	 1	 1	 1	410.80	  0.00
485	22	18	m	 1	 1	 7	 0	 1	 3	 2	 1	 0	 1	 0	 1	 1	 1	513.35	  0.00
486	22	18	m	 1	 1	 7	 1	 1	 2	 2	 1	 0	 1	 0	 1	 1	 1	439.80	  0.00
487	22	18	m	 1	 1	 7	 3	 2	 1	 1	 0	 0	 1	 0	 2	 2	 1	485.96	  0.00
488	22	18	m	 1	 1	 7	 3	 2	 3	 2	 1	 0	 1	 0	 2	 2	 1	476.19	  0.00
489	22	18	m	 1	 1	 7	 0	 1	 1	 1	 1	 0	 1	 0	 1	 1	 1	594.70	  0.00
490	22	18	m	 1	 1	 7	 3	 2	 1	 1	 1	 0	 1	 0	 2	 2	 1	464.66	  0.00
491	22	18	m	 1	 1	 7	 3	 2	 2	 2	 0	 0	 1	 0	 1	 1	 1	614.27	  0.00
492	22	18	m	 1	 1	 7	 2	 2	 0	 1	 1	 0	 1	 0	 2	 2	 1	772.32	  0.00
493	22	18	m	 1	 1	 7	 1	 1	 0	 1	 0	 0	 1	 0	 2	 1	 0	626.22	  0.00
494	22	18	m	 1	 1	 7	 1	 1	 3	 2	 1	 0	 1	 0	 1	 1	 1	712.36	  0.00
495	22	18	m	 1	 1	 7	 1	 1	 1	 1	 0	 0	 1	 0	 2	 2	 1	614.34	  0.00
496	22	18	m	 1	 1	 7	 3	 2	 0	 1	 1	 0	 1	 0	 2	 2	 1	484.46	  0.00
497	22	18	m	 1	 1	 7	 2	 2	 0	 1	 0	 0	 1	 0	 2	 2	 1	666.88	  0.00
498	22	18	m	 1	 1	 7	 0	 1	 2	 2	 1	 0	 1	 0	 1	 1	 1	712.89	  0.00
499	22	18	m	 1	 1	 7	 3	 2	 3	 2	 1	 0	 1	 0	 2	 2	 1	446.00	  0.00
500	22	18	m	 1	 1	 7	 2	 2	 0	 1	 1	 0	 1	 0	 2	 2	 1	524.22	  0.00
501	22	18	m	 1	 1	 7	 1	 1	 1	 1	 1	 0	 1	 0	 1	 1	 1	578.33	  0.00
502	22	18	m	 1	 1	 7	 1	 1	 2	 2	 1	 0	 1	 0	 1	 1	 1	448.56	  0.00
503	22	18	m	 1	 1	 7	 2	 2	 1	 1	 1	 0	 1	 0	 2	 2	 1	471.08	  0.00
504	22	18	m	 1	 1	 7	 3	 2	 1	 1	 1	 0	 1	 0	 2	 2	 1	437.17	  0.00
505	22	18	m	 1	 1	 7	 0	 1	 0	 1	 1	 0	 1	 0	 1	 1	 1	651.81	  0.00
506	22	18	m	 1	 1	 7	 3	 2	 2	 2	 0	 0	 1	 0	 1	 1	 1	529.86	  0.00
507	22	18	m	 1	 1	 7	 1	 1	 0	 1	 1	 0	 1	 0	 1	 1	 1	528.19	  0.00
508	22	18	m	 1	 1	 7	 0	 1	 3	 2	 1	 0	 1	 0	 1	 1	 1	462.24	  0.00
509	22	18	m	 1	 1	 7	 3	 2	 3	 2	 0	 0	 1	 0	 1	 1	 1	627.68	  0.00
510	22	18	m	 1	 1	 7	 3	 2	 0	 1	 0	 0	 1	 0	 2	 2	 1	489.90	  0.00
511	22	18	m	 1	 1	 7	 1	 1	 2	 2	 0	 0	 1	 0	 1	 1	 1	464.18	  0.00
512	22	18	m	 1	 1	 8	 2	 2	 3	 2	 1	 1	 1	 1	 1	 2	 0	859.99	  0.00
513	22	18	m	 1	 1	 8	 3	 2	 1	 1	 1	 1	 1	 1	 1	 1	 1	753.26	  0.00
514	22	18	m	 1	 1	 8	 2	 2	 1	 1	 0	 1	 1	 1	 1	 1	 1	454.67	  0.00
515	22	18	m	 1	 1	 8	 1	 1	 2	 2	 0	 1	 1	 1	 2	 2	 1	492.53	  0.00
516	22	18	m	 1	 1	 8	 3	 2	 3	 2	 0	 1	 1	 1	 1	 1	 1	370.37	  0.00
517	22	18	m	 1	 1	 8	 1	 1	 3	 2	 0	 1	 1	 1	 2	 2	 1	383.51	  0.00
518	22	18	m	 1	 1	 8	 1	 1	 0	 1	 1	 1	 1	 1	 2	 1	 0	326.33	  0.00
519	22	18	m	 1	 1	 8	 1	 1	 2	 2	 0	 1	 1	 1	 2	 2	 1	418.63	  0.00
520	22	18	m	 1	 1	 8	 0	 1	 1	 1	 0	 1	 1	 1	 2	 2	 1	337.33	  0.00
521	22	18	m	 1	 1	 8	 2	 2	 2	 2	 0	 1	 1	 1	 1	 1	 1	455.40	  0.00
522	22	18	m	 1	 1	 8	 0	 1	 0	 1	 1	 1	 1	 1	 2	 2	 1	469.25	  0.00
523	22	18	m	 1	 1	 8	 3	 2	 2	 2	 1	 1	 1	 1	 1	 1	 1	602.91	  0.00
524	22	18	m	 1	 1	 8	 3	 2	 1	 1	 0	 1	 1	 1	 1	 1	 1	352.72	  0.00
525	22	18	m	 1	 1	 8	 0	 1	 3	 2	 1	 1	 1	 1	 2	 1	 0	294.53	  0.00
526	22	18	m	 1	 1	 8	 0	 1	 2	 2	 0	 1	 1	 1	 2	 2	 1	308.78	  0.00
527	22	18	m	 1	 1	 8	 2	 2	 0	 1	 0	 1	 1	 1	 1	 1	 1	425.84	  0.00
528	22	18	m	 1	 1	 8	 2	 2	 1	 1	 1	 1	 1	 1	 1	 1	 1	343.85	  0.00
529	22	18	m	 1	 1	 8	 2	 2	 1	 1	 0	 1	 1	 1	 1	 1	 1	394.64	  0.00
530	22	18	m	 1	 1	 8	 0	 1	 0	 1	 0	 1	 1	 1	 2	 1	 0	299.83	  0.00
531	22	18	m	 1	 1	 8	 2	 2	 3	 2	 0	 1	 1	 1	 1	 1	 1	441.23	  0.00
532	22	18	m	 1	 1	 8	 0	 1	 2	 2	 0	 1	 1	 1	 2	 1	 0	407.73	  0.00
533	22	18	m	 1	 1	 8	 0	 1	 2	 2	 1	 1	 1	 1	 2	 2	 1	501.73	  0.00
534	22	18	m	 1	 1	 8	 2	 2	 0	 1	 1	 1	 1	 1	 1	 1	 1	450.62	  0.00
535	22	18	m	 1	 1	 8	 2	 2	 2	 2	 1	 1	 1	 1	 1	 1	 1	327.95	  0.00
536	22	18	m	 1	 1	 8	 3	 2	 2	 2	 0	 1	 1	 1	 1	 1	 1	406.46	  0.00
537	22	18	m	 1	 1	 8	 0	 1	 3	 2	 1	 1	 1	 1	 2	 2	 1	532.42	  0.00
538	22	18	m	 1	 1	 8	 0	 1	 1	 1	 0	 1	 1	 1	 2	 1	 0	282.14	  0.00
539	22	18	m	 1	 1	 8	 2	 2	 0	 1	 0	 1	 1	 1	 1	 1	 1	448.28	  0.00
540	22	18	m	 1	 1	 8	 2	 2	 3	 2	 0	 1	 1	 1	 1	 1	 1	342.09	  0.00
541	22	18	m	 1	 1	 8	 3	 2	 0	 1	 1	 1	 1	 1	 1	 1	 1	379.86	  0.00
542	22	18	m	 1	 1	 8	 3	 2	 0	 1	 0	 1	 1	 1	 1	 1	 1	377.24	  0.00
543	22	18	m	 1	 1	 8	 1	 1	 3	 2	 1	 1	 1	 1	 2	 2	 1	535.16	  0.00
544	22	18	m	 1	 1	 8	 1	 1	 1	 1	 1	 1	 1	 1	 2	 2	 1	316.92	  0.00
545	22	18	m	 1	 1	 8	 1	 1	 0	 1	 0	 1	 1	 1	 2	 2	 1	411.02	  0.00
546	22	18	m	 1	 1	 8	 1	 1	 1	 1	 0	 1	 1	 1	 2	 2	 1	360.91	  0.00
547	22	18	m	 1	 1	 8	 2	 2	 1	 1	 1	 1	 1	 1	 1	 1	 1	406.72	  0.00
548	22	18	m	 1	 1	 8	 0	 1	 1	 1	 1	 1	 1	 1	 2	 1	 0	252.63	  0.00
549	22	18	m	 1	 1	 8	 3	 2	 1	 1	 1	 1	 1	 1	 1	 1	 1	466.22	  0.00
550	22	18	m	 1	 1	 8	 3	 2	 0	 1	 1	 1	 1	 1	 1	 1	 1	367.68	  0.00
551	22	18	m	 1	 1	 8	 2	 2	 0	 1	 1	 1	 1	 1	 1	 1	 1	405.90	  0.00
552	22	18	m	 1	 1	 8	 2	 2	 2	 2	 0	 1	 1	 1	 1	 1	 1	315.80	  0.00
553	22	18	m	 1	 1	 8	 0	 1	 0	 1	 1	 1	 1	 1	 2	 1	 0	273.61	  0.00
554	22	18	m	 1	 1	 8	 0	 1	 3	 2	 0	 1	 1	 1	 2	 2	 1	359.74	  0.00
555	22	18	m	 1	 1	 8	 1	 1	 2	 2	 1	 1	 1	 1	 2	 2	 1	333.93	  0.00
556	22	18	m	 1	 1	 8	 0	 1	 0	 1	 0	 1	 1	 1	 2	 2	 1	347.75	  0.00
557	22	18	m	 1	 1	 8	 3	 2	 3	 2	 0	 1	 1	 1	 1	 1	 1	505.10	  0.00
558	22	18	m	 1	 1	 8	 3	 2	 3	 2	 1	 1	 1	 1	 1	 1	 1	350.84	  0.00
559	22	18	m	 1	 1	 8	 1	 1	 3	 2	 1	 1	 1	 1	 2	 2	 1	540.63	  0.00
560	22	18	m	 1	 1	 8	 3	 2	 0	 1	 0	 1	 1	 1	 1	 2	 0	362.47	  0.00
561	22	18	m	 1	 1	 8	 2	 2	 3	 2	 1	 1	 1	 1	 1	 1	 1	288.59	  0.00
562	22	18	m	 1	 1	 8	 3	 2	 2	 2	 1	 1	 1	 1	 1	 1	 1	382.68	  0.00
563	22	18	m	 1	 1	 8	 1	 1	 3	 2	 0	 1	 1	 1	 2	 2	 1	500.75	  0.00
564	22	18	m	 1	 1	 8	 0	 1	 2	 2	 1	 1	 1	 1	 2	 1	 0	266.48	  0.00
565	22	18	m	 1	 1	 8	 0	 1	 1	 1	 1	 1	 1	 1	 2	 2	 1	351.65	  0.00
566	22	18	m	 1	 1	 8	 1	 1	 0	 1	 1	 1	 1	 1	 2	 2	 1	357.59	  0.00
567	22	18	m	 1	 1	 8	 1	 1	 2	 2	 1	 1	 1	 1	 2	 2	 1	739.42	  0.00
568	22	18	m	 1	 1	 8	 1	 1	 0	 1	 0	 1	 1	 1	 2	 2	 1	457.07	  0.00
569	22	18	m	 1	 1	 8	 0	 1	 3	 2	 0	 1	 1	 1	 2	 2	 1	430.90	  0.00
570	22	18	m	 1	 1	 8	 3	 2	 3	 2	 1	 1	 1	 1	 1	 0	 0	2000.20	  0.00
571	22	18	m	 1	 1	 8	 2	 2	 2	 2	 1	 1	 1	 1	 1	 1	 1	327.59	  0.00
572	22	18	m	 1	 1	 8	 3	 2	 1	 1	 0	 1	 1	 1	 1	 1	 1	309.50	  0.00
573	22	18	m	 1	 1	 8	 1	 1	 1	 1	 1	 1	 1	 1	 2	 2	 1	467.37	  0.00
574	22	18	m	 1	 1	 8	 3	 2	 2	 2	 0	 1	 1	 1	 1	 1	 1	457.43	  0.00
575	22	18	m	 1	 1	 8	 1	 1	 1	 1	 0	 1	 1	 1	 2	 2	 1	431.35	  0.00
576	22	18	m	 1	 1	 9	 2	 2	 1	 1	 1	 1	 1	 1	 1	 1	 1	811.31	  0.00
577	22	18	m	 1	 1	 9	 0	 1	 3	 2	 1	 1	 1	 1	 2	 2	 1	513.18	  0.00
578	22	18	m	 1	 1	 9	 3	 2	 0	 1	 0	 1	 1	 1	 1	 1	 1	319.34	  0.00
579	22	18	m	 1	 1	 9	 1	 1	 2	 2	 1	 1	 1	 1	 2	 2	 1	429.98	  0.00
580	22	18	m	 1	 1	 9	 0	 1	 1	 1	 0	 1	 1	 1	 2	 1	 0	380.21	  0.00
581	22	18	m	 1	 1	 9	 0	 1	 3	 2	 1	 1	 1	 1	 2	 2	 1	330.83	  0.00
582	22	18	m	 1	 1	 9	 0	 1	 3	 2	 0	 1	 1	 1	 2	 2	 1	385.40	  0.00
583	22	18	m	 1	 1	 9	 0	 1	 2	 2	 0	 1	 1	 1	 2	 2	 1	326.74	  0.00
584	22	18	m	 1	 1	 9	 2	 2	 1	 1	 0	 1	 1	 1	 1	 1	 1	421.47	  0.00
585	22	18	m	 1	 1	 9	 3	 2	 1	 1	 1	 1	 1	 1	 1	 1	 1	595.87	  0.00
586	22	18	m	 1	 1	 9	 3	 2	 2	 2	 0	 1	 1	 1	 1	 1	 1	297.97	  0.00
587	22	18	m	 1	 1	 9	 2	 2	 2	 2	 1	 1	 1	 1	 1	 1	 1	336.59	  0.00
588	22	18	m	 1	 1	 9	 3	 2	 1	 1	 0	 1	 1	 1	 1	 1	 1	335.16	  0.00
589	22	18	m	 1	 1	 9	 3	 2	 3	 2	 1	 1	 1	 1	 1	 1	 1	301.56	  0.00
590	22	18	m	 1	 1	 9	 1	 1	 1	 1	 0	 1	 1	 1	 2	 1	 0	252.20	  0.00
591	22	18	m	 1	 1	 9	 2	 2	 0	 1	 1	 1	 1	 1	 1	 1	 1	442.70	  0.00
592	22	18	m	 1	 1	 9	 3	 2	 3	 2	 0	 1	 1	 1	 1	 1	 1	297.26	  0.00
593	22	18	m	 1	 1	 9	 1	 1	 0	 1	 0	 1	 1	 1	 2	 2	 1	358.90	  0.00
594	22	18	m	 1	 1	 9	 0	 1	 2	 2	 1	 1	 1	 1	 2	 2	 1	349.48	  0.00
595	22	18	m	 1	 1	 9	 1	 1	 3	 2	 1	 1	 1	 1	 2	 2	 1	347.77	  0.00
596	22	18	m	 1	 1	 9	 3	 2	 0	 1	 0	 1	 1	 1	 1	 1	 1	402.35	  0.00
597	22	18	m	 1	 1	 9	 3	 2	 2	 2	 1	 1	 1	 1	 1	 1	 1	376.67	  0.00
598	22	18	m	 1	 1	 9	 0	 1	 0	 1	 0	 1	 1	 1	 2	 1	 0	271.26	  0.00
599	22	18	m	 1	 1	 9	 0	 1	 1	 1	 1	 1	 1	 1	 2	 2	 1	309.85	  0.00
600	22	18	m	 1	 1	 9	 2	 2	 3	 2	 1	 1	 1	 1	 1	 1	 1	452.42	  0.00
601	22	18	m	 1	 1	 9	 1	 1	 2	 2	 1	 1	 1	 1	 2	 2	 1	442.78	  0.00
602	22	18	m	 1	 1	 9	 1	 1	 1	 1	 0	 1	 1	 1	 2	 2	 1	369.15	  0.00
603	22	18	m	 1	 1	 9	 3	 2	 2	 2	 1	 1	 1	 1	 1	 1	 1	382.79	  0.00
604	22	18	m	 1	 1	 9	 1	 1	 2	 2	 0	 1	 1	 1	 2	 2	 1	301.11	  0.00
605	22	18	m	 1	 1	 9	 2	 2	 0	 1	 0	 1	 1	 1	 1	 1	 1	323.71	  0.00
606	22	18	m	 1	 1	 9	 0	 1	 2	 2	 1	 1	 1	 1	 2	 2	 1	305.29	  0.00
607	22	18	m	 1	 1	 9	 1	 1	 3	 2	 0	 1	 1	 1	 2	 1	 0	288.83	  0.00
608	22	18	m	 1	 1	 9	 2	 2	 2	 2	 0	 1	 1	 1	 1	 1	 1	375.48	  0.00
609	22	18	m	 1	 1	 9	 2	 2	 2	 2	 0	 1	 1	 1	 1	 1	 1	317.71	  0.00
610	22	18	m	 1	 1	 9	 2	 2	 3	 2	 0	 1	 1	 1	 1	 1	 1	340.49	  0.00
611	22	18	m	 1	 1	 9	 2	 2	 1	 1	 0	 1	 1	 1	 1	 1	 1	314.96	  0.00
612	22	18	m	 1	 1	 9	 0	 1	 0	 1	 1	 1	 1	 1	 2	 1	 0	313.37	  0.00
613	22	18	m	 1	 1	 9	 3	 2	 1	 1	 1	 1	 1	 1	 1	 1	 1	456.15	  0.00
614	22	18	m	 1	 1	 9	 2	 2	 1	 1	 1	 1	 1	 1	 1	 1	 1	301.52	  0.00
615	22	18	m	 1	 1	 9	 3	 2	 3	 2	 0	 1	 1	 1	 1	 1	 1	323.80	  0.00
616	22	18	m	 1	 1	 9	 0	 1	 2	 2	 0	 1	 1	 1	 2	 2	 1	482.59	  0.00
617	22	18	m	 1	 1	 9	 1	 1	 1	 1	 1	 1	 1	 1	 2	 2	 1	576.95	  0.00
618	22	18	m	 1	 1	 9	 2	 2	 0	 1	 0	 1	 1	 1	 1	 2	 0	319.09	  0.00
619	22	18	m	 1	 1	 9	 1	 1	 1	 1	 1	 1	 1	 1	 2	 2	 1	453.65	  0.00
620	22	18	m	 1	 1	 9	 0	 1	 0	 1	 1	 1	 1	 1	 2	 2	 1	468.00	  0.00
621	22	18	m	 1	 1	 9	 3	 2	 2	 2	 0	 1	 1	 1	 1	 1	 1	442.34	  0.00
622	22	18	m	 1	 1	 9	 1	 1	 0	 1	 1	 1	 1	 1	 2	 2	 1	416.67	  0.00
623	22	18	m	 1	 1	 9	 1	 1	 3	 2	 0	 1	 1	 1	 2	 2	 1	447.12	  0.00
624	22	18	m	 1	 1	 9	 2	 2	 3	 2	 1	 1	 1	 1	 1	 1	 1	412.64	  0.00
625	22	18	m	 1	 1	 9	 3	 2	 1	 1	 0	 1	 1	 1	 1	 1	 1	378.76	  0.00
626	22	18	m	 1	 1	 9	 0	 1	 1	 1	 1	 1	 1	 1	 2	 2	 1	481.42	  0.00
627	22	18	m	 1	 1	 9	 2	 2	 0	 1	 1	 1	 1	 1	 1	 1	 1	343.56	  0.00
628	22	18	m	 1	 1	 9	 2	 2	 2	 2	 1	 1	 1	 1	 1	 1	 1	470.14	  0.00
629	22	18	m	 1	 1	 9	 0	 1	 1	 1	 0	 1	 1	 1	 2	 2	 1	604.61	  0.00
630	22	18	m	 1	 1	 9	 3	 2	 3	 2	 1	 1	 1	 1	 1	 1	 1	426.81	  0.00
631	22	18	m	 1	 1	 9	 2	 2	 3	 2	 0	 1	 1	 1	 1	 1	 1	400.44	  0.00
632	22	18	m	 1	 1	 9	 3	 2	 0	 1	 1	 1	 1	 1	 1	 1	 1	519.64	  0.00
633	22	18	m	 1	 1	 9	 3	 2	 0	 1	 1	 1	 1	 1	 1	 1	 1	317.05	  0.00
634	22	18	m	 1	 1	 9	 1	 1	 0	 1	 0	 1	 1	 1	 2	 2	 1	555.52	  0.00
635	22	18	m	 1	 1	 9	 1	 1	 2	 2	 0	 1	 1	 1	 2	 2	 1	601.70	  0.00
636	22	18	m	 1	 1	 9	 0	 1	 0	 1	 0	 1	 1	 1	 2	 2	 1	311.62	  0.00
637	22	18	m	 1	 1	 9	 1	 1	 3	 2	 1	 1	 1	 1	 2	 2	 1	326.33	  0.00
638	22	18	m	 1	 1	 9	 0	 1	 3	 2	 0	 1	 1	 1	 2	 2	 1	428.96	  0.00
639	22	18	m	 1	 1	 9	 1	 1	 0	 1	 1	 1	 1	 1	 2	 2	 1	331.36	  0.00
640	22	18	m	 1	 1	10	 1	 1	 1	 1	 0	 1	 1	 1	 2	 0	 0	2000.29	  0.00
641	22	18	m	 1	 1	10	 1	 1	 2	 2	 1	 1	 1	 1	 2	 0	 0	2000.20	  0.00
642	22	18	m	 1	 1	10	 1	 1	 1	 1	 0	 1	 1	 1	 2	 0	 0	2000.26	  0.00
643	22	18	m	 1	 1	10	 3	 2	 3	 2	 0	 1	 1	 1	 1	 0	 0	2000.26	  0.00
644	22	18	m	 1	 1	10	 2	 2	 0	 1	 0	 1	 1	 1	 2	 0	 0	2000.26	  0.00
645	22	18	m	 1	 1	10	 3	 2	 2	 2	 1	 1	 1	 1	 1	 1	 1	1711.51	  0.00
646	22	18	m	 1	 1	10	 0	 1	 2	 2	 1	 1	 1	 1	 2	 2	 1	979.72	  0.00
647	22	18	m	 1	 1	10	 1	 1	 1	 1	 1	 1	 1	 1	 2	 2	 1	880.83	  0.00
648	22	18	m	 1	 1	10	 0	 1	 0	 1	 1	 1	 1	 1	 2	 2	 1	509.14	  0.00
649	22	18	m	 1	 1	10	 2	 2	 3	 2	 1	 1	 1	 1	 1	 1	 1	482.90	  0.00
650	22	18	m	 1	 1	10	 2	 2	 3	 2	 0	 1	 1	 1	 1	 1	 1	1136.62	  0.00
651	22	18	m	 1	 1	10	 0	 1	 2	 2	 0	 1	 1	 1	 1	 1	 1	565.56	  0.00
652	22	18	m	 1	 1	10	 0	 1	 3	 2	 0	 1	 1	 1	 1	 1	 1	363.19	  0.00
653	22	18	m	 1	 1	10	 2	 2	 1	 1	 1	 1	 1	 1	 1	 1	 1	577.31	  0.00
654	22	18	m	 1	 1	10	 3	 2	 3	 2	 0	 1	 1	 1	 1	 2	 0	606.92	  0.00
655	22	18	m	 1	 1	10	 2	 2	 2	 2	 0	 1	 1	 1	 1	 1	 1	755.72	  0.00
656	22	18	m	 1	 1	10	 1	 1	 0	 1	 0	 1	 1	 1	 2	 2	 1	768.94	  0.00
657	22	18	m	 1	 1	10	 0	 1	 0	 1	 0	 1	 1	 1	 2	 2	 1	646.43	  0.00
658	22	18	m	 1	 1	10	 3	 2	 1	 1	 1	 1	 1	 1	 1	 1	 1	531.95	  0.00
659	22	18	m	 1	 1	10	 1	 1	 1	 1	 1	 1	 1	 1	 2	 2	 1	641.79	  0.00
660	22	18	m	 1	 1	10	 3	 2	 1	 1	 0	 1	 1	 1	 2	 1	 0	383.34	  0.00
661	22	18	m	 1	 1	10	 2	 2	 0	 1	 0	 1	 1	 1	 2	 2	 1	733.38	  0.00
662	22	18	m	 1	 1	10	 1	 1	 3	 2	 0	 1	 1	 1	 1	 1	 1	586.81	  0.00
663	22	18	m	 1	 1	10	 2	 2	 2	 2	 0	 1	 1	 1	 1	 1	 1	775.42	  0.00
664	22	18	m	 1	 1	10	 3	 2	 3	 2	 1	 1	 1	 1	 1	 2	 0	732.82	  0.00
665	22	18	m	 1	 1	10	 1	 1	 3	 2	 1	 1	 1	 1	 2	 1	 0	610.40	  0.00
666	22	18	m	 1	 1	10	 1	 1	 2	 2	 0	 1	 1	 1	 1	 1	 1	535.94	  0.00
667	22	18	m	 1	 1	10	 1	 1	 2	 2	 1	 1	 1	 1	 2	 2	 1	909.81	  0.00
668	22	18	m	 1	 1	10	 3	 2	 1	 1	 1	 1	 1	 1	 1	 1	 1	595.00	  0.00
669	22	18	m	 1	 1	10	 3	 2	 0	 1	 0	 1	 1	 1	 2	 2	 1	471.66	  0.00
670	22	18	m	 1	 1	10	 3	 2	 3	 2	 1	 1	 1	 1	 1	 1	 1	805.27	  0.00
671	22	18	m	 1	 1	10	 1	 1	 3	 2	 1	 1	 1	 1	 2	 2	 1	602.87	  0.00
672	22	18	m	 1	 1	10	 0	 1	 3	 2	 1	 1	 1	 1	 2	 2	 1	488.27	  0.00
673	22	18	m	 1	 1	10	 3	 2	 0	 1	 0	 1	 1	 1	 2	 1	 0	462.28	  0.00
674	22	18	m	 1	 1	10	 0	 1	 2	 2	 0	 1	 1	 1	 1	 1	 1	644.11	  0.00
675	22	18	m	 1	 1	10	 3	 2	 0	 1	 1	 1	 1	 1	 1	 1	 1	943.85	  0.00
676	22	18	m	 1	 1	10	 0	 1	 1	 1	 1	 1	 1	 1	 2	 2	 1	541.96	  0.00
677	22	18	m	 1	 1	10	 0	 1	 1	 1	 1	 1	 1	 1	 2	 2	 1	539.75	  0.00
678	22	18	m	 1	 1	10	 2	 2	 2	 2	 1	 1	 1	 1	 1	 1	 1	689.48	  0.00
679	22	18	m	 1	 1	10	 2	 2	 3	 2	 0	 1	 1	 1	 1	 1	 1	423.00	  0.00
680	22	18	m	 1	 1	10	 2	 2	 1	 1	 1	 1	 1	 1	 1	 1	 1	516.94	  0.00
681	22	18	m	 1	 1	10	 2	 2	 1	 1	 0	 1	 1	 1	 2	 2	 1	625.78	  0.00
682	22	18	m	 1	 1	10	 2	 2	 3	 2	 1	 1	 1	 1	 1	 1	 1	639.34	  0.00
683	22	18	m	 1	 1	10	 0	 1	 0	 1	 0	 1	 1	 1	 2	 2	 1	604.89	  0.00
684	22	18	m	 1	 1	10	 3	 2	 2	 2	 1	 1	 1	 1	 1	 1	 1	466.64	  0.00
685	22	18	m	 1	 1	10	 3	 2	 0	 1	 1	 1	 1	 1	 1	 1	 1	544.43	  0.00
686	22	18	m	 1	 1	10	 0	 1	 1	 1	 0	 1	 1	 1	 2	 2	 1	494.15	  0.00
687	22	18	m	 1	 1	10	 3	 2	 1	 1	 0	 1	 1	 1	 2	 1	 0	427.91	  0.00
688	22	18	m	 1	 1	10	 0	 1	 2	 2	 1	 1	 1	 1	 2	 2	 1	497.02	  0.00
689	22	18	m	 1	 1	10	 2	 2	 2	 2	 1	 1	 1	 1	 1	 1	 1	422.45	  0.00
690	22	18	m	 1	 1	10	 3	 2	 2	 2	 0	 1	 1	 1	 1	 1	 1	652.59	  0.00
691	22	18	m	 1	 1	10	 1	 1	 2	 2	 0	 1	 1	 1	 1	 1	 1	506.17	  0.00
692	22	18	m	 1	 1	10	 1	 1	 0	 1	 0	 1	 1	 1	 2	 2	 1	544.07	  0.00
693	22	18	m	 1	 1	10	 2	 2	 1	 1	 0	 1	 1	 1	 2	 1	 0	429.76	  0.00
694	22	18	m	 1	 1	10	 1	 1	 0	 1	 1	 1	 1	 1	 2	 2	 1	635.49	  0.00
695	22	18	m	 1	 1	10	 0	 1	 0	 1	 1	 1	 1	 1	 2	 2	 1	456.36	  0.00
696	22	18	m	 1	 1	10	 3	 2	 2	 2	 0	 1	 1	 1	 1	 1	 1	542.13	  0.00
697	22	18	m	 1	 1	10	 2	 2	 0	 1	 1	 1	 1	 1	 1	 1	 1	443.91	  0.00
698	22	18	m	 1	 1	10	 0	 1	 3	 2	 1	 1	 1	 1	 2	 2	 1	529.83	  0.00
699	22	18	m	 1	 1	10	 1	 1	 0	 1	 1	 1	 1	 1	 2	 2	 1	383.59	  0.00
700	22	18	m	 1	 1	10	 2	 2	 0	 1	 1	 1	 1	 1	 1	 2	 0	517.32	  0.00
701	22	18	m	 1	 1	10	 1	 1	 3	 2	 0	 1	 1	 1	 1	 1	 1	731.30	  0.00
702	22	18	m	 1	 1	10	 0	 1	 1	 1	 0	 1	 1	 1	 2	 1	 0	343.85	  0.00
703	22	18	m	 1	 1	10	 0	 1	 3	 2	 0	 1	 1	 1	 1	 1	 1	573.77	  0.00
704	22	18	m	 1	 1	11	 1	 1	 0	 1	 0	 1	 1	 1	 2	 2	 1	669.25	  0.00
705	22	18	m	 1	 1	11	 0	 1	 2	 2	 0	 1	 1	 1	 1	 1	 1	435.32	  0.00
706	22	18	m	 1	 1	11	 0	 1	 0	 1	 0	 1	 1	 1	 2	 2	 1	417.61	  0.00
707	22	18	m	 1	 1	11	 3	 2	 0	 1	 0	 1	 1	 1	 2	 2	 1	464.27	  0.00
708	22	18	m	 1	 1	11	 0	 1	 1	 1	 0	 1	 1	 1	 2	 1	 0	421.39	  0.00
709	22	18	m	 1	 1	11	 2	 2	 0	 1	 0	 1	 1	 1	 2	 2	 1	387.82	  0.00
710	22	18	m	 1	 1	11	 1	 1	 3	 2	 0	 1	 1	 1	 1	 1	 1	570.31	  0.00
711	22	18	m	 1	 1	11	 3	 2	 2	 2	 1	 1	 1	 1	 1	 1	 1	776.35	  0.00
712	22	18	m	 1	 1	11	 1	 1	 2	 2	 0	 1	 1	 1	 1	 2	 0	630.36	  0.00
713	22	18	m	 1	 1	11	 3	 2	 2	 2	 0	 1	 1	 1	 1	 1	 1	628.53	  0.00
714	22	18	m	 1	 1	11	 1	 1	 0	 1	 1	 1	 1	 1	 2	 2	 1	690.65	  0.00
715	22	18	m	 1	 1	11	 2	 2	 3	 2	 1	 1	 1	 1	 1	 1	 1	576.47	  0.00
716	22	18	m	 1	 1	11	 2	 2	 2	 2	 1	 1	 1	 1	 1	 1	 1	453.87	  0.00
717	22	18	m	 1	 1	11	 2	 2	 3	 2	 1	 1	 1	 1	 1	 1	 1	428.15	  0.00
718	22	18	m	 1	 1	11	 2	 2	 2	 2	 0	 1	 1	 1	 1	 1	 1	642.65	  0.00
719	22	18	m	 1	 1	11	 0	 1	 3	 2	 0	 1	 1	 1	 1	 1	 1	520.69	  0.00
720	22	18	m	 1	 1	11	 0	 1	 3	 2	 1	 1	 1	 1	 2	 2	 1	518.96	  0.00
721	22	18	m	 1	 1	11	 1	 1	 1	 1	 0	 1	 1	 1	 2	 2	 1	525.17	  0.00
722	22	18	m	 1	 1	11	 2	 2	 2	 2	 0	 1	 1	 1	 1	 1	 1	507.48	  0.00
723	22	18	m	 1	 1	11	 3	 2	 1	 1	 0	 1	 1	 1	 2	 2	 1	457.80	  0.00
724	22	18	m	 1	 1	11	 1	 1	 0	 1	 1	 1	 1	 1	 2	 2	 1	487.90	  0.00
725	22	18	m	 1	 1	11	 1	 1	 1	 1	 1	 1	 1	 1	 2	 2	 1	461.50	  0.00
726	22	18	m	 1	 1	11	 3	 2	 0	 1	 0	 1	 1	 1	 2	 2	 1	635.74	  0.00
727	22	18	m	 1	 1	11	 2	 2	 2	 2	 1	 1	 1	 1	 1	 1	 1	473.89	  0.00
728	22	18	m	 1	 1	11	 0	 1	 1	 1	 0	 1	 1	 1	 2	 1	 0	496.18	  0.00
729	22	18	m	 1	 1	11	 3	 2	 2	 2	 1	 1	 1	 1	 1	 2	 0	486.57	  0.00
730	22	18	m	 1	 1	11	 1	 1	 2	 2	 1	 1	 1	 1	 2	 2	 1	484.85	  0.00
731	22	18	m	 1	 1	11	 2	 2	 3	 2	 0	 1	 1	 1	 1	 1	 1	547.21	  0.00
732	22	18	m	 1	 1	11	 0	 1	 2	 2	 0	 1	 1	 1	 1	 1	 1	673.38	  0.00
733	22	18	m	 1	 1	11	 3	 2	 0	 1	 1	 1	 1	 1	 1	 1	 1	638.61	  0.00
734	22	18	m	 1	 1	11	 0	 1	 2	 2	 1	 1	 1	 1	 2	 2	 1	477.45	  0.00
735	22	18	m	 1	 1	11	 0	 1	 3	 2	 1	 1	 1	 1	 2	 2	 1	602.92	  0.00
736	22	18	m	 1	 1	11	 3	 2	 1	 1	 1	 1	 1	 1	 1	 1	 1	416.93	  0.00
737	22	18	m	 1	 1	11	 0	 1	 0	 1	 1	 1	 1	 1	 2	 2	 1	687.48	  0.00
738	22	18	m	 1	 1	11	 3	 2	 3	 2	 1	 1	 1	 1	 1	 1	 1	540.83	  0.00
739	22	18	m	 1	 1	11	 1	 1	 2	 2	 0	 1	 1	 1	 1	 1	 1	515.69	  0.00
740	22	18	m	 1	 1	11	 3	 2	 3	 2	 0	 1	 1	 1	 1	 1	 1	498.11	  0.00
741	22	18	m	 1	 1	11	 1	 1	 3	 2	 1	 1	 1	 1	 2	 2	 1	584.35	  0.00
742	22	18	m	 1	 1	11	 3	 2	 3	 2	 0	 1	 1	 1	 1	 1	 1	413.56	  0.00
743	22	18	m	 1	 1	11	 1	 1	 2	 2	 1	 1	 1	 1	 2	 2	 1	835.78	  0.00
744	22	18	m	 1	 1	11	 3	 2	 1	 1	 0	 1	 1	 1	 2	 2	 1	657.61	  0.00
745	22	18	m	 1	 1	11	 3	 2	 2	 2	 0	 1	 1	 1	 1	 1	 1	687.74	  0.00
746	22	18	m	 1	 1	11	 1	 1	 3	 2	 0	 1	 1	 1	 1	 1	 1	605.76	  0.00
747	22	18	m	 1	 1	11	 3	 2	 0	 1	 1	 1	 1	 1	 1	 1	 1	923.93	  0.00
748	22	18	m	 1	 1	11	 0	 1	 3	 2	 0	 1	 1	 1	 1	 1	 1	633.63	  0.00
749	22	18	m	 1	 1	11	 1	 1	 1	 1	 0	 1	 1	 1	 2	 1	 0	367.68	  0.00
750	22	18	m	 1	 1	11	 3	 2	 1	 1	 1	 1	 1	 1	 1	 1	 1	478.06	  0.00
751	22	18	m	 1	 1	11	 0	 1	 0	 1	 1	 1	 1	 1	 2	 2	 1	491.65	  0.00
752	22	18	m	 1	 1	11	 1	 1	 0	 1	 0	 1	 1	 1	 2	 2	 1	441.95	  0.00
753	22	18	m	 1	 1	11	 0	 1	 1	 1	 1	 1	 1	 1	 2	 2	 1	504.37	  0.00
754	22	18	m	 1	 1	11	 2	 2	 1	 1	 1	 1	 1	 1	 1	 1	 1	606.60	  0.00
755	22	18	m	 1	 1	11	 3	 2	 3	 2	 1	 1	 1	 1	 1	 1	 1	508.63	  0.00
756	22	18	m	 1	 1	11	 2	 2	 0	 1	 0	 1	 1	 1	 2	 2	 1	627.02	  0.00
757	22	18	m	 1	 1	11	 0	 1	 1	 1	 1	 1	 1	 1	 2	 2	 1	497.24	  0.00
758	22	18	m	 1	 1	11	 2	 2	 1	 1	 1	 1	 1	 1	 1	 1	 1	487.46	  0.00
759	22	18	m	 1	 1	11	 2	 2	 3	 2	 0	 1	 1	 1	 1	 1	 1	525.66	  0.00
760	22	18	m	 1	 1	11	 0	 1	 0	 1	 0	 1	 1	 1	 2	 2	 1	571.04	  0.00
761	22	18	m	 1	 1	11	 1	 1	 1	 1	 1	 1	 1	 1	 2	 2	 1	601.06	  0.00
762	22	18	m	 1	 1	11	 2	 2	 0	 1	 1	 1	 1	 1	 1	 1	 1	423.49	  0.00
763	22	18	m	 1	 1	11	 2	 2	 1	 1	 0	 1	 1	 1	 2	 2	 1	573.71	  0.00
764	22	18	m	 1	 1	11	 2	 2	 1	 1	 0	 1	 1	 1	 2	 2	 1	595.95	  0.00
765	22	18	m	 1	 1	11	 1	 1	 3	 2	 1	 1	 1	 1	 2	 2	 1	537.99	  0.00
766	22	18	m	 1	 1	11	 0	 1	 2	 2	 1	 1	 1	 1	 2	 2	 1	496.42	  0.00
767	22	18	m	 1	 1	11	 2	 2	 0	 1	 1	 1	 1	 1	 1	 1	 1	406.67	  0.00
768	22	18	m	 1	 1	12	 2	 2	 1	 1	 0	 1	 1	 1	 2	 2	 1	492.23	  0.00
769	22	18	m	 1	 1	12	 1	 1	 3	 2	 0	 1	 1	 1	 1	 1	 1	506.39	  0.00
770	22	18	m	 1	 1	12	 0	 1	 0	 1	 1	 1	 1	 1	 2	 2	 1	519.49	  0.00
771	22	18	m	 1	 1	12	 2	 2	 2	 2	 1	 1	 1	 1	 1	 1	 1	486.78	  0.00
772	22	18	m	 1	 1	12	 0	 1	 2	 2	 0	 1	 1	 1	 1	 1	 1	445.30	  0.00
773	22	18	m	 1	 1	12	 2	 2	 0	 1	 1	 1	 1	 1	 1	 1	 1	611.76	  0.00
774	22	18	m	 1	 1	12	 0	 1	 1	 1	 1	 1	 1	 1	 2	 1	 0	409.95	  0.00
775	22	18	m	 1	 1	12	 2	 2	 3	 2	 1	 1	 1	 1	 1	 1	 1	528.39	  0.00
776	22	18	m	 1	 1	12	 1	 1	 3	 2	 1	 1	 1	 1	 2	 2	 1	478.69	  0.00
777	22	18	m	 1	 1	12	 2	 2	 3	 2	 0	 1	 1	 1	 1	 1	 1	756.96	  0.00
778	22	18	m	 1	 1	12	 2	 2	 3	 2	 1	 1	 1	 1	 1	 1	 1	433.93	  0.00
779	22	18	m	 1	 1	12	 1	 1	 2	 2	 1	 1	 1	 1	 2	 2	 1	383.41	  0.00
780	22	18	m	 1	 1	12	 3	 2	 1	 1	 0	 1	 1	 1	 2	 2	 1	630.71	  0.00
781	22	18	m	 1	 1	12	 1	 1	 2	 2	 0	 1	 1	 1	 1	 1	 1	500.81	  0.00
782	22	18	m	 1	 1	12	 0	 1	 3	 2	 0	 1	 1	 1	 1	 1	 1	531.11	  0.00
783	22	18	m	 1	 1	12	 0	 1	 2	 2	 1	 1	 1	 1	 2	 2	 1	441.44	  0.00
784	22	18	m	 1	 1	12	 0	 1	 3	 2	 1	 1	 1	 1	 2	 2	 1	455.84	  0.00
785	22	18	m	 1	 1	12	 2	 2	 1	 1	 1	 1	 1	 1	 1	 1	 1	493.95	  0.00
786	22	18	m	 1	 1	12	 2	 2	 0	 1	 0	 1	 1	 1	 2	 2	 1	547.48	  0.00
787	22	18	m	 1	 1	12	 0	 1	 0	 1	 1	 1	 1	 1	 2	 2	 1	769.69	  0.00
788	22	18	m	 1	 1	12	 3	 2	 2	 2	 1	 1	 1	 1	 1	 1	 1	375.58	  0.00
789	22	18	m	 1	 1	12	 0	 1	 0	 1	 0	 1	 1	 1	 2	 1	 0	445.96	  0.00
790	22	18	m	 1	 1	12	 0	 1	 3	 2	 1	 1	 1	 1	 2	 2	 1	468.47	  0.00
791	22	18	m	 1	 1	12	 2	 2	 1	 1	 0	 1	 1	 1	 2	 2	 1	490.78	  0.00
792	22	18	m	 1	 1	12	 1	 1	 1	 1	 0	 1	 1	 1	 2	 2	 1	425.11	  0.00
793	22	18	m	 1	 1	12	 1	 1	 0	 1	 0	 1	 1	 1	 2	 2	 1	415.51	  0.00
794	22	18	m	 1	 1	12	 2	 2	 2	 2	 1	 1	 1	 1	 1	 1	 1	525.93	  0.00
795	22	18	m	 1	 1	12	 1	 1	 1	 1	 0	 1	 1	 1	 2	 1	 0	420.32	  0.00
796	22	18	m	 1	 1	12	 3	 2	 2	 2	 0	 1	 1	 1	 1	 1	 1	457.67	  0.00
797	22	18	m	 1	 1	12	 1	 1	 3	 2	 1	 1	 1	 1	 2	 2	 1	439.91	  0.00
798	22	18	m	 1	 1	12	 3	 2	 0	 1	 0	 1	 1	 1	 2	 1	 0	374.25	  0.00
799	22	18	m	 1	 1	12	 3	 2	 3	 2	 1	 1	 1	 1	 1	 1	 1	492.59	  0.00
800	22	18	m	 1	 1	12	 2	 2	 3	 2	 0	 1	 1	 1	 1	 1	 1	459.05	  0.00
801	22	18	m	 1	 1	12	 1	 1	 1	 1	 1	 1	 1	 1	 2	 2	 1	545.41	  0.00
802	22	18	m	 1	 1	12	 3	 2	 3	 2	 0	 1	 1	 1	 1	 1	 1	607.62	  0.00
803	22	18	m	 1	 1	12	 3	 2	 2	 2	 1	 1	 1	 1	 1	 1	 1	541.67	  0.00
804	22	18	m	 1	 1	12	 3	 2	 0	 1	 0	 1	 1	 1	 2	 1	 0	444.00	  0.00
805	22	18	m	 1	 1	12	 1	 1	 2	 2	 1	 1	 1	 1	 2	 1	 0	433.61	  0.00
806	22	18	m	 1	 1	12	 1	 1	 1	 1	 1	 1	 1	 1	 2	 1	 0	399.86	  0.00
807	22	18	m	 1	 1	12	 2	 2	 2	 2	 0	 1	 1	 1	 1	 1	 1	574.26	  0.00
808	22	18	m	 1	 1	12	 3	 2	 1	 1	 0	 1	 1	 1	 2	 2	 1	596.46	  0.00
809	22	18	m	 1	 1	12	 1	 1	 2	 2	 0	 1	 1	 1	 1	 1	 1	362.61	  0.00
810	22	18	m	 1	 1	12	 2	 2	 0	 1	 0	 1	 1	 1	 2	 1	 0	457.17	  0.00
811	22	18	m	 1	 1	12	 3	 2	 2	 2	 0	 1	 1	 1	 1	 1	 1	463.49	  0.00
812	22	18	m	 1	 1	12	 0	 1	 1	 1	 0	 1	 1	 1	 2	 2	 1	1125.86	  0.00
813	22	18	m	 1	 1	12	 3	 2	 0	 1	 1	 1	 1	 1	 1	 1	 1	579.02	  0.00
814	22	18	m	 1	 1	12	 0	 1	 1	 1	 1	 1	 1	 1	 2	 2	 1	513.47	  0.00
815	22	18	m	 1	 1	12	 2	 2	 1	 1	 1	 1	 1	 1	 1	 1	 1	430.75	  0.00
816	22	18	m	 1	 1	12	 1	 1	 0	 1	 1	 1	 1	 1	 2	 2	 1	541.13	  0.00
817	22	18	m	 1	 1	12	 3	 2	 3	 2	 0	 1	 1	 1	 1	 1	 1	627.39	  0.00
818	22	18	m	 1	 1	12	 3	 2	 1	 1	 1	 1	 1	 1	 1	 2	 0	697.01	  0.00
819	22	18	m	 1	 1	12	 0	 1	 1	 1	 0	 1	 1	 1	 2	 2	 1	735.38	  0.00
820	22	18	m	 1	 1	12	 0	 1	 2	 2	 0	 1	 1	 1	 1	 1	 1	565.31	  0.00
821	22	18	m	 1	 1	12	 3	 2	 0	 1	 1	 1	 1	 1	 1	 1	 1	515.56	  0.00
822	22	18	m	 1	 1	12	 1	 1	 3	 2	 0	 1	 1	 1	 1	 1	 1	752.92	  0.00
823	22	18	m	 1	 1	12	 3	 2	 3	 2	 1	 1	 1	 1	 1	 1	 1	478.80	  0.00
824	22	18	m	 1	 1	12	 0	 1	 3	 2	 0	 1	 1	 1	 1	 1	 1	541.03	  0.00
825	22	18	m	 1	 1	12	 0	 1	 2	 2	 1	 1	 1	 1	 2	 2	 1	587.40	  0.00
826	22	18	m	 1	 1	12	 1	 1	 0	 1	 1	 1	 1	 1	 2	 2	 1	473.51	  0.00
827	22	18	m	 1	 1	12	 3	 2	 1	 1	 1	 1	 1	 1	 1	 1	 1	447.85	  0.00
828	22	18	m	 1	 1	12	 0	 1	 0	 1	 0	 1	 1	 1	 2	 2	 1	598.38	  0.00
829	22	18	m	 1	 1	12	 2	 2	 2	 2	 0	 1	 1	 1	 1	 1	 1	524.38	  0.00
830	22	18	m	 1	 1	12	 1	 1	 0	 1	 0	 1	 1	 1	 2	 2	 1	450.61	  0.00
831	22	18	m	 1	 1	12	 2	 2	 0	 1	 1	 1	 1	 1	 1	 1	 1	672.22	  0.00
832	22	18	m	 1	 1	13	 3	 2	 0	 1	 0	 1	 1	 1	 2	 2	 1	534.07	  0.00
833	22	18	m	 1	 1	13	 0	 1	 1	 1	 0	 1	 1	 1	 2	 2	 1	524.34	  0.00
834	22	18	m	 1	 1	13	 2	 2	 2	 2	 0	 1	 1	 1	 1	 2	 0	410.63	  0.00
835	22	18	m	 1	 1	13	 3	 2	 3	 2	 1	 1	 1	 1	 1	 1	 1	448.91	  0.00
836	22	18	m	 1	 1	13	 3	 2	 2	 2	 0	 1	 1	 1	 1	 1	 1	527.50	  0.00
837	22	18	m	 1	 1	13	 3	 2	 3	 2	 1	 1	 1	 1	 1	 1	 1	533.78	  0.00
838	22	18	m	 1	 1	13	 3	 2	 1	 1	 1	 1	 1	 1	 1	 1	 1	452.02	  0.00
839	22	18	m	 1	 1	13	 2	 2	 2	 2	 1	 1	 1	 1	 1	 1	 1	425.63	  0.00
840	22	18	m	 1	 1	13	 1	 1	 0	 1	 1	 1	 1	 1	 2	 2	 1	520.73	  0.00
841	22	18	m	 1	 1	13	 0	 1	 1	 1	 1	 1	 1	 1	 2	 2	 1	422.01	  0.00
842	22	18	m	 1	 1	13	 3	 2	 0	 1	 1	 1	 1	 1	 1	 1	 1	460.50	  0.00
843	22	18	m	 1	 1	13	 2	 2	 0	 1	 0	 1	 1	 1	 2	 2	 1	418.77	  0.00
844	22	18	m	 1	 1	13	 1	 1	 1	 1	 0	 1	 1	 1	 2	 2	 1	473.19	  0.00
845	22	18	m	 1	 1	13	 3	 2	 2	 2	 1	 1	 1	 1	 1	 1	 1	567.56	  0.00
846	22	18	m	 1	 1	13	 0	 1	 1	 1	 0	 1	 1	 1	 2	 2	 1	597.71	  0.00
847	22	18	m	 1	 1	13	 1	 1	 2	 2	 1	 1	 1	 1	 2	 2	 1	499.94	  0.00
848	22	18	m	 1	 1	13	 1	 1	 1	 1	 1	 1	 1	 1	 2	 2	 1	546.23	  0.00
849	22	18	m	 1	 1	13	 0	 1	 3	 2	 1	 1	 1	 1	 2	 2	 1	448.12	  0.00
850	22	18	m	 1	 1	13	 2	 2	 1	 1	 0	 1	 1	 1	 2	 1	 0	429.85	  0.00
851	22	18	m	 1	 1	13	 3	 2	 3	 2	 0	 1	 1	 1	 1	 1	 1	532.14	  0.00
852	22	18	m	 1	 1	13	 2	 2	 1	 1	 1	 1	 1	 1	 1	 2	 0	466.43	  0.00
853	22	18	m	 1	 1	13	 3	 2	 0	 1	 1	 1	 1	 1	 1	 1	 1	440.77	  0.00
854	22	18	m	 1	 1	13	 0	 1	 3	 2	 0	 1	 1	 1	 1	 1	 1	599.19	  0.00
855	22	18	m	 1	 1	13	 1	 1	 1	 1	 0	 1	 1	 1	 2	 2	 1	517.32	  0.00
856	22	18	m	 1	 1	13	 1	 1	 2	 2	 0	 1	 1	 1	 1	 1	 1	571.66	  0.00
857	22	18	m	 1	 1	13	 2	 2	 0	 1	 1	 1	 1	 1	 1	 2	 0	481.85	  0.00
858	22	18	m	 1	 1	13	 3	 2	 1	 1	 0	 1	 1	 1	 2	 2	 1	576.23	  0.00
859	22	18	m	 1	 1	13	 2	 2	 2	 2	 1	 1	 1	 1	 1	 1	 1	469.44	  0.00
860	22	18	m	 1	 1	13	 2	 2	 0	 1	 0	 1	 1	 1	 2	 2	 1	691.76	  0.00
861	22	18	m	 1	 1	13	 2	 2	 3	 2	 0	 1	 1	 1	 1	 1	 1	465.89	  0.00
862	22	18	m	 1	 1	13	 3	 2	 3	 2	 0	 1	 1	 1	 1	 1	 1	448.12	  0.00
863	22	18	m	 1	 1	13	 0	 1	 3	 2	 1	 1	 1	 1	 2	 2	 1	606.51	  0.00
864	22	18	m	 1	 1	13	 2	 2	 3	 2	 1	 1	 1	 1	 1	 1	 1	468.65	  0.00
865	22	18	m	 1	 1	13	 0	 1	 2	 2	 1	 1	 1	 1	 2	 2	 1	483.09	  0.00
866	22	18	m	 1	 1	13	 2	 2	 3	 2	 0	 1	 1	 1	 1	 1	 1	417.32	  0.00
867	22	18	m	 1	 1	13	 1	 1	 3	 2	 1	 1	 1	 1	 2	 2	 1	486.83	  0.00
868	22	18	m	 1	 1	13	 1	 1	 3	 2	 0	 1	 1	 1	 1	 1	 1	389.06	  0.00
869	22	18	m	 1	 1	13	 2	 2	 1	 1	 1	 1	 1	 1	 1	 2	 0	411.32	  0.00
870	22	18	m	 1	 1	13	 3	 2	 1	 1	 0	 1	 1	 1	 2	 1	 0	418.00	  0.00
871	22	18	m	 1	 1	13	 0	 1	 0	 1	 1	 1	 1	 1	 2	 2	 1	632.48	  0.00
872	22	18	m	 1	 1	13	 1	 1	 0	 1	 0	 1	 1	 1	 2	 2	 1	614.57	  0.00
873	22	18	m	 1	 1	13	 0	 1	 2	 2	 1	 1	 1	 1	 2	 2	 1	524.62	  0.00
874	22	18	m	 1	 1	13	 3	 2	 1	 1	 1	 1	 1	 1	 1	 1	 1	466.86	  0.00
875	22	18	m	 1	 1	13	 2	 2	 1	 1	 0	 1	 1	 1	 2	 2	 1	593.17	  0.00
876	22	18	m	 1	 1	13	 2	 2	 0	 1	 1	 1	 1	 1	 1	 1	 1	454.53	  0.00
877	22	18	m	 1	 1	13	 0	 1	 0	 1	 0	 1	 1	 1	 2	 2	 1	660.73	  0.00
878	22	18	m	 1	 1	13	 0	 1	 2	 2	 0	 1	 1	 1	 1	 1	 1	394.71	  0.00
879	22	18	m	 1	 1	13	 0	 1	 3	 2	 0	 1	 1	 1	 1	 1	 1	465.22	  0.00
880	22	18	m	 1	 1	13	 1	 1	 3	 2	 1	 1	 1	 1	 2	 2	 1	623.45	  0.00
881	22	18	m	 1	 1	13	 1	 1	 1	 1	 1	 1	 1	 1	 2	 2	 1	445.31	  0.00
882	22	18	m	 1	 1	13	 1	 1	 0	 1	 1	 1	 1	 1	 2	 2	 1	444.05	  0.00
883	22	18	m	 1	 1	13	 0	 1	 0	 1	 1	 1	 1	 1	 2	 2	 1	402.50	  0.00
884	22	18	m	 1	 1	13	 3	 2	 0	 1	 0	 1	 1	 1	 2	 1	 0	472.91	  0.00
885	22	18	m	 1	 1	13	 3	 2	 2	 2	 0	 1	 1	 1	 1	 1	 1	494.37	  0.00
886	22	18	m	 1	 1	13	 1	 1	 0	 1	 0	 1	 1	 1	 2	 2	 1	564.62	  0.00
887	22	18	m	 1	 1	13	 2	 2	 3	 2	 1	 1	 1	 1	 1	 1	 1	562.59	  0.00
888	22	18	m	 1	 1	13	 0	 1	 0	 1	 0	 1	 1	 1	 2	 2	 1	496.96	  0.00
889	22	18	m	 1	 1	13	 3	 2	 2	 2	 1	 1	 1	 1	 1	 1	 1	471.23	  0.00
890	22	18	m	 1	 1	13	 0	 1	 1	 1	 1	 1	 1	 1	 2	 2	 1	565.63	  0.00
891	22	18	m	 1	 1	13	 2	 2	 2	 2	 0	 1	 1	 1	 1	 1	 1	547.81	  0.00
892	22	18	m	 1	 1	13	 1	 1	 2	 2	 1	 1	 1	 1	 2	 2	 1	482.07	  0.00
893	22	18	m	 1	 1	13	 1	 1	 3	 2	 0	 1	 1	 1	 1	 1	 1	488.36	  0.00
894	22	18	m	 1	 1	13	 1	 1	 2	 2	 0	 1	 1	 1	 1	 1	 1	525.88	  0.00
895	22	18	m	 1	 1	13	 0	 1	 2	 2	 0	 1	 1	 1	 1	 1	 1	355.96	  0.00
