00	11	18	v	 0	 2	 0	 2	 2	 2	 2	 1	 0	 1	 1	 2	 1	 0	1287.48	  0.00
01	11	18	v	 0	 2	 0	 2	 2	 2	 2	 0	 0	 1	 1	 2	 2	 1	489.53	  0.00
02	11	18	v	 0	 2	 0	 2	 2	 1	 1	 0	 0	 1	 1	 2	 2	 1	442.67	  0.00
03	11	18	v	 0	 2	 0	 1	 1	 3	 2	 1	 0	 1	 1	 1	 1	 1	500.95	  0.00
04	11	18	v	 0	 2	 0	 3	 2	 2	 2	 1	 0	 1	 1	 2	 2	 1	466.68	  0.00
05	11	18	v	 0	 2	 0	 0	 1	 3	 2	 0	 0	 1	 1	 1	 1	 1	587.20	  0.00
06	11	18	v	 0	 2	 0	 3	 2	 2	 2	 0	 0	 1	 1	 2	 2	 1	432.93	  0.00
07	11	18	v	 0	 2	 0	 2	 2	 2	 2	 0	 0	 1	 1	 2	 2	 1	534.82	  0.00
08	11	18	v	 0	 2	 0	 1	 1	 3	 2	 1	 0	 1	 1	 1	 1	 1	441.96	  0.00
09	11	18	v	 0	 2	 0	 0	 1	 0	 1	 0	 0	 1	 1	 1	 1	 1	458.43	  0.00
10	11	18	v	 0	 2	 0	 0	 1	 1	 1	 0	 0	 1	 1	 1	 2	 0	421.54	  0.00
11	11	18	v	 0	 2	 0	 1	 1	 2	 2	 1	 0	 1	 1	 1	 1	 1	445.33	  0.00
12	11	18	v	 0	 2	 0	 2	 2	 1	 1	 1	 0	 1	 1	 2	 1	 0	403.25	  0.00
13	11	18	v	 0	 2	 0	 3	 2	 0	 1	 0	 0	 1	 1	 2	 2	 1	513.08	  0.00
14	11	18	v	 0	 2	 0	 0	 1	 3	 2	 1	 0	 1	 1	 1	 1	 1	534.64	  0.00
15	11	18	v	 0	 2	 0	 1	 1	 1	 1	 0	 0	 1	 1	 1	 1	 1	700.67	  0.00
16	11	18	v	 0	 2	 0	 3	 2	 1	 1	 0	 0	 1	 1	 2	 2	 1	386.05	  0.00
17	11	18	v	 0	 2	 0	 3	 2	 0	 1	 1	 0	 1	 1	 2	 2	 1	631.38	  0.00
18	11	18	v	 0	 2	 0	 2	 2	 3	 2	 0	 0	 1	 1	 2	 2	 1	436.83	  0.00
19	11	18	v	 0	 2	 0	 2	 2	 0	 1	 0	 0	 1	 1	 2	 2	 1	386.66	  0.00
20	11	18	v	 0	 2	 0	 1	 1	 2	 2	 0	 0	 1	 1	 1	 1	 1	464.54	  0.00
21	11	18	v	 0	 2	 0	 3	 2	 3	 2	 1	 0	 1	 1	 2	 2	 1	405.84	  0.00
22	11	18	v	 0	 2	 0	 2	 2	 0	 1	 0	 0	 1	 1	 2	 2	 1	419.98	  0.00
23	11	18	v	 0	 2	 0	 1	 1	 3	 2	 0	 0	 1	 1	 1	 1	 1	458.33	  0.00
24	11	18	v	 0	 2	 0	 0	 1	 0	 1	 1	 0	 1	 1	 1	 1	 1	527.48	  0.00
25	11	18	v	 0	 2	 0	 3	 2	 2	 2	 0	 0	 1	 1	 2	 2	 1	485.87	  0.00
26	11	18	v	 0	 2	 0	 0	 1	 2	 2	 0	 0	 1	 1	 1	 1	 1	506.75	  0.00
27	11	18	v	 0	 2	 0	 3	 2	 3	 2	 0	 0	 1	 1	 2	 2	 1	440.60	  0.00
28	11	18	v	 0	 2	 0	 0	 1	 0	 1	 1	 0	 1	 1	 1	 1	 1	486.48	  0.00
29	11	18	v	 0	 2	 0	 3	 2	 0	 1	 0	 0	 1	 1	 2	 2	 1	484.36	  0.00
30	11	18	v	 0	 2	 0	 0	 1	 2	 2	 1	 0	 1	 1	 1	 1	 1	505.84	  0.00
31	11	18	v	 0	 2	 0	 3	 2	 3	 2	 0	 0	 1	 1	 2	 2	 1	527.12	  0.00
32	11	18	v	 0	 2	 0	 1	 1	 0	 1	 1	 0	 1	 1	 1	 1	 1	428.72	  0.00
33	11	18	v	 0	 2	 0	 1	 1	 0	 1	 0	 0	 1	 1	 1	 1	 1	530.64	  0.00
34	11	18	v	 0	 2	 0	 3	 2	 1	 1	 1	 0	 1	 1	 2	 2	 1	640.36	  0.00
35	11	18	v	 0	 2	 0	 1	 1	 2	 2	 0	 0	 1	 1	 1	 1	 1	285.78	  0.00
36	11	18	v	 0	 2	 0	 1	 1	 1	 1	 0	 0	 1	 1	 1	 1	 1	564.06	  0.00
37	11	18	v	 0	 2	 0	 0	 1	 2	 2	 0	 0	 1	 1	 1	 1	 1	537.79	  0.00
38	11	18	v	 0	 2	 0	 1	 1	 1	 1	 1	 0	 1	 1	 1	 1	 1	375.53	  0.00
39	11	18	v	 0	 2	 0	 2	 2	 3	 2	 1	 0	 1	 1	 2	 2	 1	372.62	  0.00
40	11	18	v	 0	 2	 0	 0	 1	 2	 2	 1	 0	 1	 1	 1	 1	 1	426.48	  0.00
41	11	18	v	 0	 2	 0	 3	 2	 2	 2	 1	 0	 1	 1	 2	 2	 1	416.21	  0.00
42	11	18	v	 0	 2	 0	 3	 2	 1	 1	 1	 0	 1	 1	 2	 2	 1	414.12	  0.00
43	11	18	v	 0	 2	 0	 3	 2	 1	 1	 0	 0	 1	 1	 2	 2	 1	532.09	  0.00
44	11	18	v	 0	 2	 0	 0	 1	 1	 1	 0	 0	 1	 1	 1	 1	 1	505.92	  0.00
45	11	18	v	 0	 2	 0	 2	 2	 0	 1	 1	 0	 1	 1	 2	 2	 1	487.86	  0.00
46	11	18	v	 0	 2	 0	 2	 2	 1	 1	 1	 0	 1	 1	 2	 2	 1	524.51	  0.00
47	11	18	v	 0	 2	 0	 1	 1	 2	 2	 1	 0	 1	 1	 1	 1	 1	457.79	  0.00
48	11	18	v	 0	 2	 0	 2	 2	 3	 2	 0	 0	 1	 1	 2	 2	 1	464.32	  0.00
49	11	18	v	 0	 2	 0	 1	 1	 1	 1	 1	 0	 1	 1	 1	 1	 1	422.17	  0.00
50	11	18	v	 0	 2	 0	 0	 1	 1	 1	 1	 0	 1	 1	 1	 1	 1	532.06	  0.00
51	11	18	v	 0	 2	 0	 0	 1	 3	 2	 1	 0	 1	 1	 1	 2	 0	425.71	  0.00
52	11	18	v	 0	 2	 0	 1	 1	 0	 1	 1	 0	 1	 1	 1	 1	 1	527.80	  0.00
53	11	18	v	 0	 2	 0	 0	 1	 1	 1	 1	 0	 1	 1	 1	 1	 1	437.58	  0.00
54	11	18	v	 0	 2	 0	 2	 2	 2	 2	 1	 0	 1	 1	 2	 2	 1	458.42	  0.00
55	11	18	v	 0	 2	 0	 3	 2	 3	 2	 1	 0	 1	 1	 2	 2	 1	408.35	  0.00
56	11	18	v	 0	 2	 0	 2	 2	 3	 2	 1	 0	 1	 1	 2	 2	 1	390.27	  0.00
57	11	18	v	 0	 2	 0	 2	 2	 1	 1	 0	 0	 1	 1	 2	 2	 1	420.14	  0.00
58	11	18	v	 0	 2	 0	 2	 2	 0	 1	 1	 0	 1	 1	 2	 2	 1	370.09	  0.00
59	11	18	v	 0	 2	 0	 0	 1	 3	 2	 0	 0	 1	 1	 1	 1	 1	639.95	  0.00
60	11	18	v	 0	 2	 0	 0	 1	 0	 1	 0	 0	 1	 1	 1	 1	 1	468.71	  0.00
61	11	18	v	 0	 2	 0	 1	 1	 0	 1	 0	 0	 1	 1	 1	 1	 1	410.45	  0.00
62	11	18	v	 0	 2	 0	 1	 1	 3	 2	 0	 0	 1	 1	 1	 1	 1	464.45	  0.00
63	11	18	v	 0	 2	 0	 3	 2	 0	 1	 1	 0	 1	 1	 2	 1	 0	342.30	  0.00
64	11	18	v	 0	 2	 1	 2	 2	 3	 2	 0	 0	 1	 1	 2	 2	 1	442.75	  0.00
65	11	18	v	 0	 2	 1	 1	 1	 0	 1	 0	 0	 1	 1	 1	 1	 1	489.30	  0.00
66	11	18	v	 0	 2	 1	 1	 1	 1	 1	 0	 0	 1	 1	 1	 1	 1	455.57	  0.00
67	11	18	v	 0	 2	 1	 1	 1	 0	 1	 1	 0	 1	 1	 1	 1	 1	397.90	  0.00
68	11	18	v	 0	 2	 1	 1	 1	 1	 1	 0	 0	 1	 1	 1	 1	 1	467.47	  0.00
69	11	18	v	 0	 2	 1	 2	 2	 0	 1	 1	 0	 1	 1	 2	 2	 1	409.62	  0.00
70	11	18	v	 0	 2	 1	 0	 1	 1	 1	 0	 0	 1	 1	 1	 1	 1	536.17	  0.00
71	11	18	v	 0	 2	 1	 3	 2	 1	 1	 1	 0	 1	 1	 2	 2	 1	486.39	  0.00
72	11	18	v	 0	 2	 1	 0	 1	 1	 1	 1	 0	 1	 1	 1	 1	 1	460.68	  0.00
73	11	18	v	 0	 2	 1	 2	 2	 0	 1	 1	 0	 1	 1	 2	 2	 1	451.05	  0.00
74	11	18	v	 0	 2	 1	 2	 2	 1	 1	 1	 0	 1	 1	 2	 2	 1	465.43	  0.00
75	11	18	v	 0	 2	 1	 0	 1	 3	 2	 1	 0	 1	 1	 1	 1	 1	335.80	  0.00
76	11	18	v	 0	 2	 1	 2	 2	 3	 2	 1	 0	 1	 1	 2	 2	 1	726.37	  0.00
77	11	18	v	 0	 2	 1	 2	 2	 1	 1	 1	 0	 1	 1	 2	 2	 1	443.46	  0.00
78	11	18	v	 0	 2	 1	 3	 2	 2	 2	 1	 0	 1	 1	 2	 2	 1	370.73	  0.00
79	11	18	v	 0	 2	 1	 3	 2	 2	 2	 0	 0	 1	 1	 2	 2	 1	368.24	  0.00
80	11	18	v	 0	 2	 1	 2	 2	 2	 2	 1	 0	 1	 1	 2	 2	 1	390.93	  0.00
81	11	18	v	 0	 2	 1	 2	 2	 1	 1	 0	 0	 1	 1	 2	 2	 1	397.21	  0.00
82	11	18	v	 0	 2	 1	 3	 2	 3	 2	 0	 0	 1	 1	 2	 2	 1	387.54	  0.00
83	11	18	v	 0	 2	 1	 1	 1	 3	 2	 0	 0	 1	 1	 1	 1	 1	434.09	  0.00
84	11	18	v	 0	 2	 1	 3	 2	 2	 2	 1	 0	 1	 1	 2	 2	 1	408.48	  0.00
85	11	18	v	 0	 2	 1	 1	 1	 2	 2	 0	 0	 1	 1	 1	 1	 1	566.94	  0.00
86	11	18	v	 0	 2	 1	 2	 2	 2	 2	 0	 0	 1	 1	 2	 2	 1	429.20	  0.00
87	11	18	v	 0	 2	 1	 1	 1	 2	 2	 1	 0	 1	 1	 1	 1	 1	395.58	  0.00
88	11	18	v	 0	 2	 1	 0	 1	 3	 2	 1	 0	 1	 1	 1	 1	 1	353.04	  0.00
89	11	18	v	 0	 2	 1	 1	 1	 3	 2	 1	 0	 1	 1	 1	 1	 1	359.58	  0.00
90	11	18	v	 0	 2	 1	 0	 1	 0	 1	 0	 0	 1	 1	 1	 2	 0	518.03	  0.00
91	11	18	v	 0	 2	 1	 1	 1	 1	 1	 1	 0	 1	 1	 1	 1	 1	644.33	  0.00
92	11	18	v	 0	 2	 1	 0	 1	 0	 1	 0	 0	 1	 1	 1	 1	 1	410.42	  0.00
93	11	18	v	 0	 2	 1	 0	 1	 2	 2	 0	 0	 1	 1	 1	 1	 1	416.84	  0.00
94	11	18	v	 0	 2	 1	 0	 1	 1	 1	 0	 0	 1	 1	 1	 1	 1	495.27	  0.00
95	11	18	v	 0	 2	 1	 1	 1	 2	 2	 1	 0	 1	 1	 1	 1	 1	573.58	  0.00
96	11	18	v	 0	 2	 1	 3	 2	 3	 2	 0	 0	 1	 1	 2	 2	 1	427.57	  0.00
97	11	18	v	 0	 2	 1	 3	 2	 3	 2	 1	 0	 1	 1	 2	 2	 1	481.18	  0.00
98	11	18	v	 0	 2	 1	 3	 2	 0	 1	 1	 0	 1	 1	 2	 2	 1	359.51	  0.00
99	11	18	v	 0	 2	 1	 0	 1	 2	 2	 0	 0	 1	 1	 1	 1	 1	525.98	  0.00
100	11	18	v	 0	 2	 1	 2	 2	 3	 2	 1	 0	 1	 1	 2	 2	 1	516.25	  0.00
101	11	18	v	 0	 2	 1	 3	 2	 0	 1	 0	 0	 1	 1	 2	 2	 1	450.55	  0.00
102	11	18	v	 0	 2	 1	 0	 1	 0	 1	 1	 0	 1	 1	 1	 1	 1	448.91	  0.00
103	11	18	v	 0	 2	 1	 3	 2	 1	 1	 0	 0	 1	 1	 2	 2	 1	503.23	  0.00
104	11	18	v	 0	 2	 1	 2	 2	 1	 1	 0	 0	 1	 1	 2	 2	 1	429.63	  0.00
105	11	18	v	 0	 2	 1	 3	 2	 0	 1	 0	 0	 1	 1	 2	 2	 1	483.83	  0.00
106	11	18	v	 0	 2	 1	 0	 1	 3	 2	 0	 0	 1	 1	 1	 1	 1	529.15	  0.00
107	11	18	v	 0	 2	 1	 3	 2	 1	 1	 0	 0	 1	 1	 2	 2	 1	495.58	  0.00
108	11	18	v	 0	 2	 1	 2	 2	 2	 2	 1	 0	 1	 1	 2	 2	 1	573.72	  0.00
109	11	18	v	 0	 2	 1	 1	 1	 2	 2	 0	 0	 1	 1	 1	 1	 1	484.12	  0.00
110	11	18	v	 0	 2	 1	 2	 2	 0	 1	 0	 0	 1	 1	 2	 2	 1	466.48	  0.00
111	11	18	v	 0	 2	 1	 0	 1	 1	 1	 1	 0	 1	 1	 1	 1	 1	536.66	  0.00
112	11	18	v	 0	 2	 1	 3	 2	 2	 2	 0	 0	 1	 1	 2	 2	 1	478.93	  0.00
113	11	18	v	 0	 2	 1	 0	 1	 2	 2	 1	 0	 1	 1	 1	 1	 1	493.34	  0.00
114	11	18	v	 0	 2	 1	 0	 1	 2	 2	 1	 0	 1	 1	 1	 1	 1	474.88	  0.00
115	11	18	v	 0	 2	 1	 3	 2	 0	 1	 1	 0	 1	 1	 2	 2	 1	481.05	  0.00
116	11	18	v	 0	 2	 1	 0	 1	 3	 2	 0	 0	 1	 1	 1	 2	 0	454.92	  0.00
117	11	18	v	 0	 2	 1	 1	 1	 3	 2	 0	 0	 1	 1	 1	 1	 1	541.64	  0.00
118	11	18	v	 0	 2	 1	 1	 1	 3	 2	 1	 0	 1	 1	 1	 1	 1	307.85	  0.00
119	11	18	v	 0	 2	 1	 3	 2	 1	 1	 1	 0	 1	 1	 2	 2	 1	434.27	  0.00
120	11	18	v	 0	 2	 1	 3	 2	 3	 2	 1	 0	 1	 1	 2	 2	 1	472.80	  0.00
121	11	18	v	 0	 2	 1	 2	 2	 0	 1	 0	 0	 1	 1	 2	 2	 1	470.90	  0.00
122	11	18	v	 0	 2	 1	 0	 1	 0	 1	 1	 0	 1	 1	 1	 1	 1	637.51	  0.00
123	11	18	v	 0	 2	 1	 1	 1	 0	 1	 1	 0	 1	 1	 1	 1	 1	514.93	  0.00
124	11	18	v	 0	 2	 1	 2	 2	 3	 2	 0	 0	 1	 1	 2	 2	 1	440.24	  0.00
125	11	18	v	 0	 2	 1	 1	 1	 0	 1	 0	 0	 1	 1	 1	 1	 1	464.25	  0.00
126	11	18	v	 0	 2	 1	 2	 2	 2	 2	 0	 0	 1	 1	 2	 2	 1	477.61	  0.00
127	11	18	v	 0	 2	 1	 1	 1	 1	 1	 1	 0	 1	 1	 1	 1	 1	531.81	  0.00
128	11	18	v	 0	 2	 2	 3	 2	 2	 2	 1	 0	 1	 1	 1	 1	 1	878.70	  0.00
129	11	18	v	 0	 2	 2	 2	 2	 1	 1	 0	 0	 1	 1	 2	 2	 1	659.77	  0.00
130	11	18	v	 0	 2	 2	 1	 1	 2	 2	 1	 0	 1	 1	 1	 1	 1	489.44	  0.00
131	11	18	v	 0	 2	 2	 1	 1	 3	 2	 0	 0	 1	 1	 1	 1	 1	943.33	  0.00
132	11	18	v	 0	 2	 2	 2	 2	 3	 2	 0	 0	 1	 1	 1	 1	 1	484.44	  0.00
133	11	18	v	 0	 2	 2	 1	 1	 2	 2	 1	 0	 1	 1	 1	 1	 1	554.26	  0.00
134	11	18	v	 0	 2	 2	 2	 2	 0	 1	 1	 0	 1	 1	 2	 2	 1	479.12	  0.00
135	11	18	v	 0	 2	 2	 0	 1	 0	 1	 0	 0	 1	 1	 2	 2	 1	516.78	  0.00
136	11	18	v	 0	 2	 2	 1	 1	 3	 2	 0	 0	 1	 1	 1	 1	 1	586.63	  0.00
137	11	18	v	 0	 2	 2	 1	 1	 0	 1	 0	 0	 1	 1	 2	 1	 0	552.15	  0.00
138	11	18	v	 0	 2	 2	 3	 2	 3	 2	 0	 0	 1	 1	 1	 1	 1	503.93	  0.00
139	11	18	v	 0	 2	 2	 2	 2	 0	 1	 1	 0	 1	 1	 2	 2	 1	491.67	  0.00
140	11	18	v	 0	 2	 2	 0	 1	 3	 2	 0	 0	 1	 1	 1	 1	 1	601.56	  0.00
141	11	18	v	 0	 2	 2	 0	 1	 1	 1	 1	 0	 1	 1	 2	 2	 1	646.22	  0.00
142	11	18	v	 0	 2	 2	 0	 1	 0	 1	 0	 0	 1	 1	 2	 2	 1	563.81	  0.00
143	11	18	v	 0	 2	 2	 0	 1	 0	 1	 1	 0	 1	 1	 2	 2	 1	513.47	  0.00
144	11	18	v	 0	 2	 2	 3	 2	 2	 2	 1	 0	 1	 1	 1	 1	 1	479.26	  0.00
145	11	18	v	 0	 2	 2	 3	 2	 0	 1	 0	 0	 1	 1	 2	 2	 1	517.05	  0.00
146	11	18	v	 0	 2	 2	 0	 1	 3	 2	 1	 0	 1	 1	 1	 1	 1	722.88	  0.00
147	11	18	v	 0	 2	 2	 3	 2	 1	 1	 0	 0	 1	 1	 2	 2	 1	799.55	  0.00
148	11	18	v	 0	 2	 2	 0	 1	 1	 1	 1	 0	 1	 1	 2	 2	 1	644.71	  0.00
149	11	18	v	 0	 2	 2	 1	 1	 1	 1	 1	 0	 1	 1	 2	 2	 1	442.24	  0.00
150	11	18	v	 0	 2	 2	 3	 2	 1	 1	 1	 0	 1	 1	 2	 2	 1	552.09	  0.00
151	11	18	v	 0	 2	 2	 1	 1	 1	 1	 0	 0	 1	 1	 2	 2	 1	533.81	  0.00
152	11	18	v	 0	 2	 2	 1	 1	 2	 2	 0	 0	 1	 1	 1	 1	 1	619.73	  0.00
153	11	18	v	 0	 2	 2	 2	 2	 2	 2	 0	 0	 1	 1	 1	 1	 1	457.19	  0.00
154	11	18	v	 0	 2	 2	 0	 1	 2	 2	 0	 0	 1	 1	 1	 1	 1	399.12	  0.00
155	11	18	v	 0	 2	 2	 0	 1	 1	 1	 0	 0	 1	 1	 2	 2	 1	604.05	  0.00
156	11	18	v	 0	 2	 2	 2	 2	 3	 2	 1	 0	 1	 1	 1	 1	 1	713.75	  0.00
157	11	18	v	 0	 2	 2	 3	 2	 3	 2	 1	 0	 1	 1	 1	 1	 1	519.22	  0.00
158	11	18	v	 0	 2	 2	 2	 2	 3	 2	 1	 0	 1	 1	 1	 1	 1	412.85	  0.00
159	11	18	v	 0	 2	 2	 0	 1	 3	 2	 0	 0	 1	 1	 1	 1	 1	442.84	  0.00
160	11	18	v	 0	 2	 2	 1	 1	 1	 1	 1	 0	 1	 1	 2	 2	 1	576.59	  0.00
161	11	18	v	 0	 2	 2	 3	 2	 2	 2	 0	 0	 1	 1	 1	 1	 1	494.52	  0.00
162	11	18	v	 0	 2	 2	 0	 1	 3	 2	 1	 0	 1	 1	 1	 1	 1	483.27	  0.00
163	11	18	v	 0	 2	 2	 3	 2	 1	 1	 1	 0	 1	 1	 2	 2	 1	585.14	  0.00
164	11	18	v	 0	 2	 2	 3	 2	 3	 2	 1	 0	 1	 1	 1	 1	 1	654.78	  0.00
165	11	18	v	 0	 2	 2	 2	 2	 0	 1	 0	 0	 1	 1	 2	 2	 1	676.40	  0.00
166	11	18	v	 0	 2	 2	 2	 2	 2	 2	 1	 0	 1	 1	 1	 1	 1	705.92	  0.00
167	11	18	v	 0	 2	 2	 0	 1	 2	 2	 0	 0	 1	 1	 1	 2	 0	743.51	  0.00
168	11	18	v	 0	 2	 2	 1	 1	 2	 2	 0	 0	 1	 1	 1	 1	 1	803.86	  0.00
169	11	18	v	 0	 2	 2	 2	 2	 3	 2	 0	 0	 1	 1	 1	 1	 1	601.35	  0.00
170	11	18	v	 0	 2	 2	 1	 1	 0	 1	 1	 0	 1	 1	 2	 2	 1	518.96	  0.00
171	11	18	v	 0	 2	 2	 2	 2	 2	 2	 0	 0	 1	 1	 1	 1	 1	572.52	  0.00
172	11	18	v	 0	 2	 2	 3	 2	 0	 1	 1	 0	 1	 1	 2	 2	 1	594.48	  0.00
173	11	18	v	 0	 2	 2	 0	 1	 2	 2	 1	 0	 1	 1	 1	 1	 1	584.08	  0.00
174	11	18	v	 0	 2	 2	 1	 1	 0	 1	 0	 0	 1	 1	 2	 2	 1	732.87	  0.00
175	11	18	v	 0	 2	 2	 3	 2	 0	 1	 0	 0	 1	 1	 2	 2	 1	562.29	  0.00
176	11	18	v	 0	 2	 2	 2	 2	 1	 1	 1	 0	 1	 1	 2	 2	 1	567.94	  0.00
177	11	18	v	 0	 2	 2	 2	 2	 2	 2	 1	 0	 1	 1	 1	 1	 1	485.78	  0.00
178	11	18	v	 0	 2	 2	 3	 2	 0	 1	 1	 0	 1	 1	 2	 2	 1	587.42	  0.00
179	11	18	v	 0	 2	 2	 1	 1	 0	 1	 1	 0	 1	 1	 2	 2	 1	641.06	  0.00
180	11	18	v	 0	 2	 2	 3	 2	 2	 2	 0	 0	 1	 1	 1	 1	 1	462.74	  0.00
181	11	18	v	 0	 2	 2	 0	 1	 2	 2	 1	 0	 1	 1	 1	 1	 1	564.62	  0.00
182	11	18	v	 0	 2	 2	 3	 2	 3	 2	 0	 0	 1	 1	 1	 2	 0	505.36	  0.00
183	11	18	v	 0	 2	 2	 2	 2	 1	 1	 1	 0	 1	 1	 2	 2	 1	519.11	  0.00
184	11	18	v	 0	 2	 2	 3	 2	 1	 1	 0	 0	 1	 1	 2	 2	 1	924.92	  0.00
185	11	18	v	 0	 2	 2	 2	 2	 1	 1	 0	 0	 1	 1	 2	 2	 1	818.09	  0.00
186	11	18	v	 0	 2	 2	 2	 2	 0	 1	 0	 0	 1	 1	 2	 2	 1	543.44	  0.00
187	11	18	v	 0	 2	 2	 0	 1	 0	 1	 1	 0	 1	 1	 2	 2	 1	580.37	  0.00
188	11	18	v	 0	 2	 2	 1	 1	 3	 2	 1	 0	 1	 1	 1	 2	 0	561.94	  0.00
189	11	18	v	 0	 2	 2	 1	 1	 1	 1	 0	 0	 1	 1	 2	 2	 1	1049.63	  0.00
190	11	18	v	 0	 2	 2	 1	 1	 3	 2	 1	 0	 1	 1	 1	 1	 1	636.39	  0.00
191	11	18	v	 0	 2	 2	 0	 1	 1	 1	 0	 0	 1	 1	 2	 2	 1	794.23	  0.00
192	11	18	v	 0	 2	 3	 2	 2	 3	 2	 1	 0	 1	 1	 1	 1	 1	490.97	  0.00
193	11	18	v	 0	 2	 3	 1	 1	 3	 2	 0	 0	 1	 1	 1	 1	 1	473.18	  0.00
194	11	18	v	 0	 2	 3	 2	 2	 2	 2	 1	 0	 1	 1	 1	 1	 1	519.65	  0.00
195	11	18	v	 0	 2	 3	 1	 1	 1	 1	 0	 0	 1	 1	 2	 2	 1	501.77	  0.00
196	11	18	v	 0	 2	 3	 1	 1	 3	 2	 1	 0	 1	 1	 1	 1	 1	468.04	  0.00
197	11	18	v	 0	 2	 3	 2	 2	 1	 1	 1	 0	 1	 1	 2	 2	 1	450.42	  0.00
198	11	18	v	 0	 2	 3	 0	 1	 0	 1	 0	 0	 1	 1	 2	 2	 1	440.79	  0.00
199	11	18	v	 0	 2	 3	 0	 1	 3	 2	 1	 0	 1	 1	 1	 1	 1	447.22	  0.00
200	11	18	v	 0	 2	 3	 0	 1	 0	 1	 1	 0	 1	 1	 2	 1	 0	469.60	  0.00
201	11	18	v	 0	 2	 3	 3	 2	 1	 1	 0	 0	 1	 1	 2	 2	 1	611.95	  0.00
202	11	18	v	 0	 2	 3	 3	 2	 2	 2	 0	 0	 1	 1	 1	 1	 1	457.11	  0.00
203	11	18	v	 0	 2	 3	 1	 1	 3	 2	 0	 0	 1	 1	 1	 1	 1	535.40	  0.00
204	11	18	v	 0	 2	 3	 3	 2	 0	 1	 1	 0	 1	 1	 2	 2	 1	485.68	  0.00
205	11	18	v	 0	 2	 3	 2	 2	 3	 2	 1	 0	 1	 1	 1	 1	 1	516.11	  0.00
206	11	18	v	 0	 2	 3	 1	 1	 2	 2	 1	 0	 1	 1	 1	 1	 1	442.29	  0.00
207	11	18	v	 0	 2	 3	 3	 2	 0	 1	 0	 0	 1	 1	 2	 2	 1	448.67	  0.00
208	11	18	v	 0	 2	 3	 2	 2	 1	 1	 1	 0	 1	 1	 2	 2	 1	447.01	  0.00
209	11	18	v	 0	 2	 3	 2	 2	 0	 1	 1	 0	 1	 1	 2	 2	 1	461.40	  0.00
210	11	18	v	 0	 2	 3	 1	 1	 2	 2	 0	 0	 1	 1	 1	 1	 1	674.91	  0.00
211	11	18	v	 0	 2	 3	 2	 2	 2	 2	 0	 0	 1	 1	 1	 1	 1	481.90	  0.00
212	11	18	v	 0	 2	 3	 0	 1	 3	 2	 0	 0	 1	 1	 1	 1	 1	655.22	  0.00
213	11	18	v	 0	 2	 3	 1	 1	 0	 1	 1	 0	 1	 1	 2	 2	 1	581.21	  0.00
214	11	18	v	 0	 2	 3	 1	 1	 3	 2	 1	 0	 1	 1	 1	 1	 1	451.44	  0.00
215	11	18	v	 0	 2	 3	 3	 2	 3	 2	 0	 0	 1	 1	 1	 1	 1	433.79	  0.00
216	11	18	v	 0	 2	 3	 3	 2	 3	 2	 0	 0	 1	 1	 1	 1	 1	424.28	  0.00
217	11	18	v	 0	 2	 3	 0	 1	 2	 2	 1	 0	 1	 1	 1	 1	 1	510.55	  0.00
218	11	18	v	 0	 2	 3	 0	 1	 1	 1	 0	 0	 1	 1	 2	 2	 1	548.87	  0.00
219	11	18	v	 0	 2	 3	 3	 2	 3	 2	 1	 0	 1	 1	 1	 1	 1	554.18	  0.00
220	11	18	v	 0	 2	 3	 1	 1	 0	 1	 0	 0	 1	 1	 2	 2	 1	512.32	  0.00
221	11	18	v	 0	 2	 3	 0	 1	 2	 2	 1	 0	 1	 1	 1	 1	 1	622.56	  0.00
222	11	18	v	 0	 2	 3	 3	 2	 3	 2	 1	 0	 1	 1	 1	 1	 1	572.67	  0.00
223	11	18	v	 0	 2	 3	 0	 1	 1	 1	 1	 0	 1	 1	 2	 2	 1	666.94	  0.00
224	11	18	v	 0	 2	 3	 2	 2	 2	 2	 0	 0	 1	 1	 1	 1	 1	480.96	  0.00
225	11	18	v	 0	 2	 3	 2	 2	 0	 1	 0	 0	 1	 1	 2	 2	 1	551.35	  0.00
226	11	18	v	 0	 2	 3	 0	 1	 1	 1	 0	 0	 1	 1	 2	 2	 1	757.55	  0.00
227	11	18	v	 0	 2	 3	 3	 2	 1	 1	 1	 0	 1	 1	 2	 2	 1	474.85	  0.00
228	11	18	v	 0	 2	 3	 2	 2	 1	 1	 0	 0	 1	 1	 2	 2	 1	472.90	  0.00
229	11	18	v	 0	 2	 3	 2	 2	 0	 1	 1	 0	 1	 1	 2	 2	 1	1135.24	  0.00
230	11	18	v	 0	 2	 3	 1	 1	 0	 1	 1	 0	 1	 1	 2	 2	 1	460.45	  0.00
231	11	18	v	 0	 2	 3	 3	 2	 2	 2	 1	 0	 1	 1	 1	 1	 1	514.83	  0.00
232	11	18	v	 0	 2	 3	 3	 2	 1	 1	 1	 0	 1	 1	 2	 2	 1	585.06	  0.00
233	11	18	v	 0	 2	 3	 2	 2	 1	 1	 0	 0	 1	 1	 2	 2	 1	455.29	  0.00
234	11	18	v	 0	 2	 3	 3	 2	 0	 1	 1	 0	 1	 1	 2	 2	 1	661.60	  0.00
235	11	18	v	 0	 2	 3	 0	 1	 0	 1	 1	 0	 1	 1	 2	 2	 1	507.66	  0.00
236	11	18	v	 0	 2	 3	 0	 1	 2	 2	 0	 0	 1	 1	 1	 2	 0	601.89	  0.00
237	11	18	v	 0	 2	 3	 1	 1	 2	 2	 1	 0	 1	 1	 1	 1	 1	503.11	  0.00
238	11	18	v	 0	 2	 3	 3	 2	 1	 1	 0	 0	 1	 1	 2	 2	 1	669.49	  0.00
239	11	18	v	 0	 2	 3	 3	 2	 0	 1	 0	 0	 1	 1	 2	 2	 1	483.41	  0.00
240	11	18	v	 0	 2	 3	 0	 1	 1	 1	 1	 0	 1	 1	 2	 2	 1	521.80	  0.00
241	11	18	v	 0	 2	 3	 0	 1	 2	 2	 0	 0	 1	 1	 1	 1	 1	544.07	  0.00
242	11	18	v	 0	 2	 3	 0	 1	 3	 2	 0	 0	 1	 1	 1	 1	 1	510.26	  0.00
243	11	18	v	 0	 2	 3	 1	 1	 2	 2	 0	 0	 1	 1	 1	 1	 1	532.53	  0.00
244	11	18	v	 0	 2	 3	 0	 1	 0	 1	 0	 0	 1	 1	 2	 2	 1	1337.92	  0.00
245	11	18	v	 0	 2	 3	 3	 2	 2	 2	 1	 0	 1	 1	 1	 1	 1	662.85	  0.00
246	11	18	v	 0	 2	 3	 1	 1	 1	 1	 0	 0	 1	 1	 2	 2	 1	756.92	  0.00
247	11	18	v	 0	 2	 3	 2	 2	 3	 2	 0	 0	 1	 1	 1	 1	 1	626.84	  0.00
248	11	18	v	 0	 2	 3	 1	 1	 0	 1	 0	 0	 1	 1	 2	 2	 1	520.95	  0.00
249	11	18	v	 0	 2	 3	 1	 1	 1	 1	 1	 0	 1	 1	 2	 2	 1	527.40	  0.00
250	11	18	v	 0	 2	 3	 1	 1	 1	 1	 1	 0	 1	 1	 2	 2	 1	541.59	  0.00
251	11	18	v	 0	 2	 3	 3	 2	 2	 2	 0	 0	 1	 1	 1	 1	 1	603.80	  0.00
252	11	18	v	 0	 2	 3	 2	 2	 2	 2	 1	 0	 1	 1	 1	 1	 1	497.87	  0.00
253	11	18	v	 0	 2	 3	 2	 2	 0	 1	 0	 0	 1	 1	 2	 2	 1	504.14	  0.00
254	11	18	v	 0	 2	 3	 2	 2	 3	 2	 0	 0	 1	 1	 1	 1	 1	557.53	  0.00
255	11	18	v	 0	 2	 3	 0	 1	 3	 2	 1	 0	 1	 1	 1	 1	 1	635.73	  0.00
256	11	18	v	 0	 2	 4	 3	 2	 3	 2	 0	 0	 1	 1	 1	 1	 1	532.33	  0.00
257	11	18	v	 0	 2	 4	 3	 2	 3	 2	 1	 0	 1	 1	 2	 1	 0	386.14	  0.00
258	11	18	v	 0	 2	 4	 3	 2	 2	 2	 0	 0	 1	 1	 1	 1	 1	600.09	  0.00
259	11	18	v	 0	 2	 4	 1	 1	 3	 2	 0	 0	 1	 1	 1	 1	 1	548.75	  0.00
260	11	18	v	 0	 2	 4	 1	 1	 2	 2	 0	 0	 1	 1	 1	 1	 1	506.50	  0.00
261	11	18	v	 0	 2	 4	 2	 2	 1	 1	 0	 0	 1	 1	 2	 1	 0	456.20	  0.00
262	11	18	v	 0	 2	 4	 0	 1	 3	 2	 0	 0	 1	 1	 1	 1	 1	574.08	  0.00
263	11	18	v	 0	 2	 4	 1	 1	 1	 1	 1	 0	 1	 1	 1	 1	 1	699.83	  0.00
264	11	18	v	 0	 2	 4	 1	 1	 3	 2	 1	 0	 1	 1	 1	 1	 1	473.39	  0.00
265	11	18	v	 0	 2	 4	 0	 1	 1	 1	 0	 0	 1	 1	 2	 2	 1	687.14	  0.00
266	11	18	v	 0	 2	 4	 3	 2	 0	 1	 0	 0	 1	 1	 2	 2	 1	523.73	  0.00
267	11	18	v	 0	 2	 4	 1	 1	 0	 1	 0	 0	 1	 1	 2	 2	 1	585.57	  0.00
268	11	18	v	 0	 2	 4	 2	 2	 1	 1	 1	 0	 1	 1	 2	 2	 1	463.17	  0.00
269	11	18	v	 0	 2	 4	 2	 2	 3	 2	 0	 0	 1	 1	 1	 1	 1	524.91	  0.00
270	11	18	v	 0	 2	 4	 0	 1	 2	 2	 1	 0	 1	 1	 1	 1	 1	538.86	  0.00
271	11	18	v	 0	 2	 4	 0	 1	 1	 1	 0	 0	 1	 1	 2	 1	 0	632.36	  0.00
272	11	18	v	 0	 2	 4	 0	 1	 2	 2	 0	 0	 1	 1	 1	 1	 1	558.12	  0.00
273	11	18	v	 0	 2	 4	 2	 2	 2	 2	 0	 0	 1	 1	 1	 1	 1	794.84	  0.00
274	11	18	v	 0	 2	 4	 1	 1	 0	 1	 0	 0	 1	 1	 2	 2	 1	656.22	  0.00
275	11	18	v	 0	 2	 4	 0	 1	 0	 1	 0	 0	 1	 1	 2	 2	 1	613.83	  0.00
276	11	18	v	 0	 2	 4	 2	 2	 2	 2	 1	 0	 1	 1	 2	 2	 1	523.14	  0.00
277	11	18	v	 0	 2	 4	 0	 1	 2	 2	 1	 0	 1	 1	 1	 1	 1	529.27	  0.00
278	11	18	v	 0	 2	 4	 3	 2	 0	 1	 1	 0	 1	 1	 2	 2	 1	534.31	  0.00
279	11	18	v	 0	 2	 4	 3	 2	 1	 1	 0	 0	 1	 1	 2	 2	 1	651.81	  0.00
280	11	18	v	 0	 2	 4	 1	 1	 1	 1	 1	 0	 1	 1	 1	 1	 1	513.38	  0.00
281	11	18	v	 0	 2	 4	 1	 1	 0	 1	 1	 0	 1	 1	 1	 1	 1	639.08	  0.00
282	11	18	v	 0	 2	 4	 0	 1	 1	 1	 1	 0	 1	 1	 1	 1	 1	500.76	  0.00
283	11	18	v	 0	 2	 4	 3	 2	 1	 1	 1	 0	 1	 1	 2	 2	 1	442.57	  0.00
284	11	18	v	 0	 2	 4	 2	 2	 1	 1	 1	 0	 1	 1	 2	 2	 1	496.43	  0.00
285	11	18	v	 0	 2	 4	 2	 2	 1	 1	 0	 0	 1	 1	 2	 2	 1	686.25	  0.00
286	11	18	v	 0	 2	 4	 1	 1	 1	 1	 0	 0	 1	 1	 2	 2	 1	1002.63	  0.00
287	11	18	v	 0	 2	 4	 1	 1	 0	 1	 1	 0	 1	 1	 1	 1	 1	567.87	  0.00
288	11	18	v	 0	 2	 4	 3	 2	 2	 2	 1	 0	 1	 1	 2	 2	 1	589.57	  0.00
289	11	18	v	 0	 2	 4	 3	 2	 3	 2	 1	 0	 1	 1	 2	 2	 1	547.25	  0.00
290	11	18	v	 0	 2	 4	 0	 1	 0	 1	 1	 0	 1	 1	 1	 1	 1	520.92	  0.00
291	11	18	v	 0	 2	 4	 3	 2	 3	 2	 0	 0	 1	 1	 1	 1	 1	558.64	  0.00
292	11	18	v	 0	 2	 4	 2	 2	 2	 2	 1	 0	 1	 1	 2	 2	 1	500.42	  0.00
293	11	18	v	 0	 2	 4	 2	 2	 0	 1	 1	 0	 1	 1	 2	 2	 1	473.10	  0.00
294	11	18	v	 0	 2	 4	 0	 1	 3	 2	 0	 0	 1	 1	 1	 1	 1	527.01	  0.00
295	11	18	v	 0	 2	 4	 1	 1	 3	 2	 0	 0	 1	 1	 1	 1	 1	397.76	  0.00
296	11	18	v	 0	 2	 4	 2	 2	 0	 1	 1	 0	 1	 1	 2	 2	 1	482.62	  0.00
297	11	18	v	 0	 2	 4	 3	 2	 0	 1	 0	 0	 1	 1	 2	 1	 0	536.51	  0.00
298	11	18	v	 0	 2	 4	 3	 2	 2	 2	 0	 0	 1	 1	 1	 1	 1	478.25	  0.00
299	11	18	v	 0	 2	 4	 0	 1	 2	 2	 0	 0	 1	 1	 1	 1	 1	580.06	  0.00
300	11	18	v	 0	 2	 4	 3	 2	 1	 1	 0	 0	 1	 1	 2	 2	 1	856.73	  0.00
301	11	18	v	 0	 2	 4	 2	 2	 3	 2	 0	 0	 1	 1	 1	 1	 1	526.12	  0.00
302	11	18	v	 0	 2	 4	 1	 1	 2	 2	 0	 0	 1	 1	 1	 1	 1	803.88	  0.00
303	11	18	v	 0	 2	 4	 1	 1	 3	 2	 1	 0	 1	 1	 1	 2	 0	569.28	  0.00
304	11	18	v	 0	 2	 4	 0	 1	 3	 2	 1	 0	 1	 1	 1	 1	 1	638.94	  0.00
305	11	18	v	 0	 2	 4	 3	 2	 0	 1	 1	 0	 1	 1	 2	 2	 1	724.61	  0.00
306	11	18	v	 0	 2	 4	 2	 2	 0	 1	 0	 0	 1	 1	 2	 2	 1	961.92	  0.00
307	11	18	v	 0	 2	 4	 1	 1	 1	 1	 0	 0	 1	 1	 2	 2	 1	654.06	  0.00
308	11	18	v	 0	 2	 4	 2	 2	 2	 2	 0	 0	 1	 1	 1	 1	 1	715.75	  0.00
309	11	18	v	 0	 2	 4	 3	 2	 2	 2	 1	 0	 1	 1	 2	 2	 1	513.27	  0.00
310	11	18	v	 0	 2	 4	 0	 1	 3	 2	 1	 0	 1	 1	 1	 1	 1	518.86	  0.00
311	11	18	v	 0	 2	 4	 0	 1	 1	 1	 1	 0	 1	 1	 1	 1	 1	508.77	  0.00
312	11	18	v	 0	 2	 4	 2	 2	 0	 1	 0	 0	 1	 1	 2	 2	 1	498.44	  0.00
313	11	18	v	 0	 2	 4	 3	 2	 1	 1	 1	 0	 1	 1	 2	 2	 1	471.43	  0.00
314	11	18	v	 0	 2	 4	 2	 2	 3	 2	 1	 0	 1	 1	 2	 2	 1	357.16	  0.00
315	11	18	v	 0	 2	 4	 0	 1	 0	 1	 1	 0	 1	 1	 1	 1	 1	691.21	  0.00
316	11	18	v	 0	 2	 4	 0	 1	 0	 1	 0	 0	 1	 1	 2	 2	 1	480.75	  0.00
317	11	18	v	 0	 2	 4	 1	 1	 2	 2	 1	 0	 1	 1	 1	 1	 1	477.63	  0.00
318	11	18	v	 0	 2	 4	 2	 2	 3	 2	 1	 0	 1	 1	 2	 2	 1	516.39	  0.00
319	11	18	v	 0	 2	 4	 1	 1	 2	 2	 1	 0	 1	 1	 1	 1	 1	569.13	  0.00
320	11	18	v	 0	 2	 5	 0	 1	 0	 1	 0	 0	 1	 1	 2	 2	 1	555.34	  0.00
321	11	18	v	 0	 2	 5	 2	 2	 3	 2	 0	 0	 1	 1	 1	 1	 1	513.70	  0.00
322	11	18	v	 0	 2	 5	 3	 2	 1	 1	 1	 0	 1	 1	 2	 2	 1	548.87	  0.00
323	11	18	v	 0	 2	 5	 2	 2	 3	 2	 0	 0	 1	 1	 1	 1	 1	678.09	  0.00
324	11	18	v	 0	 2	 5	 1	 1	 0	 1	 1	 0	 1	 1	 1	 1	 1	531.95	  0.00
325	11	18	v	 0	 2	 5	 3	 2	 1	 1	 1	 0	 1	 1	 2	 2	 1	642.48	  0.00
326	11	18	v	 0	 2	 5	 1	 1	 3	 2	 0	 0	 1	 1	 1	 1	 1	543.46	  0.00
327	11	18	v	 0	 2	 5	 0	 1	 2	 2	 1	 0	 1	 1	 1	 1	 1	629.80	  0.00
328	11	18	v	 0	 2	 5	 1	 1	 2	 2	 1	 0	 1	 1	 1	 1	 1	475.86	  0.00
329	11	18	v	 0	 2	 5	 1	 1	 2	 2	 1	 0	 1	 1	 1	 1	 1	426.18	  0.00
330	11	18	v	 0	 2	 5	 2	 2	 2	 2	 0	 0	 1	 1	 1	 1	 1	600.58	  0.00
331	11	18	v	 0	 2	 5	 3	 2	 2	 2	 0	 0	 1	 1	 1	 1	 1	422.70	  0.00
332	11	18	v	 0	 2	 5	 0	 1	 1	 1	 0	 0	 1	 1	 2	 2	 1	589.22	  0.00
333	11	18	v	 0	 2	 5	 0	 1	 2	 2	 0	 0	 1	 1	 1	 1	 1	491.26	  0.00
334	11	18	v	 0	 2	 5	 0	 1	 3	 2	 1	 0	 1	 1	 1	 1	 1	584.77	  0.00
335	11	18	v	 0	 2	 5	 0	 1	 2	 2	 1	 0	 1	 1	 1	 1	 1	478.87	  0.00
336	11	18	v	 0	 2	 5	 3	 2	 3	 2	 0	 0	 1	 1	 1	 1	 1	613.09	  0.00
337	11	18	v	 0	 2	 5	 3	 2	 3	 2	 1	 0	 1	 1	 2	 2	 1	491.40	  0.00
338	11	18	v	 0	 2	 5	 1	 1	 3	 2	 1	 0	 1	 1	 1	 1	 1	497.68	  0.00
339	11	18	v	 0	 2	 5	 2	 2	 3	 2	 1	 0	 1	 1	 2	 1	 0	511.92	  0.00
340	11	18	v	 0	 2	 5	 1	 1	 1	 1	 1	 0	 1	 1	 1	 1	 1	542.25	  0.00
341	11	18	v	 0	 2	 5	 1	 1	 0	 1	 0	 0	 1	 1	 2	 2	 1	724.50	  0.00
342	11	18	v	 0	 2	 5	 2	 2	 1	 1	 0	 0	 1	 1	 2	 2	 1	482.48	  0.00
343	11	18	v	 0	 2	 5	 2	 2	 1	 1	 0	 0	 1	 1	 2	 2	 1	615.96	  0.00
344	11	18	v	 0	 2	 5	 2	 2	 2	 2	 0	 0	 1	 1	 1	 1	 1	525.90	  0.00
345	11	18	v	 0	 2	 5	 2	 2	 0	 1	 1	 0	 1	 1	 2	 2	 1	524.11	  0.00
346	11	18	v	 0	 2	 5	 3	 2	 1	 1	 0	 0	 1	 1	 2	 2	 1	586.43	  0.00
347	11	18	v	 0	 2	 5	 0	 1	 3	 2	 0	 0	 1	 1	 1	 1	 1	704.63	  0.00
348	11	18	v	 0	 2	 5	 3	 2	 2	 2	 1	 0	 1	 1	 2	 2	 1	542.65	  0.00
349	11	18	v	 0	 2	 5	 2	 2	 1	 1	 1	 0	 1	 1	 2	 2	 1	508.87	  0.00
350	11	18	v	 0	 2	 5	 1	 1	 1	 1	 0	 0	 1	 1	 2	 2	 1	547.14	  0.00
351	11	18	v	 0	 2	 5	 1	 1	 0	 1	 0	 0	 1	 1	 2	 2	 1	553.36	  0.00
352	11	18	v	 0	 2	 5	 0	 1	 2	 2	 0	 0	 1	 1	 1	 1	 1	638.53	  0.00
353	11	18	v	 0	 2	 5	 2	 2	 1	 1	 1	 0	 1	 1	 2	 2	 1	468.69	  0.00
354	11	18	v	 0	 2	 5	 0	 1	 1	 1	 1	 0	 1	 1	 1	 1	 1	667.09	  0.00
355	11	18	v	 0	 2	 5	 0	 1	 0	 1	 1	 0	 1	 1	 1	 1	 1	609.13	  0.00
356	11	18	v	 0	 2	 5	 0	 1	 0	 1	 1	 0	 1	 1	 1	 1	 1	479.30	  0.00
357	11	18	v	 0	 2	 5	 3	 2	 3	 2	 0	 0	 1	 1	 1	 1	 1	1381.62	  0.00
358	11	18	v	 0	 2	 5	 1	 1	 1	 1	 0	 0	 1	 1	 2	 2	 1	562.58	  0.00
359	11	18	v	 0	 2	 5	 0	 1	 3	 2	 0	 0	 1	 1	 1	 1	 1	424.78	  0.00
360	11	18	v	 0	 2	 5	 3	 2	 2	 2	 0	 0	 1	 1	 1	 1	 1	511.20	  0.00
361	11	18	v	 0	 2	 5	 0	 1	 3	 2	 1	 0	 1	 1	 1	 1	 1	564.57	  0.00
362	11	18	v	 0	 2	 5	 3	 2	 0	 1	 0	 0	 1	 1	 2	 2	 1	578.73	  0.00
363	11	18	v	 0	 2	 5	 2	 2	 3	 2	 1	 0	 1	 1	 2	 2	 1	536.71	  0.00
364	11	18	v	 0	 2	 5	 3	 2	 0	 1	 1	 0	 1	 1	 2	 2	 1	463.12	  0.00
365	11	18	v	 0	 2	 5	 1	 1	 3	 2	 1	 0	 1	 1	 1	 1	 1	541.48	  0.00
366	11	18	v	 0	 2	 5	 0	 1	 0	 1	 0	 0	 1	 1	 2	 2	 1	755.40	  0.00
367	11	18	v	 0	 2	 5	 2	 2	 2	 2	 1	 0	 1	 1	 2	 2	 1	441.64	  0.00
368	11	18	v	 0	 2	 5	 3	 2	 0	 1	 0	 0	 1	 1	 2	 2	 1	663.94	  0.00
369	11	18	v	 0	 2	 5	 3	 2	 0	 1	 1	 0	 1	 1	 2	 2	 1	485.16	  0.00
370	11	18	v	 0	 2	 5	 0	 1	 1	 1	 0	 0	 1	 1	 2	 2	 1	627.35	  0.00
371	11	18	v	 0	 2	 5	 1	 1	 2	 2	 0	 0	 1	 1	 1	 1	 1	537.45	  0.00
372	11	18	v	 0	 2	 5	 1	 1	 3	 2	 0	 0	 1	 1	 1	 1	 1	839.73	  0.00
373	11	18	v	 0	 2	 5	 2	 2	 2	 2	 1	 0	 1	 1	 2	 2	 1	589.26	  0.00
374	11	18	v	 0	 2	 5	 2	 2	 0	 1	 0	 0	 1	 1	 2	 2	 1	523.71	  0.00
375	11	18	v	 0	 2	 5	 1	 1	 0	 1	 1	 0	 1	 1	 1	 1	 1	529.94	  0.00
376	11	18	v	 0	 2	 5	 2	 2	 0	 1	 1	 0	 1	 1	 2	 2	 1	552.14	  0.00
377	11	18	v	 0	 2	 5	 1	 1	 2	 2	 0	 0	 1	 1	 1	 1	 1	589.52	  0.00
378	11	18	v	 0	 2	 5	 1	 1	 1	 1	 1	 0	 1	 1	 1	 1	 1	571.66	  0.00
379	11	18	v	 0	 2	 5	 0	 1	 1	 1	 1	 0	 1	 1	 1	 1	 1	505.90	  0.00
380	11	18	v	 0	 2	 5	 3	 2	 2	 2	 1	 0	 1	 1	 2	 2	 1	464.22	  0.00
381	11	18	v	 0	 2	 5	 3	 2	 1	 1	 0	 0	 1	 1	 2	 2	 1	558.45	  0.00
382	11	18	v	 0	 2	 5	 3	 2	 3	 2	 1	 0	 1	 1	 2	 2	 1	532.70	  0.00
383	11	18	v	 0	 2	 5	 2	 2	 0	 1	 0	 0	 1	 1	 2	 2	 1	538.85	  0.00
384	11	18	v	 0	 2	 6	 2	 2	 0	 1	 1	 0	 1	 1	 2	 2	 1	409.25	  0.00
385	11	18	v	 0	 2	 6	 0	 1	 1	 1	 1	 0	 1	 1	 1	 1	 1	535.50	  0.00
386	11	18	v	 0	 2	 6	 3	 2	 2	 2	 0	 0	 1	 1	 1	 1	 1	636.93	  0.00
387	11	18	v	 0	 2	 6	 3	 2	 2	 2	 1	 0	 1	 1	 2	 2	 1	515.00	  0.00
388	11	18	v	 0	 2	 6	 2	 2	 3	 2	 1	 0	 1	 1	 2	 2	 1	433.25	  0.00
389	11	18	v	 0	 2	 6	 1	 1	 0	 1	 1	 0	 1	 1	 1	 1	 1	559.98	  0.00
390	11	18	v	 0	 2	 6	 1	 1	 0	 1	 0	 0	 1	 1	 2	 2	 1	669.79	  0.00
391	11	18	v	 0	 2	 6	 0	 1	 2	 2	 0	 0	 1	 1	 1	 1	 1	811.92	  0.00
392	11	18	v	 0	 2	 6	 1	 1	 1	 1	 0	 0	 1	 1	 2	 2	 1	737.81	  0.00
393	11	18	v	 0	 2	 6	 3	 2	 0	 1	 1	 0	 1	 1	 2	 2	 1	471.79	  0.00
394	11	18	v	 0	 2	 6	 2	 2	 1	 1	 1	 0	 1	 1	 2	 2	 1	422.14	  0.00
395	11	18	v	 0	 2	 6	 2	 2	 0	 1	 0	 0	 1	 1	 2	 2	 1	595.46	  0.00
396	11	18	v	 0	 2	 6	 0	 1	 0	 1	 1	 0	 1	 1	 1	 1	 1	553.67	  0.00
397	11	18	v	 0	 2	 6	 0	 1	 0	 1	 1	 0	 1	 1	 1	 1	 1	548.16	  0.00
398	11	18	v	 0	 2	 6	 0	 1	 3	 2	 1	 0	 1	 1	 1	 1	 1	486.10	  0.00
399	11	18	v	 0	 2	 6	 3	 2	 3	 2	 1	 0	 1	 1	 2	 2	 1	492.44	  0.00
400	11	18	v	 0	 2	 6	 2	 2	 2	 2	 1	 0	 1	 1	 2	 2	 1	602.72	  0.00
401	11	18	v	 0	 2	 6	 3	 2	 2	 2	 1	 0	 1	 1	 2	 2	 1	448.82	  0.00
402	11	18	v	 0	 2	 6	 0	 1	 3	 2	 1	 0	 1	 1	 1	 1	 1	519.34	  0.00
403	11	18	v	 0	 2	 6	 2	 2	 3	 2	 0	 0	 1	 1	 1	 1	 1	740.69	  0.00
404	11	18	v	 0	 2	 6	 3	 2	 0	 1	 0	 0	 1	 1	 2	 2	 1	626.56	  0.00
405	11	18	v	 0	 2	 6	 3	 2	 3	 2	 1	 0	 1	 1	 2	 2	 1	496.60	  0.00
406	11	18	v	 0	 2	 6	 0	 1	 1	 1	 1	 0	 1	 1	 1	 1	 1	567.78	  0.00
407	11	18	v	 0	 2	 6	 1	 1	 1	 1	 1	 0	 1	 1	 1	 1	 1	597.18	  0.00
408	11	18	v	 0	 2	 6	 2	 2	 3	 2	 1	 0	 1	 1	 2	 2	 1	715.39	  0.00
409	11	18	v	 0	 2	 6	 2	 2	 0	 1	 1	 0	 1	 1	 2	 2	 1	465.32	  0.00
410	11	18	v	 0	 2	 6	 3	 2	 0	 1	 0	 0	 1	 1	 2	 2	 1	551.59	  0.00
411	11	18	v	 0	 2	 6	 0	 1	 1	 1	 0	 0	 1	 1	 2	 2	 1	581.85	  0.00
412	11	18	v	 0	 2	 6	 1	 1	 2	 2	 0	 0	 1	 1	 1	 1	 1	722.98	  0.00
413	11	18	v	 0	 2	 6	 1	 1	 1	 1	 1	 0	 1	 1	 1	 1	 1	592.98	  0.00
414	11	18	v	 0	 2	 6	 0	 1	 1	 1	 0	 0	 1	 1	 2	 2	 1	607.09	  0.00
415	11	18	v	 0	 2	 6	 1	 1	 3	 2	 1	 0	 1	 1	 1	 1	 1	629.37	  0.00
416	11	18	v	 0	 2	 6	 1	 1	 2	 2	 0	 0	 1	 1	 1	 1	 1	771.41	  0.00
417	11	18	v	 0	 2	 6	 0	 1	 3	 2	 0	 0	 1	 1	 1	 1	 1	649.43	  0.00
418	11	18	v	 0	 2	 6	 1	 1	 3	 2	 0	 0	 1	 1	 1	 1	 1	407.47	  0.00
419	11	18	v	 0	 2	 6	 3	 2	 1	 1	 1	 0	 1	 1	 2	 2	 1	477.79	  0.00
420	11	18	v	 0	 2	 6	 1	 1	 0	 1	 1	 0	 1	 1	 1	 1	 1	555.38	  0.00
421	11	18	v	 0	 2	 6	 0	 1	 0	 1	 0	 0	 1	 1	 2	 2	 1	553.48	  0.00
422	11	18	v	 0	 2	 6	 0	 1	 3	 2	 0	 0	 1	 1	 1	 1	 1	607.71	  0.00
423	11	18	v	 0	 2	 6	 1	 1	 1	 1	 0	 0	 1	 1	 2	 2	 1	653.87	  0.00
424	11	18	v	 0	 2	 6	 3	 2	 1	 1	 0	 0	 1	 1	 2	 2	 1	539.86	  0.00
425	11	18	v	 0	 2	 6	 2	 2	 2	 2	 1	 0	 1	 1	 2	 2	 1	666.15	  0.00
426	11	18	v	 0	 2	 6	 0	 1	 2	 2	 1	 0	 1	 1	 1	 1	 1	599.91	  0.00
427	11	18	v	 0	 2	 6	 1	 1	 2	 2	 1	 0	 1	 1	 1	 1	 1	598.32	  0.00
428	11	18	v	 0	 2	 6	 3	 2	 1	 1	 0	 0	 1	 1	 2	 2	 1	1915.59	  0.00
429	11	18	v	 0	 2	 6	 3	 2	 1	 1	 1	 0	 1	 1	 2	 2	 1	567.85	  0.00
430	11	18	v	 0	 2	 6	 3	 2	 0	 1	 1	 0	 1	 1	 2	 2	 1	398.02	  0.00
431	11	18	v	 0	 2	 6	 3	 2	 3	 2	 0	 0	 1	 1	 1	 1	 1	508.50	  0.00
432	11	18	v	 0	 2	 6	 2	 2	 3	 2	 0	 0	 1	 1	 1	 1	 1	498.77	  0.00
433	11	18	v	 0	 2	 6	 1	 1	 0	 1	 0	 0	 1	 1	 2	 2	 1	593.02	  0.00
434	11	18	v	 0	 2	 6	 2	 2	 1	 1	 1	 0	 1	 1	 2	 2	 1	439.23	  0.00
435	11	18	v	 0	 2	 6	 3	 2	 2	 2	 0	 0	 1	 1	 1	 1	 1	572.89	  0.00
436	11	18	v	 0	 2	 6	 0	 1	 0	 1	 0	 0	 1	 1	 2	 2	 1	482.79	  0.00
437	11	18	v	 0	 2	 6	 1	 1	 3	 2	 0	 0	 1	 1	 1	 1	 1	585.15	  0.00
438	11	18	v	 0	 2	 6	 2	 2	 1	 1	 0	 0	 1	 1	 2	 2	 1	551.25	  0.00
439	11	18	v	 0	 2	 6	 2	 2	 0	 1	 0	 0	 1	 1	 2	 2	 1	469.55	  0.00
440	11	18	v	 0	 2	 6	 2	 2	 1	 1	 0	 0	 1	 1	 2	 2	 1	419.85	  0.00
441	11	18	v	 0	 2	 6	 0	 1	 2	 2	 0	 0	 1	 1	 1	 1	 1	442.22	  0.00
442	11	18	v	 0	 2	 6	 1	 1	 3	 2	 1	 0	 1	 1	 1	 1	 1	704.64	  0.00
443	11	18	v	 0	 2	 6	 2	 2	 2	 2	 0	 0	 1	 1	 1	 1	 1	534.70	  0.00
444	11	18	v	 0	 2	 6	 0	 1	 2	 2	 1	 0	 1	 1	 1	 2	 0	500.77	  0.00
445	11	18	v	 0	 2	 6	 2	 2	 2	 2	 0	 0	 1	 1	 1	 1	 1	626.23	  0.00
446	11	18	v	 0	 2	 6	 3	 2	 3	 2	 0	 0	 1	 1	 1	 1	 1	632.22	  0.00
447	11	18	v	 0	 2	 6	 1	 1	 2	 2	 1	 0	 1	 1	 1	 2	 0	1262.43	  0.00
448	11	18	v	 0	 2	 7	 3	 2	 0	 1	 1	 0	 1	 1	 2	 2	 1	619.59	  0.00
449	11	18	v	 0	 2	 7	 0	 1	 0	 1	 0	 0	 1	 1	 2	 2	 1	545.68	  0.00
450	11	18	v	 0	 2	 7	 0	 1	 0	 1	 1	 0	 1	 1	 1	 1	 1	647.83	  0.00
451	11	18	v	 0	 2	 7	 1	 1	 2	 2	 1	 0	 1	 1	 1	 1	 1	437.99	  0.00
452	11	18	v	 0	 2	 7	 0	 1	 2	 2	 1	 0	 1	 1	 1	 1	 1	379.65	  0.00
453	11	18	v	 0	 2	 7	 2	 2	 3	 2	 0	 0	 1	 1	 1	 1	 1	530.01	  0.00
454	11	18	v	 0	 2	 7	 3	 2	 2	 2	 0	 0	 1	 1	 1	 1	 1	552.16	  0.00
455	11	18	v	 0	 2	 7	 1	 1	 3	 2	 1	 0	 1	 1	 1	 1	 1	582.40	  0.00
456	11	18	v	 0	 2	 7	 0	 1	 0	 1	 1	 0	 1	 1	 1	 1	 1	412.54	  0.00
457	11	18	v	 0	 2	 7	 1	 1	 1	 1	 0	 0	 1	 1	 2	 1	 0	434.88	  0.00
458	11	18	v	 0	 2	 7	 3	 2	 1	 1	 0	 0	 1	 1	 2	 2	 1	497.35	  0.00
459	11	18	v	 0	 2	 7	 1	 1	 0	 1	 1	 0	 1	 1	 1	 1	 1	607.78	  0.00
460	11	18	v	 0	 2	 7	 3	 2	 3	 2	 1	 0	 1	 1	 2	 2	 1	629.80	  0.00
461	11	18	v	 0	 2	 7	 3	 2	 0	 1	 0	 0	 1	 1	 2	 2	 1	507.98	  0.00
462	11	18	v	 0	 2	 7	 2	 2	 2	 2	 0	 0	 1	 1	 1	 1	 1	481.36	  0.00
463	11	18	v	 0	 2	 7	 0	 1	 1	 1	 0	 0	 1	 1	 2	 2	 1	432.53	  0.00
464	11	18	v	 0	 2	 7	 2	 2	 3	 2	 1	 0	 1	 1	 2	 2	 1	597.78	  0.00
465	11	18	v	 0	 2	 7	 0	 1	 3	 2	 1	 0	 1	 1	 1	 1	 1	1100.15	  0.00
466	11	18	v	 0	 2	 7	 0	 1	 2	 2	 0	 0	 1	 1	 1	 1	 1	617.48	  0.00
467	11	18	v	 0	 2	 7	 2	 2	 3	 2	 1	 0	 1	 1	 2	 2	 1	487.63	  0.00
468	11	18	v	 0	 2	 7	 0	 1	 3	 2	 1	 0	 1	 1	 1	 1	 1	565.97	  0.00
469	11	18	v	 0	 2	 7	 1	 1	 0	 1	 1	 0	 1	 1	 1	 1	 1	483.53	  0.00
470	11	18	v	 0	 2	 7	 3	 2	 1	 1	 0	 0	 1	 1	 2	 2	 1	625.63	  0.00
471	11	18	v	 0	 2	 7	 2	 2	 0	 1	 0	 0	 1	 1	 2	 2	 1	1319.62	  0.00
472	11	18	v	 0	 2	 7	 1	 1	 0	 1	 0	 0	 1	 1	 2	 2	 1	508.75	  0.00
473	11	18	v	 0	 2	 7	 2	 2	 0	 1	 1	 0	 1	 1	 2	 2	 1	651.04	  0.00
474	11	18	v	 0	 2	 7	 0	 1	 3	 2	 0	 0	 1	 1	 1	 1	 1	489.05	  0.00
475	11	18	v	 0	 2	 7	 1	 1	 1	 1	 1	 0	 1	 1	 1	 1	 1	591.53	  0.00
476	11	18	v	 0	 2	 7	 2	 2	 0	 1	 0	 0	 1	 1	 2	 2	 1	693.64	  0.00
477	11	18	v	 0	 2	 7	 1	 1	 3	 2	 0	 0	 1	 1	 1	 1	 1	643.61	  0.00
478	11	18	v	 0	 2	 7	 3	 2	 0	 1	 1	 0	 1	 1	 2	 2	 1	464.90	  0.00
479	11	18	v	 0	 2	 7	 1	 1	 3	 2	 0	 0	 1	 1	 1	 1	 1	599.08	  0.00
480	11	18	v	 0	 2	 7	 0	 1	 2	 2	 0	 0	 1	 1	 1	 1	 1	589.22	  0.00
481	11	18	v	 0	 2	 7	 2	 2	 2	 2	 1	 0	 1	 1	 2	 2	 1	483.42	  0.00
482	11	18	v	 0	 2	 7	 3	 2	 3	 2	 0	 0	 1	 1	 1	 1	 1	945.78	  0.00
483	11	18	v	 0	 2	 7	 3	 2	 2	 2	 0	 0	 1	 1	 1	 1	 1	759.36	  0.00
484	11	18	v	 0	 2	 7	 3	 2	 1	 1	 1	 0	 1	 1	 2	 2	 1	477.18	  0.00
485	11	18	v	 0	 2	 7	 3	 2	 2	 2	 1	 0	 1	 1	 2	 2	 1	411.36	  0.00
486	11	18	v	 0	 2	 7	 1	 1	 3	 2	 1	 0	 1	 1	 1	 1	 1	626.11	  0.00
487	11	18	v	 0	 2	 7	 2	 2	 1	 1	 1	 0	 1	 1	 2	 2	 1	487.36	  0.00
488	11	18	v	 0	 2	 7	 3	 2	 1	 1	 1	 0	 1	 1	 2	 2	 1	389.46	  0.00
489	11	18	v	 0	 2	 7	 3	 2	 2	 2	 1	 0	 1	 1	 2	 2	 1	420.08	  0.00
490	11	18	v	 0	 2	 7	 2	 2	 1	 1	 0	 0	 1	 1	 2	 2	 1	578.40	  0.00
491	11	18	v	 0	 2	 7	 2	 2	 1	 1	 0	 0	 1	 1	 2	 2	 1	520.51	  0.00
492	11	18	v	 0	 2	 7	 1	 1	 1	 1	 0	 0	 1	 1	 2	 2	 1	894.85	  0.00
493	11	18	v	 0	 2	 7	 2	 2	 1	 1	 1	 0	 1	 1	 2	 2	 1	420.55	  0.00
494	11	18	v	 0	 2	 7	 0	 1	 1	 1	 1	 0	 1	 1	 1	 1	 1	546.61	  0.00
495	11	18	v	 0	 2	 7	 3	 2	 3	 2	 0	 0	 1	 1	 1	 1	 1	576.26	  0.00
496	11	18	v	 0	 2	 7	 0	 1	 1	 1	 0	 0	 1	 1	 2	 2	 1	678.40	  0.00
497	11	18	v	 0	 2	 7	 1	 1	 0	 1	 0	 0	 1	 1	 2	 2	 1	420.53	  0.00
498	11	18	v	 0	 2	 7	 1	 1	 2	 2	 0	 0	 1	 1	 1	 1	 1	1026.86	  0.00
499	11	18	v	 0	 2	 7	 2	 2	 2	 2	 1	 0	 1	 1	 2	 2	 1	512.35	  0.00
500	11	18	v	 0	 2	 7	 2	 2	 0	 1	 1	 0	 1	 1	 2	 2	 1	470.60	  0.00
501	11	18	v	 0	 2	 7	 1	 1	 2	 2	 0	 0	 1	 1	 1	 1	 1	636.86	  0.00
502	11	18	v	 0	 2	 7	 2	 2	 2	 2	 0	 0	 1	 1	 1	 1	 1	491.05	  0.00
503	11	18	v	 0	 2	 7	 1	 1	 1	 1	 1	 0	 1	 1	 1	 2	 0	457.38	  0.00
504	11	18	v	 0	 2	 7	 1	 1	 2	 2	 1	 0	 1	 1	 1	 1	 1	606.62	  0.00
505	11	18	v	 0	 2	 7	 2	 2	 3	 2	 0	 0	 1	 1	 1	 1	 1	644.85	  0.00
506	11	18	v	 0	 2	 7	 3	 2	 0	 1	 0	 0	 1	 1	 2	 1	 0	482.93	  0.00
507	11	18	v	 0	 2	 7	 0	 1	 0	 1	 0	 0	 1	 1	 2	 2	 1	593.32	  0.00
508	11	18	v	 0	 2	 7	 0	 1	 2	 2	 1	 0	 1	 1	 1	 1	 1	583.55	  0.00
509	11	18	v	 0	 2	 7	 3	 2	 3	 2	 1	 0	 1	 1	 2	 2	 1	549.71	  0.00
510	11	18	v	 0	 2	 7	 0	 1	 3	 2	 0	 0	 1	 1	 1	 1	 1	499.78	  0.00
511	11	18	v	 0	 2	 7	 0	 1	 1	 1	 1	 0	 1	 1	 1	 1	 1	514.20	  0.00
512	11	18	v	 0	 2	 8	 2	 2	 2	 2	 0	 1	 1	 0	 1	 1	 1	458.35	  0.00
513	11	18	v	 0	 2	 8	 0	 1	 3	 2	 0	 1	 1	 0	 2	 2	 1	400.20	  0.00
514	11	18	v	 0	 2	 8	 3	 2	 0	 1	 1	 1	 1	 0	 1	 1	 1	341.22	  0.00
515	11	18	v	 0	 2	 8	 1	 1	 1	 1	 1	 1	 1	 0	 2	 2	 1	443.16	  0.00
516	11	18	v	 0	 2	 8	 3	 2	 2	 2	 1	 1	 1	 0	 1	 2	 0	704.92	  0.00
517	11	18	v	 0	 2	 8	 1	 1	 0	 1	 1	 1	 1	 0	 2	 2	 1	646.54	  0.00
518	11	18	v	 0	 2	 8	 0	 1	 0	 1	 1	 1	 1	 0	 2	 2	 1	396.21	  0.00
519	11	18	v	 0	 2	 8	 0	 1	 0	 1	 0	 1	 1	 0	 2	 2	 1	354.16	  0.00
520	11	18	v	 0	 2	 8	 2	 2	 3	 2	 0	 1	 1	 0	 1	 1	 1	424.11	  0.00
521	11	18	v	 0	 2	 8	 1	 1	 1	 1	 0	 1	 1	 0	 2	 2	 1	421.10	  0.00
522	11	18	v	 0	 2	 8	 0	 1	 0	 1	 1	 1	 1	 0	 2	 2	 1	419.02	  0.00
523	11	18	v	 0	 2	 8	 3	 2	 3	 2	 1	 1	 1	 0	 1	 1	 1	480.96	  0.00
524	11	18	v	 0	 2	 8	 2	 2	 0	 1	 0	 1	 1	 0	 1	 1	 1	374.65	  0.00
525	11	18	v	 0	 2	 8	 0	 1	 1	 1	 1	 1	 1	 0	 2	 2	 1	500.76	  0.00
526	11	18	v	 0	 2	 8	 0	 1	 3	 2	 1	 1	 1	 0	 2	 2	 1	482.62	  0.00
527	11	18	v	 0	 2	 8	 1	 1	 1	 1	 0	 1	 1	 0	 2	 2	 1	424.41	  0.00
528	11	18	v	 0	 2	 8	 1	 1	 1	 1	 1	 1	 1	 0	 2	 2	 1	397.41	  0.00
529	11	18	v	 0	 2	 8	 2	 2	 0	 1	 1	 1	 1	 0	 1	 1	 1	451.17	  0.00
530	11	18	v	 0	 2	 8	 1	 1	 0	 1	 0	 1	 1	 0	 2	 2	 1	504.96	  0.00
531	11	18	v	 0	 2	 8	 3	 2	 3	 2	 1	 1	 1	 0	 1	 1	 1	510.93	  0.00
532	11	18	v	 0	 2	 8	 2	 2	 1	 1	 0	 1	 1	 0	 1	 1	 1	468.70	  0.00
533	11	18	v	 0	 2	 8	 3	 2	 1	 1	 1	 1	 1	 0	 1	 1	 1	482.39	  0.00
534	11	18	v	 0	 2	 8	 1	 1	 3	 2	 0	 1	 1	 0	 2	 2	 1	1008.36	  0.00
535	11	18	v	 0	 2	 8	 2	 2	 1	 1	 1	 1	 1	 0	 1	 1	 1	549.33	  0.00
536	11	18	v	 0	 2	 8	 3	 2	 1	 1	 0	 1	 1	 0	 1	 1	 1	435.19	  0.00
537	11	18	v	 0	 2	 8	 3	 2	 1	 1	 1	 1	 1	 0	 1	 1	 1	439.97	  0.00
538	11	18	v	 0	 2	 8	 0	 1	 1	 1	 0	 1	 1	 0	 2	 2	 1	581.92	  0.00
539	11	18	v	 0	 2	 8	 3	 2	 2	 2	 0	 1	 1	 0	 1	 1	 1	571.48	  0.00
540	11	18	v	 0	 2	 8	 2	 2	 2	 2	 1	 1	 1	 0	 1	 2	 0	761.36	  0.00
541	11	18	v	 0	 2	 8	 2	 2	 0	 1	 0	 1	 1	 0	 1	 1	 1	470.59	  0.00
542	11	18	v	 0	 2	 8	 2	 2	 2	 2	 0	 1	 1	 0	 1	 1	 1	379.60	  0.00
543	11	18	v	 0	 2	 8	 1	 1	 3	 2	 1	 1	 1	 0	 2	 2	 1	481.52	  0.00
544	11	18	v	 0	 2	 8	 1	 1	 0	 1	 0	 1	 1	 0	 2	 2	 1	415.36	  0.00
545	11	18	v	 0	 2	 8	 0	 1	 1	 1	 0	 1	 1	 0	 2	 2	 1	437.32	  0.00
546	11	18	v	 0	 2	 8	 1	 1	 3	 2	 1	 1	 1	 0	 2	 2	 1	587.01	  0.00
547	11	18	v	 0	 2	 8	 2	 2	 2	 2	 1	 1	 1	 0	 1	 2	 0	416.84	  0.00
548	11	18	v	 0	 2	 8	 3	 2	 1	 1	 0	 1	 1	 0	 1	 1	 1	518.80	  0.00
549	11	18	v	 0	 2	 8	 0	 1	 2	 2	 0	 1	 1	 0	 2	 2	 1	675.67	  0.00
550	11	18	v	 0	 2	 8	 1	 1	 3	 2	 0	 1	 1	 0	 2	 2	 1	473.00	  0.00
551	11	18	v	 0	 2	 8	 0	 1	 2	 2	 0	 1	 1	 0	 2	 2	 1	438.69	  0.00
552	11	18	v	 0	 2	 8	 0	 1	 3	 2	 0	 1	 1	 0	 2	 2	 1	420.62	  0.00
553	11	18	v	 0	 2	 8	 1	 1	 2	 2	 0	 1	 1	 0	 2	 2	 1	418.73	  0.00
554	11	18	v	 0	 2	 8	 0	 1	 1	 1	 1	 1	 1	 0	 2	 2	 1	392.59	  0.00
555	11	18	v	 0	 2	 8	 0	 1	 2	 2	 1	 1	 1	 0	 2	 2	 1	414.47	  0.00
556	11	18	v	 0	 2	 8	 1	 1	 2	 2	 1	 1	 1	 0	 2	 2	 1	340.33	  0.00
557	11	18	v	 0	 2	 8	 2	 2	 0	 1	 1	 1	 1	 0	 1	 1	 1	465.53	  0.00
558	11	18	v	 0	 2	 8	 3	 2	 2	 2	 0	 1	 1	 0	 1	 1	 1	383.43	  0.00
559	11	18	v	 0	 2	 8	 3	 2	 3	 2	 0	 1	 1	 0	 1	 1	 1	373.37	  0.00
560	11	18	v	 0	 2	 8	 0	 1	 0	 1	 0	 1	 1	 0	 2	 2	 1	584.34	  0.00
561	11	18	v	 0	 2	 8	 3	 2	 3	 2	 0	 1	 1	 0	 1	 1	 1	417.04	  0.00
562	11	18	v	 0	 2	 8	 3	 2	 0	 1	 1	 1	 1	 0	 1	 1	 1	502.99	  0.00
563	11	18	v	 0	 2	 8	 2	 2	 3	 2	 0	 1	 1	 0	 1	 1	 1	427.99	  0.00
564	11	18	v	 0	 2	 8	 2	 2	 3	 2	 1	 1	 1	 0	 1	 1	 1	338.69	  0.00
565	11	18	v	 0	 2	 8	 1	 1	 2	 2	 1	 1	 1	 0	 2	 2	 1	559.78	  0.00
566	11	18	v	 0	 2	 8	 0	 1	 2	 2	 1	 1	 1	 0	 2	 2	 1	413.44	  0.00
567	11	18	v	 0	 2	 8	 2	 2	 1	 1	 0	 1	 1	 0	 1	 1	 1	579.41	  0.00
568	11	18	v	 0	 2	 8	 3	 2	 0	 1	 0	 1	 1	 0	 1	 1	 1	440.09	  0.00
569	11	18	v	 0	 2	 8	 1	 1	 2	 2	 0	 1	 1	 0	 2	 2	 1	590.99	  0.00
570	11	18	v	 0	 2	 8	 3	 2	 2	 2	 1	 1	 1	 0	 1	 1	 1	500.60	  0.00
571	11	18	v	 0	 2	 8	 2	 2	 3	 2	 1	 1	 1	 0	 1	 2	 0	833.45	  0.00
572	11	18	v	 0	 2	 8	 0	 1	 3	 2	 1	 1	 1	 0	 2	 2	 1	446.73	  0.00
573	11	18	v	 0	 2	 8	 2	 2	 1	 1	 1	 1	 1	 0	 1	 1	 1	611.60	  0.00
574	11	18	v	 0	 2	 8	 1	 1	 0	 1	 1	 1	 1	 0	 2	 2	 1	490.28	  0.00
575	11	18	v	 0	 2	 8	 3	 2	 0	 1	 0	 1	 1	 0	 1	 1	 1	711.94	  0.00
576	11	18	v	 0	 2	 9	 0	 1	 2	 2	 0	 1	 1	 0	 2	 2	 1	945.55	  0.00
577	11	18	v	 0	 2	 9	 3	 2	 3	 2	 0	 1	 1	 0	 1	 1	 1	583.16	  0.00
578	11	18	v	 0	 2	 9	 0	 1	 1	 1	 0	 1	 1	 0	 2	 2	 1	517.35	  0.00
579	11	18	v	 0	 2	 9	 3	 2	 1	 1	 1	 1	 1	 0	 1	 1	 1	507.57	  0.00
580	11	18	v	 0	 2	 9	 3	 2	 2	 2	 0	 1	 1	 0	 1	 1	 1	377.90	  0.00
581	11	18	v	 0	 2	 9	 3	 2	 2	 2	 0	 1	 1	 0	 1	 1	 1	406.56	  0.00
582	11	18	v	 0	 2	 9	 3	 2	 3	 2	 1	 1	 1	 0	 1	 1	 1	413.66	  0.00
583	11	18	v	 0	 2	 9	 1	 1	 1	 1	 1	 1	 1	 0	 2	 2	 1	468.16	  0.00
584	11	18	v	 0	 2	 9	 0	 1	 3	 2	 1	 1	 1	 0	 2	 2	 1	546.57	  0.00
585	11	18	v	 0	 2	 9	 1	 1	 3	 2	 1	 1	 1	 0	 2	 2	 1	368.75	  0.00
586	11	18	v	 0	 2	 9	 0	 1	 0	 1	 1	 1	 1	 0	 2	 2	 1	463.28	  0.00
587	11	18	v	 0	 2	 9	 3	 2	 2	 2	 1	 1	 1	 0	 1	 1	 1	461.30	  0.00
588	11	18	v	 0	 2	 9	 0	 1	 0	 1	 0	 1	 1	 0	 2	 2	 1	675.90	  0.00
589	11	18	v	 0	 2	 9	 1	 1	 2	 2	 1	 1	 1	 0	 2	 2	 1	490.04	  0.00
590	11	18	v	 0	 2	 9	 3	 2	 0	 1	 1	 1	 1	 0	 1	 1	 1	496.33	  0.00
591	11	18	v	 0	 2	 9	 2	 2	 2	 2	 1	 1	 1	 0	 1	 1	 1	325.49	  0.00
592	11	18	v	 0	 2	 9	 0	 1	 2	 2	 0	 1	 1	 0	 2	 2	 1	707.97	  0.00
593	11	18	v	 0	 2	 9	 2	 2	 0	 1	 0	 1	 1	 0	 1	 1	 1	578.16	  0.00
594	11	18	v	 0	 2	 9	 2	 2	 1	 1	 0	 1	 1	 0	 1	 1	 1	533.33	  0.00
595	11	18	v	 0	 2	 9	 2	 2	 2	 2	 0	 1	 1	 0	 1	 1	 1	446.54	  0.00
596	11	18	v	 0	 2	 9	 3	 2	 3	 2	 1	 1	 1	 0	 1	 1	 1	404.92	  0.00
597	11	18	v	 0	 2	 9	 3	 2	 1	 1	 0	 1	 1	 0	 1	 1	 1	371.32	  0.00
598	11	18	v	 0	 2	 9	 1	 1	 1	 1	 0	 1	 1	 0	 2	 2	 1	457.84	  0.00
599	11	18	v	 0	 2	 9	 0	 1	 3	 2	 1	 1	 1	 0	 2	 2	 1	455.26	  0.00
600	11	18	v	 0	 2	 9	 3	 2	 1	 1	 0	 1	 1	 0	 1	 1	 1	461.60	  0.00
601	11	18	v	 0	 2	 9	 3	 2	 0	 1	 0	 1	 1	 0	 1	 1	 1	499.94	  0.00
602	11	18	v	 0	 2	 9	 1	 1	 2	 2	 1	 1	 1	 0	 2	 2	 1	450.23	  0.00
603	11	18	v	 0	 2	 9	 2	 2	 1	 1	 0	 1	 1	 0	 1	 1	 1	504.51	  0.00
604	11	18	v	 0	 2	 9	 2	 2	 0	 1	 1	 1	 1	 0	 1	 1	 1	518.88	  0.00
605	11	18	v	 0	 2	 9	 0	 1	 0	 1	 1	 1	 1	 0	 2	 2	 1	477.21	  0.00
606	11	18	v	 0	 2	 9	 3	 2	 0	 1	 0	 1	 1	 0	 1	 1	 1	483.37	  0.00
607	11	18	v	 0	 2	 9	 0	 1	 3	 2	 0	 1	 1	 0	 2	 2	 1	497.10	  0.00
608	11	18	v	 0	 2	 9	 0	 1	 1	 1	 0	 1	 1	 0	 2	 2	 1	471.04	  0.00
609	11	18	v	 0	 2	 9	 1	 1	 2	 2	 0	 1	 1	 0	 2	 2	 1	493.52	  0.00
610	11	18	v	 0	 2	 9	 2	 2	 3	 2	 0	 1	 1	 0	 1	 1	 1	467.31	  0.00
611	11	18	v	 0	 2	 9	 2	 2	 0	 1	 0	 1	 1	 0	 1	 2	 0	474.06	  0.00
612	11	18	v	 0	 2	 9	 0	 1	 0	 1	 0	 1	 1	 0	 2	 1	 0	520.37	  0.00
613	11	18	v	 0	 2	 9	 0	 1	 2	 2	 1	 1	 1	 0	 2	 1	 0	462.70	  0.00
614	11	18	v	 0	 2	 9	 3	 2	 3	 2	 0	 1	 1	 0	 1	 2	 0	588.95	  0.00
615	11	18	v	 0	 2	 9	 1	 1	 0	 1	 1	 1	 1	 0	 2	 2	 1	1259.25	  0.00
616	11	18	v	 0	 2	 9	 1	 1	 0	 1	 1	 1	 1	 0	 2	 2	 1	448.30	  0.00
617	11	18	v	 0	 2	 9	 1	 1	 3	 2	 0	 1	 1	 0	 2	 2	 1	445.81	  0.00
618	11	18	v	 0	 2	 9	 1	 1	 1	 1	 1	 1	 1	 0	 2	 2	 1	396.07	  0.00
619	11	18	v	 0	 2	 9	 1	 1	 1	 1	 0	 1	 1	 0	 2	 2	 1	386.64	  0.00
620	11	18	v	 0	 2	 9	 2	 2	 2	 2	 0	 1	 1	 0	 1	 1	 1	481.09	  0.00
621	11	18	v	 0	 2	 9	 2	 2	 1	 1	 1	 1	 1	 0	 1	 1	 1	447.40	  0.00
622	11	18	v	 0	 2	 9	 2	 2	 2	 2	 1	 1	 1	 0	 1	 1	 1	325.68	  0.00
623	11	18	v	 0	 2	 9	 3	 2	 2	 2	 1	 1	 1	 0	 1	 1	 1	364.35	  0.00
624	11	18	v	 0	 2	 9	 3	 2	 0	 1	 1	 1	 1	 0	 1	 1	 1	378.91	  0.00
625	11	18	v	 0	 2	 9	 0	 1	 1	 1	 1	 1	 1	 0	 2	 1	 0	329.37	  0.00
626	11	18	v	 0	 2	 9	 2	 2	 3	 2	 0	 1	 1	 0	 1	 1	 1	399.04	  0.00
627	11	18	v	 0	 2	 9	 2	 2	 3	 2	 1	 1	 1	 0	 1	 1	 1	397.26	  0.00
628	11	18	v	 0	 2	 9	 0	 1	 3	 2	 0	 1	 1	 0	 2	 2	 1	475.73	  0.00
629	11	18	v	 0	 2	 9	 1	 1	 3	 2	 1	 1	 1	 0	 2	 2	 1	489.97	  0.00
630	11	18	v	 0	 2	 9	 1	 1	 3	 2	 0	 1	 1	 0	 2	 2	 1	360.44	  0.00
631	11	18	v	 0	 2	 9	 2	 2	 0	 1	 1	 1	 1	 0	 1	 1	 1	471.02	  0.00
632	11	18	v	 0	 2	 9	 0	 1	 1	 1	 1	 1	 1	 0	 2	 2	 1	621.37	  0.00
633	11	18	v	 0	 2	 9	 1	 1	 0	 1	 0	 1	 1	 0	 2	 2	 1	507.40	  0.00
634	11	18	v	 0	 2	 9	 1	 1	 2	 2	 0	 1	 1	 0	 2	 2	 1	377.75	  0.00
635	11	18	v	 0	 2	 9	 2	 2	 3	 2	 1	 1	 1	 0	 1	 1	 1	440.21	  0.00
636	11	18	v	 0	 2	 9	 2	 2	 1	 1	 1	 1	 1	 0	 1	 1	 1	358.58	  0.00
637	11	18	v	 0	 2	 9	 3	 2	 1	 1	 1	 1	 1	 0	 1	 1	 1	340.14	  0.00
638	11	18	v	 0	 2	 9	 1	 1	 0	 1	 0	 1	 1	 0	 2	 2	 1	514.61	  0.00
639	11	18	v	 0	 2	 9	 0	 1	 2	 2	 1	 1	 1	 0	 2	 2	 1	424.84	  0.00
640	11	18	v	 0	 2	10	 3	 2	 3	 2	 1	 1	 1	 0	 1	 1	 1	952.23	  0.00
641	11	18	v	 0	 2	10	 0	 1	 1	 1	 1	 1	 1	 0	 2	 2	 1	842.30	  0.00
642	11	18	v	 0	 2	10	 2	 2	 0	 1	 0	 1	 1	 0	 2	 1	 0	794.32	  0.00
643	11	18	v	 0	 2	10	 1	 1	 1	 1	 1	 1	 1	 0	 2	 2	 1	1567.99	  0.00
644	11	18	v	 0	 2	10	 1	 1	 0	 1	 0	 1	 1	 0	 2	 2	 1	475.25	  0.00
645	11	18	v	 0	 2	10	 3	 2	 1	 1	 1	 1	 1	 0	 1	 1	 1	585.11	  0.00
646	11	18	v	 0	 2	10	 3	 2	 0	 1	 1	 1	 1	 0	 1	 1	 1	766.81	  0.00
647	11	18	v	 0	 2	10	 0	 1	 2	 2	 0	 1	 1	 0	 1	 1	 1	540.19	  0.00
648	11	18	v	 0	 2	10	 3	 2	 3	 2	 0	 1	 1	 0	 1	 1	 1	689.95	  0.00
649	11	18	v	 0	 2	10	 1	 1	 3	 2	 0	 1	 1	 0	 1	 1	 1	679.48	  0.00
650	11	18	v	 0	 2	10	 1	 1	 1	 1	 0	 1	 1	 0	 2	 2	 1	701.00	  0.00
651	11	18	v	 0	 2	10	 2	 2	 2	 2	 0	 1	 1	 0	 1	 2	 0	545.58	  0.00
652	11	18	v	 0	 2	10	 3	 2	 3	 2	 0	 1	 1	 0	 1	 1	 1	943.33	  0.00
653	11	18	v	 0	 2	10	 1	 1	 2	 2	 0	 1	 1	 0	 1	 1	 1	524.46	  0.00
654	11	18	v	 0	 2	10	 3	 2	 2	 2	 1	 1	 1	 0	 1	 1	 1	690.31	  0.00
655	11	18	v	 0	 2	10	 2	 2	 2	 2	 1	 1	 1	 0	 1	 1	 1	439.81	  0.00
656	11	18	v	 0	 2	10	 3	 2	 1	 1	 1	 1	 1	 0	 1	 1	 1	389.68	  0.00
657	11	18	v	 0	 2	10	 2	 2	 2	 2	 0	 1	 1	 0	 1	 2	 0	554.63	  0.00
658	11	18	v	 0	 2	10	 1	 1	 2	 2	 0	 1	 1	 0	 1	 1	 1	680.28	  0.00
659	11	18	v	 0	 2	10	 0	 1	 2	 2	 1	 1	 1	 0	 2	 2	 1	581.91	  0.00
660	11	18	v	 0	 2	10	 2	 2	 1	 1	 0	 1	 1	 0	 2	 2	 1	571.56	  0.00
661	11	18	v	 0	 2	10	 0	 1	 0	 1	 1	 1	 1	 0	 2	 2	 1	504.22	  0.00
662	11	18	v	 0	 2	10	 2	 2	 3	 2	 0	 1	 1	 0	 1	 1	 1	503.10	  0.00
663	11	18	v	 0	 2	10	 1	 1	 3	 2	 0	 1	 1	 0	 1	 1	 1	444.89	  0.00
664	11	18	v	 0	 2	10	 1	 1	 2	 2	 1	 1	 1	 0	 2	 2	 1	498.80	  0.00
665	11	18	v	 0	 2	10	 0	 1	 3	 2	 0	 1	 1	 0	 1	 1	 1	567.63	  0.00
666	11	18	v	 0	 2	10	 3	 2	 0	 1	 1	 1	 1	 0	 1	 1	 1	629.35	  0.00
667	11	18	v	 0	 2	10	 0	 1	 2	 2	 0	 1	 1	 0	 1	 1	 1	746.85	  0.00
668	11	18	v	 0	 2	10	 0	 1	 1	 1	 0	 1	 1	 0	 2	 2	 1	696.34	  0.00
669	11	18	v	 0	 2	10	 0	 1	 3	 2	 1	 1	 1	 0	 2	 2	 1	781.92	  0.00
670	11	18	v	 0	 2	10	 1	 1	 0	 1	 0	 1	 1	 0	 2	 2	 1	491.31	  0.00
671	11	18	v	 0	 2	10	 0	 1	 1	 1	 0	 1	 1	 0	 2	 2	 1	448.10	  0.00
672	11	18	v	 0	 2	10	 2	 2	 3	 2	 0	 1	 1	 0	 1	 1	 1	637.90	  0.00
673	11	18	v	 0	 2	10	 3	 2	 2	 2	 1	 1	 1	 0	 1	 1	 1	707.33	  0.00
674	11	18	v	 0	 2	10	 2	 2	 0	 1	 1	 1	 1	 0	 1	 1	 1	521.07	  0.00
675	11	18	v	 0	 2	10	 3	 2	 1	 1	 0	 1	 1	 0	 2	 2	 1	814.74	  0.00
676	11	18	v	 0	 2	10	 2	 2	 1	 1	 0	 1	 1	 0	 2	 2	 1	739.71	  0.00
677	11	18	v	 0	 2	10	 0	 1	 3	 2	 0	 1	 1	 0	 1	 1	 1	384.65	  0.00
678	11	18	v	 0	 2	10	 1	 1	 3	 2	 1	 1	 1	 0	 2	 1	 0	662.57	  0.00
679	11	18	v	 0	 2	10	 3	 2	 0	 1	 0	 1	 1	 0	 2	 1	 0	604.24	  0.00
680	11	18	v	 0	 2	10	 3	 2	 3	 2	 1	 1	 1	 0	 1	 2	 0	945.93	  0.00
681	11	18	v	 0	 2	10	 1	 1	 0	 1	 1	 1	 1	 0	 2	 2	 1	631.13	  0.00
682	11	18	v	 0	 2	10	 3	 2	 0	 1	 0	 1	 1	 0	 2	 2	 1	739.86	  0.00
683	11	18	v	 0	 2	10	 2	 2	 2	 2	 1	 1	 1	 0	 1	 1	 1	937.29	  0.00
684	11	18	v	 0	 2	10	 0	 1	 1	 1	 1	 1	 1	 0	 2	 2	 1	566.23	  0.00
685	11	18	v	 0	 2	10	 1	 1	 3	 2	 1	 1	 1	 0	 2	 2	 1	723.95	  0.00
686	11	18	v	 0	 2	10	 3	 2	 2	 2	 0	 1	 1	 0	 1	 1	 1	665.41	  0.00
687	11	18	v	 0	 2	10	 2	 2	 0	 1	 1	 1	 1	 0	 1	 1	 1	647.12	  0.00
688	11	18	v	 0	 2	10	 3	 2	 2	 2	 0	 1	 1	 0	 1	 1	 1	620.65	  0.00
689	11	18	v	 0	 2	10	 0	 1	 0	 1	 0	 1	 1	 0	 2	 2	 1	898.32	  0.00
690	11	18	v	 0	 2	10	 1	 1	 1	 1	 0	 1	 1	 0	 2	 2	 1	582.48	  0.00
691	11	18	v	 0	 2	10	 2	 2	 1	 1	 1	 1	 1	 0	 1	 2	 0	515.35	  0.00
692	11	18	v	 0	 2	10	 1	 1	 1	 1	 1	 1	 1	 0	 2	 2	 1	610.04	  0.00
693	11	18	v	 0	 2	10	 0	 1	 2	 2	 1	 1	 1	 0	 2	 2	 1	479.78	  0.00
694	11	18	v	 0	 2	10	 0	 1	 0	 1	 1	 1	 1	 0	 2	 2	 1	389.53	  0.00
695	11	18	v	 0	 2	10	 0	 1	 3	 2	 1	 1	 1	 0	 2	 1	 0	434.80	  0.00
696	11	18	v	 0	 2	10	 1	 1	 0	 1	 1	 1	 1	 0	 2	 2	 1	649.34	  0.00
697	11	18	v	 0	 2	10	 2	 2	 1	 1	 1	 1	 1	 0	 1	 1	 1	517.47	  0.00
698	11	18	v	 0	 2	10	 2	 2	 3	 2	 1	 1	 1	 0	 1	 1	 1	499.74	  0.00
699	11	18	v	 0	 2	10	 2	 2	 0	 1	 0	 1	 1	 0	 2	 2	 1	665.52	  0.00
700	11	18	v	 0	 2	10	 2	 2	 3	 2	 1	 1	 1	 0	 1	 2	 0	503.15	  0.00
701	11	18	v	 0	 2	10	 1	 1	 2	 2	 1	 1	 1	 0	 2	 2	 1	1092.98	  0.00
702	11	18	v	 0	 2	10	 0	 1	 0	 1	 0	 1	 1	 0	 2	 2	 1	616.82	  0.00
703	11	18	v	 0	 2	10	 3	 2	 1	 1	 0	 1	 1	 0	 2	 2	 1	630.54	  0.00
704	11	18	v	 0	 2	11	 1	 1	 0	 1	 0	 1	 1	 0	 2	 2	 1	633.66	  0.00
705	11	18	v	 0	 2	11	 0	 1	 3	 2	 0	 1	 1	 0	 1	 1	 1	670.84	  0.00
706	11	18	v	 0	 2	11	 0	 1	 1	 1	 1	 1	 1	 0	 2	 2	 1	684.76	  0.00
707	11	18	v	 0	 2	11	 1	 1	 3	 2	 1	 1	 1	 0	 2	 2	 1	466.99	  0.00
708	11	18	v	 0	 2	11	 0	 1	 2	 2	 0	 1	 1	 0	 1	 1	 1	753.29	  0.00
709	11	18	v	 0	 2	11	 2	 2	 2	 2	 1	 1	 1	 0	 1	 1	 1	390.98	  0.00
710	11	18	v	 0	 2	11	 3	 2	 3	 2	 0	 1	 1	 0	 1	 1	 1	637.61	  0.00
711	11	18	v	 0	 2	11	 1	 1	 2	 2	 0	 1	 1	 0	 1	 1	 1	619.74	  0.00
712	11	18	v	 0	 2	11	 0	 1	 3	 2	 1	 1	 1	 0	 2	 2	 1	705.94	  0.00
713	11	18	v	 0	 2	11	 3	 2	 0	 1	 1	 1	 1	 0	 1	 1	 1	574.93	  0.00
714	11	18	v	 0	 2	11	 0	 1	 1	 1	 0	 1	 1	 0	 2	 2	 1	693.03	  0.00
715	11	18	v	 0	 2	11	 1	 1	 0	 1	 1	 1	 1	 0	 2	 2	 1	443.11	  0.00
716	11	18	v	 0	 2	11	 0	 1	 3	 2	 1	 1	 1	 0	 2	 2	 1	489.51	  0.00
717	11	18	v	 0	 2	11	 1	 1	 3	 2	 0	 1	 1	 0	 1	 1	 1	703.84	  0.00
718	11	18	v	 0	 2	11	 2	 2	 3	 2	 1	 1	 1	 0	 1	 1	 1	389.85	  0.00
719	11	18	v	 0	 2	11	 2	 2	 1	 1	 0	 1	 1	 0	 2	 1	 0	1044.34	  0.00
720	11	18	v	 0	 2	11	 3	 2	 0	 1	 1	 1	 1	 0	 1	 1	 1	521.83	  0.00
721	11	18	v	 0	 2	11	 3	 2	 0	 1	 0	 1	 1	 0	 2	 2	 1	776.07	  0.00
722	11	18	v	 0	 2	11	 2	 2	 2	 2	 0	 1	 1	 0	 1	 1	 1	548.89	  0.00
723	11	18	v	 0	 2	11	 0	 1	 3	 2	 0	 1	 1	 0	 1	 1	 1	651.18	  0.00
724	11	18	v	 0	 2	11	 2	 2	 2	 2	 0	 1	 1	 0	 1	 1	 1	489.28	  0.00
725	11	18	v	 0	 2	11	 0	 1	 0	 1	 1	 1	 1	 0	 2	 2	 1	607.68	  0.00
726	11	18	v	 0	 2	11	 1	 1	 0	 1	 1	 1	 1	 0	 2	 2	 1	637.65	  0.00
727	11	18	v	 0	 2	11	 3	 2	 2	 2	 0	 1	 1	 0	 1	 2	 0	723.82	  0.00
728	11	18	v	 0	 2	11	 1	 1	 0	 1	 0	 1	 1	 0	 2	 2	 1	633.76	  0.00
729	11	18	v	 0	 2	11	 2	 2	 1	 1	 1	 1	 1	 0	 1	 1	 1	703.88	  0.00
730	11	18	v	 0	 2	11	 0	 1	 2	 2	 1	 1	 1	 0	 2	 2	 1	684.89	  0.00
731	11	18	v	 0	 2	11	 1	 1	 1	 1	 1	 1	 1	 0	 2	 2	 1	1298.90	  0.00
732	11	18	v	 0	 2	11	 2	 2	 3	 2	 0	 1	 1	 0	 1	 1	 1	624.15	  0.00
733	11	18	v	 0	 2	11	 3	 2	 1	 1	 0	 1	 1	 0	 2	 2	 1	630.23	  0.00
734	11	18	v	 0	 2	11	 2	 2	 3	 2	 0	 1	 1	 0	 1	 1	 1	644.33	  0.00
735	11	18	v	 0	 2	11	 2	 2	 0	 1	 0	 1	 1	 0	 2	 2	 1	754.55	  0.00
736	11	18	v	 0	 2	11	 3	 2	 1	 1	 1	 1	 1	 0	 1	 1	 1	720.46	  0.00
737	11	18	v	 0	 2	11	 1	 1	 1	 1	 0	 1	 1	 0	 2	 2	 1	638.35	  0.00
738	11	18	v	 0	 2	11	 3	 2	 0	 1	 0	 1	 1	 0	 2	 2	 1	531.52	  0.00
739	11	18	v	 0	 2	11	 2	 2	 0	 1	 1	 1	 1	 0	 1	 1	 1	705.34	  0.00
740	11	18	v	 0	 2	11	 3	 2	 2	 2	 1	 1	 1	 0	 1	 1	 1	863.85	  0.00
741	11	18	v	 0	 2	11	 3	 2	 1	 1	 0	 1	 1	 0	 2	 2	 1	565.57	  0.00
742	11	18	v	 0	 2	11	 1	 1	 1	 1	 0	 1	 1	 0	 2	 2	 1	435.75	  0.00
743	11	18	v	 0	 2	11	 3	 2	 2	 2	 1	 1	 1	 0	 1	 2	 0	570.20	  0.00
744	11	18	v	 0	 2	11	 2	 2	 3	 2	 1	 1	 1	 0	 1	 1	 1	703.42	  0.00
745	11	18	v	 0	 2	11	 0	 1	 2	 2	 0	 1	 1	 0	 1	 1	 1	1477.44	  0.00
746	11	18	v	 0	 2	11	 0	 1	 0	 1	 0	 1	 1	 0	 2	 2	 1	610.30	  0.00
747	11	18	v	 0	 2	11	 0	 1	 1	 1	 1	 1	 1	 0	 2	 2	 1	1072.55	  0.00
748	11	18	v	 0	 2	11	 2	 2	 2	 2	 1	 1	 1	 0	 1	 1	 1	533.96	  0.00
749	11	18	v	 0	 2	11	 2	 2	 0	 1	 1	 1	 1	 0	 1	 1	 1	651.92	  0.00
750	11	18	v	 0	 2	11	 1	 1	 3	 2	 0	 1	 1	 0	 1	 1	 1	754.13	  0.00
751	11	18	v	 0	 2	11	 3	 2	 1	 1	 1	 1	 1	 0	 1	 1	 1	544.06	  0.00
752	11	18	v	 0	 2	11	 0	 1	 1	 1	 0	 1	 1	 0	 2	 2	 1	693.50	  0.00
753	11	18	v	 0	 2	11	 0	 1	 0	 1	 1	 1	 1	 0	 2	 1	 0	619.44	  0.00
754	11	18	v	 0	 2	11	 2	 2	 1	 1	 1	 1	 1	 0	 1	 2	 0	545.58	  0.00
755	11	18	v	 0	 2	11	 1	 1	 2	 2	 1	 1	 1	 0	 2	 2	 1	623.76	  0.00
756	11	18	v	 0	 2	11	 0	 1	 0	 1	 0	 1	 1	 0	 2	 2	 1	1069.89	  0.00
757	11	18	v	 0	 2	11	 3	 2	 2	 2	 0	 1	 1	 0	 1	 1	 1	715.35	  0.00
758	11	18	v	 0	 2	11	 3	 2	 3	 2	 1	 1	 1	 0	 1	 1	 1	641.31	  0.00
759	11	18	v	 0	 2	11	 0	 1	 2	 2	 1	 1	 1	 0	 2	 2	 1	479.61	  0.00
760	11	18	v	 0	 2	11	 3	 2	 3	 2	 1	 1	 1	 0	 1	 1	 1	557.64	  0.00
761	11	18	v	 0	 2	11	 1	 1	 2	 2	 1	 1	 1	 0	 2	 2	 1	530.93	  0.00
762	11	18	v	 0	 2	11	 3	 2	 3	 2	 0	 1	 1	 0	 1	 1	 1	633.38	  0.00
763	11	18	v	 0	 2	11	 1	 1	 1	 1	 1	 1	 1	 0	 2	 2	 1	463.42	  0.00
764	11	18	v	 0	 2	11	 2	 2	 0	 1	 0	 1	 1	 0	 2	 2	 1	541.68	  0.00
765	11	18	v	 0	 2	11	 2	 2	 1	 1	 0	 1	 1	 0	 2	 2	 1	499.91	  0.00
766	11	18	v	 0	 2	11	 1	 1	 3	 2	 1	 1	 1	 0	 2	 1	 0	746.25	  0.00
767	11	18	v	 0	 2	11	 1	 1	 2	 2	 0	 1	 1	 0	 1	 1	 1	1263.41	  0.00
768	11	18	v	 0	 2	12	 2	 2	 0	 1	 0	 1	 1	 0	 2	 2	 1	820.37	  0.00
769	11	18	v	 0	 2	12	 1	 1	 1	 1	 1	 1	 1	 0	 2	 2	 1	746.05	  0.00
770	11	18	v	 0	 2	12	 1	 1	 3	 2	 0	 1	 1	 0	 1	 1	 1	608.03	  0.00
771	11	18	v	 0	 2	12	 1	 1	 0	 1	 0	 1	 1	 0	 2	 2	 1	566.29	  0.00
772	11	18	v	 0	 2	12	 0	 1	 3	 2	 1	 1	 1	 0	 2	 2	 1	476.53	  0.00
773	11	18	v	 0	 2	12	 3	 2	 3	 2	 0	 1	 1	 0	 1	 1	 1	754.91	  0.00
774	11	18	v	 0	 2	12	 0	 1	 3	 2	 0	 1	 1	 0	 1	 1	 1	688.73	  0.00
775	11	18	v	 0	 2	12	 0	 1	 1	 1	 0	 1	 1	 0	 2	 2	 1	814.77	  0.00
776	11	18	v	 0	 2	12	 0	 1	 1	 1	 1	 1	 1	 0	 2	 1	 0	619.73	  0.00
777	11	18	v	 0	 2	12	 1	 1	 2	 2	 1	 1	 1	 0	 2	 2	 1	681.81	  0.00
778	11	18	v	 0	 2	12	 1	 1	 2	 2	 1	 1	 1	 0	 2	 2	 1	383.73	  0.00
779	11	18	v	 0	 2	12	 1	 1	 3	 2	 0	 1	 1	 0	 1	 1	 1	702.23	  0.00
780	11	18	v	 0	 2	12	 1	 1	 1	 1	 0	 1	 1	 0	 2	 2	 1	836.19	  0.00
781	11	18	v	 0	 2	12	 1	 1	 3	 2	 1	 1	 1	 0	 2	 1	 0	650.06	  0.00
782	11	18	v	 0	 2	12	 2	 2	 1	 1	 1	 1	 1	 0	 1	 1	 1	536.23	  0.00
783	11	18	v	 0	 2	12	 1	 1	 1	 1	 1	 1	 1	 0	 2	 2	 1	590.20	  0.00
784	11	18	v	 0	 2	12	 3	 2	 2	 2	 0	 1	 1	 0	 1	 1	 1	740.63	  0.00
785	11	18	v	 0	 2	12	 2	 2	 2	 2	 0	 1	 1	 0	 1	 1	 1	569.47	  0.00
786	11	18	v	 0	 2	12	 1	 1	 2	 2	 0	 1	 1	 0	 1	 1	 1	407.68	  0.00
787	11	18	v	 0	 2	12	 2	 2	 3	 2	 1	 1	 1	 0	 1	 1	 1	654.15	  0.00
788	11	18	v	 0	 2	12	 0	 1	 2	 2	 0	 1	 1	 0	 1	 1	 1	540.24	  0.00
789	11	18	v	 0	 2	12	 2	 2	 3	 2	 0	 1	 1	 0	 1	 1	 1	978.42	  0.00
790	11	18	v	 0	 2	12	 2	 2	 1	 1	 0	 1	 1	 0	 2	 2	 1	591.95	  0.00
791	11	18	v	 0	 2	12	 3	 2	 0	 1	 0	 1	 1	 0	 2	 2	 1	766.20	  0.00
792	11	18	v	 0	 2	12	 2	 2	 3	 2	 1	 1	 1	 0	 1	 1	 1	635.22	  0.00
793	11	18	v	 0	 2	12	 2	 2	 2	 2	 1	 1	 1	 0	 1	 1	 1	473.25	  0.00
794	11	18	v	 0	 2	12	 2	 2	 1	 1	 1	 1	 1	 0	 1	 1	 1	407.45	  0.00
795	11	18	v	 0	 2	12	 0	 1	 3	 2	 1	 1	 1	 0	 2	 2	 1	510.01	  0.00
796	11	18	v	 0	 2	12	 3	 2	 0	 1	 1	 1	 1	 0	 1	 1	 1	508.33	  0.00
797	11	18	v	 0	 2	12	 0	 1	 2	 2	 1	 1	 1	 0	 2	 2	 1	634.61	  0.00
798	11	18	v	 0	 2	12	 2	 2	 0	 1	 1	 1	 1	 0	 1	 1	 1	448.68	  0.00
799	11	18	v	 0	 2	12	 2	 2	 0	 1	 1	 1	 1	 0	 1	 1	 1	815.12	  0.00
800	11	18	v	 0	 2	12	 3	 2	 0	 1	 0	 1	 1	 0	 2	 2	 1	612.88	  0.00
801	11	18	v	 0	 2	12	 3	 2	 2	 2	 0	 1	 1	 0	 1	 1	 1	538.14	  0.00
802	11	18	v	 0	 2	12	 0	 1	 0	 1	 1	 1	 1	 0	 2	 2	 1	952.22	  0.00
803	11	18	v	 0	 2	12	 3	 2	 1	 1	 1	 1	 1	 0	 1	 1	 1	557.96	  0.00
804	11	18	v	 0	 2	12	 3	 2	 1	 1	 0	 1	 1	 0	 2	 2	 1	644.04	  0.00
805	11	18	v	 0	 2	12	 0	 1	 1	 1	 0	 1	 1	 0	 2	 2	 1	738.28	  0.00
806	11	18	v	 0	 2	12	 3	 2	 3	 2	 1	 1	 1	 0	 1	 1	 1	568.23	  0.00
807	11	18	v	 0	 2	12	 2	 2	 0	 1	 0	 1	 1	 0	 2	 2	 1	1046.42	  0.00
808	11	18	v	 0	 2	12	 1	 1	 1	 1	 0	 1	 1	 0	 2	 2	 1	611.87	  0.00
809	11	18	v	 0	 2	12	 3	 2	 0	 1	 1	 1	 1	 0	 1	 1	 1	560.84	  0.00
810	11	18	v	 0	 2	12	 2	 2	 3	 2	 0	 1	 1	 0	 1	 1	 1	1231.36	  0.00
811	11	18	v	 0	 2	12	 0	 1	 2	 2	 1	 1	 1	 0	 2	 2	 1	1316.37	  0.00
812	11	18	v	 0	 2	12	 0	 1	 0	 1	 0	 1	 1	 0	 2	 2	 1	1169.65	  0.00
813	11	18	v	 0	 2	12	 1	 1	 0	 1	 1	 1	 1	 0	 2	 2	 1	1151.12	  0.00
814	11	18	v	 0	 2	12	 0	 1	 0	 1	 1	 1	 1	 0	 2	 2	 1	436.43	  0.00
815	11	18	v	 0	 2	12	 0	 1	 3	 2	 0	 1	 1	 0	 1	 1	 1	666.81	  0.00
816	11	18	v	 0	 2	12	 3	 2	 3	 2	 0	 1	 1	 0	 1	 1	 1	599.92	  0.00
817	11	18	v	 0	 2	12	 1	 1	 0	 1	 0	 1	 1	 0	 2	 2	 1	830.12	  0.00
818	11	18	v	 0	 2	12	 1	 1	 2	 2	 0	 1	 1	 0	 1	 1	 1	635.82	  0.00
819	11	18	v	 0	 2	12	 3	 2	 2	 2	 1	 1	 1	 0	 1	 1	 1	714.14	  0.00
820	11	18	v	 0	 2	12	 3	 2	 3	 2	 1	 1	 1	 0	 1	 1	 1	455.81	  0.00
821	11	18	v	 0	 2	12	 2	 2	 1	 1	 0	 1	 1	 0	 2	 2	 1	1204.36	  0.00
822	11	18	v	 0	 2	12	 2	 2	 2	 2	 1	 1	 1	 0	 1	 1	 1	515.71	  0.00
823	11	18	v	 0	 2	12	 0	 1	 0	 1	 0	 1	 1	 0	 2	 2	 1	712.95	  0.00
824	11	18	v	 0	 2	12	 0	 1	 1	 1	 1	 1	 1	 0	 2	 2	 1	406.89	  0.00
825	11	18	v	 0	 2	12	 0	 1	 2	 2	 0	 1	 1	 0	 1	 1	 1	589.24	  0.00
826	11	18	v	 0	 2	12	 2	 2	 2	 2	 0	 1	 1	 0	 1	 1	 1	437.46	  0.00
827	11	18	v	 0	 2	12	 3	 2	 2	 2	 1	 1	 1	 0	 1	 1	 1	841.68	  0.00
828	11	18	v	 0	 2	12	 1	 1	 0	 1	 1	 1	 1	 0	 2	 2	 1	639.82	  0.00
829	11	18	v	 0	 2	12	 3	 2	 1	 1	 0	 1	 1	 0	 2	 2	 1	1189.73	  0.00
830	11	18	v	 0	 2	12	 3	 2	 1	 1	 1	 1	 1	 0	 1	 1	 1	642.25	  0.00
831	11	18	v	 0	 2	12	 1	 1	 3	 2	 1	 1	 1	 0	 2	 2	 1	576.17	  0.00
832	11	18	v	 0	 2	13	 0	 1	 2	 2	 0	 1	 1	 0	 1	 1	 1	1094.42	  0.00
833	11	18	v	 0	 2	13	 1	 1	 0	 1	 0	 1	 1	 0	 2	 2	 1	667.81	  0.00
834	11	18	v	 0	 2	13	 0	 1	 2	 2	 0	 1	 1	 0	 1	 1	 1	657.53	  0.00
835	11	18	v	 0	 2	13	 0	 1	 3	 2	 0	 1	 1	 0	 1	 1	 1	871.92	  0.00
836	11	18	v	 0	 2	13	 2	 2	 2	 2	 0	 1	 1	 0	 1	 1	 1	741.61	  0.00
837	11	18	v	 0	 2	13	 3	 2	 2	 2	 1	 1	 1	 0	 1	 1	 1	643.67	  0.00
838	11	18	v	 0	 2	13	 0	 1	 1	 1	 1	 1	 1	 0	 2	 2	 1	545.76	  0.00
839	11	18	v	 0	 2	13	 0	 1	 3	 2	 0	 1	 1	 0	 1	 1	 1	678.99	  0.00
840	11	18	v	 0	 2	13	 0	 1	 1	 1	 0	 1	 1	 0	 2	 2	 1	764.95	  0.00
841	11	18	v	 0	 2	13	 3	 2	 1	 1	 1	 1	 1	 0	 1	 1	 1	586.99	  0.00
842	11	18	v	 0	 2	13	 1	 1	 2	 2	 0	 1	 1	 0	 1	 1	 1	569.02	  0.00
843	11	18	v	 0	 2	13	 1	 1	 0	 1	 0	 1	 1	 0	 2	 2	 1	759.26	  0.00
844	11	18	v	 0	 2	13	 2	 2	 0	 1	 1	 1	 1	 0	 1	 1	 1	557.11	  0.00
845	11	18	v	 0	 2	13	 1	 1	 3	 2	 0	 1	 1	 0	 1	 1	 1	707.47	  0.00
846	11	18	v	 0	 2	13	 0	 1	 1	 1	 0	 1	 1	 0	 2	 2	 1	680.55	  0.00
847	11	18	v	 0	 2	13	 1	 1	 3	 2	 1	 1	 1	 0	 2	 2	 1	406.54	  0.00
848	11	18	v	 0	 2	13	 0	 1	 2	 2	 1	 1	 1	 0	 2	 2	 1	604.96	  0.00
849	11	18	v	 0	 2	13	 2	 2	 3	 2	 1	 1	 1	 0	 1	 1	 1	451.14	  0.00
850	11	18	v	 0	 2	13	 2	 2	 2	 2	 1	 1	 1	 0	 1	 1	 1	489.58	  0.00
851	11	18	v	 0	 2	13	 2	 2	 3	 2	 1	 1	 1	 0	 1	 1	 1	479.17	  0.00
852	11	18	v	 0	 2	13	 3	 2	 3	 2	 0	 1	 1	 0	 1	 1	 1	590.19	  0.00
853	11	18	v	 0	 2	13	 3	 2	 0	 1	 0	 1	 1	 0	 2	 2	 1	692.31	  0.00
854	11	18	v	 0	 2	13	 0	 1	 2	 2	 1	 1	 1	 0	 2	 2	 1	666.33	  0.00
855	11	18	v	 0	 2	13	 3	 2	 2	 2	 0	 1	 1	 0	 1	 2	 0	559.50	  0.00
856	11	18	v	 0	 2	13	 2	 2	 1	 1	 1	 1	 1	 0	 1	 1	 1	701.59	  0.00
857	11	18	v	 0	 2	13	 1	 1	 1	 1	 0	 1	 1	 0	 2	 2	 1	1083.65	  0.00
858	11	18	v	 0	 2	13	 1	 1	 0	 1	 1	 1	 1	 0	 2	 1	 0	673.03	  0.00
859	11	18	v	 0	 2	13	 2	 2	 1	 1	 1	 1	 1	 0	 1	 1	 1	487.27	  0.00
860	11	18	v	 0	 2	13	 2	 2	 3	 2	 0	 1	 1	 0	 1	 1	 1	837.50	  0.00
861	11	18	v	 0	 2	13	 1	 1	 3	 2	 1	 1	 1	 0	 2	 2	 1	482.49	  0.00
862	11	18	v	 0	 2	13	 0	 1	 0	 1	 0	 1	 1	 0	 2	 2	 1	601.64	  0.00
863	11	18	v	 0	 2	13	 0	 1	 0	 1	 1	 1	 1	 0	 2	 2	 1	623.86	  0.00
864	11	18	v	 0	 2	13	 1	 1	 1	 1	 1	 1	 1	 0	 2	 2	 1	516.97	  0.00
865	11	18	v	 0	 2	13	 2	 2	 1	 1	 0	 1	 1	 0	 2	 2	 1	715.22	  0.00
866	11	18	v	 0	 2	13	 3	 2	 0	 1	 1	 1	 1	 0	 1	 2	 0	545.14	  0.00
867	11	18	v	 0	 2	13	 2	 2	 0	 1	 1	 1	 1	 0	 1	 1	 1	493.28	  0.00
868	11	18	v	 0	 2	13	 3	 2	 2	 2	 0	 1	 1	 0	 1	 1	 1	573.75	  0.00
869	11	18	v	 0	 2	13	 1	 1	 2	 2	 1	 1	 1	 0	 2	 2	 1	675.62	  0.00
870	11	18	v	 0	 2	13	 3	 2	 3	 2	 1	 1	 1	 0	 1	 2	 0	553.95	  0.00
871	11	18	v	 0	 2	13	 1	 1	 3	 2	 0	 1	 1	 0	 1	 2	 0	543.89	  0.00
872	11	18	v	 0	 2	13	 2	 2	 0	 1	 0	 1	 1	 0	 2	 2	 1	629.57	  0.00
873	11	18	v	 0	 2	13	 1	 1	 2	 2	 1	 1	 1	 0	 2	 1	 0	739.60	  0.00
874	11	18	v	 0	 2	13	 3	 2	 1	 1	 0	 1	 1	 0	 2	 2	 1	1037.52	  0.00
875	11	18	v	 0	 2	13	 0	 1	 0	 1	 0	 1	 1	 0	 2	 2	 1	494.96	  0.00
876	11	18	v	 0	 2	13	 3	 2	 0	 1	 1	 1	 1	 0	 1	 1	 1	549.27	  0.00
877	11	18	v	 0	 2	13	 3	 2	 3	 2	 0	 1	 1	 0	 1	 1	 1	787.42	  0.00
878	11	18	v	 0	 2	13	 1	 1	 1	 1	 1	 1	 1	 0	 2	 2	 1	521.30	  0.00
879	11	18	v	 0	 2	13	 3	 2	 2	 2	 1	 1	 1	 0	 1	 2	 0	846.88	  0.00
880	11	18	v	 0	 2	13	 3	 2	 3	 2	 1	 1	 1	 0	 1	 1	 1	604.51	  0.00
881	11	18	v	 0	 2	13	 3	 2	 1	 1	 0	 1	 1	 0	 2	 2	 1	834.48	  0.00
882	11	18	v	 0	 2	13	 0	 1	 3	 2	 1	 1	 1	 0	 2	 2	 1	1440.46	  0.00
883	11	18	v	 0	 2	13	 2	 2	 0	 1	 0	 1	 1	 0	 2	 2	 1	789.45	  0.00
884	11	18	v	 0	 2	13	 2	 2	 3	 2	 0	 1	 1	 0	 1	 1	 1	427.27	  0.00
885	11	18	v	 0	 2	13	 3	 2	 0	 1	 0	 1	 1	 0	 2	 1	 0	425.59	  0.00
886	11	18	v	 0	 2	13	 3	 2	 1	 1	 1	 1	 1	 0	 1	 1	 1	744.06	  0.00
887	11	18	v	 0	 2	13	 2	 2	 2	 2	 0	 1	 1	 0	 1	 1	 1	613.09	  0.00
888	11	18	v	 0	 2	13	 0	 1	 3	 2	 1	 1	 1	 0	 2	 2	 1	1003.21	  0.00
889	11	18	v	 0	 2	13	 2	 2	 2	 2	 1	 1	 1	 0	 1	 1	 1	712.77	  0.00
890	11	18	v	 0	 2	13	 0	 1	 0	 1	 1	 1	 1	 0	 2	 2	 1	630.81	  0.00
891	11	18	v	 0	 2	13	 1	 1	 2	 2	 0	 1	 1	 0	 1	 1	 1	1284.87	  0.00
892	11	18	v	 0	 2	13	 1	 1	 0	 1	 1	 1	 1	 0	 2	 2	 1	1737.96	  0.00
893	11	18	v	 0	 2	13	 2	 2	 1	 1	 0	 1	 1	 0	 2	 2	 1	853.60	  0.00
894	11	18	v	 0	 2	13	 1	 1	 1	 1	 0	 1	 1	 0	 2	 2	 1	667.38	  0.00
895	11	18	v	 0	 2	13	 0	 1	 1	 1	 1	 1	 1	 0	 2	 2	 1	1049.18	  0.00
