00	16	18	v	 0	 1	 0	 3	 2	 3	 2	 0	 0	 1	 0	 2	 2	 1	482.06	  0.00
01	16	18	v	 0	 1	 0	 0	 1	 2	 2	 1	 0	 1	 0	 1	 2	 0	375.84	  0.00
02	16	18	v	 0	 1	 0	 2	 2	 3	 2	 0	 0	 1	 0	 2	 2	 1	367.93	  0.00
03	16	18	v	 0	 1	 0	 0	 1	 1	 1	 0	 0	 1	 0	 1	 1	 1	275.11	  0.00
04	16	18	v	 0	 1	 0	 0	 1	 0	 1	 0	 0	 1	 0	 1	 1	 1	463.17	  0.00
05	16	18	v	 0	 1	 0	 3	 2	 3	 2	 0	 0	 1	 0	 2	 2	 1	370.16	  0.00
06	16	18	v	 0	 1	 0	 0	 1	 0	 1	 0	 0	 1	 0	 1	 1	 1	301.72	  0.00
07	16	18	v	 0	 1	 0	 0	 1	 3	 2	 0	 0	 1	 0	 1	 1	 1	432.18	  0.00
08	16	18	v	 0	 1	 0	 0	 1	 0	 1	 1	 0	 1	 0	 1	 2	 0	646.15	  0.00
09	16	18	v	 0	 1	 0	 1	 1	 3	 2	 0	 0	 1	 0	 1	 1	 1	398.60	  0.00
10	16	18	v	 0	 1	 0	 2	 2	 1	 1	 1	 0	 1	 0	 2	 2	 1	511.01	  0.00
11	16	18	v	 0	 1	 0	 2	 2	 0	 1	 1	 0	 1	 0	 2	 2	 1	420.88	  0.00
12	16	18	v	 0	 1	 0	 1	 1	 2	 2	 0	 0	 1	 0	 1	 2	 0	402.81	  0.00
13	16	18	v	 0	 1	 0	 3	 2	 1	 1	 1	 0	 1	 0	 2	 2	 1	424.78	  0.00
14	16	18	v	 0	 1	 0	 1	 1	 2	 2	 1	 0	 1	 0	 1	 1	 1	277.70	  0.00
15	16	18	v	 0	 1	 0	 3	 2	 1	 1	 0	 0	 1	 0	 2	 2	 1	427.81	  0.00
16	16	18	v	 0	 1	 0	 3	 2	 2	 2	 1	 0	 1	 0	 2	 2	 1	449.66	  0.00
17	16	18	v	 0	 1	 0	 1	 1	 1	 1	 0	 0	 1	 0	 1	 1	 1	327.53	  0.00
18	16	18	v	 0	 1	 0	 0	 1	 3	 2	 0	 0	 1	 0	 1	 1	 1	421.59	  0.00
19	16	18	v	 0	 1	 0	 1	 1	 1	 1	 0	 0	 1	 0	 1	 1	 1	395.56	  0.00
20	16	18	v	 0	 1	 0	 1	 1	 0	 1	 1	 0	 1	 0	 1	 1	 1	393.48	  0.00
21	16	18	v	 0	 1	 0	 1	 1	 2	 2	 0	 0	 1	 0	 1	 1	 1	390.51	  0.00
22	16	18	v	 0	 1	 0	 1	 1	 0	 1	 1	 0	 1	 0	 1	 1	 1	364.02	  0.00
23	16	18	v	 0	 1	 0	 3	 2	 1	 1	 0	 0	 1	 0	 2	 2	 1	514.25	  0.00
24	16	18	v	 0	 1	 0	 0	 1	 2	 2	 0	 0	 1	 0	 1	 1	 1	336.04	  0.00
25	16	18	v	 0	 1	 0	 1	 1	 1	 1	 1	 0	 1	 0	 1	 1	 1	309.94	  0.00
26	16	18	v	 0	 1	 0	 3	 2	 0	 1	 1	 0	 1	 0	 2	 2	 1	492.20	  0.00
27	16	18	v	 0	 1	 0	 0	 1	 3	 2	 1	 0	 1	 0	 1	 1	 1	313.03	  0.00
28	16	18	v	 0	 1	 0	 3	 2	 1	 1	 1	 0	 1	 0	 2	 2	 1	391.22	  0.00
29	16	18	v	 0	 1	 0	 1	 1	 2	 2	 1	 0	 1	 0	 1	 1	 1	476.99	  0.00
30	16	18	v	 0	 1	 0	 0	 1	 0	 1	 1	 0	 1	 0	 1	 2	 0	450.81	  0.00
31	16	18	v	 0	 1	 0	 3	 2	 3	 2	 1	 0	 1	 0	 2	 2	 1	592.51	  0.00
32	16	18	v	 0	 1	 0	 2	 2	 1	 1	 0	 0	 1	 0	 2	 2	 1	550.35	  0.00
33	16	18	v	 0	 1	 0	 1	 1	 1	 1	 1	 0	 1	 0	 1	 1	 1	308.02	  0.00
34	16	18	v	 0	 1	 0	 2	 2	 1	 1	 1	 0	 1	 0	 2	 2	 1	594.15	  0.00
35	16	18	v	 0	 1	 0	 2	 2	 3	 2	 1	 0	 1	 0	 2	 2	 1	535.74	  0.00
36	16	18	v	 0	 1	 0	 2	 2	 0	 1	 1	 0	 1	 0	 2	 2	 1	412.53	  0.00
37	16	18	v	 0	 1	 0	 2	 2	 2	 2	 1	 0	 1	 0	 2	 2	 1	490.47	  0.00
38	16	18	v	 0	 1	 0	 3	 2	 2	 2	 0	 0	 1	 0	 2	 2	 1	424.08	  0.00
39	16	18	v	 0	 1	 0	 1	 1	 3	 2	 1	 0	 1	 0	 1	 1	 1	341.98	  0.00
40	16	18	v	 0	 1	 0	 1	 1	 0	 1	 0	 0	 1	 0	 1	 1	 1	316.28	  0.00
41	16	18	v	 0	 1	 0	 3	 2	 2	 2	 0	 0	 1	 0	 2	 2	 1	282.22	  0.00
42	16	18	v	 0	 1	 0	 0	 1	 2	 2	 0	 0	 1	 0	 1	 1	 1	624.41	  0.00
43	16	18	v	 0	 1	 0	 3	 2	 0	 1	 0	 0	 1	 0	 2	 1	 0	374.04	  0.00
44	16	18	v	 0	 1	 0	 0	 1	 2	 2	 1	 0	 1	 0	 1	 1	 1	410.83	  0.00
45	16	18	v	 0	 1	 0	 0	 1	 1	 1	 0	 0	 1	 0	 1	 1	 1	351.49	  0.00
46	16	18	v	 0	 1	 0	 0	 1	 3	 2	 1	 0	 1	 0	 1	 1	 1	327.02	  0.00
47	16	18	v	 0	 1	 0	 2	 2	 1	 1	 0	 0	 1	 0	 2	 2	 1	515.90	  0.00
48	16	18	v	 0	 1	 0	 2	 2	 0	 1	 0	 0	 1	 0	 2	 2	 1	690.78	  0.00
49	16	18	v	 0	 1	 0	 3	 2	 0	 1	 0	 0	 1	 0	 2	 2	 1	471.86	  0.00
50	16	18	v	 0	 1	 0	 2	 2	 2	 2	 1	 0	 1	 0	 2	 2	 1	398.14	  0.00
51	16	18	v	 0	 1	 0	 1	 1	 3	 2	 0	 0	 1	 0	 1	 1	 1	571.06	  0.00
52	16	18	v	 0	 1	 0	 3	 2	 0	 1	 1	 0	 1	 0	 2	 2	 1	512.78	  0.00
53	16	18	v	 0	 1	 0	 2	 2	 2	 2	 0	 0	 1	 0	 2	 2	 1	302.40	  0.00
54	16	18	v	 0	 1	 0	 0	 1	 1	 1	 1	 0	 1	 0	 1	 1	 1	308.67	  0.00
55	16	18	v	 0	 1	 0	 0	 1	 1	 1	 1	 0	 1	 0	 1	 1	 1	418.45	  0.00
56	16	18	v	 0	 1	 0	 2	 2	 0	 1	 0	 0	 1	 0	 2	 2	 1	424.41	  0.00
57	16	18	v	 0	 1	 0	 1	 1	 3	 2	 1	 0	 1	 0	 1	 1	 1	341.49	  0.00
58	16	18	v	 0	 1	 0	 2	 2	 3	 2	 1	 0	 1	 0	 2	 2	 1	652.59	  0.00
59	16	18	v	 0	 1	 0	 3	 2	 2	 2	 1	 0	 1	 0	 2	 2	 1	440.92	  0.00
60	16	18	v	 0	 1	 0	 2	 2	 3	 2	 0	 0	 1	 0	 2	 2	 1	415.11	  0.00
61	16	18	v	 0	 1	 0	 3	 2	 3	 2	 1	 0	 1	 0	 2	 2	 1	493.07	  0.00
62	16	18	v	 0	 1	 0	 2	 2	 2	 2	 0	 0	 1	 0	 2	 2	 1	442.64	  0.00
63	16	18	v	 0	 1	 0	 1	 1	 0	 1	 0	 0	 1	 0	 1	 1	 1	544.77	  0.00
64	16	18	v	 0	 1	 1	 1	 1	 3	 2	 0	 0	 1	 0	 1	 1	 1	410.48	  0.00
65	16	18	v	 0	 1	 1	 2	 2	 3	 2	 1	 0	 1	 0	 2	 2	 1	449.60	  0.00
66	16	18	v	 0	 1	 1	 0	 1	 3	 2	 1	 0	 1	 0	 1	 1	 1	424.03	  0.00
67	16	18	v	 0	 1	 1	 2	 2	 3	 2	 0	 0	 1	 0	 2	 2	 1	422.31	  0.00
68	16	18	v	 0	 1	 1	 3	 2	 3	 2	 1	 0	 1	 0	 2	 2	 1	428.90	  0.00
69	16	18	v	 0	 1	 1	 1	 1	 1	 1	 0	 0	 1	 0	 1	 1	 1	354.14	  0.00
70	16	18	v	 0	 1	 1	 2	 2	 0	 1	 0	 0	 1	 0	 2	 2	 1	464.04	  0.00
71	16	18	v	 0	 1	 1	 3	 2	 0	 1	 1	 0	 1	 0	 2	 2	 1	423.18	  0.00
72	16	18	v	 0	 1	 1	 3	 2	 3	 2	 0	 0	 1	 0	 2	 2	 1	405.52	  0.00
73	16	18	v	 0	 1	 1	 1	 1	 0	 1	 1	 0	 1	 0	 1	 1	 1	563.93	  0.00
74	16	18	v	 0	 1	 1	 0	 1	 3	 2	 0	 0	 1	 0	 1	 1	 1	306.12	  0.00
75	16	18	v	 0	 1	 1	 3	 2	 0	 1	 1	 0	 1	 0	 2	 2	 1	440.80	  0.00
76	16	18	v	 0	 1	 1	 3	 2	 1	 1	 1	 0	 1	 0	 2	 2	 1	430.95	  0.00
77	16	18	v	 0	 1	 1	 2	 2	 3	 2	 1	 0	 1	 0	 2	 2	 1	349.57	  0.00
78	16	18	v	 0	 1	 1	 0	 1	 2	 2	 0	 0	 1	 0	 1	 1	 1	316.09	  0.00
79	16	18	v	 0	 1	 1	 2	 2	 0	 1	 0	 0	 1	 0	 2	 2	 1	432.51	  0.00
80	16	18	v	 0	 1	 1	 1	 1	 0	 1	 1	 0	 1	 0	 1	 2	 0	399.99	  0.00
81	16	18	v	 0	 1	 1	 3	 2	 3	 2	 0	 0	 1	 0	 2	 2	 1	510.47	  0.00
82	16	18	v	 0	 1	 1	 2	 2	 1	 1	 1	 0	 1	 0	 2	 2	 1	436.67	  0.00
83	16	18	v	 0	 1	 1	 3	 2	 2	 2	 0	 0	 1	 0	 2	 2	 1	379.13	  0.00
84	16	18	v	 0	 1	 1	 2	 2	 2	 2	 0	 0	 1	 0	 2	 2	 1	361.59	  0.00
85	16	18	v	 0	 1	 1	 0	 1	 2	 2	 1	 0	 1	 0	 1	 1	 1	360.18	  0.00
86	16	18	v	 0	 1	 1	 2	 2	 2	 2	 1	 0	 1	 0	 2	 2	 1	310.65	  0.00
87	16	18	v	 0	 1	 1	 1	 1	 2	 2	 0	 0	 1	 0	 1	 1	 1	341.20	  0.00
88	16	18	v	 0	 1	 1	 0	 1	 1	 1	 1	 0	 1	 0	 1	 1	 1	315.66	  0.00
89	16	18	v	 0	 1	 1	 0	 1	 1	 1	 0	 0	 1	 0	 1	 1	 1	370.31	  0.00
90	16	18	v	 0	 1	 1	 0	 1	 0	 1	 0	 0	 1	 0	 1	 1	 1	335.77	  0.00
91	16	18	v	 0	 1	 1	 1	 1	 1	 1	 1	 0	 1	 0	 1	 1	 1	358.09	  0.00
92	16	18	v	 0	 1	 1	 1	 1	 3	 2	 1	 0	 1	 0	 1	 1	 1	395.91	  0.00
93	16	18	v	 0	 1	 1	 1	 1	 2	 2	 0	 0	 1	 0	 1	 1	 1	354.96	  0.00
94	16	18	v	 0	 1	 1	 1	 1	 3	 2	 1	 0	 1	 0	 1	 1	 1	417.54	  0.00
95	16	18	v	 0	 1	 1	 2	 2	 1	 1	 1	 0	 1	 0	 2	 2	 1	400.13	  0.00
96	16	18	v	 0	 1	 1	 1	 1	 2	 2	 1	 0	 1	 0	 1	 1	 1	486.64	  0.00
97	16	18	v	 0	 1	 1	 2	 2	 1	 1	 0	 0	 1	 0	 2	 1	 0	348.95	  0.00
98	16	18	v	 0	 1	 1	 1	 1	 1	 1	 0	 0	 1	 0	 1	 1	 1	507.41	  0.00
99	16	18	v	 0	 1	 1	 3	 2	 2	 2	 1	 0	 1	 0	 2	 2	 1	392.73	  0.00
100	16	18	v	 0	 1	 1	 0	 1	 3	 2	 0	 0	 1	 0	 1	 1	 1	327.20	  0.00
101	16	18	v	 0	 1	 1	 3	 2	 2	 2	 0	 0	 1	 0	 2	 2	 1	317.72	  0.00
102	16	18	v	 0	 1	 1	 1	 1	 0	 1	 0	 0	 1	 0	 1	 1	 1	284.32	  0.00
103	16	18	v	 0	 1	 1	 3	 2	 1	 1	 0	 0	 1	 0	 2	 2	 1	298.97	  0.00
104	16	18	v	 0	 1	 1	 1	 1	 2	 2	 1	 0	 1	 0	 1	 1	 1	481.48	  0.00
105	16	18	v	 0	 1	 1	 2	 2	 2	 2	 1	 0	 1	 0	 2	 2	 1	431.84	  0.00
106	16	18	v	 0	 1	 1	 1	 1	 0	 1	 0	 0	 1	 0	 1	 1	 1	310.02	  0.00
107	16	18	v	 0	 1	 1	 0	 1	 0	 1	 0	 0	 1	 0	 1	 1	 1	284.79	  0.00
108	16	18	v	 0	 1	 1	 0	 1	 0	 1	 1	 0	 1	 0	 1	 1	 1	275.40	  0.00
109	16	18	v	 0	 1	 1	 0	 1	 2	 2	 1	 0	 1	 0	 1	 1	 1	345.22	  0.00
110	16	18	v	 0	 1	 1	 1	 1	 3	 2	 0	 0	 1	 0	 1	 1	 1	303.36	  0.00
111	16	18	v	 0	 1	 1	 3	 2	 0	 1	 0	 0	 1	 0	 2	 2	 1	502.12	  0.00
112	16	18	v	 0	 1	 1	 0	 1	 0	 1	 1	 0	 1	 0	 1	 1	 1	660.39	  0.00
113	16	18	v	 0	 1	 1	 2	 2	 0	 1	 1	 0	 1	 0	 2	 2	 1	482.16	  0.00
114	16	18	v	 0	 1	 1	 2	 2	 2	 2	 0	 0	 1	 0	 2	 2	 1	424.75	  0.00
115	16	18	v	 0	 1	 1	 3	 2	 1	 1	 0	 0	 1	 0	 2	 2	 1	558.80	  0.00
116	16	18	v	 0	 1	 1	 3	 2	 0	 1	 0	 0	 1	 0	 2	 2	 1	365.43	  0.00
117	16	18	v	 0	 1	 1	 0	 1	 1	 1	 1	 0	 1	 0	 1	 2	 0	323.95	  0.00
118	16	18	v	 0	 1	 1	 0	 1	 1	 1	 0	 0	 1	 0	 1	 1	 1	466.52	  0.00
119	16	18	v	 0	 1	 1	 2	 2	 0	 1	 1	 0	 1	 0	 2	 2	 1	455.53	  0.00
120	16	18	v	 0	 1	 1	 0	 1	 2	 2	 0	 0	 1	 0	 1	 1	 1	533.71	  0.00
121	16	18	v	 0	 1	 1	 3	 2	 3	 2	 1	 0	 1	 0	 2	 2	 1	412.38	  0.00
122	16	18	v	 0	 1	 1	 1	 1	 1	 1	 1	 0	 1	 0	 1	 1	 1	402.84	  0.00
123	16	18	v	 0	 1	 1	 2	 2	 1	 1	 0	 0	 1	 0	 2	 2	 1	441.27	  0.00
124	16	18	v	 0	 1	 1	 0	 1	 3	 2	 1	 0	 1	 0	 1	 1	 1	575.67	  0.00
125	16	18	v	 0	 1	 1	 3	 2	 1	 1	 1	 0	 1	 0	 2	 2	 1	437.85	  0.00
126	16	18	v	 0	 1	 1	 2	 2	 3	 2	 0	 0	 1	 0	 2	 2	 1	508.25	  0.00
127	16	18	v	 0	 1	 1	 3	 2	 2	 2	 1	 0	 1	 0	 2	 2	 1	458.51	  0.00
128	16	18	v	 0	 1	 2	 0	 1	 3	 2	 0	 0	 1	 0	 1	 1	 1	1124.83	  0.00
129	16	18	v	 0	 1	 2	 1	 1	 1	 1	 1	 0	 1	 0	 2	 2	 1	521.60	  0.00
130	16	18	v	 0	 1	 2	 2	 2	 3	 2	 0	 0	 1	 0	 1	 2	 0	487.39	  0.00
131	16	18	v	 0	 1	 2	 1	 1	 1	 1	 1	 0	 1	 0	 2	 2	 1	589.21	  0.00
132	16	18	v	 0	 1	 2	 3	 2	 2	 2	 0	 0	 1	 0	 1	 1	 1	850.91	  0.00
133	16	18	v	 0	 1	 2	 0	 1	 0	 1	 1	 0	 1	 0	 2	 2	 1	680.21	  0.00
134	16	18	v	 0	 1	 2	 1	 1	 3	 2	 0	 0	 1	 0	 1	 1	 1	676.71	  0.00
135	16	18	v	 0	 1	 2	 2	 2	 0	 1	 0	 0	 1	 0	 2	 2	 1	546.23	  0.00
136	16	18	v	 0	 1	 2	 1	 1	 2	 2	 1	 0	 1	 0	 1	 1	 1	632.06	  0.00
137	16	18	v	 0	 1	 2	 1	 1	 2	 2	 0	 0	 1	 0	 1	 1	 1	453.56	  0.00
138	16	18	v	 0	 1	 2	 2	 2	 0	 1	 1	 0	 1	 0	 2	 2	 1	595.51	  0.00
139	16	18	v	 0	 1	 2	 3	 2	 1	 1	 0	 0	 1	 0	 2	 2	 1	841.18	  0.00
140	16	18	v	 0	 1	 2	 1	 1	 0	 1	 1	 0	 1	 0	 2	 2	 1	493.55	  0.00
141	16	18	v	 0	 1	 2	 1	 1	 0	 1	 0	 0	 1	 0	 2	 2	 1	459.36	  0.00
142	16	18	v	 0	 1	 2	 2	 2	 0	 1	 0	 0	 1	 0	 2	 2	 1	513.07	  0.00
143	16	18	v	 0	 1	 2	 2	 2	 2	 2	 1	 0	 1	 0	 1	 1	 1	390.91	  0.00
144	16	18	v	 0	 1	 2	 1	 1	 0	 1	 0	 0	 1	 0	 2	 2	 1	476.76	  0.00
145	16	18	v	 0	 1	 2	 0	 1	 2	 2	 1	 0	 1	 0	 1	 1	 1	522.66	  0.00
146	16	18	v	 0	 1	 2	 2	 2	 0	 1	 1	 0	 1	 0	 2	 2	 1	592.43	  0.00
147	16	18	v	 0	 1	 2	 1	 1	 3	 2	 0	 0	 1	 0	 1	 1	 1	429.09	  0.00
148	16	18	v	 0	 1	 2	 3	 2	 1	 1	 1	 0	 1	 0	 2	 2	 1	690.91	  0.00
149	16	18	v	 0	 1	 2	 0	 1	 3	 2	 1	 0	 1	 0	 1	 1	 1	600.51	  0.00
150	16	18	v	 0	 1	 2	 3	 2	 0	 1	 1	 0	 1	 0	 2	 2	 1	582.13	  0.00
151	16	18	v	 0	 1	 2	 3	 2	 3	 2	 1	 0	 1	 0	 1	 1	 1	651.84	  0.00
152	16	18	v	 0	 1	 2	 0	 1	 0	 1	 0	 0	 1	 0	 2	 2	 1	521.42	  0.00
153	16	18	v	 0	 1	 2	 3	 2	 1	 1	 1	 0	 1	 0	 2	 1	 0	454.38	  0.00
154	16	18	v	 0	 1	 2	 0	 1	 1	 1	 1	 0	 1	 0	 2	 2	 1	492.09	  0.00
155	16	18	v	 0	 1	 2	 2	 2	 3	 2	 0	 0	 1	 0	 1	 1	 1	497.81	  0.00
156	16	18	v	 0	 1	 2	 3	 2	 2	 2	 0	 0	 1	 0	 1	 2	 0	359.74	  0.00
157	16	18	v	 0	 1	 2	 3	 2	 3	 2	 0	 0	 1	 0	 1	 1	 1	637.71	  0.00
158	16	18	v	 0	 1	 2	 2	 2	 1	 1	 0	 0	 1	 0	 2	 2	 1	523.35	  0.00
159	16	18	v	 0	 1	 2	 1	 1	 3	 2	 1	 0	 1	 0	 1	 2	 0	393.00	  0.00
160	16	18	v	 0	 1	 2	 3	 2	 0	 1	 1	 0	 1	 0	 2	 2	 1	637.96	  0.00
161	16	18	v	 0	 1	 2	 3	 2	 2	 2	 1	 0	 1	 0	 1	 1	 1	603.61	  0.00
162	16	18	v	 0	 1	 2	 2	 2	 1	 1	 1	 0	 1	 0	 2	 2	 1	609.24	  0.00
163	16	18	v	 0	 1	 2	 2	 2	 2	 2	 1	 0	 1	 0	 1	 1	 1	494.86	  0.00
164	16	18	v	 0	 1	 2	 0	 1	 3	 2	 0	 0	 1	 0	 1	 1	 1	428.69	  0.00
165	16	18	v	 0	 1	 2	 1	 1	 0	 1	 1	 0	 1	 0	 2	 2	 1	578.56	  0.00
166	16	18	v	 0	 1	 2	 3	 2	 2	 2	 1	 0	 1	 0	 1	 1	 1	552.31	  0.00
167	16	18	v	 0	 1	 2	 3	 2	 0	 1	 0	 0	 1	 0	 2	 2	 1	517.97	  0.00
168	16	18	v	 0	 1	 2	 1	 1	 1	 1	 0	 0	 1	 0	 2	 1	 0	458.78	  0.00
169	16	18	v	 0	 1	 2	 2	 2	 1	 1	 1	 0	 1	 0	 2	 2	 1	568.64	  0.00
170	16	18	v	 0	 1	 2	 3	 2	 1	 1	 0	 0	 1	 0	 2	 2	 1	366.36	  0.00
171	16	18	v	 0	 1	 2	 0	 1	 2	 2	 1	 0	 1	 0	 1	 1	 1	492.34	  0.00
172	16	18	v	 0	 1	 2	 3	 2	 0	 1	 0	 0	 1	 0	 2	 2	 1	618.10	  0.00
173	16	18	v	 0	 1	 2	 0	 1	 1	 1	 0	 0	 1	 0	 2	 2	 1	631.52	  0.00
174	16	18	v	 0	 1	 2	 0	 1	 0	 1	 0	 0	 1	 0	 2	 2	 1	252.49	  0.00
175	16	18	v	 0	 1	 2	 0	 1	 3	 2	 1	 0	 1	 0	 1	 1	 1	274.48	  0.00
176	16	18	v	 0	 1	 2	 0	 1	 1	 1	 0	 0	 1	 0	 2	 2	 1	320.60	  0.00
177	16	18	v	 0	 1	 2	 0	 1	 2	 2	 0	 0	 1	 0	 1	 1	 1	510.73	  0.00
178	16	18	v	 0	 1	 2	 2	 2	 3	 2	 1	 0	 1	 0	 1	 1	 1	676.48	  0.00
179	16	18	v	 0	 1	 2	 0	 1	 2	 2	 0	 0	 1	 0	 1	 1	 1	353.99	  0.00
180	16	18	v	 0	 1	 2	 1	 1	 1	 1	 0	 0	 1	 0	 2	 1	 0	143.99	  0.00
181	16	18	v	 0	 1	 2	 1	 1	 3	 2	 1	 0	 1	 0	 1	 1	 1	542.23	  0.00
182	16	18	v	 0	 1	 2	 0	 1	 0	 1	 1	 0	 1	 0	 2	 2	 1	355.18	  0.00
183	16	18	v	 0	 1	 2	 2	 2	 2	 2	 0	 0	 1	 0	 1	 1	 1	529.09	  0.00
184	16	18	v	 0	 1	 2	 1	 1	 2	 2	 1	 0	 1	 0	 1	 1	 1	590.82	  0.00
185	16	18	v	 0	 1	 2	 3	 2	 3	 2	 0	 0	 1	 0	 1	 1	 1	604.48	  0.00
186	16	18	v	 0	 1	 2	 1	 1	 2	 2	 0	 0	 1	 0	 1	 1	 1	418.08	  0.00
187	16	18	v	 0	 1	 2	 2	 2	 2	 2	 0	 0	 1	 0	 1	 1	 1	464.05	  0.00
188	16	18	v	 0	 1	 2	 2	 2	 3	 2	 1	 0	 1	 0	 1	 1	 1	348.83	  0.00
189	16	18	v	 0	 1	 2	 0	 1	 1	 1	 1	 0	 1	 0	 2	 2	 1	371.88	  0.00
190	16	18	v	 0	 1	 2	 2	 2	 1	 1	 0	 0	 1	 0	 2	 2	 1	448.94	  0.00
191	16	18	v	 0	 1	 2	 3	 2	 3	 2	 1	 0	 1	 0	 1	 1	 1	462.81	  0.00
192	16	18	v	 0	 1	 3	 1	 1	 1	 1	 1	 0	 1	 0	 2	 1	 0	483.56	  0.00
193	16	18	v	 0	 1	 3	 1	 1	 0	 1	 0	 0	 1	 0	 2	 2	 1	617.74	  0.00
194	16	18	v	 0	 1	 3	 3	 2	 1	 1	 0	 0	 1	 0	 2	 2	 1	439.95	  0.00
195	16	18	v	 0	 1	 3	 0	 1	 0	 1	 0	 0	 1	 0	 2	 2	 1	374.30	  0.00
196	16	18	v	 0	 1	 3	 0	 1	 2	 2	 0	 0	 1	 0	 1	 1	 1	420.74	  0.00
197	16	18	v	 0	 1	 3	 0	 1	 1	 1	 0	 0	 1	 0	 2	 1	 0	443.10	  0.00
198	16	18	v	 0	 1	 3	 3	 2	 1	 1	 1	 0	 1	 0	 2	 2	 1	481.52	  0.00
199	16	18	v	 0	 1	 3	 3	 2	 3	 2	 0	 0	 1	 0	 1	 1	 1	527.88	  0.00
200	16	18	v	 0	 1	 3	 0	 1	 0	 1	 1	 0	 1	 0	 2	 2	 1	614.16	  0.00
201	16	18	v	 0	 1	 3	 2	 2	 0	 1	 0	 0	 1	 0	 2	 2	 1	387.43	  0.00
202	16	18	v	 0	 1	 3	 3	 2	 0	 1	 0	 0	 1	 0	 2	 2	 1	377.78	  0.00
203	16	18	v	 0	 1	 3	 1	 1	 0	 1	 1	 0	 1	 0	 2	 2	 1	400.25	  0.00
204	16	18	v	 0	 1	 3	 0	 1	 0	 1	 1	 0	 1	 0	 2	 2	 1	446.66	  0.00
205	16	18	v	 0	 1	 3	 2	 2	 2	 2	 0	 0	 1	 0	 1	 1	 1	557.16	  0.00
206	16	18	v	 0	 1	 3	 0	 1	 2	 2	 0	 0	 1	 0	 1	 1	 1	403.27	  0.00
207	16	18	v	 0	 1	 3	 3	 2	 1	 1	 1	 0	 1	 0	 2	 2	 1	377.71	  0.00
208	16	18	v	 0	 1	 3	 3	 2	 3	 2	 0	 0	 1	 0	 1	 1	 1	520.24	  0.00
209	16	18	v	 0	 1	 3	 1	 1	 1	 1	 1	 0	 1	 0	 2	 2	 1	510.47	  0.00
210	16	18	v	 0	 1	 3	 3	 2	 0	 1	 1	 0	 1	 0	 2	 2	 1	900.73	  0.00
211	16	18	v	 0	 1	 3	 1	 1	 2	 2	 1	 0	 1	 0	 1	 1	 1	465.53	  0.00
212	16	18	v	 0	 1	 3	 2	 2	 2	 2	 0	 0	 1	 0	 1	 1	 1	367.72	  0.00
213	16	18	v	 0	 1	 3	 3	 2	 2	 2	 1	 0	 1	 0	 1	 1	 1	390.28	  0.00
214	16	18	v	 0	 1	 3	 2	 2	 2	 2	 1	 0	 1	 0	 1	 1	 1	572.76	  0.00
215	16	18	v	 0	 1	 3	 0	 1	 2	 2	 1	 0	 1	 0	 1	 1	 1	490.95	  0.00
216	16	18	v	 0	 1	 3	 2	 2	 2	 2	 1	 0	 1	 0	 1	 1	 1	529.37	  0.00
217	16	18	v	 0	 1	 3	 3	 2	 2	 2	 1	 0	 1	 0	 1	 1	 1	367.56	  0.00
218	16	18	v	 0	 1	 3	 1	 1	 3	 2	 1	 0	 1	 0	 1	 1	 1	310.05	  0.00
219	16	18	v	 0	 1	 3	 1	 1	 0	 1	 0	 0	 1	 0	 2	 2	 1	460.63	  0.00
220	16	18	v	 0	 1	 3	 0	 1	 2	 2	 1	 0	 1	 0	 1	 1	 1	578.99	  0.00
221	16	18	v	 0	 1	 3	 3	 2	 2	 2	 0	 0	 1	 0	 1	 1	 1	696.14	  0.00
222	16	18	v	 0	 1	 3	 1	 1	 2	 2	 1	 0	 1	 0	 1	 1	 1	582.15	  0.00
223	16	18	v	 0	 1	 3	 2	 2	 3	 2	 0	 0	 1	 0	 1	 1	 1	732.33	  0.00
224	16	18	v	 0	 1	 3	 1	 1	 3	 2	 0	 0	 1	 0	 1	 1	 1	490.31	  0.00
225	16	18	v	 0	 1	 3	 2	 2	 0	 1	 1	 0	 1	 0	 2	 2	 1	416.63	  0.00
226	16	18	v	 0	 1	 3	 0	 1	 3	 2	 0	 0	 1	 0	 1	 1	 1	447.05	  0.00
227	16	18	v	 0	 1	 3	 0	 1	 1	 1	 1	 0	 1	 0	 2	 2	 1	565.57	  0.00
228	16	18	v	 0	 1	 3	 0	 1	 3	 2	 0	 0	 1	 0	 1	 1	 1	563.67	  0.00
229	16	18	v	 0	 1	 3	 1	 1	 0	 1	 1	 0	 1	 0	 2	 2	 1	448.89	  0.00
230	16	18	v	 0	 1	 3	 3	 2	 3	 2	 1	 0	 1	 0	 1	 1	 1	695.28	  0.00
231	16	18	v	 0	 1	 3	 2	 2	 3	 2	 1	 0	 1	 0	 1	 1	 1	469.24	  0.00
232	16	18	v	 0	 1	 3	 0	 1	 3	 2	 1	 0	 1	 0	 1	 1	 1	379.60	  0.00
233	16	18	v	 0	 1	 3	 1	 1	 3	 2	 0	 0	 1	 0	 1	 1	 1	362.06	  0.00
234	16	18	v	 0	 1	 3	 1	 1	 3	 2	 1	 0	 1	 0	 1	 1	 1	376.59	  0.00
235	16	18	v	 0	 1	 3	 1	 1	 2	 2	 0	 0	 1	 0	 1	 1	 1	542.99	  0.00
236	16	18	v	 0	 1	 3	 2	 2	 0	 1	 0	 0	 1	 0	 2	 2	 1	565.27	  0.00
237	16	18	v	 0	 1	 3	 2	 2	 3	 2	 0	 0	 1	 0	 1	 1	 1	571.45	  0.00
238	16	18	v	 0	 1	 3	 2	 2	 0	 1	 1	 0	 1	 0	 2	 2	 1	576.86	  0.00
239	16	18	v	 0	 1	 3	 2	 2	 1	 1	 1	 0	 1	 0	 2	 2	 1	542.84	  0.00
240	16	18	v	 0	 1	 3	 2	 2	 1	 1	 1	 0	 1	 0	 2	 2	 1	581.08	  0.00
241	16	18	v	 0	 1	 3	 0	 1	 1	 1	 1	 0	 1	 0	 2	 2	 1	411.24	  0.00
242	16	18	v	 0	 1	 3	 3	 2	 2	 2	 0	 0	 1	 0	 1	 1	 1	489.63	  0.00
243	16	18	v	 0	 1	 3	 0	 1	 3	 2	 1	 0	 1	 0	 1	 1	 1	551.97	  0.00
244	16	18	v	 0	 1	 3	 3	 2	 0	 1	 1	 0	 1	 0	 2	 2	 1	710.26	  0.00
245	16	18	v	 0	 1	 3	 3	 2	 3	 2	 1	 0	 1	 0	 1	 2	 0	412.20	  0.00
246	16	18	v	 0	 1	 3	 1	 1	 1	 1	 0	 0	 1	 0	 2	 2	 1	706.69	  0.00
247	16	18	v	 0	 1	 3	 0	 1	 1	 1	 0	 0	 1	 0	 2	 2	 1	447.75	  0.00
248	16	18	v	 0	 1	 3	 2	 2	 1	 1	 0	 0	 1	 0	 2	 2	 1	446.08	  0.00
249	16	18	v	 0	 1	 3	 1	 1	 2	 2	 0	 0	 1	 0	 1	 1	 1	540.57	  0.00
250	16	18	v	 0	 1	 3	 2	 2	 1	 1	 0	 0	 1	 0	 2	 2	 1	594.68	  0.00
251	16	18	v	 0	 1	 3	 3	 2	 0	 1	 0	 0	 1	 0	 2	 2	 1	560.83	  0.00
252	16	18	v	 0	 1	 3	 0	 1	 0	 1	 0	 0	 1	 0	 2	 2	 1	495.06	  0.00
253	16	18	v	 0	 1	 3	 2	 2	 3	 2	 1	 0	 1	 0	 1	 1	 1	669.32	  0.00
254	16	18	v	 0	 1	 3	 1	 1	 1	 1	 0	 0	 1	 0	 2	 2	 1	403.43	  0.00
255	16	18	v	 0	 1	 3	 3	 2	 1	 1	 0	 0	 1	 0	 2	 2	 1	489.84	  0.00
256	16	18	v	 0	 1	 4	 3	 2	 1	 1	 1	 0	 1	 0	 2	 2	 1	387.64	  0.00
257	16	18	v	 0	 1	 4	 0	 1	 1	 1	 0	 0	 1	 0	 2	 0	 0	2000.25	  0.00
258	16	18	v	 0	 1	 4	 1	 1	 3	 2	 0	 0	 1	 0	 1	 1	 1	821.28	  0.00
259	16	18	v	 0	 1	 4	 1	 1	 1	 1	 1	 0	 1	 0	 1	 2	 0	482.71	  0.00
260	16	18	v	 0	 1	 4	 1	 1	 2	 2	 0	 0	 1	 0	 1	 1	 1	839.44	  0.00
261	16	18	v	 0	 1	 4	 1	 1	 3	 2	 0	 0	 1	 0	 1	 1	 1	508.69	  0.00
262	16	18	v	 0	 1	 4	 2	 2	 1	 1	 1	 0	 1	 0	 2	 2	 1	514.56	  0.00
263	16	18	v	 0	 1	 4	 2	 2	 1	 1	 0	 0	 1	 0	 2	 2	 1	496.25	  0.00
264	16	18	v	 0	 1	 4	 1	 1	 2	 2	 1	 0	 1	 0	 1	 1	 1	421.80	  0.00
265	16	18	v	 0	 1	 4	 1	 1	 2	 2	 1	 0	 1	 0	 1	 1	 1	515.51	  0.00
266	16	18	v	 0	 1	 4	 2	 2	 2	 2	 0	 0	 1	 0	 1	 1	 1	505.74	  0.00
267	16	18	v	 0	 1	 4	 2	 2	 3	 2	 1	 0	 1	 0	 2	 2	 1	774.68	  0.00
268	16	18	v	 0	 1	 4	 1	 1	 1	 1	 1	 0	 1	 0	 1	 2	 0	460.04	  0.00
269	16	18	v	 0	 1	 4	 2	 2	 2	 2	 0	 0	 1	 0	 1	 1	 1	617.88	  0.00
270	16	18	v	 0	 1	 4	 0	 1	 0	 1	 0	 0	 1	 0	 2	 2	 1	567.49	  0.00
271	16	18	v	 0	 1	 4	 3	 2	 3	 2	 0	 0	 1	 0	 1	 1	 1	661.28	  0.00
272	16	18	v	 0	 1	 4	 2	 2	 0	 1	 0	 0	 1	 0	 2	 2	 1	570.79	  0.00
273	16	18	v	 0	 1	 4	 0	 1	 0	 1	 1	 0	 1	 0	 1	 1	 1	520.61	  0.00
274	16	18	v	 0	 1	 4	 3	 2	 0	 1	 1	 0	 1	 0	 2	 2	 1	613.49	  0.00
275	16	18	v	 0	 1	 4	 2	 2	 3	 2	 1	 0	 1	 0	 2	 2	 1	1018.95	  0.00
276	16	18	v	 0	 1	 4	 0	 1	 2	 2	 1	 0	 1	 0	 1	 1	 1	456.01	  0.00
277	16	18	v	 0	 1	 4	 2	 2	 0	 1	 1	 0	 1	 0	 2	 2	 1	493.71	  0.00
278	16	18	v	 0	 1	 4	 2	 2	 0	 1	 0	 0	 1	 0	 2	 2	 1	491.66	  0.00
279	16	18	v	 0	 1	 4	 3	 2	 1	 1	 1	 0	 1	 0	 2	 2	 1	737.53	  0.00
280	16	18	v	 0	 1	 4	 0	 1	 3	 2	 0	 0	 1	 0	 1	 0	 0	2000.26	  0.00
281	16	18	v	 0	 1	 4	 2	 2	 2	 2	 1	 0	 1	 0	 2	 1	 0	553.68	  0.00
282	16	18	v	 0	 1	 4	 1	 1	 1	 1	 0	 0	 1	 0	 2	 2	 1	767.38	  0.00
283	16	18	v	 0	 1	 4	 3	 2	 1	 1	 0	 0	 1	 0	 2	 2	 1	652.73	  0.00
284	16	18	v	 0	 1	 4	 0	 1	 2	 2	 1	 0	 1	 0	 1	 2	 0	482.40	  0.00
285	16	18	v	 0	 1	 4	 1	 1	 3	 2	 1	 0	 1	 0	 1	 1	 1	472.23	  0.00
286	16	18	v	 0	 1	 4	 1	 1	 0	 1	 0	 0	 1	 0	 2	 2	 1	573.12	  0.00
287	16	18	v	 0	 1	 4	 3	 2	 3	 2	 1	 0	 1	 0	 2	 2	 1	778.75	  0.00
288	16	18	v	 0	 1	 4	 3	 2	 1	 1	 0	 0	 1	 0	 2	 1	 0	608.10	  0.00
289	16	18	v	 0	 1	 4	 3	 2	 3	 2	 1	 0	 1	 0	 2	 2	 1	693.58	  0.00
290	16	18	v	 0	 1	 4	 2	 2	 3	 2	 0	 0	 1	 0	 1	 1	 1	683.29	  0.00
291	16	18	v	 0	 1	 4	 1	 1	 3	 2	 1	 0	 1	 0	 1	 1	 1	544.76	  0.00
292	16	18	v	 0	 1	 4	 3	 2	 3	 2	 0	 0	 1	 0	 1	 1	 1	494.64	  0.00
293	16	18	v	 0	 1	 4	 3	 2	 2	 2	 0	 0	 1	 0	 1	 1	 1	643.48	  0.00
294	16	18	v	 0	 1	 4	 3	 2	 0	 1	 0	 0	 1	 0	 2	 1	 0	496.91	  0.00
295	16	18	v	 0	 1	 4	 0	 1	 0	 1	 0	 0	 1	 0	 2	 2	 1	630.85	  0.00
296	16	18	v	 0	 1	 4	 0	 1	 1	 1	 1	 0	 1	 0	 1	 1	 1	556.44	  0.00
297	16	18	v	 0	 1	 4	 2	 2	 1	 1	 0	 0	 1	 0	 2	 2	 1	562.10	  0.00
298	16	18	v	 0	 1	 4	 0	 1	 2	 2	 0	 0	 1	 0	 1	 1	 1	527.86	  0.00
299	16	18	v	 0	 1	 4	 3	 2	 2	 2	 1	 0	 1	 0	 2	 2	 1	468.83	  0.00
300	16	18	v	 0	 1	 4	 1	 1	 1	 1	 0	 0	 1	 0	 2	 2	 1	554.38	  0.00
301	16	18	v	 0	 1	 4	 0	 1	 1	 1	 1	 0	 1	 0	 1	 1	 1	728.01	  0.00
302	16	18	v	 0	 1	 4	 1	 1	 2	 2	 0	 0	 1	 0	 1	 2	 0	661.61	  0.00
303	16	18	v	 0	 1	 4	 2	 2	 3	 2	 0	 0	 1	 0	 1	 1	 1	1203.19	  0.00
304	16	18	v	 0	 1	 4	 3	 2	 2	 2	 1	 0	 1	 0	 2	 2	 1	592.00	  0.00
305	16	18	v	 0	 1	 4	 0	 1	 3	 2	 1	 0	 1	 0	 1	 1	 1	756.79	  0.00
306	16	18	v	 0	 1	 4	 2	 2	 1	 1	 1	 0	 1	 0	 2	 2	 1	737.50	  0.00
307	16	18	v	 0	 1	 4	 1	 1	 0	 1	 1	 0	 1	 0	 1	 1	 1	1151.61	  0.00
308	16	18	v	 0	 1	 4	 2	 2	 0	 1	 1	 0	 1	 0	 2	 2	 1	556.38	  0.00
309	16	18	v	 0	 1	 4	 1	 1	 0	 1	 1	 0	 1	 0	 1	 1	 1	658.13	  0.00
310	16	18	v	 0	 1	 4	 3	 2	 0	 1	 1	 0	 1	 0	 2	 1	 0	527.69	  0.00
311	16	18	v	 0	 1	 4	 0	 1	 0	 1	 1	 0	 1	 0	 1	 1	 1	397.35	  0.00
312	16	18	v	 0	 1	 4	 0	 1	 1	 1	 0	 0	 1	 0	 2	 2	 1	787.32	  0.00
313	16	18	v	 0	 1	 4	 0	 1	 3	 2	 1	 0	 1	 0	 1	 1	 1	567.78	  0.00
314	16	18	v	 0	 1	 4	 2	 2	 2	 2	 1	 0	 1	 0	 2	 2	 1	573.49	  0.00
315	16	18	v	 0	 1	 4	 0	 1	 3	 2	 0	 0	 1	 0	 1	 1	 1	515.14	  0.00
316	16	18	v	 0	 1	 4	 1	 1	 0	 1	 0	 0	 1	 0	 2	 1	 0	320.90	  0.00
317	16	18	v	 0	 1	 4	 3	 2	 2	 2	 0	 0	 1	 0	 1	 1	 1	414.93	  0.00
318	16	18	v	 0	 1	 4	 0	 1	 2	 2	 0	 0	 1	 0	 1	 1	 1	588.09	  0.00
319	16	18	v	 0	 1	 4	 3	 2	 0	 1	 0	 0	 1	 0	 2	 2	 1	497.56	  0.00
320	16	18	v	 0	 1	 5	 3	 2	 1	 1	 0	 0	 1	 0	 2	 2	 1	529.20	  0.00
321	16	18	v	 0	 1	 5	 1	 1	 1	 1	 0	 0	 1	 0	 2	 2	 1	423.55	  0.00
322	16	18	v	 0	 1	 5	 0	 1	 3	 2	 0	 0	 1	 0	 1	 1	 1	509.89	  0.00
323	16	18	v	 0	 1	 5	 1	 1	 2	 2	 0	 0	 1	 0	 1	 1	 1	668.15	  0.00
324	16	18	v	 0	 1	 5	 0	 1	 0	 1	 0	 0	 1	 0	 2	 2	 1	722.19	  0.00
325	16	18	v	 0	 1	 5	 0	 1	 2	 2	 1	 0	 1	 0	 1	 1	 1	904.29	  0.00
326	16	18	v	 0	 1	 5	 2	 2	 1	 1	 0	 0	 1	 0	 2	 2	 1	485.91	  0.00
327	16	18	v	 0	 1	 5	 1	 1	 0	 1	 1	 0	 1	 0	 1	 2	 0	596.24	  0.00
328	16	18	v	 0	 1	 5	 2	 2	 1	 1	 1	 0	 1	 0	 2	 2	 1	601.02	  0.00
329	16	18	v	 0	 1	 5	 0	 1	 1	 1	 1	 0	 1	 0	 1	 1	 1	607.45	  0.00
330	16	18	v	 0	 1	 5	 3	 2	 0	 1	 1	 0	 1	 0	 2	 2	 1	469.78	  0.00
331	16	18	v	 0	 1	 5	 3	 2	 2	 2	 1	 0	 1	 0	 2	 2	 1	500.11	  0.00
332	16	18	v	 0	 1	 5	 2	 2	 1	 1	 1	 0	 1	 0	 2	 2	 1	450.39	  0.00
333	16	18	v	 0	 1	 5	 0	 1	 1	 1	 0	 0	 1	 0	 2	 2	 1	1008.74	  0.00
334	16	18	v	 0	 1	 5	 2	 2	 0	 1	 1	 0	 1	 0	 2	 2	 1	694.45	  0.00
335	16	18	v	 0	 1	 5	 2	 2	 2	 2	 0	 0	 1	 0	 1	 1	 1	452.36	  0.00
336	16	18	v	 0	 1	 5	 3	 2	 0	 1	 1	 0	 1	 0	 2	 2	 1	769.78	  0.00
337	16	18	v	 0	 1	 5	 2	 2	 0	 1	 1	 0	 1	 0	 2	 2	 1	519.74	  0.00
338	16	18	v	 0	 1	 5	 1	 1	 0	 1	 1	 0	 1	 0	 1	 1	 1	541.98	  0.00
339	16	18	v	 0	 1	 5	 3	 2	 3	 2	 1	 0	 1	 0	 2	 2	 1	603.97	  0.00
340	16	18	v	 0	 1	 5	 1	 1	 3	 2	 0	 0	 1	 0	 1	 1	 1	650.39	  0.00
341	16	18	v	 0	 1	 5	 2	 2	 1	 1	 0	 0	 1	 0	 2	 2	 1	640.43	  0.00
342	16	18	v	 0	 1	 5	 0	 1	 1	 1	 1	 0	 1	 0	 1	 1	 1	630.41	  0.00
343	16	18	v	 0	 1	 5	 3	 2	 2	 2	 0	 0	 1	 0	 1	 1	 1	1148.75	  0.00
344	16	18	v	 0	 1	 5	 3	 2	 0	 1	 0	 0	 1	 0	 2	 2	 1	585.00	  0.00
345	16	18	v	 0	 1	 5	 2	 2	 3	 2	 0	 0	 1	 0	 1	 1	 1	511.21	  0.00
346	16	18	v	 0	 1	 5	 0	 1	 3	 2	 1	 0	 1	 0	 1	 1	 1	517.53	  0.00
347	16	18	v	 0	 1	 5	 2	 2	 3	 2	 1	 0	 1	 0	 2	 2	 1	571.77	  0.00
348	16	18	v	 0	 1	 5	 1	 1	 1	 1	 1	 0	 1	 0	 1	 1	 1	584.49	  0.00
349	16	18	v	 0	 1	 5	 3	 2	 1	 1	 1	 0	 1	 0	 2	 2	 1	640.20	  0.00
350	16	18	v	 0	 1	 5	 1	 1	 2	 2	 1	 0	 1	 0	 1	 1	 1	606.29	  0.00
351	16	18	v	 0	 1	 5	 3	 2	 2	 2	 0	 0	 1	 0	 1	 1	 1	980.40	  0.00
352	16	18	v	 0	 1	 5	 3	 2	 3	 2	 0	 0	 1	 0	 1	 1	 1	665.06	  0.00
353	16	18	v	 0	 1	 5	 2	 2	 2	 2	 1	 0	 1	 0	 2	 2	 1	695.04	  0.00
354	16	18	v	 0	 1	 5	 1	 1	 2	 2	 0	 0	 1	 0	 1	 1	 1	509.15	  0.00
355	16	18	v	 0	 1	 5	 3	 2	 1	 1	 0	 0	 1	 0	 2	 2	 1	571.37	  0.00
356	16	18	v	 0	 1	 5	 3	 2	 1	 1	 1	 0	 1	 0	 2	 2	 1	577.59	  0.00
357	16	18	v	 0	 1	 5	 1	 1	 1	 1	 1	 0	 1	 0	 1	 1	 1	711.44	  0.00
358	16	18	v	 0	 1	 5	 0	 1	 3	 2	 1	 0	 1	 0	 1	 1	 1	389.76	  0.00
359	16	18	v	 0	 1	 5	 3	 2	 2	 2	 1	 0	 1	 0	 2	 2	 1	468.17	  0.00
360	16	18	v	 0	 1	 5	 1	 1	 3	 2	 1	 0	 1	 0	 1	 2	 0	449.84	  0.00
361	16	18	v	 0	 1	 5	 3	 2	 3	 2	 0	 0	 1	 0	 1	 2	 0	1047.88	  0.00
362	16	18	v	 0	 1	 5	 2	 2	 0	 1	 0	 0	 1	 0	 2	 2	 1	517.44	  0.00
363	16	18	v	 0	 1	 5	 0	 1	 0	 1	 1	 0	 1	 0	 1	 1	 1	531.73	  0.00
364	16	18	v	 0	 1	 5	 0	 1	 1	 1	 0	 0	 1	 0	 2	 1	 0	962.00	  0.00
365	16	18	v	 0	 1	 5	 1	 1	 3	 2	 1	 0	 1	 0	 1	 1	 1	575.66	  0.00
366	16	18	v	 0	 1	 5	 1	 1	 2	 2	 1	 0	 1	 0	 1	 1	 1	453.75	  0.00
367	16	18	v	 0	 1	 5	 2	 2	 3	 2	 0	 0	 1	 0	 1	 1	 1	548.17	  0.00
368	16	18	v	 0	 1	 5	 3	 2	 0	 1	 0	 0	 1	 0	 2	 1	 0	426.32	  0.00
369	16	18	v	 0	 1	 5	 1	 1	 0	 1	 0	 0	 1	 0	 2	 2	 1	567.79	  0.00
370	16	18	v	 0	 1	 5	 1	 1	 3	 2	 0	 0	 1	 0	 1	 1	 1	645.87	  0.00
371	16	18	v	 0	 1	 5	 0	 1	 0	 1	 1	 0	 1	 0	 1	 1	 1	540.11	  0.00
372	16	18	v	 0	 1	 5	 0	 1	 2	 2	 1	 0	 1	 0	 1	 1	 1	498.29	  0.00
373	16	18	v	 0	 1	 5	 1	 1	 0	 1	 0	 0	 1	 0	 2	 2	 1	608.60	  0.00
374	16	18	v	 0	 1	 5	 0	 1	 2	 2	 0	 0	 1	 0	 1	 1	 1	454.77	  0.00
375	16	18	v	 0	 1	 5	 0	 1	 0	 1	 0	 0	 1	 0	 2	 2	 1	1301.06	  0.00
376	16	18	v	 0	 1	 5	 3	 2	 3	 2	 1	 0	 1	 0	 2	 2	 1	737.51	  0.00
377	16	18	v	 0	 1	 5	 2	 2	 3	 2	 1	 0	 1	 0	 2	 2	 1	495.22	  0.00
378	16	18	v	 0	 1	 5	 2	 2	 2	 2	 0	 0	 1	 0	 1	 2	 0	1789.40	  0.00
379	16	18	v	 0	 1	 5	 0	 1	 2	 2	 0	 0	 1	 0	 1	 1	 1	393.82	  0.00
380	16	18	v	 0	 1	 5	 2	 2	 2	 2	 1	 0	 1	 0	 2	 2	 1	1320.24	  0.00
381	16	18	v	 0	 1	 5	 2	 2	 0	 1	 0	 0	 1	 0	 2	 2	 1	565.51	  0.00
382	16	18	v	 0	 1	 5	 1	 1	 1	 1	 0	 0	 1	 0	 2	 2	 1	603.66	  0.00
383	16	18	v	 0	 1	 5	 0	 1	 3	 2	 0	 0	 1	 0	 1	 1	 1	449.79	  0.00
384	16	18	v	 0	 1	 6	 2	 2	 3	 2	 1	 0	 1	 0	 2	 2	 1	959.31	  0.00
385	16	18	v	 0	 1	 6	 0	 1	 0	 1	 1	 0	 1	 0	 1	 1	 1	684.68	  0.00
386	16	18	v	 0	 1	 6	 2	 2	 1	 1	 0	 0	 1	 0	 2	 2	 1	562.85	  0.00
387	16	18	v	 0	 1	 6	 3	 2	 2	 2	 1	 0	 1	 0	 2	 2	 1	633.22	  0.00
388	16	18	v	 0	 1	 6	 3	 2	 2	 2	 0	 0	 1	 0	 1	 1	 1	503.19	  0.00
389	16	18	v	 0	 1	 6	 1	 1	 3	 2	 1	 0	 1	 0	 1	 1	 1	509.60	  0.00
390	16	18	v	 0	 1	 6	 0	 1	 1	 1	 1	 0	 1	 0	 1	 1	 1	507.87	  0.00
391	16	18	v	 0	 1	 6	 1	 1	 0	 1	 0	 0	 1	 0	 2	 2	 1	538.12	  0.00
392	16	18	v	 0	 1	 6	 1	 1	 2	 2	 1	 0	 1	 0	 1	 1	 1	759.22	  0.00
393	16	18	v	 0	 1	 6	 0	 1	 2	 2	 0	 0	 1	 0	 1	 1	 1	493.24	  0.00
394	16	18	v	 0	 1	 6	 3	 2	 3	 2	 0	 0	 1	 0	 1	 1	 1	603.55	  0.00
395	16	18	v	 0	 1	 6	 3	 2	 0	 1	 1	 0	 1	 0	 2	 2	 1	417.51	  0.00
396	16	18	v	 0	 1	 6	 0	 1	 2	 2	 1	 0	 1	 0	 1	 1	 1	688.07	  0.00
397	16	18	v	 0	 1	 6	 2	 2	 0	 1	 1	 0	 1	 0	 2	 2	 1	718.14	  0.00
398	16	18	v	 0	 1	 6	 2	 2	 0	 1	 1	 0	 1	 0	 2	 2	 1	476.13	  0.00
399	16	18	v	 0	 1	 6	 2	 2	 3	 2	 0	 0	 1	 0	 1	 1	 1	1010.37	  0.00
400	16	18	v	 0	 1	 6	 1	 1	 2	 2	 1	 0	 1	 0	 1	 1	 1	672.10	  0.00
401	16	18	v	 0	 1	 6	 3	 2	 3	 2	 1	 0	 1	 0	 2	 1	 0	525.20	  0.00
402	16	18	v	 0	 1	 6	 0	 1	 0	 1	 0	 0	 1	 0	 2	 2	 1	867.38	  0.00
403	16	18	v	 0	 1	 6	 1	 1	 1	 1	 0	 0	 1	 0	 2	 1	 0	457.19	  0.00
404	16	18	v	 0	 1	 6	 3	 2	 0	 1	 1	 0	 1	 0	 2	 2	 1	807.48	  0.00
405	16	18	v	 0	 1	 6	 3	 2	 1	 1	 1	 0	 1	 0	 2	 2	 1	413.18	  0.00
406	16	18	v	 0	 1	 6	 1	 1	 3	 2	 1	 0	 1	 0	 1	 1	 1	483.84	  0.00
407	16	18	v	 0	 1	 6	 0	 1	 1	 1	 0	 0	 1	 0	 2	 2	 1	666.10	  0.00
408	16	18	v	 0	 1	 6	 1	 1	 3	 2	 0	 0	 1	 0	 1	 1	 1	568.05	  0.00
409	16	18	v	 0	 1	 6	 0	 1	 1	 1	 0	 0	 1	 0	 2	 2	 1	1061.49	  0.00
410	16	18	v	 0	 1	 6	 1	 1	 3	 2	 0	 0	 1	 0	 1	 1	 1	570.82	  0.00
411	16	18	v	 0	 1	 6	 1	 1	 2	 2	 0	 0	 1	 0	 1	 1	 1	561.11	  0.00
412	16	18	v	 0	 1	 6	 2	 2	 2	 2	 1	 0	 1	 0	 2	 2	 1	599.09	  0.00
413	16	18	v	 0	 1	 6	 2	 2	 1	 1	 0	 0	 1	 0	 2	 2	 1	525.47	  0.00
414	16	18	v	 0	 1	 6	 3	 2	 0	 1	 0	 0	 1	 0	 2	 2	 1	731.72	  0.00
415	16	18	v	 0	 1	 6	 2	 2	 3	 2	 0	 0	 1	 0	 1	 1	 1	625.72	  0.00
416	16	18	v	 0	 1	 6	 1	 1	 2	 2	 0	 0	 1	 0	 1	 1	 1	567.06	  0.00
417	16	18	v	 0	 1	 6	 3	 2	 1	 1	 1	 0	 1	 0	 2	 2	 1	589.16	  0.00
418	16	18	v	 0	 1	 6	 3	 2	 2	 2	 0	 0	 1	 0	 1	 1	 1	707.22	  0.00
419	16	18	v	 0	 1	 6	 3	 2	 2	 2	 1	 0	 1	 0	 2	 2	 1	473.00	  0.00
420	16	18	v	 0	 1	 6	 3	 2	 3	 2	 1	 0	 1	 0	 2	 1	 0	583.64	  0.00
421	16	18	v	 0	 1	 6	 2	 2	 2	 2	 0	 0	 1	 0	 1	 1	 1	829.69	  0.00
422	16	18	v	 0	 1	 6	 1	 1	 0	 1	 0	 0	 1	 0	 2	 1	 0	619.49	  0.00
423	16	18	v	 0	 1	 6	 0	 1	 0	 1	 0	 0	 1	 0	 2	 2	 1	513.62	  0.00
424	16	18	v	 0	 1	 6	 3	 2	 0	 1	 0	 0	 1	 0	 2	 2	 1	487.90	  0.00
425	16	18	v	 0	 1	 6	 1	 1	 1	 1	 1	 0	 1	 0	 1	 1	 1	901.34	  0.00
426	16	18	v	 0	 1	 6	 2	 2	 2	 2	 0	 0	 1	 0	 1	 1	 1	666.90	  0.00
427	16	18	v	 0	 1	 6	 2	 2	 2	 2	 1	 0	 1	 0	 2	 2	 1	585.05	  0.00
428	16	18	v	 0	 1	 6	 0	 1	 1	 1	 1	 0	 1	 0	 1	 1	 1	791.01	  0.00
429	16	18	v	 0	 1	 6	 0	 1	 0	 1	 1	 0	 1	 0	 1	 1	 1	549.10	  0.00
430	16	18	v	 0	 1	 6	 1	 1	 0	 1	 1	 0	 1	 0	 1	 1	 1	475.34	  0.00
431	16	18	v	 0	 1	 6	 1	 1	 0	 1	 1	 0	 1	 0	 1	 1	 1	489.55	  0.00
432	16	18	v	 0	 1	 6	 2	 2	 1	 1	 1	 0	 1	 0	 2	 2	 1	767.85	  0.00
433	16	18	v	 0	 1	 6	 0	 1	 3	 2	 1	 0	 1	 0	 1	 2	 0	429.15	  0.00
434	16	18	v	 0	 1	 6	 2	 2	 1	 1	 1	 0	 1	 0	 2	 2	 1	579.24	  0.00
435	16	18	v	 0	 1	 6	 1	 1	 1	 1	 1	 0	 1	 0	 1	 1	 1	649.47	  0.00
436	16	18	v	 0	 1	 6	 3	 2	 3	 2	 0	 0	 1	 0	 1	 1	 1	759.59	  0.00
437	16	18	v	 0	 1	 6	 0	 1	 2	 2	 0	 0	 1	 0	 1	 1	 1	653.45	  0.00
438	16	18	v	 0	 1	 6	 0	 1	 3	 2	 0	 0	 1	 0	 1	 1	 1	523.58	  0.00
439	16	18	v	 0	 1	 6	 1	 1	 1	 1	 0	 0	 1	 0	 2	 2	 1	561.81	  0.00
440	16	18	v	 0	 1	 6	 0	 1	 2	 2	 1	 0	 1	 0	 1	 1	 1	783.77	  0.00
441	16	18	v	 0	 1	 6	 3	 2	 1	 1	 0	 0	 1	 0	 2	 1	 0	653.91	  0.00
442	16	18	v	 0	 1	 6	 2	 2	 0	 1	 0	 0	 1	 0	 2	 2	 1	763.03	  0.00
443	16	18	v	 0	 1	 6	 2	 2	 3	 2	 1	 0	 1	 0	 2	 2	 1	1488.96	  0.00
444	16	18	v	 0	 1	 6	 2	 2	 0	 1	 0	 0	 1	 0	 2	 2	 1	733.66	  0.00
445	16	18	v	 0	 1	 6	 0	 1	 3	 2	 1	 0	 1	 0	 1	 1	 1	627.78	  0.00
446	16	18	v	 0	 1	 6	 0	 1	 3	 2	 0	 0	 1	 0	 1	 1	 1	657.83	  0.00
447	16	18	v	 0	 1	 6	 3	 2	 1	 1	 0	 0	 1	 0	 2	 2	 1	575.85	  0.00
448	16	18	v	 0	 1	 7	 1	 1	 2	 2	 0	 0	 1	 0	 1	 1	 1	750.07	  0.00
449	16	18	v	 0	 1	 7	 0	 1	 0	 1	 1	 0	 1	 0	 1	 1	 1	698.58	  0.00
450	16	18	v	 0	 1	 7	 2	 2	 3	 2	 0	 0	 1	 0	 1	 2	 0	984.93	  0.00
451	16	18	v	 0	 1	 7	 2	 2	 2	 2	 1	 0	 1	 0	 2	 2	 1	621.98	  0.00
452	16	18	v	 0	 1	 7	 0	 1	 0	 1	 1	 0	 1	 0	 1	 1	 1	612.74	  0.00
453	16	18	v	 0	 1	 7	 2	 2	 1	 1	 0	 0	 1	 0	 2	 2	 1	538.93	  0.00
454	16	18	v	 0	 1	 7	 1	 1	 1	 1	 0	 0	 1	 0	 2	 2	 1	689.07	  0.00
455	16	18	v	 0	 1	 7	 3	 2	 0	 1	 1	 0	 1	 0	 2	 2	 1	559.09	  0.00
456	16	18	v	 0	 1	 7	 3	 2	 2	 2	 1	 0	 1	 0	 2	 2	 1	445.34	  0.00
457	16	18	v	 0	 1	 7	 3	 2	 0	 1	 1	 0	 1	 0	 2	 2	 1	539.74	  0.00
458	16	18	v	 0	 1	 7	 1	 1	 0	 1	 0	 0	 1	 0	 2	 2	 1	688.93	  0.00
459	16	18	v	 0	 1	 7	 2	 2	 0	 1	 1	 0	 1	 0	 2	 2	 1	631.03	  0.00
460	16	18	v	 0	 1	 7	 2	 2	 1	 1	 1	 0	 1	 0	 2	 2	 1	493.16	  0.00
461	16	18	v	 0	 1	 7	 1	 1	 3	 2	 1	 0	 1	 0	 1	 1	 1	803.29	  0.00
462	16	18	v	 0	 1	 7	 0	 1	 0	 1	 0	 0	 1	 0	 2	 1	 0	441.34	  0.00
463	16	18	v	 0	 1	 7	 1	 1	 2	 2	 1	 0	 1	 0	 1	 1	 1	511.69	  0.00
464	16	18	v	 0	 1	 7	 3	 2	 2	 2	 1	 0	 1	 0	 2	 2	 1	637.88	  0.00
465	16	18	v	 0	 1	 7	 3	 2	 1	 1	 1	 0	 1	 0	 2	 2	 1	459.85	  0.00
466	16	18	v	 0	 1	 7	 2	 2	 3	 2	 1	 0	 1	 0	 2	 2	 1	409.49	  0.00
467	16	18	v	 0	 1	 7	 0	 1	 3	 2	 0	 0	 1	 0	 1	 2	 0	823.89	  0.00
468	16	18	v	 0	 1	 7	 3	 2	 1	 1	 0	 0	 1	 0	 2	 2	 1	501.68	  0.00
469	16	18	v	 0	 1	 7	 3	 2	 3	 2	 0	 0	 1	 0	 1	 1	 1	636.01	  0.00
470	16	18	v	 0	 1	 7	 3	 2	 0	 1	 0	 0	 1	 0	 2	 2	 1	546.07	  0.00
471	16	18	v	 0	 1	 7	 3	 2	 1	 1	 1	 0	 1	 0	 2	 2	 1	504.35	  0.00
472	16	18	v	 0	 1	 7	 0	 1	 1	 1	 0	 0	 1	 0	 2	 2	 1	446.61	  0.00
473	16	18	v	 0	 1	 7	 0	 1	 2	 2	 1	 0	 1	 0	 1	 1	 1	501.03	  0.00
474	16	18	v	 0	 1	 7	 0	 1	 0	 1	 0	 0	 1	 0	 2	 2	 1	522.38	  0.00
475	16	18	v	 0	 1	 7	 1	 1	 1	 1	 1	 0	 1	 0	 1	 1	 1	496.59	  0.00
476	16	18	v	 0	 1	 7	 0	 1	 2	 2	 0	 0	 1	 0	 1	 1	 1	382.78	  0.00
477	16	18	v	 0	 1	 7	 2	 2	 0	 1	 0	 0	 1	 0	 2	 1	 0	405.31	  0.00
478	16	18	v	 0	 1	 7	 3	 2	 2	 2	 0	 0	 1	 0	 1	 1	 1	411.70	  0.00
479	16	18	v	 0	 1	 7	 1	 1	 2	 2	 0	 0	 1	 0	 1	 1	 1	442.15	  0.00
480	16	18	v	 0	 1	 7	 0	 1	 3	 2	 1	 0	 1	 0	 1	 1	 1	608.61	  0.00
481	16	18	v	 0	 1	 7	 1	 1	 1	 1	 0	 0	 1	 0	 2	 2	 1	542.72	  0.00
482	16	18	v	 0	 1	 7	 1	 1	 2	 2	 1	 0	 1	 0	 1	 2	 0	444.96	  0.00
483	16	18	v	 0	 1	 7	 2	 2	 3	 2	 0	 0	 1	 0	 1	 1	 1	1090.41	  0.00
484	16	18	v	 0	 1	 7	 3	 2	 0	 1	 0	 0	 1	 0	 2	 2	 1	503.83	  0.00
485	16	18	v	 0	 1	 7	 0	 1	 1	 1	 1	 0	 1	 0	 1	 1	 1	518.08	  0.00
486	16	18	v	 0	 1	 7	 1	 1	 3	 2	 0	 0	 1	 0	 1	 1	 1	388.50	  0.00
487	16	18	v	 0	 1	 7	 0	 1	 2	 2	 0	 0	 1	 0	 1	 1	 1	482.81	  0.00
488	16	18	v	 0	 1	 7	 1	 1	 0	 1	 0	 0	 1	 0	 2	 2	 1	497.20	  0.00
489	16	18	v	 0	 1	 7	 2	 2	 0	 1	 0	 0	 1	 0	 2	 2	 1	423.48	  0.00
490	16	18	v	 0	 1	 7	 0	 1	 3	 2	 1	 0	 1	 0	 1	 1	 1	741.90	  0.00
491	16	18	v	 0	 1	 7	 3	 2	 1	 1	 0	 0	 1	 0	 2	 2	 1	707.78	  0.00
492	16	18	v	 0	 1	 7	 3	 2	 3	 2	 1	 0	 1	 0	 2	 2	 1	752.96	  0.00
493	16	18	v	 0	 1	 7	 3	 2	 3	 2	 0	 0	 1	 0	 1	 1	 1	1206.73	  0.00
494	16	18	v	 0	 1	 7	 0	 1	 1	 1	 0	 0	 1	 0	 2	 2	 1	515.95	  0.00
495	16	18	v	 0	 1	 7	 1	 1	 1	 1	 1	 0	 1	 0	 1	 1	 1	1002.35	  0.00
496	16	18	v	 0	 1	 7	 1	 1	 3	 2	 0	 0	 1	 0	 1	 1	 1	455.84	  0.00
497	16	18	v	 0	 1	 7	 0	 1	 3	 2	 0	 0	 1	 0	 1	 1	 1	390.30	  0.00
498	16	18	v	 0	 1	 7	 1	 1	 0	 1	 1	 0	 1	 0	 1	 1	 1	604.76	  0.00
499	16	18	v	 0	 1	 7	 2	 2	 2	 2	 0	 0	 1	 0	 1	 1	 1	514.79	  0.00
500	16	18	v	 0	 1	 7	 2	 2	 1	 1	 1	 0	 1	 0	 2	 2	 1	624.32	  0.00
501	16	18	v	 0	 1	 7	 0	 1	 2	 2	 1	 0	 1	 0	 1	 1	 1	595.53	  0.00
502	16	18	v	 0	 1	 7	 2	 2	 1	 1	 0	 0	 1	 0	 2	 2	 1	420.39	  0.00
503	16	18	v	 0	 1	 7	 2	 2	 0	 1	 1	 0	 1	 0	 2	 1	 0	530.82	  0.00
504	16	18	v	 0	 1	 7	 1	 1	 3	 2	 1	 0	 1	 0	 1	 1	 1	553.15	  0.00
505	16	18	v	 0	 1	 7	 2	 2	 2	 2	 1	 0	 1	 0	 2	 2	 1	591.32	  0.00
506	16	18	v	 0	 1	 7	 2	 2	 2	 2	 0	 0	 1	 0	 1	 1	 1	621.47	  0.00
507	16	18	v	 0	 1	 7	 0	 1	 1	 1	 1	 0	 1	 0	 1	 1	 1	747.59	  0.00
508	16	18	v	 0	 1	 7	 3	 2	 2	 2	 0	 0	 1	 0	 1	 1	 1	432.72	  0.00
509	16	18	v	 0	 1	 7	 3	 2	 3	 2	 1	 0	 1	 0	 2	 2	 1	550.94	  0.00
510	16	18	v	 0	 1	 7	 2	 2	 3	 2	 1	 0	 1	 0	 2	 2	 1	581.15	  0.00
511	16	18	v	 0	 1	 7	 1	 1	 0	 1	 1	 0	 1	 0	 1	 2	 0	515.31	  0.00
512	16	18	v	 0	 1	 8	 1	 1	 3	 2	 1	 1	 1	 1	 2	 2	 1	567.34	  0.00
513	16	18	v	 0	 1	 8	 3	 2	 1	 1	 1	 1	 1	 1	 1	 2	 0	261.00	  0.00
514	16	18	v	 0	 1	 8	 2	 2	 3	 2	 0	 1	 1	 1	 1	 1	 1	475.28	  0.00
515	16	18	v	 0	 1	 8	 3	 2	 3	 2	 0	 1	 1	 1	 1	 1	 1	377.02	  0.00
516	16	18	v	 0	 1	 8	 2	 2	 3	 2	 0	 1	 1	 1	 1	 1	 1	358.10	  0.00
517	16	18	v	 0	 1	 8	 0	 1	 2	 2	 0	 1	 1	 1	 2	 2	 1	508.00	  0.00
518	16	18	v	 0	 1	 8	 3	 2	 3	 2	 0	 1	 1	 1	 1	 1	 1	377.57	  0.00
519	16	18	v	 0	 1	 8	 0	 1	 2	 2	 1	 1	 1	 1	 2	 2	 1	583.81	  0.00
520	16	18	v	 0	 1	 8	 3	 2	 1	 1	 0	 1	 1	 1	 1	 1	 1	357.05	  0.00
521	16	18	v	 0	 1	 8	 1	 1	 0	 1	 0	 1	 1	 1	 2	 2	 1	451.39	  0.00
522	16	18	v	 0	 1	 8	 2	 2	 1	 1	 1	 1	 1	 1	 1	 1	 1	456.56	  0.00
523	16	18	v	 0	 1	 8	 0	 1	 3	 2	 0	 1	 1	 1	 2	 2	 1	422.28	  0.00
524	16	18	v	 0	 1	 8	 2	 2	 1	 1	 0	 1	 1	 1	 1	 1	 1	323.95	  0.00
525	16	18	v	 0	 1	 8	 1	 1	 3	 2	 1	 1	 1	 1	 2	 2	 1	426.27	  0.00
526	16	18	v	 0	 1	 8	 2	 2	 1	 1	 1	 1	 1	 1	 1	 1	 1	416.10	  0.00
527	16	18	v	 0	 1	 8	 3	 2	 3	 2	 1	 1	 1	 1	 1	 1	 1	462.06	  0.00
528	16	18	v	 0	 1	 8	 0	 1	 2	 2	 1	 1	 1	 1	 2	 2	 1	451.93	  0.00
529	16	18	v	 0	 1	 8	 1	 1	 0	 1	 0	 1	 1	 1	 2	 2	 1	449.76	  0.00
530	16	18	v	 0	 1	 8	 1	 1	 0	 1	 1	 1	 1	 1	 2	 2	 1	390.66	  0.00
531	16	18	v	 0	 1	 8	 2	 2	 3	 2	 1	 1	 1	 1	 1	 1	 1	604.42	  0.00
532	16	18	v	 0	 1	 8	 0	 1	 0	 1	 1	 1	 1	 1	 2	 2	 1	410.32	  0.00
533	16	18	v	 0	 1	 8	 2	 2	 2	 2	 0	 1	 1	 1	 1	 1	 1	464.22	  0.00
534	16	18	v	 0	 1	 8	 2	 2	 3	 2	 1	 1	 1	 1	 1	 1	 1	454.09	  0.00
535	16	18	v	 0	 1	 8	 3	 2	 0	 1	 0	 1	 1	 1	 1	 2	 0	315.72	  0.00
536	16	18	v	 0	 1	 8	 3	 2	 0	 1	 1	 1	 1	 1	 1	 1	 1	666.02	  0.00
537	16	18	v	 0	 1	 8	 3	 2	 2	 2	 1	 1	 1	 1	 1	 1	 1	487.62	  0.00
538	16	18	v	 0	 1	 8	 1	 1	 1	 1	 1	 1	 1	 1	 2	 2	 1	396.49	  0.00
539	16	18	v	 0	 1	 8	 3	 2	 0	 1	 1	 1	 1	 1	 1	 1	 1	434.39	  0.00
540	16	18	v	 0	 1	 8	 2	 2	 1	 1	 0	 1	 1	 1	 1	 1	 1	336.01	  0.00
541	16	18	v	 0	 1	 8	 0	 1	 3	 2	 1	 1	 1	 1	 2	 2	 1	502.30	  0.00
542	16	18	v	 0	 1	 8	 1	 1	 1	 1	 0	 1	 1	 1	 2	 2	 1	475.90	  0.00
543	16	18	v	 0	 1	 8	 0	 1	 1	 1	 0	 1	 1	 1	 2	 2	 1	489.93	  0.00
544	16	18	v	 0	 1	 8	 1	 1	 2	 2	 0	 1	 1	 1	 2	 2	 1	647.74	  0.00
545	16	18	v	 0	 1	 8	 3	 2	 2	 2	 0	 1	 1	 1	 1	 1	 1	452.13	  0.00
546	16	18	v	 0	 1	 8	 0	 1	 0	 1	 0	 1	 1	 1	 2	 2	 1	426.24	  0.00
547	16	18	v	 0	 1	 8	 1	 1	 2	 2	 1	 1	 1	 1	 2	 2	 1	440.19	  0.00
548	16	18	v	 0	 1	 8	 1	 1	 1	 1	 1	 1	 1	 1	 2	 1	 0	318.02	  0.00
549	16	18	v	 0	 1	 8	 0	 1	 0	 1	 0	 1	 1	 1	 2	 2	 1	412.07	  0.00
550	16	18	v	 0	 1	 8	 3	 2	 3	 2	 1	 1	 1	 1	 1	 1	 1	458.01	  0.00
551	16	18	v	 0	 1	 8	 2	 2	 0	 1	 0	 1	 1	 1	 1	 1	 1	631.77	  0.00
552	16	18	v	 0	 1	 8	 1	 1	 2	 2	 0	 1	 1	 1	 2	 2	 1	277.51	  0.00
553	16	18	v	 0	 1	 8	 0	 1	 1	 1	 1	 1	 1	 1	 2	 2	 1	497.86	  0.00
554	16	18	v	 0	 1	 8	 0	 1	 2	 2	 0	 1	 1	 1	 2	 2	 1	472.41	  0.00
555	16	18	v	 0	 1	 8	 0	 1	 1	 1	 1	 1	 1	 1	 2	 2	 1	510.11	  0.00
556	16	18	v	 0	 1	 8	 1	 1	 1	 1	 0	 1	 1	 1	 2	 2	 1	467.79	  0.00
557	16	18	v	 0	 1	 8	 1	 1	 2	 2	 1	 1	 1	 1	 2	 2	 1	465.82	  0.00
558	16	18	v	 0	 1	 8	 2	 2	 2	 2	 0	 1	 1	 1	 1	 1	 1	463.73	  0.00
559	16	18	v	 0	 1	 8	 0	 1	 3	 2	 1	 1	 1	 1	 2	 2	 1	636.68	  0.00
560	16	18	v	 0	 1	 8	 0	 1	 1	 1	 0	 1	 1	 1	 2	 2	 1	889.38	  0.00
561	16	18	v	 0	 1	 8	 3	 2	 0	 1	 0	 1	 1	 1	 1	 1	 1	351.44	  0.00
562	16	18	v	 0	 1	 8	 0	 1	 0	 1	 1	 1	 1	 1	 2	 2	 1	285.44	  0.00
563	16	18	v	 0	 1	 8	 1	 1	 3	 2	 0	 1	 1	 1	 2	 2	 1	331.52	  0.00
564	16	18	v	 0	 1	 8	 2	 2	 0	 1	 0	 1	 1	 1	 1	 1	 1	449.55	  0.00
565	16	18	v	 0	 1	 8	 3	 2	 2	 2	 0	 1	 1	 1	 1	 2	 0	471.47	  0.00
566	16	18	v	 0	 1	 8	 2	 2	 0	 1	 1	 1	 1	 1	 1	 1	 1	485.17	  0.00
567	16	18	v	 0	 1	 8	 3	 2	 2	 2	 1	 1	 1	 1	 1	 1	 1	417.88	  0.00
568	16	18	v	 0	 1	 8	 2	 2	 0	 1	 1	 1	 1	 1	 1	 1	 1	447.77	  0.00
569	16	18	v	 0	 1	 8	 3	 2	 1	 1	 1	 1	 1	 1	 1	 1	 1	397.98	  0.00
570	16	18	v	 0	 1	 8	 2	 2	 2	 2	 1	 1	 1	 1	 1	 1	 1	499.87	  0.00
571	16	18	v	 0	 1	 8	 1	 1	 0	 1	 1	 1	 1	 1	 2	 2	 1	473.74	  0.00
572	16	18	v	 0	 1	 8	 1	 1	 3	 2	 0	 1	 1	 1	 2	 2	 1	535.49	  0.00
573	16	18	v	 0	 1	 8	 0	 1	 3	 2	 0	 1	 1	 1	 2	 2	 1	357.27	  0.00
574	16	18	v	 0	 1	 8	 2	 2	 2	 2	 1	 1	 1	 1	 1	 2	 0	458.11	  0.00
575	16	18	v	 0	 1	 8	 3	 2	 1	 1	 0	 1	 1	 1	 1	 2	 0	376.22	  0.00
576	16	18	v	 0	 1	 9	 3	 2	 2	 2	 1	 1	 1	 1	 1	 1	 1	896.39	  0.00
577	16	18	v	 0	 1	 9	 0	 1	 3	 2	 0	 1	 1	 1	 2	 2	 1	453.48	  0.00
578	16	18	v	 0	 1	 9	 3	 2	 3	 2	 1	 1	 1	 1	 1	 1	 1	315.59	  0.00
579	16	18	v	 0	 1	 9	 1	 1	 1	 1	 0	 1	 1	 1	 2	 2	 1	538.00	  0.00
580	16	18	v	 0	 1	 9	 1	 1	 2	 2	 0	 1	 1	 1	 2	 2	 1	312.23	  0.00
581	16	18	v	 0	 1	 9	 3	 2	 0	 1	 0	 1	 1	 1	 1	 1	 1	470.79	  0.00
582	16	18	v	 0	 1	 9	 1	 1	 3	 2	 0	 1	 1	 1	 2	 2	 1	373.12	  0.00
583	16	18	v	 0	 1	 9	 3	 2	 2	 2	 0	 1	 1	 1	 1	 1	 1	443.55	  0.00
584	16	18	v	 0	 1	 9	 1	 1	 0	 1	 0	 1	 1	 1	 2	 2	 1	377.98	  0.00
585	16	18	v	 0	 1	 9	 1	 1	 2	 2	 0	 1	 1	 1	 2	 2	 1	496.21	  0.00
586	16	18	v	 0	 1	 9	 0	 1	 3	 2	 0	 1	 1	 1	 2	 2	 1	342.72	  0.00
587	16	18	v	 0	 1	 9	 0	 1	 1	 1	 0	 1	 1	 1	 2	 2	 1	412.99	  0.00
588	16	18	v	 0	 1	 9	 0	 1	 2	 2	 1	 1	 1	 1	 2	 2	 1	346.68	  0.00
589	16	18	v	 0	 1	 9	 2	 2	 1	 1	 1	 1	 1	 1	 1	 1	 1	457.11	  0.00
590	16	18	v	 0	 1	 9	 3	 2	 2	 2	 0	 1	 1	 1	 1	 1	 1	703.50	  0.00
591	16	18	v	 0	 1	 9	 0	 1	 0	 1	 0	 1	 1	 1	 2	 2	 1	461.36	  0.00
592	16	18	v	 0	 1	 9	 3	 2	 3	 2	 0	 1	 1	 1	 1	 1	 1	443.78	  0.00
593	16	18	v	 0	 1	 9	 3	 2	 1	 1	 0	 1	 1	 1	 1	 1	 1	601.82	  0.00
594	16	18	v	 0	 1	 9	 0	 1	 2	 2	 0	 1	 1	 1	 2	 2	 1	535.33	  0.00
595	16	18	v	 0	 1	 9	 2	 2	 3	 2	 0	 1	 1	 1	 1	 1	 1	374.51	  0.00
596	16	18	v	 0	 1	 9	 3	 2	 0	 1	 0	 1	 1	 1	 1	 1	 1	564.97	  0.00
597	16	18	v	 0	 1	 9	 3	 2	 0	 1	 1	 1	 1	 1	 1	 1	 1	402.10	  0.00
598	16	18	v	 0	 1	 9	 3	 2	 3	 2	 0	 1	 1	 1	 1	 1	 1	360.76	  0.00
599	16	18	v	 0	 1	 9	 3	 2	 1	 1	 1	 1	 1	 1	 1	 1	 1	398.97	  0.00
600	16	18	v	 0	 1	 9	 1	 1	 2	 2	 1	 1	 1	 1	 2	 2	 1	389.62	  0.00
601	16	18	v	 0	 1	 9	 2	 2	 0	 1	 0	 1	 1	 1	 1	 1	 1	356.07	  0.00
602	16	18	v	 0	 1	 9	 1	 1	 2	 2	 1	 1	 1	 1	 2	 2	 1	314.57	  0.00
603	16	18	v	 0	 1	 9	 2	 2	 3	 2	 0	 1	 1	 1	 1	 1	 1	441.17	  0.00
604	16	18	v	 0	 1	 9	 3	 2	 2	 2	 1	 1	 1	 1	 1	 1	 1	327.51	  0.00
605	16	18	v	 0	 1	 9	 0	 1	 0	 1	 1	 1	 1	 1	 2	 2	 1	445.90	  0.00
606	16	18	v	 0	 1	 9	 1	 1	 1	 1	 1	 1	 1	 1	 2	 2	 1	348.53	  0.00
607	16	18	v	 0	 1	 9	 1	 1	 3	 2	 1	 1	 1	 1	 2	 2	 1	330.09	  0.00
608	16	18	v	 0	 1	 9	 2	 2	 2	 2	 0	 1	 1	 1	 1	 1	 1	535.88	  0.00
609	16	18	v	 0	 1	 9	 1	 1	 3	 2	 1	 1	 1	 1	 2	 2	 1	382.80	  0.00
610	16	18	v	 0	 1	 9	 2	 2	 1	 1	 0	 1	 1	 1	 1	 2	 0	405.18	  0.00
611	16	18	v	 0	 1	 9	 2	 2	 2	 2	 0	 1	 1	 1	 1	 1	 1	587.76	  0.00
612	16	18	v	 0	 1	 9	 0	 1	 3	 2	 1	 1	 1	 1	 2	 1	 0	401.89	  0.00
613	16	18	v	 0	 1	 9	 0	 1	 0	 1	 0	 1	 1	 1	 2	 2	 1	416.29	  0.00
614	16	18	v	 0	 1	 9	 1	 1	 0	 1	 1	 1	 1	 1	 2	 2	 1	398.70	  0.00
615	16	18	v	 0	 1	 9	 1	 1	 1	 1	 0	 1	 1	 1	 2	 2	 1	357.14	  0.00
616	16	18	v	 0	 1	 9	 0	 1	 2	 2	 0	 1	 1	 1	 2	 2	 1	299.00	  0.00
617	16	18	v	 0	 1	 9	 2	 2	 1	 1	 0	 1	 1	 1	 1	 1	 1	489.33	  0.00
618	16	18	v	 0	 1	 9	 1	 1	 0	 1	 0	 1	 1	 1	 2	 2	 1	487.61	  0.00
619	16	18	v	 0	 1	 9	 2	 2	 2	 2	 1	 1	 1	 1	 1	 1	 1	437.91	  0.00
620	16	18	v	 0	 1	 9	 0	 1	 1	 1	 1	 1	 1	 1	 2	 2	 1	284.06	  0.00
621	16	18	v	 0	 1	 9	 3	 2	 3	 2	 1	 1	 1	 1	 1	 1	 1	298.92	  0.00
622	16	18	v	 0	 1	 9	 2	 2	 1	 1	 1	 1	 1	 1	 1	 2	 0	273.40	  0.00
623	16	18	v	 0	 1	 9	 0	 1	 1	 1	 1	 1	 1	 1	 2	 2	 1	400.09	  0.00
624	16	18	v	 0	 1	 9	 1	 1	 1	 1	 1	 1	 1	 1	 2	 2	 1	342.61	  0.00
625	16	18	v	 0	 1	 9	 3	 2	 0	 1	 1	 1	 1	 1	 1	 1	 1	541.09	  0.00
626	16	18	v	 0	 1	 9	 2	 2	 0	 1	 1	 1	 1	 1	 1	 2	 0	283.27	  0.00
627	16	18	v	 0	 1	 9	 2	 2	 2	 2	 1	 1	 1	 1	 1	 1	 1	472.93	  0.00
628	16	18	v	 0	 1	 9	 0	 1	 2	 2	 1	 1	 1	 1	 2	 2	 1	447.24	  0.00
629	16	18	v	 0	 1	 9	 3	 2	 1	 1	 0	 1	 1	 1	 1	 1	 1	341.67	  0.00
630	16	18	v	 0	 1	 9	 0	 1	 0	 1	 1	 1	 1	 1	 2	 2	 1	291.98	  0.00
631	16	18	v	 0	 1	 9	 2	 2	 3	 2	 1	 1	 1	 1	 1	 1	 1	266.80	  0.00
632	16	18	v	 0	 1	 9	 0	 1	 3	 2	 1	 1	 1	 1	 2	 2	 1	305.42	  0.00
633	16	18	v	 0	 1	 9	 2	 2	 0	 1	 0	 1	 1	 1	 1	 1	 1	247.94	  0.00
634	16	18	v	 0	 1	 9	 0	 1	 1	 1	 0	 1	 1	 1	 2	 2	 1	286.63	  0.00
635	16	18	v	 0	 1	 9	 1	 1	 3	 2	 0	 1	 1	 1	 2	 2	 1	317.31	  0.00
636	16	18	v	 0	 1	 9	 2	 2	 3	 2	 1	 1	 1	 1	 1	 1	 1	499.64	  0.00
637	16	18	v	 0	 1	 9	 1	 1	 0	 1	 1	 1	 1	 1	 2	 2	 1	545.20	  0.00
638	16	18	v	 0	 1	 9	 2	 2	 0	 1	 1	 1	 1	 1	 1	 1	 1	472.35	  0.00
639	16	18	v	 0	 1	 9	 3	 2	 1	 1	 1	 1	 1	 1	 1	 1	 1	501.68	  0.00
640	16	18	v	 0	 1	10	 0	 1	 1	 1	 0	 1	 1	 1	 2	 2	 1	885.70	  0.00
641	16	18	v	 0	 1	10	 1	 1	 1	 1	 0	 1	 1	 1	 2	 2	 1	442.92	  0.00
642	16	18	v	 0	 1	10	 2	 2	 2	 2	 0	 1	 1	 1	 1	 2	 0	168.79	  0.00
643	16	18	v	 0	 1	10	 0	 1	 3	 2	 0	 1	 1	 1	 1	 1	 1	638.08	  0.00
644	16	18	v	 0	 1	10	 2	 2	 3	 2	 0	 1	 1	 1	 1	 1	 1	403.67	  0.00
645	16	18	v	 0	 1	10	 1	 1	 3	 2	 1	 1	 1	 1	 2	 2	 1	689.48	  0.00
646	16	18	v	 0	 1	10	 3	 2	 3	 2	 1	 1	 1	 1	 1	 1	 1	695.04	  0.00
647	16	18	v	 0	 1	10	 2	 2	 0	 1	 1	 1	 1	 1	 1	 1	 1	540.76	  0.00
648	16	18	v	 0	 1	10	 3	 2	 2	 2	 0	 1	 1	 1	 1	 1	 1	490.43	  0.00
649	16	18	v	 0	 1	10	 0	 1	 1	 1	 1	 1	 1	 1	 2	 2	 1	511.40	  0.00
650	16	18	v	 0	 1	10	 0	 1	 2	 2	 0	 1	 1	 1	 1	 1	 1	581.06	  0.00
651	16	18	v	 0	 1	10	 1	 1	 2	 2	 0	 1	 1	 1	 1	 1	 1	442.75	  0.00
652	16	18	v	 0	 1	10	 1	 1	 3	 2	 0	 1	 1	 1	 1	 1	 1	496.62	  0.00
653	16	18	v	 0	 1	10	 2	 2	 3	 2	 1	 1	 1	 1	 1	 1	 1	678.58	  0.00
654	16	18	v	 0	 1	10	 2	 2	 0	 1	 0	 1	 1	 1	 2	 2	 1	363.95	  0.00
655	16	18	v	 0	 1	10	 2	 2	 3	 2	 1	 1	 1	 1	 1	 2	 0	641.82	  0.00
656	16	18	v	 0	 1	10	 1	 1	 1	 1	 0	 1	 1	 1	 2	 2	 1	782.58	  0.00
657	16	18	v	 0	 1	10	 1	 1	 2	 2	 1	 1	 1	 1	 2	 2	 1	564.11	  0.00
658	16	18	v	 0	 1	10	 0	 1	 0	 1	 0	 1	 1	 1	 2	 2	 1	521.74	  0.00
659	16	18	v	 0	 1	10	 2	 2	 2	 2	 1	 1	 1	 1	 1	 1	 1	767.08	  0.00
660	16	18	v	 0	 1	10	 3	 2	 0	 1	 1	 1	 1	 1	 1	 1	 1	452.94	  0.00
661	16	18	v	 0	 1	10	 3	 2	 1	 1	 1	 1	 1	 1	 1	 1	 1	425.90	  0.00
662	16	18	v	 0	 1	10	 0	 1	 3	 2	 1	 1	 1	 1	 2	 2	 1	496.69	  0.00
663	16	18	v	 0	 1	10	 1	 1	 2	 2	 1	 1	 1	 1	 2	 2	 1	493.53	  0.00
664	16	18	v	 0	 1	10	 0	 1	 3	 2	 1	 1	 1	 1	 2	 2	 1	395.32	  0.00
665	16	18	v	 0	 1	10	 3	 2	 3	 2	 1	 1	 1	 1	 1	 1	 1	433.13	  0.00
666	16	18	v	 0	 1	10	 2	 2	 1	 1	 1	 1	 1	 1	 1	 1	 1	391.10	  0.00
667	16	18	v	 0	 1	10	 2	 2	 1	 1	 0	 1	 1	 1	 2	 2	 1	357.00	  0.00
668	16	18	v	 0	 1	10	 0	 1	 2	 2	 1	 1	 1	 1	 2	 2	 1	435.05	  0.00
669	16	18	v	 0	 1	10	 2	 2	 1	 1	 1	 1	 1	 1	 1	 1	 1	824.91	  0.00
670	16	18	v	 0	 1	10	 1	 1	 1	 1	 1	 1	 1	 1	 2	 2	 1	581.36	  0.00
671	16	18	v	 0	 1	10	 1	 1	 1	 1	 1	 1	 1	 1	 2	 2	 1	449.67	  0.00
672	16	18	v	 0	 1	10	 1	 1	 0	 1	 0	 1	 1	 1	 2	 2	 1	512.83	  0.00
673	16	18	v	 0	 1	10	 3	 2	 2	 2	 1	 1	 1	 1	 1	 1	 1	510.58	  0.00
674	16	18	v	 0	 1	10	 0	 1	 3	 2	 0	 1	 1	 1	 1	 1	 1	524.34	  0.00
675	16	18	v	 0	 1	10	 3	 2	 0	 1	 1	 1	 1	 1	 1	 2	 0	481.93	  0.00
676	16	18	v	 0	 1	10	 3	 2	 1	 1	 0	 1	 1	 1	 2	 2	 1	455.08	  0.00
677	16	18	v	 0	 1	10	 1	 1	 3	 2	 0	 1	 1	 1	 1	 1	 1	540.93	  0.00
678	16	18	v	 0	 1	10	 3	 2	 3	 2	 0	 1	 1	 1	 1	 1	 1	402.56	  0.00
679	16	18	v	 0	 1	10	 3	 2	 3	 2	 0	 1	 1	 1	 1	 1	 1	408.55	  0.00
680	16	18	v	 0	 1	10	 1	 1	 2	 2	 0	 1	 1	 1	 1	 1	 1	542.43	  0.00
681	16	18	v	 0	 1	10	 0	 1	 1	 1	 1	 1	 1	 1	 2	 2	 1	572.30	  0.00
682	16	18	v	 0	 1	10	 2	 2	 0	 1	 0	 1	 1	 1	 2	 2	 1	817.93	  0.00
683	16	18	v	 0	 1	10	 3	 2	 1	 1	 1	 1	 1	 1	 1	 1	 1	558.46	  0.00
684	16	18	v	 0	 1	10	 3	 2	 2	 2	 1	 1	 1	 1	 1	 1	 1	612.07	  0.00
685	16	18	v	 0	 1	10	 0	 1	 2	 2	 1	 1	 1	 1	 2	 2	 1	505.68	  0.00
686	16	18	v	 0	 1	10	 2	 2	 0	 1	 1	 1	 1	 1	 1	 1	 1	559.53	  0.00
687	16	18	v	 0	 1	10	 3	 2	 0	 1	 0	 1	 1	 1	 2	 2	 1	661.16	  0.00
688	16	18	v	 0	 1	10	 3	 2	 2	 2	 0	 1	 1	 1	 1	 1	 1	866.78	  0.00
689	16	18	v	 0	 1	10	 1	 1	 0	 1	 0	 1	 1	 1	 2	 1	 0	488.02	  0.00
690	16	18	v	 0	 1	10	 1	 1	 0	 1	 1	 1	 1	 1	 2	 2	 1	636.97	  0.00
691	16	18	v	 0	 1	10	 2	 2	 3	 2	 0	 1	 1	 1	 1	 1	 1	514.50	  0.00
692	16	18	v	 0	 1	10	 2	 2	 2	 2	 0	 1	 1	 1	 1	 1	 1	1024.22	  0.00
693	16	18	v	 0	 1	10	 3	 2	 1	 1	 0	 1	 1	 1	 2	 2	 1	613.36	  0.00
694	16	18	v	 0	 1	10	 0	 1	 0	 1	 1	 1	 1	 1	 2	 2	 1	538.99	  0.00
695	16	18	v	 0	 1	10	 1	 1	 3	 2	 1	 1	 1	 1	 2	 2	 1	504.78	  0.00
696	16	18	v	 0	 1	10	 3	 2	 0	 1	 0	 1	 1	 1	 2	 2	 1	686.54	  0.00
697	16	18	v	 0	 1	10	 0	 1	 0	 1	 0	 1	 1	 1	 2	 2	 1	500.05	  0.00
698	16	18	v	 0	 1	10	 1	 1	 0	 1	 1	 1	 1	 1	 2	 2	 1	408.91	  0.00
699	16	18	v	 0	 1	10	 2	 2	 1	 1	 0	 1	 1	 1	 2	 2	 1	638.82	  0.00
700	16	18	v	 0	 1	10	 0	 1	 2	 2	 0	 1	 1	 1	 1	 1	 1	572.36	  0.00
701	16	18	v	 0	 1	10	 0	 1	 1	 1	 0	 1	 1	 1	 2	 2	 1	442.04	  0.00
702	16	18	v	 0	 1	10	 0	 1	 0	 1	 1	 1	 1	 1	 2	 1	 0	840.16	  0.00
703	16	18	v	 0	 1	10	 2	 2	 2	 2	 1	 1	 1	 1	 1	 1	 1	445.33	  0.00
704	16	18	v	 0	 1	11	 1	 1	 2	 2	 1	 1	 1	 1	 2	 2	 1	667.76	  0.00
705	16	18	v	 0	 1	11	 3	 2	 2	 2	 0	 1	 1	 1	 1	 1	 1	641.87	  0.00
706	16	18	v	 0	 1	11	 2	 2	 3	 2	 1	 1	 1	 1	 1	 1	 1	567.90	  0.00
707	16	18	v	 0	 1	11	 2	 2	 2	 2	 0	 1	 1	 1	 1	 1	 1	414.27	  0.00
708	16	18	v	 0	 1	11	 2	 2	 0	 1	 1	 1	 1	 1	 1	 1	 1	459.76	  0.00
709	16	18	v	 0	 1	11	 2	 2	 2	 2	 0	 1	 1	 1	 1	 1	 1	465.85	  0.00
710	16	18	v	 0	 1	11	 0	 1	 1	 1	 1	 1	 1	 1	 2	 2	 1	431.31	  0.00
711	16	18	v	 0	 1	11	 0	 1	 2	 2	 1	 1	 1	 1	 2	 1	 0	550.65	  0.00
712	16	18	v	 0	 1	11	 3	 2	 2	 2	 0	 1	 1	 1	 1	 1	 1	580.71	  0.00
713	16	18	v	 0	 1	11	 1	 1	 2	 2	 0	 1	 1	 1	 1	 1	 1	387.04	  0.00
714	16	18	v	 0	 1	11	 1	 1	 1	 1	 1	 1	 1	 1	 2	 2	 1	473.29	  0.00
715	16	18	v	 0	 1	11	 0	 1	 3	 2	 1	 1	 1	 1	 2	 2	 1	439.79	  0.00
716	16	18	v	 0	 1	11	 0	 1	 3	 2	 0	 1	 1	 1	 1	 2	 0	846.14	  0.00
717	16	18	v	 0	 1	11	 2	 2	 0	 1	 1	 1	 1	 1	 1	 1	 1	1402.88	  0.00
718	16	18	v	 0	 1	11	 0	 1	 1	 1	 0	 1	 1	 1	 2	 2	 1	624.11	  0.00
719	16	18	v	 0	 1	11	 1	 1	 2	 2	 1	 1	 1	 1	 2	 2	 1	662.12	  0.00
720	16	18	v	 0	 1	11	 3	 2	 0	 1	 1	 1	 1	 1	 1	 1	 1	668.22	  0.00
721	16	18	v	 0	 1	11	 2	 2	 3	 2	 1	 1	 1	 1	 1	 1	 1	378.26	  0.00
722	16	18	v	 0	 1	11	 3	 2	 3	 2	 0	 1	 1	 1	 1	 1	 1	432.64	  0.00
723	16	18	v	 0	 1	11	 3	 2	 2	 2	 1	 1	 1	 1	 1	 1	 1	423.10	  0.00
724	16	18	v	 0	 1	11	 1	 1	 2	 2	 0	 1	 1	 1	 1	 1	 1	509.45	  0.00
725	16	18	v	 0	 1	11	 3	 2	 3	 2	 1	 1	 1	 1	 1	 1	 1	586.84	  0.00
726	16	18	v	 0	 1	11	 1	 1	 1	 1	 0	 1	 1	 1	 2	 2	 1	544.97	  0.00
727	16	18	v	 0	 1	11	 2	 2	 0	 1	 0	 1	 1	 1	 2	 2	 1	583.12	  0.00
728	16	18	v	 0	 1	11	 1	 1	 0	 1	 1	 1	 1	 1	 2	 1	 0	669.33	  0.00
729	16	18	v	 0	 1	11	 0	 1	 2	 2	 1	 1	 1	 1	 2	 1	 0	386.56	  0.00
730	16	18	v	 0	 1	11	 0	 1	 0	 1	 0	 1	 1	 1	 2	 2	 1	505.80	  0.00
731	16	18	v	 0	 1	11	 2	 2	 2	 2	 1	 1	 1	 1	 1	 1	 1	1248.07	  0.00
732	16	18	v	 0	 1	11	 3	 2	 3	 2	 0	 1	 1	 1	 1	 1	 1	557.28	  0.00
733	16	18	v	 0	 1	11	 0	 1	 0	 1	 0	 1	 1	 1	 2	 2	 1	627.57	  0.00
734	16	18	v	 0	 1	11	 1	 1	 3	 2	 0	 1	 1	 1	 1	 1	 1	784.64	  0.00
735	16	18	v	 0	 1	11	 1	 1	 0	 1	 0	 1	 1	 1	 2	 2	 1	590.57	  0.00
736	16	18	v	 0	 1	11	 1	 1	 3	 2	 1	 1	 1	 1	 2	 1	 0	444.52	  0.00
737	16	18	v	 0	 1	11	 1	 1	 0	 1	 0	 1	 1	 1	 2	 2	 1	739.07	  0.00
738	16	18	v	 0	 1	11	 0	 1	 3	 2	 0	 1	 1	 1	 1	 1	 1	609.10	  0.00
739	16	18	v	 0	 1	11	 0	 1	 2	 2	 0	 1	 1	 1	 1	 1	 1	583.22	  0.00
740	16	18	v	 0	 1	11	 2	 2	 1	 1	 1	 1	 1	 1	 1	 1	 1	773.40	  0.00
741	16	18	v	 0	 1	11	 3	 2	 1	 1	 0	 1	 1	 1	 2	 2	 1	634.54	  0.00
742	16	18	v	 0	 1	11	 3	 2	 0	 1	 0	 1	 1	 1	 2	 2	 1	608.39	  0.00
743	16	18	v	 0	 1	11	 1	 1	 0	 1	 1	 1	 1	 1	 2	 2	 1	446.52	  0.00
744	16	18	v	 0	 1	11	 2	 2	 2	 2	 1	 1	 1	 1	 1	 1	 1	804.98	  0.00
745	16	18	v	 0	 1	11	 2	 2	 1	 1	 0	 1	 1	 1	 2	 2	 1	530.77	  0.00
746	16	18	v	 0	 1	11	 3	 2	 0	 1	 0	 1	 1	 1	 2	 2	 1	609.06	  0.00
747	16	18	v	 0	 1	11	 2	 2	 1	 1	 0	 1	 1	 1	 2	 2	 1	431.29	  0.00
748	16	18	v	 0	 1	11	 0	 1	 1	 1	 0	 1	 1	 1	 2	 2	 1	405.69	  0.00
749	16	18	v	 0	 1	11	 3	 2	 0	 1	 1	 1	 1	 1	 1	 1	 1	836.12	  0.00
750	16	18	v	 0	 1	11	 3	 2	 1	 1	 1	 1	 1	 1	 1	 1	 1	457.04	  0.00
751	16	18	v	 0	 1	11	 0	 1	 1	 1	 1	 1	 1	 1	 2	 2	 1	527.31	  0.00
752	16	18	v	 0	 1	11	 3	 2	 2	 2	 1	 1	 1	 1	 1	 2	 0	877.63	  0.00
753	16	18	v	 0	 1	11	 2	 2	 0	 1	 0	 1	 1	 1	 2	 0	 0	2000.30	  0.00
754	16	18	v	 0	 1	11	 1	 1	 3	 2	 0	 1	 1	 1	 1	 1	 1	687.49	  0.00
755	16	18	v	 0	 1	11	 2	 2	 3	 2	 0	 1	 1	 1	 1	 1	 1	389.54	  0.00
756	16	18	v	 0	 1	11	 0	 1	 0	 1	 1	 1	 1	 1	 2	 1	 0	427.56	  0.00
757	16	18	v	 0	 1	11	 1	 1	 1	 1	 0	 1	 1	 1	 2	 2	 1	658.40	  0.00
758	16	18	v	 0	 1	11	 2	 2	 1	 1	 1	 1	 1	 1	 1	 1	 1	502.47	  0.00
759	16	18	v	 0	 1	11	 2	 2	 3	 2	 0	 1	 1	 1	 1	 1	 1	517.70	  0.00
760	16	18	v	 0	 1	11	 1	 1	 1	 1	 1	 1	 1	 1	 2	 2	 1	652.03	  0.00
761	16	18	v	 0	 1	11	 0	 1	 0	 1	 1	 1	 1	 1	 2	 2	 1	466.08	  0.00
762	16	18	v	 0	 1	11	 0	 1	 3	 2	 1	 1	 1	 1	 2	 2	 1	512.48	  0.00
763	16	18	v	 0	 1	11	 3	 2	 1	 1	 0	 1	 1	 1	 2	 2	 1	462.65	  0.00
764	16	18	v	 0	 1	11	 3	 2	 1	 1	 1	 1	 1	 1	 1	 1	 1	461.06	  0.00
765	16	18	v	 0	 1	11	 3	 2	 3	 2	 1	 1	 1	 1	 1	 1	 1	451.18	  0.00
766	16	18	v	 0	 1	11	 1	 1	 3	 2	 1	 1	 1	 1	 2	 1	 0	433.82	  0.00
767	16	18	v	 0	 1	11	 0	 1	 2	 2	 0	 1	 1	 1	 1	 1	 1	503.16	  0.00
768	16	18	v	 0	 1	12	 3	 2	 3	 2	 0	 1	 1	 1	 1	 1	 1	597.39	  0.00
769	16	18	v	 0	 1	12	 2	 2	 0	 1	 0	 1	 1	 1	 2	 2	 1	579.65	  0.00
770	16	18	v	 0	 1	12	 3	 2	 0	 1	 1	 1	 1	 1	 1	 1	 1	457.63	  0.00
771	16	18	v	 0	 1	12	 2	 2	 3	 2	 0	 1	 1	 1	 1	 1	 1	680.12	  0.00
772	16	18	v	 0	 1	12	 0	 1	 0	 1	 1	 1	 1	 1	 2	 2	 1	510.13	  0.00
773	16	18	v	 0	 1	12	 3	 2	 0	 1	 0	 1	 1	 1	 2	 2	 1	692.56	  0.00
774	16	18	v	 0	 1	12	 2	 2	 2	 2	 0	 1	 1	 1	 1	 1	 1	705.73	  0.00
775	16	18	v	 0	 1	12	 1	 1	 1	 1	 0	 1	 1	 1	 2	 2	 1	575.57	  0.00
776	16	18	v	 0	 1	12	 0	 1	 3	 2	 1	 1	 1	 1	 2	 2	 1	477.71	  0.00
777	16	18	v	 0	 1	12	 0	 1	 1	 1	 0	 1	 1	 1	 2	 2	 1	411.98	  0.00
778	16	18	v	 0	 1	12	 1	 1	 3	 2	 0	 1	 1	 1	 1	 1	 1	754.45	  0.00
779	16	18	v	 0	 1	12	 0	 1	 3	 2	 1	 1	 1	 1	 2	 2	 1	472.43	  0.00
780	16	18	v	 0	 1	12	 1	 1	 1	 1	 1	 1	 1	 1	 2	 2	 1	430.75	  0.00
781	16	18	v	 0	 1	12	 1	 1	 2	 2	 0	 1	 1	 1	 1	 1	 1	525.10	  0.00
782	16	18	v	 0	 1	12	 0	 1	 0	 1	 0	 1	 1	 1	 2	 2	 1	651.38	  0.00
783	16	18	v	 0	 1	12	 3	 2	 2	 2	 1	 1	 1	 1	 1	 1	 1	689.54	  0.00
784	16	18	v	 0	 1	12	 0	 1	 2	 2	 1	 1	 1	 1	 2	 2	 1	470.66	  0.00
785	16	18	v	 0	 1	12	 1	 1	 3	 2	 1	 1	 1	 1	 2	 2	 1	436.93	  0.00
786	16	18	v	 0	 1	12	 2	 2	 2	 2	 1	 1	 1	 1	 1	 1	 1	691.32	  0.00
787	16	18	v	 0	 1	12	 3	 2	 2	 2	 0	 1	 1	 1	 1	 1	 1	633.30	  0.00
788	16	18	v	 0	 1	12	 1	 1	 2	 2	 0	 1	 1	 1	 1	 1	 1	415.43	  0.00
789	16	18	v	 0	 1	12	 0	 1	 3	 2	 0	 1	 1	 1	 1	 1	 1	557.76	  0.00
790	16	18	v	 0	 1	12	 2	 2	 0	 1	 0	 1	 1	 1	 2	 2	 1	580.04	  0.00
791	16	18	v	 0	 1	12	 3	 2	 0	 1	 0	 1	 1	 1	 2	 2	 1	554.18	  0.00
792	16	18	v	 0	 1	12	 2	 2	 2	 2	 1	 1	 1	 1	 1	 1	 1	672.48	  0.00
793	16	18	v	 0	 1	12	 3	 2	 1	 1	 0	 1	 1	 1	 2	 2	 1	773.52	  0.00
794	16	18	v	 0	 1	12	 3	 2	 1	 1	 0	 1	 1	 1	 2	 2	 1	419.40	  0.00
795	16	18	v	 0	 1	12	 3	 2	 1	 1	 1	 1	 1	 1	 1	 1	 1	513.83	  0.00
796	16	18	v	 0	 1	12	 3	 2	 2	 2	 0	 1	 1	 1	 1	 1	 1	608.12	  0.00
797	16	18	v	 0	 1	12	 1	 1	 0	 1	 1	 1	 1	 1	 2	 2	 1	470.14	  0.00
798	16	18	v	 0	 1	12	 3	 2	 3	 2	 1	 1	 1	 1	 1	 1	 1	500.60	  0.00
799	16	18	v	 0	 1	12	 2	 2	 1	 1	 1	 1	 1	 1	 1	 1	 1	450.88	  0.00
800	16	18	v	 0	 1	12	 2	 2	 3	 2	 1	 1	 1	 1	 1	 1	 1	345.28	  0.00
801	16	18	v	 0	 1	12	 0	 1	 1	 1	 0	 1	 1	 1	 2	 2	 1	503.75	  0.00
802	16	18	v	 0	 1	12	 2	 2	 2	 2	 0	 1	 1	 1	 1	 1	 1	701.01	  0.00
803	16	18	v	 0	 1	12	 3	 2	 2	 2	 1	 1	 1	 1	 1	 2	 0	387.02	  0.00
804	16	18	v	 0	 1	12	 0	 1	 2	 2	 0	 1	 1	 1	 1	 1	 1	617.47	  0.00
805	16	18	v	 0	 1	12	 1	 1	 3	 2	 0	 1	 1	 1	 1	 1	 1	391.57	  0.00
806	16	18	v	 0	 1	12	 0	 1	 0	 1	 1	 1	 1	 1	 2	 2	 1	574.10	  0.00
807	16	18	v	 0	 1	12	 2	 2	 1	 1	 0	 1	 1	 1	 2	 2	 1	588.24	  0.00
808	16	18	v	 0	 1	12	 0	 1	 2	 2	 0	 1	 1	 1	 1	 2	 0	386.32	  0.00
809	16	18	v	 0	 1	12	 1	 1	 3	 2	 1	 1	 1	 1	 2	 2	 1	472.80	  0.00
810	16	18	v	 0	 1	12	 0	 1	 2	 2	 1	 1	 1	 1	 2	 2	 1	462.18	  0.00
811	16	18	v	 0	 1	12	 3	 2	 3	 2	 1	 1	 1	 1	 1	 1	 1	628.57	  0.00
812	16	18	v	 0	 1	12	 2	 2	 3	 2	 1	 1	 1	 1	 1	 1	 1	434.45	  0.00
813	16	18	v	 0	 1	12	 2	 2	 1	 1	 1	 1	 1	 1	 1	 1	 1	624.99	  0.00
814	16	18	v	 0	 1	12	 3	 2	 0	 1	 1	 1	 1	 1	 1	 1	 1	415.12	  0.00
815	16	18	v	 0	 1	12	 3	 2	 1	 1	 1	 1	 1	 1	 1	 1	 1	396.07	  0.00
816	16	18	v	 0	 1	12	 3	 2	 3	 2	 0	 1	 1	 1	 1	 1	 1	411.87	  0.00
817	16	18	v	 0	 1	12	 1	 1	 0	 1	 1	 1	 1	 1	 2	 2	 1	634.38	  0.00
818	16	18	v	 0	 1	12	 0	 1	 1	 1	 1	 1	 1	 1	 2	 2	 1	472.54	  0.00
819	16	18	v	 0	 1	12	 0	 1	 0	 1	 0	 1	 1	 1	 2	 2	 1	478.83	  0.00
820	16	18	v	 0	 1	12	 2	 2	 0	 1	 1	 1	 1	 1	 1	 1	 1	421.20	  0.00
821	16	18	v	 0	 1	12	 2	 2	 1	 1	 0	 1	 1	 1	 2	 2	 1	442.57	  0.00
822	16	18	v	 0	 1	12	 2	 2	 0	 1	 1	 1	 1	 1	 1	 1	 1	480.96	  0.00
823	16	18	v	 0	 1	12	 1	 1	 1	 1	 0	 1	 1	 1	 2	 2	 1	671.28	  0.00
824	16	18	v	 0	 1	12	 2	 2	 3	 2	 0	 1	 1	 1	 1	 2	 0	397.31	  0.00
825	16	18	v	 0	 1	12	 1	 1	 2	 2	 1	 1	 1	 1	 2	 2	 1	579.62	  0.00
826	16	18	v	 0	 1	12	 0	 1	 3	 2	 0	 1	 1	 1	 1	 1	 1	578.02	  0.00
827	16	18	v	 0	 1	12	 1	 1	 2	 2	 1	 1	 1	 1	 2	 1	 0	552.17	  0.00
828	16	18	v	 0	 1	12	 0	 1	 1	 1	 1	 1	 1	 1	 2	 1	 0	342.19	  0.00
829	16	18	v	 0	 1	12	 1	 1	 0	 1	 0	 1	 1	 1	 2	 1	 0	587.86	  0.00
830	16	18	v	 0	 1	12	 1	 1	 0	 1	 0	 1	 1	 1	 2	 2	 1	378.00	  0.00
831	16	18	v	 0	 1	12	 1	 1	 1	 1	 1	 1	 1	 1	 2	 2	 1	408.31	  0.00
832	16	18	v	 0	 1	13	 2	 2	 3	 2	 0	 1	 1	 1	 1	 2	 0	382.90	  0.00
833	16	18	v	 0	 1	13	 1	 1	 3	 2	 1	 1	 1	 1	 2	 2	 1	549.40	  0.00
834	16	18	v	 0	 1	13	 0	 1	 3	 2	 1	 1	 1	 1	 2	 2	 1	659.42	  0.00
835	16	18	v	 0	 1	13	 1	 1	 2	 2	 1	 1	 1	 1	 2	 2	 1	473.71	  0.00
836	16	18	v	 0	 1	13	 3	 2	 3	 2	 1	 1	 1	 1	 1	 1	 1	928.10	  0.00
837	16	18	v	 0	 1	13	 0	 1	 0	 1	 0	 1	 1	 1	 2	 2	 1	517.71	  0.00
838	16	18	v	 0	 1	13	 1	 1	 3	 2	 0	 1	 1	 1	 1	 1	 1	482.94	  0.00
839	16	18	v	 0	 1	13	 0	 1	 2	 2	 1	 1	 1	 1	 2	 2	 1	481.32	  0.00
840	16	18	v	 0	 1	13	 3	 2	 0	 1	 1	 1	 1	 1	 1	 1	 1	599.75	  0.00
841	16	18	v	 0	 1	13	 1	 1	 3	 2	 1	 1	 1	 1	 2	 1	 0	421.83	  0.00
842	16	18	v	 0	 1	13	 2	 2	 2	 2	 1	 1	 1	 1	 1	 1	 1	548.25	  0.00
843	16	18	v	 0	 1	13	 3	 2	 2	 2	 0	 1	 1	 1	 1	 1	 1	466.40	  0.00
844	16	18	v	 0	 1	13	 2	 2	 1	 1	 0	 1	 1	 1	 2	 1	 0	368.72	  0.00
845	16	18	v	 0	 1	13	 3	 2	 2	 2	 1	 1	 1	 1	 1	 1	 1	471.32	  0.00
846	16	18	v	 0	 1	13	 3	 2	 1	 1	 1	 1	 1	 1	 1	 1	 1	453.70	  0.00
847	16	18	v	 0	 1	13	 3	 2	 3	 2	 0	 1	 1	 1	 1	 1	 1	434.98	  0.00
848	16	18	v	 0	 1	13	 1	 1	 2	 2	 0	 1	 1	 1	 1	 1	 1	585.33	  0.00
849	16	18	v	 0	 1	13	 0	 1	 2	 2	 0	 1	 1	 1	 1	 1	 1	367.52	  0.00
850	16	18	v	 0	 1	13	 0	 1	 3	 2	 1	 1	 1	 1	 2	 2	 1	685.76	  0.00
851	16	18	v	 0	 1	13	 0	 1	 1	 1	 1	 1	 1	 1	 2	 2	 1	564.09	  0.00
852	16	18	v	 0	 1	13	 1	 1	 3	 2	 0	 1	 1	 1	 1	 2	 0	362.28	  0.00
853	16	18	v	 0	 1	13	 3	 2	 1	 1	 1	 1	 1	 1	 1	 2	 0	496.83	  0.00
854	16	18	v	 0	 1	13	 1	 1	 0	 1	 1	 1	 1	 1	 2	 2	 1	590.40	  0.00
855	16	18	v	 0	 1	13	 3	 2	 3	 2	 0	 1	 1	 1	 1	 2	 0	461.23	  0.00
856	16	18	v	 0	 1	13	 1	 1	 1	 1	 0	 1	 1	 1	 2	 2	 1	506.65	  0.00
857	16	18	v	 0	 1	13	 2	 2	 1	 1	 0	 1	 1	 1	 2	 2	 1	328.81	  0.00
858	16	18	v	 0	 1	13	 1	 1	 2	 2	 0	 1	 1	 1	 1	 2	 0	319.49	  0.00
859	16	18	v	 0	 1	13	 1	 1	 1	 1	 1	 1	 1	 1	 2	 2	 1	582.05	  0.00
860	16	18	v	 0	 1	13	 1	 1	 1	 1	 1	 1	 1	 1	 2	 2	 1	451.96	  0.00
861	16	18	v	 0	 1	13	 2	 2	 2	 2	 0	 1	 1	 1	 1	 1	 1	554.63	  0.00
862	16	18	v	 0	 1	13	 2	 2	 1	 1	 1	 1	 1	 1	 1	 1	 1	544.49	  0.00
863	16	18	v	 0	 1	13	 0	 1	 3	 2	 0	 1	 1	 1	 1	 1	 1	511.01	  0.00
864	16	18	v	 0	 1	13	 1	 1	 1	 1	 0	 1	 1	 1	 2	 2	 1	517.30	  0.00
865	16	18	v	 0	 1	13	 0	 1	 1	 1	 0	 1	 1	 1	 2	 2	 1	386.64	  0.00
866	16	18	v	 0	 1	13	 3	 2	 0	 1	 0	 1	 1	 1	 2	 2	 1	433.14	  0.00
867	16	18	v	 0	 1	13	 0	 1	 0	 1	 1	 1	 1	 1	 2	 2	 1	535.41	  0.00
868	16	18	v	 0	 1	13	 3	 2	 0	 1	 0	 1	 1	 1	 2	 2	 1	421.64	  0.00
869	16	18	v	 0	 1	13	 0	 1	 0	 1	 0	 1	 1	 1	 2	 1	 0	371.97	  0.00
870	16	18	v	 0	 1	13	 2	 2	 3	 2	 0	 1	 1	 1	 1	 2	 0	450.54	  0.00
871	16	18	v	 0	 1	13	 3	 2	 1	 1	 0	 1	 1	 1	 2	 2	 1	784.82	  0.00
872	16	18	v	 0	 1	13	 1	 1	 0	 1	 0	 1	 1	 1	 2	 2	 1	950.90	  0.00
873	16	18	v	 0	 1	13	 2	 2	 3	 2	 1	 1	 1	 1	 1	 1	 1	692.47	  0.00
874	16	18	v	 0	 1	13	 0	 1	 1	 1	 0	 1	 1	 1	 2	 1	 0	369.57	  0.00
875	16	18	v	 0	 1	13	 0	 1	 2	 2	 0	 1	 1	 1	 1	 1	 1	583.99	  0.00
876	16	18	v	 0	 1	13	 2	 2	 0	 1	 0	 1	 1	 1	 2	 2	 1	558.17	  0.00
877	16	18	v	 0	 1	13	 3	 2	 3	 2	 1	 1	 1	 1	 1	 2	 0	572.46	  0.00
878	16	18	v	 0	 1	13	 3	 2	 2	 2	 1	 1	 1	 1	 1	 1	 1	770.67	  0.00
879	16	18	v	 0	 1	13	 0	 1	 3	 2	 0	 1	 1	 1	 1	 1	 1	1168.56	  0.00
880	16	18	v	 0	 1	13	 3	 2	 1	 1	 0	 1	 1	 1	 2	 2	 1	725.85	  0.00
881	16	18	v	 0	 1	13	 2	 2	 2	 2	 1	 1	 1	 1	 1	 1	 1	499.92	  0.00
882	16	18	v	 0	 1	13	 0	 1	 0	 1	 1	 1	 1	 1	 2	 1	 0	473.29	  0.00
883	16	18	v	 0	 1	13	 3	 2	 0	 1	 1	 1	 1	 1	 1	 1	 1	775.56	  0.00
884	16	18	v	 0	 1	13	 2	 2	 0	 1	 1	 1	 1	 1	 1	 1	 1	492.40	  0.00
885	16	18	v	 0	 1	13	 0	 1	 1	 1	 1	 1	 1	 1	 2	 2	 1	539.53	  0.00
886	16	18	v	 0	 1	13	 2	 2	 1	 1	 1	 1	 1	 1	 1	 1	 1	481.97	  0.00
887	16	18	v	 0	 1	13	 2	 2	 3	 2	 1	 1	 1	 1	 1	 1	 1	592.27	  0.00
888	16	18	v	 0	 1	13	 3	 2	 2	 2	 0	 1	 1	 1	 1	 1	 1	614.38	  0.00
889	16	18	v	 0	 1	13	 2	 2	 0	 1	 0	 1	 1	 1	 2	 2	 1	700.50	  0.00
890	16	18	v	 0	 1	13	 1	 1	 0	 1	 0	 1	 1	 1	 2	 2	 1	409.66	  0.00
891	16	18	v	 0	 1	13	 1	 1	 2	 2	 1	 1	 1	 1	 2	 1	 0	455.96	  0.00
892	16	18	v	 0	 1	13	 0	 1	 2	 2	 1	 1	 1	 1	 2	 2	 1	638.29	  0.00
893	16	18	v	 0	 1	13	 1	 1	 0	 1	 1	 1	 1	 1	 2	 2	 1	428.43	  0.00
894	16	18	v	 0	 1	13	 2	 2	 0	 1	 1	 1	 1	 1	 1	 1	 1	642.83	  0.00
895	16	18	v	 0	 1	13	 2	 2	 2	 2	 0	 1	 1	 1	 1	 1	 1	768.89	  0.00
