00	18	18	v	 0	 1	 0	 1	 1	 1	 1	 1	 0	 1	 0	 1	 1	 1	1934.20	  0.00
01	18	18	v	 0	 1	 0	 2	 2	 2	 2	 0	 0	 1	 0	 2	 2	 1	655.51	  0.00
02	18	18	v	 0	 1	 0	 1	 1	 1	 1	 1	 0	 1	 0	 1	 1	 1	517.07	  0.00
03	18	18	v	 0	 1	 0	 1	 1	 2	 2	 1	 0	 1	 0	 1	 1	 1	595.46	  0.00
04	18	18	v	 0	 1	 0	 1	 1	 0	 1	 1	 0	 1	 0	 1	 1	 1	528.43	  0.00
05	18	18	v	 0	 1	 0	 0	 1	 2	 2	 0	 0	 1	 0	 1	 1	 1	644.27	  0.00
06	18	18	v	 0	 1	 0	 3	 2	 0	 1	 1	 0	 1	 0	 2	 2	 1	579.60	  0.00
07	18	18	v	 0	 1	 0	 1	 1	 2	 2	 0	 0	 1	 0	 1	 1	 1	465.09	  0.00
08	18	18	v	 0	 1	 0	 1	 1	 3	 2	 0	 0	 1	 0	 1	 1	 1	548.49	  0.00
09	18	18	v	 0	 1	 0	 0	 1	 0	 1	 0	 0	 1	 0	 1	 1	 1	479.70	  0.00
10	18	18	v	 0	 1	 0	 0	 1	 0	 1	 1	 0	 1	 0	 1	 1	 1	461.38	  0.00
11	18	18	v	 0	 1	 0	 0	 1	 2	 2	 0	 0	 1	 0	 1	 1	 1	387.24	  0.00
12	18	18	v	 0	 1	 0	 0	 1	 2	 2	 1	 0	 1	 0	 1	 1	 1	384.08	  0.00
13	18	18	v	 0	 1	 0	 2	 2	 3	 2	 0	 0	 1	 0	 2	 2	 1	422.16	  0.00
14	18	18	v	 0	 1	 0	 1	 1	 1	 1	 0	 0	 1	 0	 1	 1	 1	500.18	  0.00
15	18	18	v	 0	 1	 0	 2	 2	 3	 2	 0	 0	 1	 0	 2	 2	 1	481.90	  0.00
16	18	18	v	 0	 1	 0	 2	 2	 1	 1	 1	 0	 1	 0	 2	 2	 1	511.78	  0.00
17	18	18	v	 0	 1	 0	 3	 2	 2	 2	 1	 0	 1	 0	 2	 2	 1	573.58	  0.00
18	18	18	v	 0	 1	 0	 0	 1	 3	 2	 1	 0	 1	 0	 1	 1	 1	457.59	  0.00
19	18	18	v	 0	 1	 0	 3	 2	 3	 2	 0	 0	 1	 0	 2	 2	 1	496.02	  0.00
20	18	18	v	 0	 1	 0	 3	 2	 1	 1	 1	 0	 1	 0	 2	 2	 1	461.92	  0.00
21	18	18	v	 0	 1	 0	 3	 2	 3	 2	 0	 0	 1	 0	 2	 2	 1	435.60	  0.00
22	18	18	v	 0	 1	 0	 0	 1	 2	 2	 1	 0	 1	 0	 1	 1	 1	465.69	  0.00
23	18	18	v	 0	 1	 0	 3	 2	 0	 1	 0	 0	 1	 0	 2	 2	 1	615.55	  0.00
24	18	18	v	 0	 1	 0	 2	 2	 2	 2	 0	 0	 1	 0	 2	 2	 1	405.20	  0.00
25	18	18	v	 0	 1	 0	 1	 1	 2	 2	 1	 0	 1	 0	 1	 1	 1	570.85	  0.00
26	18	18	v	 0	 1	 0	 2	 2	 0	 1	 0	 0	 1	 0	 2	 2	 1	583.94	  0.00
27	18	18	v	 0	 1	 0	 2	 2	 3	 2	 1	 0	 1	 0	 2	 2	 1	485.54	  0.00
28	18	18	v	 0	 1	 0	 3	 2	 2	 2	 0	 0	 1	 0	 2	 2	 1	707.19	  0.00
29	18	18	v	 0	 1	 0	 1	 1	 1	 1	 0	 0	 1	 0	 1	 1	 1	440.82	  0.00
30	18	18	v	 0	 1	 0	 0	 1	 3	 2	 0	 0	 1	 0	 1	 1	 1	470.69	  0.00
31	18	18	v	 0	 1	 0	 3	 2	 1	 1	 0	 0	 1	 0	 2	 2	 1	508.57	  0.00
32	18	18	v	 0	 1	 0	 2	 2	 3	 2	 1	 0	 1	 0	 2	 2	 1	514.30	  0.00
33	18	18	v	 0	 1	 0	 1	 1	 0	 1	 0	 0	 1	 0	 1	 1	 1	456.06	  0.00
34	18	18	v	 0	 1	 0	 2	 2	 0	 1	 1	 0	 1	 0	 2	 2	 1	516.98	  0.00
35	18	18	v	 0	 1	 0	 2	 2	 1	 1	 0	 0	 1	 0	 2	 2	 1	530.73	  0.00
36	18	18	v	 0	 1	 0	 3	 2	 0	 1	 0	 0	 1	 0	 2	 2	 1	560.44	  0.00
37	18	18	v	 0	 1	 0	 3	 2	 2	 2	 0	 0	 1	 0	 2	 2	 1	542.17	  0.00
38	18	18	v	 0	 1	 0	 2	 2	 1	 1	 0	 0	 1	 0	 2	 2	 1	651.99	  0.00
39	18	18	v	 0	 1	 0	 0	 1	 1	 1	 1	 0	 1	 0	 1	 1	 1	576.60	  0.00
40	18	18	v	 0	 1	 0	 0	 1	 1	 1	 0	 0	 1	 0	 1	 1	 1	566.42	  0.00
41	18	18	v	 0	 1	 0	 1	 1	 3	 2	 1	 0	 1	 0	 1	 1	 1	523.95	  0.00
42	18	18	v	 0	 1	 0	 3	 2	 3	 2	 1	 0	 1	 0	 2	 2	 1	497.72	  0.00
43	18	18	v	 0	 1	 0	 3	 2	 2	 2	 1	 0	 1	 0	 2	 2	 1	470.55	  0.00
44	18	18	v	 0	 1	 0	 0	 1	 3	 2	 1	 0	 1	 0	 1	 1	 1	493.38	  0.00
45	18	18	v	 0	 1	 0	 3	 2	 3	 2	 1	 0	 1	 0	 2	 2	 1	651.15	  0.00
46	18	18	v	 0	 1	 0	 1	 1	 2	 2	 0	 0	 1	 0	 1	 1	 1	544.06	  0.00
47	18	18	v	 0	 1	 0	 0	 1	 0	 1	 1	 0	 1	 0	 1	 1	 1	445.53	  0.00
48	18	18	v	 0	 1	 0	 3	 2	 0	 1	 1	 0	 1	 0	 2	 2	 1	531.24	  0.00
49	18	18	v	 0	 1	 0	 0	 1	 1	 1	 1	 0	 1	 0	 1	 1	 1	424.94	  0.00
50	18	18	v	 0	 1	 0	 1	 1	 3	 2	 0	 0	 1	 0	 1	 1	 1	510.45	  0.00
51	18	18	v	 0	 1	 0	 2	 2	 2	 2	 1	 0	 1	 0	 2	 2	 1	460.94	  0.00
52	18	18	v	 0	 1	 0	 0	 1	 0	 1	 0	 0	 1	 0	 1	 1	 1	394.56	  0.00
53	18	18	v	 0	 1	 0	 2	 2	 1	 1	 1	 0	 1	 0	 2	 2	 1	399.78	  0.00
54	18	18	v	 0	 1	 0	 0	 1	 1	 1	 0	 0	 1	 0	 1	 1	 1	405.50	  0.00
55	18	18	v	 0	 1	 0	 2	 2	 0	 1	 0	 0	 1	 0	 2	 2	 1	603.34	  0.00
56	18	18	v	 0	 1	 0	 0	 1	 3	 2	 0	 0	 1	 0	 1	 1	 1	489.11	  0.00
57	18	18	v	 0	 1	 0	 3	 2	 1	 1	 0	 0	 1	 0	 2	 2	 1	366.82	  0.00
58	18	18	v	 0	 1	 0	 1	 1	 3	 2	 1	 0	 1	 0	 1	 1	 1	453.06	  0.00
59	18	18	v	 0	 1	 0	 1	 1	 0	 1	 1	 0	 1	 0	 1	 1	 1	506.67	  0.00
60	18	18	v	 0	 1	 0	 2	 2	 0	 1	 1	 0	 1	 0	 2	 2	 1	432.66	  0.00
61	18	18	v	 0	 1	 0	 3	 2	 1	 1	 1	 0	 1	 0	 2	 2	 1	470.56	  0.00
62	18	18	v	 0	 1	 0	 2	 2	 2	 2	 1	 0	 1	 0	 2	 2	 1	811.40	  0.00
63	18	18	v	 0	 1	 0	 1	 1	 0	 1	 0	 0	 1	 0	 1	 1	 1	536.73	  0.00
64	18	18	v	 0	 1	 1	 0	 1	 2	 2	 1	 0	 1	 0	 1	 1	 1	633.84	  0.00
65	18	18	v	 0	 1	 1	 0	 1	 1	 1	 0	 0	 1	 0	 1	 1	 1	487.99	  0.00
66	18	18	v	 0	 1	 1	 1	 1	 2	 2	 1	 0	 1	 0	 1	 1	 1	422.31	  0.00
67	18	18	v	 0	 1	 1	 3	 2	 3	 2	 0	 0	 1	 0	 2	 2	 1	476.52	  0.00
68	18	18	v	 0	 1	 1	 3	 2	 1	 1	 1	 0	 1	 0	 2	 2	 1	443.03	  0.00
69	18	18	v	 0	 1	 1	 3	 2	 2	 2	 1	 0	 1	 0	 2	 2	 1	417.45	  0.00
70	18	18	v	 0	 1	 1	 1	 1	 3	 2	 0	 0	 1	 0	 1	 1	 1	431.80	  0.00
71	18	18	v	 0	 1	 1	 3	 2	 3	 2	 1	 0	 1	 0	 2	 2	 1	430.22	  0.00
72	18	18	v	 0	 1	 1	 0	 1	 0	 1	 1	 0	 1	 0	 1	 1	 1	491.66	  0.00
73	18	18	v	 0	 1	 1	 1	 1	 1	 1	 0	 0	 1	 0	 1	 1	 1	361.98	  0.00
74	18	18	v	 0	 1	 1	 3	 2	 1	 1	 0	 0	 1	 0	 2	 2	 1	416.46	  0.00
75	18	18	v	 0	 1	 1	 0	 1	 0	 1	 0	 0	 1	 0	 1	 1	 1	478.65	  0.00
76	18	18	v	 0	 1	 1	 3	 2	 1	 1	 0	 0	 1	 0	 2	 2	 1	461.23	  0.00
77	18	18	v	 0	 1	 1	 1	 1	 0	 1	 1	 0	 1	 0	 1	 1	 1	403.52	  0.00
78	18	18	v	 0	 1	 1	 3	 2	 0	 1	 1	 0	 1	 0	 2	 2	 1	433.97	  0.00
79	18	18	v	 0	 1	 1	 2	 2	 1	 1	 0	 0	 1	 0	 2	 2	 1	464.41	  0.00
80	18	18	v	 0	 1	 1	 1	 1	 3	 2	 1	 0	 1	 0	 1	 1	 1	382.74	  0.00
81	18	18	v	 0	 1	 1	 1	 1	 1	 1	 1	 0	 1	 0	 1	 1	 1	373.18	  0.00
82	18	18	v	 0	 1	 1	 1	 1	 2	 2	 1	 0	 1	 0	 1	 1	 1	346.57	  0.00
83	18	18	v	 0	 1	 1	 1	 1	 0	 1	 0	 0	 1	 0	 1	 1	 1	377.15	  0.00
84	18	18	v	 0	 1	 1	 0	 1	 1	 1	 1	 0	 1	 0	 1	 1	 1	423.60	  0.00
85	18	18	v	 0	 1	 1	 0	 1	 3	 2	 0	 0	 1	 0	 1	 1	 1	382.03	  0.00
86	18	18	v	 0	 1	 1	 2	 2	 2	 2	 0	 0	 1	 0	 2	 2	 1	452.39	  0.00
87	18	18	v	 0	 1	 1	 1	 1	 3	 2	 1	 0	 1	 0	 1	 1	 1	434.82	  0.00
88	18	18	v	 0	 1	 1	 2	 2	 0	 1	 1	 0	 1	 0	 2	 2	 1	377.09	  0.00
89	18	18	v	 0	 1	 1	 2	 2	 1	 1	 0	 0	 1	 0	 2	 2	 1	415.66	  0.00
90	18	18	v	 0	 1	 1	 2	 2	 1	 1	 1	 0	 1	 0	 2	 2	 1	389.84	  0.00
91	18	18	v	 0	 1	 1	 2	 2	 2	 2	 1	 0	 1	 0	 2	 2	 1	403.60	  0.00
92	18	18	v	 0	 1	 1	 3	 2	 2	 2	 0	 0	 1	 0	 2	 2	 1	362.97	  0.00
93	18	18	v	 0	 1	 1	 3	 2	 3	 2	 1	 0	 1	 0	 2	 2	 1	456.49	  0.00
94	18	18	v	 0	 1	 1	 1	 1	 1	 1	 0	 0	 1	 0	 1	 1	 1	470.81	  0.00
95	18	18	v	 0	 1	 1	 0	 1	 2	 2	 1	 0	 1	 0	 1	 1	 1	420.72	  0.00
96	18	18	v	 0	 1	 1	 3	 2	 0	 1	 0	 0	 1	 0	 2	 2	 1	379.59	  0.00
97	18	18	v	 0	 1	 1	 2	 2	 3	 2	 0	 0	 1	 0	 2	 2	 1	410.01	  0.00
98	18	18	v	 0	 1	 1	 0	 1	 2	 2	 0	 0	 1	 0	 1	 1	 1	432.43	  0.00
99	18	18	v	 0	 1	 1	 1	 1	 2	 2	 0	 0	 1	 0	 1	 1	 1	574.88	  0.00
100	18	18	v	 0	 1	 1	 3	 2	 3	 2	 0	 0	 1	 0	 2	 2	 1	396.79	  0.00
101	18	18	v	 0	 1	 1	 3	 2	 0	 1	 1	 0	 1	 0	 2	 2	 1	459.47	  0.00
102	18	18	v	 0	 1	 1	 2	 2	 3	 2	 1	 0	 1	 0	 2	 2	 1	440.60	  0.00
103	18	18	v	 0	 1	 1	 2	 2	 1	 1	 1	 0	 1	 0	 2	 2	 1	447.17	  0.00
104	18	18	v	 0	 1	 1	 3	 2	 0	 1	 0	 0	 1	 0	 2	 2	 1	429.41	  0.00
105	18	18	v	 0	 1	 1	 0	 1	 3	 2	 0	 0	 1	 0	 1	 1	 1	395.96	  0.00
106	18	18	v	 0	 1	 1	 0	 1	 1	 1	 0	 0	 1	 0	 1	 1	 1	434.47	  0.00
107	18	18	v	 0	 1	 1	 0	 1	 0	 1	 0	 0	 1	 0	 1	 1	 1	424.83	  0.00
108	18	18	v	 0	 1	 1	 1	 1	 1	 1	 1	 0	 1	 0	 1	 1	 1	431.22	  0.00
109	18	18	v	 0	 1	 1	 0	 1	 1	 1	 1	 0	 1	 0	 1	 1	 1	397.63	  0.00
110	18	18	v	 0	 1	 1	 1	 1	 0	 1	 1	 0	 1	 0	 1	 1	 1	395.27	  0.00
111	18	18	v	 0	 1	 1	 2	 2	 3	 2	 1	 0	 1	 0	 2	 2	 1	505.59	  0.00
112	18	18	v	 0	 1	 1	 0	 1	 3	 2	 1	 0	 1	 0	 1	 1	 1	431.80	  0.00
113	18	18	v	 0	 1	 1	 2	 2	 3	 2	 0	 0	 1	 0	 2	 2	 1	494.10	  0.00
114	18	18	v	 0	 1	 1	 2	 2	 2	 2	 0	 0	 1	 0	 2	 2	 1	484.51	  0.00
115	18	18	v	 0	 1	 1	 0	 1	 0	 1	 1	 0	 1	 0	 1	 1	 1	442.85	  0.00
116	18	18	v	 0	 1	 1	 1	 1	 0	 1	 0	 0	 1	 0	 1	 1	 1	553.19	  0.00
117	18	18	v	 0	 1	 1	 2	 2	 2	 2	 1	 0	 1	 0	 2	 2	 1	407.22	  0.00
118	18	18	v	 0	 1	 1	 3	 2	 1	 1	 1	 0	 1	 0	 2	 1	 0	405.89	  0.00
119	18	18	v	 0	 1	 1	 1	 1	 2	 2	 0	 0	 1	 0	 1	 1	 1	468.20	  0.00
120	18	18	v	 0	 1	 1	 0	 1	 3	 2	 1	 0	 1	 0	 1	 1	 1	409.71	  0.00
121	18	18	v	 0	 1	 1	 2	 2	 0	 1	 0	 0	 1	 0	 2	 2	 1	472.10	  0.00
122	18	18	v	 0	 1	 1	 3	 2	 2	 2	 0	 0	 1	 0	 2	 2	 1	454.41	  0.00
123	18	18	v	 0	 1	 1	 1	 1	 3	 2	 0	 0	 1	 0	 1	 1	 1	412.64	  0.00
124	18	18	v	 0	 1	 1	 3	 2	 2	 2	 1	 0	 1	 0	 2	 2	 1	459.22	  0.00
125	18	18	v	 0	 1	 1	 2	 2	 0	 1	 0	 0	 1	 0	 2	 2	 1	433.36	  0.00
126	18	18	v	 0	 1	 1	 0	 1	 2	 2	 0	 0	 1	 0	 1	 1	 1	455.93	  0.00
127	18	18	v	 0	 1	 1	 2	 2	 0	 1	 1	 0	 1	 0	 2	 2	 1	838.34	  0.00
128	18	18	v	 0	 1	 2	 1	 1	 1	 1	 1	 0	 1	 0	 2	 2	 1	816.84	  0.00
129	18	18	v	 0	 1	 2	 3	 2	 0	 1	 1	 0	 1	 0	 2	 2	 1	573.98	  0.00
130	18	18	v	 0	 1	 2	 2	 2	 0	 1	 1	 0	 1	 0	 2	 2	 1	523.63	  0.00
131	18	18	v	 0	 1	 2	 1	 1	 1	 1	 1	 0	 1	 0	 2	 2	 1	545.49	  0.00
132	18	18	v	 0	 1	 2	 1	 1	 3	 2	 1	 0	 1	 0	 1	 1	 1	551.16	  0.00
133	18	18	v	 0	 1	 2	 2	 2	 0	 1	 0	 0	 1	 0	 2	 2	 1	524.78	  0.00
134	18	18	v	 0	 1	 2	 3	 2	 1	 1	 0	 0	 1	 0	 2	 2	 1	642.71	  0.00
135	18	18	v	 0	 1	 2	 0	 1	 0	 1	 1	 0	 1	 0	 2	 1	 0	543.29	  0.00
136	18	18	v	 0	 1	 2	 0	 1	 0	 1	 1	 0	 1	 0	 2	 2	 1	524.98	  0.00
137	18	18	v	 0	 1	 2	 3	 2	 3	 2	 0	 0	 1	 0	 1	 1	 1	610.80	  0.00
138	18	18	v	 0	 1	 2	 1	 1	 3	 2	 0	 0	 1	 0	 1	 2	 0	584.41	  0.00
139	18	18	v	 0	 1	 2	 3	 2	 2	 2	 1	 0	 1	 0	 1	 1	 1	894.24	  0.00
140	18	18	v	 0	 1	 2	 3	 2	 3	 2	 0	 0	 1	 0	 1	 1	 1	619.42	  0.00
141	18	18	v	 0	 1	 2	 2	 2	 2	 2	 1	 0	 1	 0	 1	 1	 1	544.08	  0.00
142	18	18	v	 0	 1	 2	 2	 2	 3	 2	 0	 0	 1	 0	 1	 1	 1	637.84	  0.00
143	18	18	v	 0	 1	 2	 3	 2	 2	 2	 0	 0	 1	 0	 1	 1	 1	435.41	  0.00
144	18	18	v	 0	 1	 2	 1	 1	 2	 2	 1	 0	 1	 0	 1	 1	 1	545.28	  0.00
145	18	18	v	 0	 1	 2	 3	 2	 1	 1	 0	 0	 1	 0	 2	 2	 1	622.98	  0.00
146	18	18	v	 0	 1	 2	 2	 2	 3	 2	 1	 0	 1	 0	 1	 1	 1	796.66	  0.00
147	18	18	v	 0	 1	 2	 1	 1	 3	 2	 1	 0	 1	 0	 1	 1	 1	530.07	  0.00
148	18	18	v	 0	 1	 2	 1	 1	 0	 1	 1	 0	 1	 0	 2	 2	 1	607.81	  0.00
149	18	18	v	 0	 1	 2	 1	 1	 2	 2	 0	 0	 1	 0	 1	 1	 1	732.57	  0.00
150	18	18	v	 0	 1	 2	 0	 1	 2	 2	 1	 0	 1	 0	 1	 1	 1	705.84	  0.00
151	18	18	v	 0	 1	 2	 0	 1	 1	 1	 1	 0	 1	 0	 2	 2	 1	615.49	  0.00
152	18	18	v	 0	 1	 2	 1	 1	 2	 2	 1	 0	 1	 0	 1	 1	 1	1253.15	  0.00
153	18	18	v	 0	 1	 2	 3	 2	 1	 1	 1	 0	 1	 0	 2	 2	 1	465.86	  0.00
154	18	18	v	 0	 1	 2	 3	 2	 3	 2	 1	 0	 1	 0	 1	 1	 1	438.81	  0.00
155	18	18	v	 0	 1	 2	 1	 1	 3	 2	 0	 0	 1	 0	 1	 1	 1	1172.63	  0.00
156	18	18	v	 0	 1	 2	 2	 2	 2	 2	 1	 0	 1	 0	 1	 1	 1	577.46	  0.00
157	18	18	v	 0	 1	 2	 2	 2	 3	 2	 1	 0	 1	 0	 1	 1	 1	511.19	  0.00
158	18	18	v	 0	 1	 2	 0	 1	 3	 2	 1	 0	 1	 0	 1	 1	 1	428.87	  0.00
159	18	18	v	 0	 1	 2	 3	 2	 1	 1	 1	 0	 1	 0	 2	 2	 1	490.74	  0.00
160	18	18	v	 0	 1	 2	 0	 1	 3	 2	 1	 0	 1	 0	 1	 1	 1	680.62	  0.00
161	18	18	v	 0	 1	 2	 0	 1	 3	 2	 0	 0	 1	 0	 1	 1	 1	445.15	  0.00
162	18	18	v	 0	 1	 2	 2	 2	 1	 1	 1	 0	 1	 0	 2	 2	 1	626.99	  0.00
163	18	18	v	 0	 1	 2	 1	 1	 0	 1	 0	 0	 1	 0	 2	 2	 1	744.65	  0.00
164	18	18	v	 0	 1	 2	 2	 2	 2	 2	 0	 0	 1	 0	 1	 1	 1	646.09	  0.00
165	18	18	v	 0	 1	 2	 1	 1	 0	 1	 1	 0	 1	 0	 2	 2	 1	515.72	  0.00
166	18	18	v	 0	 1	 2	 0	 1	 0	 1	 0	 0	 1	 0	 2	 2	 1	865.52	  0.00
167	18	18	v	 0	 1	 2	 0	 1	 1	 1	 0	 0	 1	 0	 2	 2	 1	550.71	  0.00
168	18	18	v	 0	 1	 2	 2	 2	 1	 1	 1	 0	 1	 0	 2	 2	 1	443.42	  0.00
169	18	18	v	 0	 1	 2	 0	 1	 0	 1	 0	 0	 1	 0	 2	 2	 1	505.36	  0.00
170	18	18	v	 0	 1	 2	 2	 2	 0	 1	 1	 0	 1	 0	 2	 2	 1	415.10	  0.00
171	18	18	v	 0	 1	 2	 0	 1	 2	 2	 1	 0	 1	 0	 1	 2	 0	333.06	  0.00
172	18	18	v	 0	 1	 2	 3	 2	 0	 1	 0	 0	 1	 0	 2	 2	 1	1379.12	  0.00
173	18	18	v	 0	 1	 2	 0	 1	 1	 1	 1	 0	 1	 0	 2	 2	 1	494.98	  0.00
174	18	18	v	 0	 1	 2	 3	 2	 3	 2	 1	 0	 1	 0	 1	 1	 1	532.54	  0.00
175	18	18	v	 0	 1	 2	 3	 2	 2	 2	 0	 0	 1	 0	 1	 1	 1	562.30	  0.00
176	18	18	v	 0	 1	 2	 1	 1	 2	 2	 0	 0	 1	 0	 1	 1	 1	456.02	  0.00
177	18	18	v	 0	 1	 2	 3	 2	 0	 1	 1	 0	 1	 0	 2	 2	 1	549.83	  0.00
178	18	18	v	 0	 1	 2	 3	 2	 2	 2	 1	 0	 1	 0	 1	 1	 1	523.54	  0.00
179	18	18	v	 0	 1	 2	 2	 2	 1	 1	 0	 0	 1	 0	 2	 2	 1	785.37	  0.00
180	18	18	v	 0	 1	 2	 0	 1	 2	 2	 0	 0	 1	 0	 1	 1	 1	894.81	  0.00
181	18	18	v	 0	 1	 2	 2	 2	 2	 2	 0	 0	 1	 0	 1	 1	 1	611.02	  0.00
182	18	18	v	 0	 1	 2	 2	 2	 1	 1	 0	 0	 1	 0	 2	 2	 1	584.71	  0.00
183	18	18	v	 0	 1	 2	 3	 2	 0	 1	 0	 0	 1	 0	 2	 2	 1	422.33	  0.00
184	18	18	v	 0	 1	 2	 2	 2	 0	 1	 0	 0	 1	 0	 2	 2	 1	428.30	  0.00
185	18	18	v	 0	 1	 2	 0	 1	 2	 2	 0	 0	 1	 0	 1	 1	 1	490.13	  0.00
186	18	18	v	 0	 1	 2	 0	 1	 3	 2	 0	 0	 1	 0	 1	 1	 1	551.98	  0.00
187	18	18	v	 0	 1	 2	 2	 2	 3	 2	 0	 0	 1	 0	 1	 1	 1	532.71	  0.00
188	18	18	v	 0	 1	 2	 1	 1	 1	 1	 0	 0	 1	 0	 2	 2	 1	682.48	  0.00
189	18	18	v	 0	 1	 2	 1	 1	 0	 1	 0	 0	 1	 0	 2	 2	 1	688.00	  0.00
190	18	18	v	 0	 1	 2	 0	 1	 1	 1	 0	 0	 1	 0	 2	 2	 1	517.58	  0.00
191	18	18	v	 0	 1	 2	 1	 1	 1	 1	 0	 0	 1	 0	 2	 2	 1	587.32	  0.00
192	18	18	v	 0	 1	 3	 3	 2	 2	 2	 0	 0	 1	 0	 1	 1	 1	656.39	  0.00
193	18	18	v	 0	 1	 3	 2	 2	 3	 2	 1	 0	 1	 0	 1	 1	 1	518.50	  0.00
194	18	18	v	 0	 1	 3	 3	 2	 1	 1	 1	 0	 1	 0	 2	 2	 1	636.87	  0.00
195	18	18	v	 0	 1	 3	 3	 2	 3	 2	 0	 0	 1	 0	 1	 1	 1	594.92	  0.00
196	18	18	v	 0	 1	 3	 0	 1	 3	 2	 0	 0	 1	 0	 1	 1	 1	737.03	  0.00
197	18	18	v	 0	 1	 3	 1	 1	 3	 2	 0	 0	 1	 0	 1	 1	 1	726.93	  0.00
198	18	18	v	 0	 1	 3	 1	 1	 3	 2	 1	 0	 1	 0	 1	 1	 1	468.92	  0.00
199	18	18	v	 0	 1	 3	 0	 1	 1	 1	 1	 0	 1	 0	 2	 2	 1	538.32	  0.00
200	18	18	v	 0	 1	 3	 2	 2	 0	 1	 1	 0	 1	 0	 2	 2	 1	728.54	  0.00
201	18	18	v	 0	 1	 3	 3	 2	 1	 1	 0	 0	 1	 0	 2	 2	 1	934.59	  0.00
202	18	18	v	 0	 1	 3	 2	 2	 3	 2	 0	 0	 1	 0	 1	 1	 1	564.15	  0.00
203	18	18	v	 0	 1	 3	 2	 2	 2	 2	 0	 0	 1	 0	 1	 1	 1	562.39	  0.00
204	18	18	v	 0	 1	 3	 1	 1	 0	 1	 1	 0	 1	 0	 2	 2	 1	536.56	  0.00
205	18	18	v	 0	 1	 3	 3	 2	 2	 2	 1	 0	 1	 0	 1	 1	 1	558.85	  0.00
206	18	18	v	 0	 1	 3	 0	 1	 2	 2	 0	 0	 1	 0	 1	 1	 1	477.04	  0.00
207	18	18	v	 0	 1	 3	 1	 1	 2	 2	 0	 0	 1	 0	 1	 1	 1	538.44	  0.00
208	18	18	v	 0	 1	 3	 3	 2	 0	 1	 0	 0	 1	 0	 2	 2	 1	576.56	  0.00
209	18	18	v	 0	 1	 3	 1	 1	 2	 2	 1	 0	 1	 0	 1	 1	 1	550.74	  0.00
210	18	18	v	 0	 1	 3	 1	 1	 0	 1	 0	 0	 1	 0	 2	 2	 1	724.99	  0.00
211	18	18	v	 0	 1	 3	 2	 2	 3	 2	 1	 0	 1	 0	 1	 1	 1	594.93	  0.00
212	18	18	v	 0	 1	 3	 2	 2	 0	 1	 0	 0	 1	 0	 2	 2	 1	553.18	  0.00
213	18	18	v	 0	 1	 3	 2	 2	 1	 1	 0	 0	 1	 0	 2	 2	 1	655.38	  0.00
214	18	18	v	 0	 1	 3	 3	 2	 3	 2	 0	 0	 1	 0	 1	 1	 1	628.56	  0.00
215	18	18	v	 0	 1	 3	 3	 2	 2	 2	 1	 0	 1	 0	 1	 1	 1	498.68	  0.00
216	18	18	v	 0	 1	 3	 3	 2	 0	 1	 1	 0	 1	 0	 2	 2	 1	576.84	  0.00
217	18	18	v	 0	 1	 3	 1	 1	 1	 1	 1	 0	 1	 0	 2	 1	 0	942.98	  0.00
218	18	18	v	 0	 1	 3	 1	 1	 0	 1	 1	 0	 1	 0	 2	 2	 1	572.59	  0.00
219	18	18	v	 0	 1	 3	 3	 2	 0	 1	 0	 0	 1	 0	 2	 2	 1	450.78	  0.00
220	18	18	v	 0	 1	 3	 3	 2	 1	 1	 1	 0	 1	 0	 2	 2	 1	577.20	  0.00
221	18	18	v	 0	 1	 3	 3	 2	 3	 2	 1	 0	 1	 0	 1	 1	 1	1455.45	  0.00
222	18	18	v	 0	 1	 3	 2	 2	 1	 1	 0	 0	 1	 0	 2	 2	 1	652.28	  0.00
223	18	18	v	 0	 1	 3	 2	 2	 0	 1	 1	 0	 1	 0	 2	 2	 1	658.40	  0.00
224	18	18	v	 0	 1	 3	 1	 1	 2	 2	 1	 0	 1	 0	 1	 1	 1	463.53	  0.00
225	18	18	v	 0	 1	 3	 2	 2	 2	 2	 1	 0	 1	 0	 1	 1	 1	525.77	  0.00
226	18	18	v	 0	 1	 3	 0	 1	 0	 1	 0	 0	 1	 0	 2	 2	 1	484.08	  0.00
227	18	18	v	 0	 1	 3	 3	 2	 1	 1	 0	 0	 1	 0	 2	 2	 1	810.47	  0.00
228	18	18	v	 0	 1	 3	 0	 1	 2	 2	 1	 0	 1	 0	 1	 1	 1	632.28	  0.00
229	18	18	v	 0	 1	 3	 3	 2	 2	 2	 0	 0	 1	 0	 1	 1	 1	438.39	  0.00
230	18	18	v	 0	 1	 3	 1	 1	 3	 2	 1	 0	 1	 0	 1	 1	 1	1484.77	  0.00
231	18	18	v	 0	 1	 3	 2	 2	 2	 2	 0	 0	 1	 0	 1	 1	 1	536.64	  0.00
232	18	18	v	 0	 1	 3	 2	 2	 1	 1	 1	 0	 1	 0	 2	 2	 1	654.91	  0.00
233	18	18	v	 0	 1	 3	 0	 1	 3	 2	 1	 0	 1	 0	 1	 1	 1	604.91	  0.00
234	18	18	v	 0	 1	 3	 1	 1	 3	 2	 0	 0	 1	 0	 1	 1	 1	427.06	  0.00
235	18	18	v	 0	 1	 3	 0	 1	 2	 2	 1	 0	 1	 0	 1	 1	 1	569.48	  0.00
236	18	18	v	 0	 1	 3	 0	 1	 0	 1	 1	 0	 1	 0	 2	 2	 1	615.77	  0.00
237	18	18	v	 0	 1	 3	 0	 1	 1	 1	 0	 0	 1	 0	 2	 2	 1	1053.85	  0.00
238	18	18	v	 0	 1	 3	 2	 2	 2	 2	 1	 0	 1	 0	 1	 1	 1	571.40	  0.00
239	18	18	v	 0	 1	 3	 0	 1	 1	 1	 0	 0	 1	 0	 2	 2	 1	585.62	  0.00
240	18	18	v	 0	 1	 3	 0	 1	 3	 2	 1	 0	 1	 0	 1	 1	 1	526.78	  0.00
241	18	18	v	 0	 1	 3	 1	 1	 1	 1	 0	 0	 1	 0	 2	 2	 1	901.05	  0.00
242	18	18	v	 0	 1	 3	 1	 1	 1	 1	 0	 0	 1	 0	 2	 2	 1	802.77	  0.00
243	18	18	v	 0	 1	 3	 0	 1	 0	 1	 0	 0	 1	 0	 2	 2	 1	824.65	  0.00
244	18	18	v	 0	 1	 3	 0	 1	 1	 1	 1	 0	 1	 0	 2	 2	 1	582.45	  0.00
245	18	18	v	 0	 1	 3	 2	 2	 1	 1	 1	 0	 1	 0	 2	 2	 1	412.58	  0.00
246	18	18	v	 0	 1	 3	 0	 1	 2	 2	 0	 0	 1	 0	 1	 1	 1	475.03	  0.00
247	18	18	v	 0	 1	 3	 0	 1	 3	 2	 0	 0	 1	 0	 1	 1	 1	633.41	  0.00
248	18	18	v	 0	 1	 3	 2	 2	 0	 1	 0	 0	 1	 0	 2	 2	 1	494.49	  0.00
249	18	18	v	 0	 1	 3	 3	 2	 3	 2	 1	 0	 1	 0	 1	 1	 1	1644.94	  0.00
250	18	18	v	 0	 1	 3	 3	 2	 0	 1	 1	 0	 1	 0	 2	 2	 1	529.44	  0.00
251	18	18	v	 0	 1	 3	 1	 1	 1	 1	 1	 0	 1	 0	 2	 2	 1	495.76	  0.00
252	18	18	v	 0	 1	 3	 0	 1	 0	 1	 1	 0	 1	 0	 2	 2	 1	422.04	  0.00
253	18	18	v	 0	 1	 3	 1	 1	 2	 2	 0	 0	 1	 0	 1	 1	 1	516.42	  0.00
254	18	18	v	 0	 1	 3	 2	 2	 3	 2	 0	 0	 1	 0	 1	 1	 1	522.66	  0.00
255	18	18	v	 0	 1	 3	 1	 1	 0	 1	 0	 0	 1	 0	 2	 2	 1	480.03	  0.00
256	18	18	v	 0	 1	 4	 1	 1	 3	 2	 1	 0	 1	 0	 1	 1	 1	600.40	  0.00
257	18	18	v	 0	 1	 4	 3	 2	 0	 1	 0	 0	 1	 0	 2	 2	 1	700.96	  0.00
258	18	18	v	 0	 1	 4	 1	 1	 3	 2	 0	 0	 1	 0	 1	 1	 1	746.49	  0.00
259	18	18	v	 0	 1	 4	 0	 1	 3	 2	 1	 0	 1	 0	 1	 1	 1	575.99	  0.00
260	18	18	v	 0	 1	 4	 0	 1	 0	 1	 1	 0	 1	 0	 1	 1	 1	645.73	  0.00
261	18	18	v	 0	 1	 4	 2	 2	 2	 2	 1	 0	 1	 0	 2	 2	 1	619.34	  0.00
262	18	18	v	 0	 1	 4	 1	 1	 0	 1	 1	 0	 1	 0	 1	 1	 1	528.71	  0.00
263	18	18	v	 0	 1	 4	 3	 2	 3	 2	 0	 0	 1	 0	 1	 1	 1	549.69	  0.00
264	18	18	v	 0	 1	 4	 1	 1	 3	 2	 0	 0	 1	 0	 1	 1	 1	595.45	  0.00
265	18	18	v	 0	 1	 4	 3	 2	 1	 1	 1	 0	 1	 0	 2	 2	 1	577.14	  0.00
266	18	18	v	 0	 1	 4	 0	 1	 3	 2	 0	 0	 1	 0	 1	 1	 1	742.74	  0.00
267	18	18	v	 0	 1	 4	 2	 2	 2	 2	 1	 0	 1	 0	 2	 2	 1	596.26	  0.00
268	18	18	v	 0	 1	 4	 3	 2	 3	 2	 0	 0	 1	 0	 1	 1	 1	697.89	  0.00
269	18	18	v	 0	 1	 4	 0	 1	 1	 1	 0	 0	 1	 0	 2	 2	 1	543.46	  0.00
270	18	18	v	 0	 1	 4	 3	 2	 2	 2	 1	 0	 1	 0	 2	 2	 1	620.24	  0.00
271	18	18	v	 0	 1	 4	 2	 2	 0	 1	 1	 0	 1	 0	 2	 2	 1	521.40	  0.00
272	18	18	v	 0	 1	 4	 2	 2	 3	 2	 0	 0	 1	 0	 1	 1	 1	503.54	  0.00
273	18	18	v	 0	 1	 4	 1	 1	 1	 1	 1	 0	 1	 0	 1	 1	 1	773.51	  0.00
274	18	18	v	 0	 1	 4	 2	 2	 2	 2	 0	 0	 1	 0	 1	 1	 1	610.80	  0.00
275	18	18	v	 0	 1	 4	 2	 2	 0	 1	 0	 0	 1	 0	 2	 0	 0	2000.26	  0.00
276	18	18	v	 0	 1	 4	 0	 1	 2	 2	 0	 0	 1	 0	 1	 1	 1	667.13	  0.00
277	18	18	v	 0	 1	 4	 1	 1	 0	 1	 0	 0	 1	 0	 2	 2	 1	784.98	  0.00
278	18	18	v	 0	 1	 4	 3	 2	 0	 1	 1	 0	 1	 0	 2	 2	 1	670.09	  0.00
279	18	18	v	 0	 1	 4	 0	 1	 2	 2	 1	 0	 1	 0	 1	 1	 1	659.67	  0.00
280	18	18	v	 0	 1	 4	 2	 2	 3	 2	 1	 0	 1	 0	 2	 2	 1	577.26	  0.00
281	18	18	v	 0	 1	 4	 1	 1	 0	 1	 0	 0	 1	 0	 2	 2	 1	774.01	  0.00
282	18	18	v	 0	 1	 4	 2	 2	 0	 1	 1	 0	 1	 0	 2	 2	 1	548.34	  0.00
283	18	18	v	 0	 1	 4	 3	 2	 2	 2	 1	 0	 1	 0	 2	 2	 1	625.06	  0.00
284	18	18	v	 0	 1	 4	 3	 2	 1	 1	 1	 0	 1	 0	 2	 2	 1	406.73	  0.00
285	18	18	v	 0	 1	 4	 2	 2	 1	 1	 1	 0	 1	 0	 2	 2	 1	428.46	  0.00
286	18	18	v	 0	 1	 4	 0	 1	 2	 2	 1	 0	 1	 0	 1	 1	 1	506.55	  0.00
287	18	18	v	 0	 1	 4	 0	 1	 0	 1	 1	 0	 1	 0	 1	 1	 1	511.80	  0.00
288	18	18	v	 0	 1	 4	 1	 1	 2	 2	 1	 0	 1	 0	 1	 1	 1	461.31	  0.00
289	18	18	v	 0	 1	 4	 3	 2	 3	 2	 1	 0	 1	 0	 2	 2	 1	554.82	  0.00
290	18	18	v	 0	 1	 4	 2	 2	 2	 2	 0	 0	 1	 0	 1	 1	 1	1784.72	  0.00
291	18	18	v	 0	 1	 4	 3	 2	 2	 2	 0	 0	 1	 0	 1	 1	 1	484.64	  0.00
292	18	18	v	 0	 1	 4	 3	 2	 0	 1	 0	 0	 1	 0	 2	 2	 1	618.46	  0.00
293	18	18	v	 0	 1	 4	 1	 1	 1	 1	 0	 0	 1	 0	 2	 1	 0	408.12	  0.00
294	18	18	v	 0	 1	 4	 2	 2	 1	 1	 1	 0	 1	 0	 2	 2	 1	669.28	  0.00
295	18	18	v	 0	 1	 4	 3	 2	 1	 1	 0	 0	 1	 0	 2	 2	 1	474.54	  0.00
296	18	18	v	 0	 1	 4	 1	 1	 2	 2	 0	 0	 1	 0	 1	 1	 1	440.44	  0.00
297	18	18	v	 0	 1	 4	 3	 2	 1	 1	 0	 0	 1	 0	 2	 2	 1	814.29	  0.00
298	18	18	v	 0	 1	 4	 2	 2	 0	 1	 0	 0	 1	 0	 2	 2	 1	451.65	  0.00
299	18	18	v	 0	 1	 4	 2	 2	 1	 1	 0	 0	 1	 0	 2	 2	 1	553.43	  0.00
300	18	18	v	 0	 1	 4	 0	 1	 2	 2	 0	 0	 1	 0	 1	 1	 1	1039.26	  0.00
301	18	18	v	 0	 1	 4	 0	 1	 0	 1	 0	 0	 1	 0	 2	 2	 1	1364.25	  0.00
302	18	18	v	 0	 1	 4	 0	 1	 1	 1	 1	 0	 1	 0	 1	 1	 1	767.33	  0.00
303	18	18	v	 0	 1	 4	 1	 1	 0	 1	 1	 0	 1	 0	 1	 1	 1	533.28	  0.00
304	18	18	v	 0	 1	 4	 2	 2	 3	 2	 1	 0	 1	 0	 2	 2	 1	578.92	  0.00
305	18	18	v	 0	 1	 4	 1	 1	 2	 2	 1	 0	 1	 0	 1	 1	 1	520.70	  0.00
306	18	18	v	 0	 1	 4	 0	 1	 1	 1	 0	 0	 1	 0	 2	 2	 1	550.50	  0.00
307	18	18	v	 0	 1	 4	 2	 2	 1	 1	 0	 0	 1	 0	 2	 2	 1	596.13	  0.00
308	18	18	v	 0	 1	 4	 0	 1	 1	 1	 1	 0	 1	 0	 1	 1	 1	1056.89	  0.00
309	18	18	v	 0	 1	 4	 2	 2	 3	 2	 0	 0	 1	 0	 1	 1	 1	629.78	  0.00
310	18	18	v	 0	 1	 4	 3	 2	 0	 1	 1	 0	 1	 0	 2	 2	 1	515.40	  0.00
311	18	18	v	 0	 1	 4	 0	 1	 3	 2	 1	 0	 1	 0	 1	 1	 1	1209.24	  0.00
312	18	18	v	 0	 1	 4	 1	 1	 3	 2	 1	 0	 1	 0	 1	 1	 1	590.00	  0.00
313	18	18	v	 0	 1	 4	 1	 1	 1	 1	 1	 0	 1	 0	 1	 1	 1	634.47	  0.00
314	18	18	v	 0	 1	 4	 1	 1	 1	 1	 0	 0	 1	 0	 2	 2	 1	608.18	  0.00
315	18	18	v	 0	 1	 4	 1	 1	 2	 2	 0	 0	 1	 0	 1	 1	 1	477.77	  0.00
316	18	18	v	 0	 1	 4	 3	 2	 2	 2	 0	 0	 1	 0	 1	 1	 1	403.68	  0.00
317	18	18	v	 0	 1	 4	 0	 1	 3	 2	 0	 0	 1	 0	 1	 2	 0	545.56	  0.00
318	18	18	v	 0	 1	 4	 0	 1	 0	 1	 0	 0	 1	 0	 2	 2	 1	607.40	  0.00
319	18	18	v	 0	 1	 4	 3	 2	 3	 2	 1	 0	 1	 0	 2	 2	 1	581.05	  0.00
320	18	18	v	 0	 1	 5	 3	 2	 3	 2	 0	 0	 1	 0	 1	 1	 1	673.05	  0.00
321	18	18	v	 0	 1	 5	 3	 2	 1	 1	 1	 0	 1	 0	 2	 2	 1	543.17	  0.00
322	18	18	v	 0	 1	 5	 3	 2	 2	 2	 1	 0	 1	 0	 2	 2	 1	469.44	  0.00
323	18	18	v	 0	 1	 5	 3	 2	 0	 1	 0	 0	 1	 0	 2	 2	 1	667.69	  0.00
324	18	18	v	 0	 1	 5	 3	 2	 1	 1	 0	 0	 1	 0	 2	 2	 1	568.73	  0.00
325	18	18	v	 0	 1	 5	 3	 2	 3	 2	 0	 0	 1	 0	 1	 1	 1	694.96	  0.00
326	18	18	v	 0	 1	 5	 2	 2	 3	 2	 1	 0	 1	 0	 2	 2	 1	557.04	  0.00
327	18	18	v	 0	 1	 5	 1	 1	 2	 2	 0	 0	 1	 0	 1	 1	 1	611.17	  0.00
328	18	18	v	 0	 1	 5	 3	 2	 2	 2	 0	 0	 1	 0	 1	 1	 1	441.32	  0.00
329	18	18	v	 0	 1	 5	 1	 1	 2	 2	 1	 0	 1	 0	 1	 1	 1	447.81	  0.00
330	18	18	v	 0	 1	 5	 1	 1	 1	 1	 0	 0	 1	 0	 2	 2	 1	542.16	  0.00
331	18	18	v	 0	 1	 5	 0	 1	 2	 2	 0	 0	 1	 0	 1	 1	 1	604.34	  0.00
332	18	18	v	 0	 1	 5	 0	 1	 1	 1	 1	 0	 1	 0	 1	 1	 1	577.73	  0.00
333	18	18	v	 0	 1	 5	 2	 2	 3	 2	 0	 0	 1	 0	 1	 2	 0	575.71	  0.00
334	18	18	v	 0	 1	 5	 2	 2	 0	 1	 0	 0	 1	 0	 2	 2	 1	629.91	  0.00
335	18	18	v	 0	 1	 5	 1	 1	 1	 1	 1	 0	 1	 0	 1	 2	 0	628.03	  0.00
336	18	18	v	 0	 1	 5	 0	 1	 0	 1	 0	 0	 1	 0	 2	 2	 1	834.06	  0.00
337	18	18	v	 0	 1	 5	 1	 1	 2	 2	 1	 0	 1	 0	 1	 1	 1	1247.77	  0.00
338	18	18	v	 0	 1	 5	 2	 2	 0	 1	 0	 0	 1	 0	 2	 2	 1	653.18	  0.00
339	18	18	v	 0	 1	 5	 1	 1	 0	 1	 1	 0	 1	 0	 1	 1	 1	650.54	  0.00
340	18	18	v	 0	 1	 5	 2	 2	 1	 1	 1	 0	 1	 0	 2	 2	 1	560.30	  0.00
341	18	18	v	 0	 1	 5	 3	 2	 2	 2	 1	 0	 1	 0	 2	 2	 1	518.64	  0.00
342	18	18	v	 0	 1	 5	 1	 1	 1	 1	 1	 0	 1	 0	 1	 1	 1	532.89	  0.00
343	18	18	v	 0	 1	 5	 1	 1	 0	 1	 0	 0	 1	 0	 2	 2	 1	875.25	  0.00
344	18	18	v	 0	 1	 5	 0	 1	 2	 2	 1	 0	 1	 0	 1	 1	 1	680.97	  0.00
345	18	18	v	 0	 1	 5	 0	 1	 2	 2	 0	 0	 1	 0	 1	 1	 1	654.96	  0.00
346	18	18	v	 0	 1	 5	 2	 2	 1	 1	 0	 0	 1	 0	 2	 2	 1	580.98	  0.00
347	18	18	v	 0	 1	 5	 3	 2	 2	 2	 0	 0	 1	 0	 1	 1	 1	515.23	  0.00
348	18	18	v	 0	 1	 5	 2	 2	 3	 2	 0	 0	 1	 0	 1	 1	 1	536.52	  0.00
349	18	18	v	 0	 1	 5	 0	 1	 3	 2	 1	 0	 1	 0	 1	 1	 1	494.50	  0.00
350	18	18	v	 0	 1	 5	 1	 1	 3	 2	 0	 0	 1	 0	 1	 1	 1	468.94	  0.00
351	18	18	v	 0	 1	 5	 1	 1	 3	 2	 1	 0	 1	 0	 1	 1	 1	595.35	  0.00
352	18	18	v	 0	 1	 5	 3	 2	 0	 1	 1	 0	 1	 0	 2	 2	 1	593.53	  0.00
353	18	18	v	 0	 1	 5	 0	 1	 3	 2	 1	 0	 1	 0	 1	 1	 1	567.69	  0.00
354	18	18	v	 0	 1	 5	 0	 1	 3	 2	 0	 0	 1	 0	 1	 1	 1	637.90	  0.00
355	18	18	v	 0	 1	 5	 3	 2	 1	 1	 1	 0	 1	 0	 2	 2	 1	643.97	  0.00
356	18	18	v	 0	 1	 5	 2	 2	 2	 2	 0	 0	 1	 0	 1	 1	 1	801.25	  0.00
357	18	18	v	 0	 1	 5	 0	 1	 3	 2	 0	 0	 1	 0	 1	 1	 1	518.89	  0.00
358	18	18	v	 0	 1	 5	 2	 2	 1	 1	 0	 0	 1	 0	 2	 2	 1	653.23	  0.00
359	18	18	v	 0	 1	 5	 3	 2	 1	 1	 0	 0	 1	 0	 2	 2	 1	523.33	  0.00
360	18	18	v	 0	 1	 5	 2	 2	 1	 1	 1	 0	 1	 0	 2	 2	 1	769.66	  0.00
361	18	18	v	 0	 1	 5	 1	 1	 2	 2	 0	 0	 1	 0	 1	 1	 1	575.54	  0.00
362	18	18	v	 0	 1	 5	 0	 1	 0	 1	 0	 0	 1	 0	 2	 2	 1	589.72	  0.00
363	18	18	v	 0	 1	 5	 3	 2	 3	 2	 1	 0	 1	 0	 2	 2	 1	707.67	  0.00
364	18	18	v	 0	 1	 5	 0	 1	 2	 2	 1	 0	 1	 0	 1	 1	 1	537.86	  0.00
365	18	18	v	 0	 1	 5	 3	 2	 3	 2	 1	 0	 1	 0	 2	 2	 1	694.82	  0.00
366	18	18	v	 0	 1	 5	 0	 1	 0	 1	 1	 0	 1	 0	 1	 1	 1	509.10	  0.00
367	18	18	v	 0	 1	 5	 2	 2	 2	 2	 1	 0	 1	 0	 2	 2	 1	467.41	  0.00
368	18	18	v	 0	 1	 5	 2	 2	 3	 2	 1	 0	 1	 0	 2	 2	 1	545.78	  0.00
369	18	18	v	 0	 1	 5	 1	 1	 1	 1	 0	 0	 1	 0	 2	 2	 1	631.88	  0.00
370	18	18	v	 0	 1	 5	 1	 1	 3	 2	 1	 0	 1	 0	 1	 1	 1	606.03	  0.00
371	18	18	v	 0	 1	 5	 3	 2	 0	 1	 0	 0	 1	 0	 2	 2	 1	540.13	  0.00
372	18	18	v	 0	 1	 5	 0	 1	 1	 1	 1	 0	 1	 0	 1	 1	 1	570.47	  0.00
373	18	18	v	 0	 1	 5	 0	 1	 1	 1	 0	 0	 1	 0	 2	 2	 1	704.62	  0.00
374	18	18	v	 0	 1	 5	 3	 2	 0	 1	 1	 0	 1	 0	 2	 2	 1	509.55	  0.00
375	18	18	v	 0	 1	 5	 2	 2	 0	 1	 1	 0	 1	 0	 2	 2	 1	491.93	  0.00
376	18	18	v	 0	 1	 5	 0	 1	 1	 1	 0	 0	 1	 0	 2	 2	 1	1458.43	  0.00
377	18	18	v	 0	 1	 5	 2	 2	 0	 1	 1	 0	 1	 0	 2	 2	 1	487.20	  0.00
378	18	18	v	 0	 1	 5	 1	 1	 0	 1	 0	 0	 1	 0	 2	 2	 1	645.50	  0.00
379	18	18	v	 0	 1	 5	 0	 1	 0	 1	 1	 0	 1	 0	 1	 1	 1	555.65	  0.00
380	18	18	v	 0	 1	 5	 1	 1	 3	 2	 0	 0	 1	 0	 1	 1	 1	417.80	  0.00
381	18	18	v	 0	 1	 5	 2	 2	 2	 2	 0	 0	 1	 0	 1	 1	 1	383.34	  0.00
382	18	18	v	 0	 1	 5	 2	 2	 2	 2	 1	 0	 1	 0	 2	 2	 1	550.66	  0.00
383	18	18	v	 0	 1	 5	 1	 1	 0	 1	 1	 0	 1	 0	 1	 1	 1	515.72	  0.00
384	18	18	v	 0	 1	 6	 0	 1	 1	 1	 1	 0	 1	 0	 1	 1	 1	474.15	  0.00
385	18	18	v	 0	 1	 6	 2	 2	 3	 2	 0	 0	 1	 0	 1	 1	 1	816.51	  0.00
386	18	18	v	 0	 1	 6	 0	 1	 0	 1	 0	 0	 1	 0	 2	 2	 1	614.30	  0.00
387	18	18	v	 0	 1	 6	 2	 2	 2	 2	 1	 0	 1	 0	 2	 2	 1	548.46	  0.00
388	18	18	v	 0	 1	 6	 0	 1	 2	 2	 0	 0	 1	 0	 1	 1	 1	1114.66	  0.00
389	18	18	v	 0	 1	 6	 3	 2	 3	 2	 0	 0	 1	 0	 1	 1	 1	592.06	  0.00
390	18	18	v	 0	 1	 6	 3	 2	 0	 1	 0	 0	 1	 0	 2	 2	 1	557.21	  0.00
391	18	18	v	 0	 1	 6	 2	 2	 1	 1	 0	 0	 1	 0	 2	 2	 1	579.46	  0.00
392	18	18	v	 0	 1	 6	 0	 1	 2	 2	 1	 0	 1	 0	 1	 1	 1	505.65	  0.00
393	18	18	v	 0	 1	 6	 3	 2	 0	 1	 1	 0	 1	 0	 2	 2	 1	471.93	  0.00
394	18	18	v	 0	 1	 6	 2	 2	 2	 2	 0	 0	 1	 0	 1	 1	 1	766.26	  0.00
395	18	18	v	 0	 1	 6	 0	 1	 1	 1	 0	 0	 1	 0	 2	 1	 0	532.19	  0.00
396	18	18	v	 0	 1	 6	 3	 2	 3	 2	 1	 0	 1	 0	 2	 0	 0	2000.20	  0.00
397	18	18	v	 0	 1	 6	 1	 1	 3	 2	 0	 0	 1	 0	 1	 1	 1	765.63	  0.00
398	18	18	v	 0	 1	 6	 2	 2	 2	 2	 0	 0	 1	 0	 1	 2	 0	379.63	  0.00
399	18	18	v	 0	 1	 6	 1	 1	 3	 2	 0	 0	 1	 0	 1	 1	 1	497.92	  0.00
400	18	18	v	 0	 1	 6	 3	 2	 1	 1	 1	 0	 1	 0	 2	 2	 1	608.10	  0.00
401	18	18	v	 0	 1	 6	 3	 2	 0	 1	 1	 0	 1	 0	 2	 2	 1	494.46	  0.00
402	18	18	v	 0	 1	 6	 0	 1	 2	 2	 1	 0	 1	 0	 1	 1	 1	484.72	  0.00
403	18	18	v	 0	 1	 6	 1	 1	 2	 2	 0	 0	 1	 0	 1	 1	 1	595.06	  0.00
404	18	18	v	 0	 1	 6	 1	 1	 2	 2	 0	 0	 1	 0	 1	 1	 1	473.18	  0.00
405	18	18	v	 0	 1	 6	 1	 1	 0	 1	 0	 0	 1	 0	 2	 2	 1	559.54	  0.00
406	18	18	v	 0	 1	 6	 2	 2	 1	 1	 0	 0	 1	 0	 2	 2	 1	572.78	  0.00
407	18	18	v	 0	 1	 6	 2	 2	 0	 1	 1	 0	 1	 0	 2	 2	 1	635.04	  0.00
408	18	18	v	 0	 1	 6	 1	 1	 0	 1	 0	 0	 1	 0	 2	 2	 1	769.12	  0.00
409	18	18	v	 0	 1	 6	 0	 1	 1	 1	 0	 0	 1	 0	 2	 2	 1	671.12	  0.00
410	18	18	v	 0	 1	 6	 0	 1	 1	 1	 1	 0	 1	 0	 1	 1	 1	404.85	  0.00
411	18	18	v	 0	 1	 6	 3	 2	 3	 2	 0	 0	 1	 0	 1	 1	 1	579.50	  0.00
412	18	18	v	 0	 1	 6	 0	 1	 3	 2	 0	 0	 1	 0	 1	 1	 1	425.69	  0.00
413	18	18	v	 0	 1	 6	 3	 2	 3	 2	 1	 0	 1	 0	 2	 2	 1	576.14	  0.00
414	18	18	v	 0	 1	 6	 2	 2	 0	 1	 0	 0	 1	 0	 2	 2	 1	485.36	  0.00
415	18	18	v	 0	 1	 6	 3	 2	 1	 1	 0	 0	 1	 0	 2	 2	 1	547.52	  0.00
416	18	18	v	 0	 1	 6	 3	 2	 1	 1	 0	 0	 1	 0	 2	 2	 1	457.75	  0.00
417	18	18	v	 0	 1	 6	 3	 2	 2	 2	 1	 0	 1	 0	 2	 2	 1	496.19	  0.00
418	18	18	v	 0	 1	 6	 0	 1	 0	 1	 1	 0	 1	 0	 1	 1	 1	446.25	  0.00
419	18	18	v	 0	 1	 6	 2	 2	 1	 1	 1	 0	 1	 0	 2	 2	 1	636.89	  0.00
420	18	18	v	 0	 1	 6	 1	 1	 1	 1	 0	 0	 1	 0	 2	 1	 0	619.06	  0.00
421	18	18	v	 0	 1	 6	 0	 1	 2	 2	 0	 0	 1	 0	 1	 1	 1	681.14	  0.00
422	18	18	v	 0	 1	 6	 1	 1	 2	 2	 1	 0	 1	 0	 1	 1	 1	615.12	  0.00
423	18	18	v	 0	 1	 6	 1	 1	 0	 1	 1	 0	 1	 0	 1	 1	 1	549.27	  0.00
424	18	18	v	 0	 1	 6	 2	 2	 1	 1	 1	 0	 1	 0	 2	 2	 1	666.56	  0.00
425	18	18	v	 0	 1	 6	 0	 1	 3	 2	 1	 0	 1	 0	 1	 2	 0	1120.34	  0.00
426	18	18	v	 0	 1	 6	 3	 2	 0	 1	 0	 0	 1	 0	 2	 2	 1	645.84	  0.00
427	18	18	v	 0	 1	 6	 1	 1	 1	 1	 1	 0	 1	 0	 1	 1	 1	779.24	  0.00
428	18	18	v	 0	 1	 6	 0	 1	 3	 2	 1	 0	 1	 0	 1	 1	 1	433.84	  0.00
429	18	18	v	 0	 1	 6	 2	 2	 3	 2	 1	 0	 1	 0	 2	 2	 1	560.28	  0.00
430	18	18	v	 0	 1	 6	 1	 1	 1	 1	 0	 0	 1	 0	 2	 2	 1	686.44	  0.00
431	18	18	v	 0	 1	 6	 1	 1	 2	 2	 1	 0	 1	 0	 1	 1	 1	683.58	  0.00
432	18	18	v	 0	 1	 6	 2	 2	 3	 2	 1	 0	 1	 0	 2	 2	 1	489.33	  0.00
433	18	18	v	 0	 1	 6	 3	 2	 1	 1	 1	 0	 1	 0	 2	 2	 1	527.93	  0.00
434	18	18	v	 0	 1	 6	 0	 1	 0	 1	 0	 0	 1	 0	 2	 2	 1	670.20	  0.00
435	18	18	v	 0	 1	 6	 3	 2	 2	 2	 1	 0	 1	 0	 2	 2	 1	468.29	  0.00
436	18	18	v	 0	 1	 6	 3	 2	 2	 2	 0	 0	 1	 0	 1	 1	 1	586.60	  0.00
437	18	18	v	 0	 1	 6	 2	 2	 2	 2	 1	 0	 1	 0	 2	 2	 1	552.50	  0.00
438	18	18	v	 0	 1	 6	 1	 1	 3	 2	 1	 0	 1	 0	 1	 1	 1	543.04	  0.00
439	18	18	v	 0	 1	 6	 1	 1	 3	 2	 1	 0	 1	 0	 1	 1	 1	717.23	  0.00
440	18	18	v	 0	 1	 6	 2	 2	 0	 1	 0	 0	 1	 0	 2	 2	 1	1082.15	  0.00
441	18	18	v	 0	 1	 6	 1	 1	 1	 1	 1	 0	 1	 0	 1	 1	 1	599.87	  0.00
442	18	18	v	 0	 1	 6	 2	 2	 0	 1	 1	 0	 1	 0	 2	 2	 1	573.90	  0.00
443	18	18	v	 0	 1	 6	 1	 1	 0	 1	 1	 0	 1	 0	 1	 1	 1	556.02	  0.00
444	18	18	v	 0	 1	 6	 3	 2	 2	 2	 0	 0	 1	 0	 1	 1	 1	618.16	  0.00
445	18	18	v	 0	 1	 6	 0	 1	 0	 1	 1	 0	 1	 0	 1	 1	 1	528.35	  0.00
446	18	18	v	 0	 1	 6	 2	 2	 3	 2	 0	 0	 1	 0	 1	 1	 1	1022.66	  0.00
447	18	18	v	 0	 1	 6	 0	 1	 3	 2	 0	 0	 1	 0	 1	 1	 1	780.08	  0.00
448	18	18	v	 0	 1	 7	 1	 1	 1	 1	 0	 0	 1	 0	 2	 2	 1	497.01	  0.00
449	18	18	v	 0	 1	 7	 0	 1	 3	 2	 1	 0	 1	 0	 1	 1	 1	543.38	  0.00
450	18	18	v	 0	 1	 7	 1	 1	 0	 1	 1	 0	 1	 0	 1	 1	 1	573.63	  0.00
451	18	18	v	 0	 1	 7	 2	 2	 1	 1	 0	 0	 1	 0	 2	 2	 1	563.71	  0.00
452	18	18	v	 0	 1	 7	 0	 1	 3	 2	 1	 0	 1	 0	 1	 1	 1	537.92	  0.00
453	18	18	v	 0	 1	 7	 2	 2	 3	 2	 1	 0	 1	 0	 2	 2	 1	639.96	  0.00
454	18	18	v	 0	 1	 7	 2	 2	 2	 2	 1	 0	 1	 0	 2	 2	 1	598.09	  0.00
455	18	18	v	 0	 1	 7	 1	 1	 1	 1	 0	 0	 1	 0	 2	 2	 1	644.41	  0.00
456	18	18	v	 0	 1	 7	 3	 2	 2	 2	 1	 0	 1	 0	 2	 2	 1	593.39	  0.00
457	18	18	v	 0	 1	 7	 0	 1	 1	 1	 1	 0	 1	 0	 1	 1	 1	471.71	  0.00
458	18	18	v	 0	 1	 7	 1	 1	 1	 1	 1	 0	 1	 0	 1	 1	 1	542.07	  0.00
459	18	18	v	 0	 1	 7	 3	 2	 0	 1	 1	 0	 1	 0	 2	 2	 1	555.10	  0.00
460	18	18	v	 0	 1	 7	 0	 1	 1	 1	 1	 0	 1	 0	 1	 1	 1	642.57	  0.00
461	18	18	v	 0	 1	 7	 1	 1	 0	 1	 0	 0	 1	 0	 2	 1	 0	640.63	  0.00
462	18	18	v	 0	 1	 7	 1	 1	 3	 2	 0	 0	 1	 0	 1	 1	 1	590.69	  0.00
463	18	18	v	 0	 1	 7	 2	 2	 0	 1	 0	 0	 1	 0	 2	 2	 1	796.92	  0.00
464	18	18	v	 0	 1	 7	 2	 2	 1	 1	 1	 0	 1	 0	 2	 2	 1	602.80	  0.00
465	18	18	v	 0	 1	 7	 3	 2	 1	 1	 0	 0	 1	 0	 2	 2	 1	591.81	  0.00
466	18	18	v	 0	 1	 7	 3	 2	 3	 2	 1	 0	 1	 0	 2	 2	 1	526.14	  0.00
467	18	18	v	 0	 1	 7	 0	 1	 0	 1	 1	 0	 1	 0	 1	 1	 1	612.44	  0.00
468	18	18	v	 0	 1	 7	 1	 1	 3	 2	 1	 0	 1	 0	 1	 1	 1	634.59	  0.00
469	18	18	v	 0	 1	 7	 1	 1	 3	 2	 0	 0	 1	 0	 1	 1	 1	728.62	  0.00
470	18	18	v	 0	 1	 7	 0	 1	 2	 2	 0	 0	 1	 0	 1	 1	 1	558.64	  0.00
471	18	18	v	 0	 1	 7	 2	 2	 0	 1	 0	 0	 1	 0	 2	 2	 1	636.84	  0.00
472	18	18	v	 0	 1	 7	 2	 2	 3	 2	 0	 0	 1	 0	 1	 1	 1	610.52	  0.00
473	18	18	v	 0	 1	 7	 2	 2	 3	 2	 0	 0	 1	 0	 1	 1	 1	544.02	  0.00
474	18	18	v	 0	 1	 7	 0	 1	 3	 2	 0	 0	 1	 0	 1	 1	 1	526.30	  0.00
475	18	18	v	 0	 1	 7	 0	 1	 2	 2	 1	 0	 1	 0	 1	 1	 1	636.69	  0.00
476	18	18	v	 0	 1	 7	 1	 1	 2	 2	 1	 0	 1	 0	 1	 1	 1	570.79	  0.00
477	18	18	v	 0	 1	 7	 3	 2	 0	 1	 0	 0	 1	 0	 2	 2	 1	608.98	  0.00
478	18	18	v	 0	 1	 7	 0	 1	 1	 1	 0	 0	 1	 0	 2	 2	 1	463.07	  0.00
479	18	18	v	 0	 1	 7	 0	 1	 2	 2	 1	 0	 1	 0	 1	 2	 0	453.43	  0.00
480	18	18	v	 0	 1	 7	 3	 2	 3	 2	 1	 0	 1	 0	 2	 2	 1	555.87	  0.00
481	18	18	v	 0	 1	 7	 2	 2	 0	 1	 1	 0	 1	 0	 2	 2	 1	509.63	  0.00
482	18	18	v	 0	 1	 7	 2	 2	 3	 2	 1	 0	 1	 0	 2	 2	 1	463.14	  0.00
483	18	18	v	 0	 1	 7	 3	 2	 2	 2	 0	 0	 1	 0	 1	 1	 1	565.59	  0.00
484	18	18	v	 0	 1	 7	 3	 2	 2	 2	 0	 0	 1	 0	 1	 1	 1	507.85	  0.00
485	18	18	v	 0	 1	 7	 0	 1	 0	 1	 1	 0	 1	 0	 1	 1	 1	618.18	  0.00
486	18	18	v	 0	 1	 7	 0	 1	 1	 1	 0	 0	 1	 0	 2	 2	 1	592.34	  0.00
487	18	18	v	 0	 1	 7	 3	 2	 2	 2	 1	 0	 1	 0	 2	 2	 1	502.47	  0.00
488	18	18	v	 0	 1	 7	 1	 1	 2	 2	 1	 0	 1	 0	 1	 1	 1	524.77	  0.00
489	18	18	v	 0	 1	 7	 0	 1	 3	 2	 0	 0	 1	 0	 1	 1	 1	602.96	  0.00
490	18	18	v	 0	 1	 7	 3	 2	 3	 2	 0	 0	 1	 0	 1	 1	 1	512.20	  0.00
491	18	18	v	 0	 1	 7	 2	 2	 1	 1	 0	 0	 1	 0	 2	 2	 1	702.39	  0.00
492	18	18	v	 0	 1	 7	 2	 2	 2	 2	 0	 0	 1	 0	 1	 1	 1	620.41	  0.00
493	18	18	v	 0	 1	 7	 3	 2	 0	 1	 0	 0	 1	 0	 2	 2	 1	554.52	  0.00
494	18	18	v	 0	 1	 7	 0	 1	 0	 1	 0	 0	 1	 0	 2	 2	 1	536.70	  0.00
495	18	18	v	 0	 1	 7	 2	 2	 0	 1	 1	 0	 1	 0	 2	 2	 1	694.41	  0.00
496	18	18	v	 0	 1	 7	 0	 1	 0	 1	 0	 0	 1	 0	 2	 2	 1	716.94	  0.00
497	18	18	v	 0	 1	 7	 3	 2	 0	 1	 1	 0	 1	 0	 2	 2	 1	594.90	  0.00
498	18	18	v	 0	 1	 7	 1	 1	 2	 2	 0	 0	 1	 0	 1	 1	 1	697.04	  0.00
499	18	18	v	 0	 1	 7	 0	 1	 2	 2	 0	 0	 1	 0	 1	 1	 1	486.07	  0.00
500	18	18	v	 0	 1	 7	 1	 1	 3	 2	 1	 0	 1	 0	 1	 1	 1	468.52	  0.00
501	18	18	v	 0	 1	 7	 2	 2	 1	 1	 1	 0	 1	 0	 2	 2	 1	490.86	  0.00
502	18	18	v	 0	 1	 7	 3	 2	 1	 1	 0	 0	 1	 0	 2	 2	 1	561.12	  0.00
503	18	18	v	 0	 1	 7	 2	 2	 2	 2	 1	 0	 1	 0	 2	 2	 1	679.13	  0.00
504	18	18	v	 0	 1	 7	 3	 2	 3	 2	 0	 0	 1	 0	 1	 1	 1	613.42	  0.00
505	18	18	v	 0	 1	 7	 1	 1	 0	 1	 0	 0	 1	 0	 2	 2	 1	555.48	  0.00
506	18	18	v	 0	 1	 7	 1	 1	 2	 2	 0	 0	 1	 0	 1	 1	 1	600.82	  0.00
507	18	18	v	 0	 1	 7	 3	 2	 1	 1	 1	 0	 1	 0	 2	 2	 1	606.57	  0.00
508	18	18	v	 0	 1	 7	 2	 2	 2	 2	 0	 0	 1	 0	 1	 1	 1	829.10	  0.00
509	18	18	v	 0	 1	 7	 1	 1	 1	 1	 1	 0	 1	 0	 1	 1	 1	610.92	  0.00
510	18	18	v	 0	 1	 7	 3	 2	 1	 1	 1	 0	 1	 0	 2	 2	 1	497.00	  0.00
511	18	18	v	 0	 1	 7	 1	 1	 0	 1	 1	 0	 1	 0	 1	 1	 1	575.33	  0.00
512	18	18	v	 0	 1	 8	 2	 2	 3	 2	 1	 1	 1	 1	 1	 1	 1	849.44	  0.00
513	18	18	v	 0	 1	 8	 2	 2	 3	 2	 0	 1	 1	 1	 1	 1	 1	421.67	  0.00
514	18	18	v	 0	 1	 8	 3	 2	 2	 2	 1	 1	 1	 1	 1	 1	 1	411.61	  0.00
515	18	18	v	 0	 1	 8	 3	 2	 0	 1	 0	 1	 1	 1	 1	 1	 1	401.55	  0.00
516	18	18	v	 0	 1	 8	 1	 1	 3	 2	 0	 1	 1	 1	 2	 2	 1	407.52	  0.00
517	18	18	v	 0	 1	 8	 0	 1	 2	 2	 0	 1	 1	 1	 2	 2	 1	437.43	  0.00
518	18	18	v	 0	 1	 8	 3	 2	 3	 2	 0	 1	 1	 1	 1	 1	 1	387.34	  0.00
519	18	18	v	 0	 1	 8	 1	 1	 2	 2	 0	 1	 1	 1	 2	 2	 1	425.25	  0.00
520	18	18	v	 0	 1	 8	 3	 2	 0	 1	 1	 1	 1	 1	 1	 1	 1	446.36	  0.00
521	18	18	v	 0	 1	 8	 0	 1	 0	 1	 0	 1	 1	 1	 2	 2	 1	555.83	  0.00
522	18	18	v	 0	 1	 8	 1	 1	 1	 1	 0	 1	 1	 1	 2	 2	 1	1825.82	  0.00
523	18	18	v	 0	 1	 8	 1	 1	 0	 1	 1	 1	 1	 1	 2	 2	 1	573.49	  0.00
524	18	18	v	 0	 1	 8	 2	 2	 0	 1	 0	 1	 1	 1	 1	 1	 1	491.43	  0.00
525	18	18	v	 0	 1	 8	 0	 1	 1	 1	 0	 1	 1	 1	 2	 2	 1	657.24	  0.00
526	18	18	v	 0	 1	 8	 3	 2	 3	 2	 0	 1	 1	 1	 1	 1	 1	453.84	  0.00
527	18	18	v	 0	 1	 8	 1	 1	 2	 2	 1	 1	 1	 1	 2	 2	 1	507.66	  0.00
528	18	18	v	 0	 1	 8	 1	 1	 3	 2	 1	 1	 1	 1	 2	 2	 1	481.46	  0.00
529	18	18	v	 0	 1	 8	 0	 1	 0	 1	 1	 1	 1	 1	 2	 1	 0	399.21	  0.00
530	18	18	v	 0	 1	 8	 2	 2	 1	 1	 1	 1	 1	 1	 1	 2	 0	493.24	  0.00
531	18	18	v	 0	 1	 8	 1	 1	 0	 1	 0	 1	 1	 1	 2	 2	 1	450.35	  0.00
532	18	18	v	 0	 1	 8	 1	 1	 3	 2	 0	 1	 1	 1	 2	 2	 1	520.88	  0.00
533	18	18	v	 0	 1	 8	 2	 2	 2	 2	 1	 1	 1	 1	 1	 1	 1	341.59	  0.00
534	18	18	v	 0	 1	 8	 3	 2	 2	 2	 0	 1	 1	 1	 1	 1	 1	387.39	  0.00
535	18	18	v	 0	 1	 8	 1	 1	 0	 1	 1	 1	 1	 1	 2	 2	 1	385.55	  0.00
536	18	18	v	 0	 1	 8	 2	 2	 2	 2	 0	 1	 1	 1	 1	 1	 1	607.45	  0.00
537	18	18	v	 0	 1	 8	 0	 1	 3	 2	 1	 1	 1	 1	 2	 2	 1	477.24	  0.00
538	18	18	v	 0	 1	 8	 2	 2	 3	 2	 1	 1	 1	 1	 1	 1	 1	851.12	  0.00
539	18	18	v	 0	 1	 8	 3	 2	 1	 1	 0	 1	 1	 1	 1	 1	 1	440.43	  0.00
540	18	18	v	 0	 1	 8	 2	 2	 2	 2	 0	 1	 1	 1	 1	 1	 1	461.44	  0.00
541	18	18	v	 0	 1	 8	 0	 1	 2	 2	 1	 1	 1	 1	 2	 2	 1	466.93	  0.00
542	18	18	v	 0	 1	 8	 1	 1	 2	 2	 1	 1	 1	 1	 2	 2	 1	425.00	  0.00
543	18	18	v	 0	 1	 8	 0	 1	 0	 1	 0	 1	 1	 1	 2	 2	 1	438.98	  0.00
544	18	18	v	 0	 1	 8	 2	 2	 3	 2	 0	 1	 1	 1	 1	 1	 1	468.79	  0.00
545	18	18	v	 0	 1	 8	 0	 1	 2	 2	 1	 1	 1	 1	 2	 2	 1	458.65	  0.00
546	18	18	v	 0	 1	 8	 3	 2	 1	 1	 1	 1	 1	 1	 1	 1	 1	400.51	  0.00
547	18	18	v	 0	 1	 8	 2	 2	 1	 1	 1	 1	 1	 1	 1	 1	 1	510.39	  0.00
548	18	18	v	 0	 1	 8	 2	 2	 2	 2	 1	 1	 1	 1	 1	 1	 1	419.22	  0.00
549	18	18	v	 0	 1	 8	 2	 2	 0	 1	 0	 1	 1	 1	 1	 1	 1	409.08	  0.00
550	18	18	v	 0	 1	 8	 1	 1	 1	 1	 1	 1	 1	 1	 2	 2	 1	495.07	  0.00
551	18	18	v	 0	 1	 8	 3	 2	 1	 1	 0	 1	 1	 1	 1	 1	 1	628.86	  0.00
552	18	18	v	 0	 1	 8	 3	 2	 3	 2	 1	 1	 1	 1	 1	 1	 1	609.84	  0.00
553	18	18	v	 0	 1	 8	 3	 2	 1	 1	 1	 1	 1	 1	 1	 1	 1	448.17	  0.00
554	18	18	v	 0	 1	 8	 2	 2	 0	 1	 1	 1	 1	 1	 1	 1	 1	382.00	  0.00
555	18	18	v	 0	 1	 8	 2	 2	 1	 1	 0	 1	 1	 1	 1	 1	 1	307.96	  0.00
556	18	18	v	 0	 1	 8	 0	 1	 3	 2	 0	 1	 1	 1	 2	 2	 1	457.03	  0.00
557	18	18	v	 0	 1	 8	 3	 2	 0	 1	 1	 1	 1	 1	 1	 0	 0	2000.20	  0.00
558	18	18	v	 0	 1	 8	 1	 1	 2	 2	 0	 1	 1	 1	 2	 2	 1	474.58	  0.00
559	18	18	v	 0	 1	 8	 3	 2	 2	 2	 0	 1	 1	 1	 1	 1	 1	376.38	  0.00
560	18	18	v	 0	 1	 8	 2	 2	 0	 1	 1	 1	 1	 1	 1	 1	 1	486.27	  0.00
561	18	18	v	 0	 1	 8	 3	 2	 3	 2	 1	 1	 1	 1	 1	 1	 1	411.35	  0.00
562	18	18	v	 0	 1	 8	 0	 1	 1	 1	 1	 1	 1	 1	 2	 2	 1	369.15	  0.00
563	18	18	v	 0	 1	 8	 0	 1	 1	 1	 1	 1	 1	 1	 2	 2	 1	471.11	  0.00
564	18	18	v	 0	 1	 8	 0	 1	 1	 1	 0	 1	 1	 1	 2	 2	 1	564.91	  0.00
565	18	18	v	 0	 1	 8	 3	 2	 0	 1	 0	 1	 1	 1	 1	 1	 1	474.63	  0.00
566	18	18	v	 0	 1	 8	 0	 1	 3	 2	 1	 1	 1	 1	 2	 2	 1	464.35	  0.00
567	18	18	v	 0	 1	 8	 1	 1	 3	 2	 1	 1	 1	 1	 2	 2	 1	502.49	  0.00
568	18	18	v	 0	 1	 8	 0	 1	 2	 2	 0	 1	 1	 1	 2	 2	 1	323.84	  0.00
569	18	18	v	 0	 1	 8	 1	 1	 1	 1	 1	 1	 1	 1	 2	 2	 1	393.25	  0.00
570	18	18	v	 0	 1	 8	 0	 1	 3	 2	 0	 1	 1	 1	 2	 2	 1	351.19	  0.00
571	18	18	v	 0	 1	 8	 2	 2	 1	 1	 0	 1	 1	 1	 1	 1	 1	556.89	  0.00
572	18	18	v	 0	 1	 8	 3	 2	 2	 2	 1	 1	 1	 1	 1	 1	 1	466.86	  0.00
573	18	18	v	 0	 1	 8	 1	 1	 1	 1	 0	 1	 1	 1	 2	 2	 1	456.68	  0.00
574	18	18	v	 0	 1	 8	 1	 1	 0	 1	 0	 1	 1	 1	 2	 2	 1	398.37	  0.00
575	18	18	v	 0	 1	 8	 0	 1	 0	 1	 1	 1	 1	 1	 2	 2	 1	380.26	  0.00
576	18	18	v	 0	 1	 9	 0	 1	 1	 1	 0	 1	 1	 1	 2	 2	 1	457.66	  0.00
577	18	18	v	 0	 1	 9	 0	 1	 0	 1	 1	 1	 1	 1	 2	 2	 1	432.02	  0.00
578	18	18	v	 0	 1	 9	 2	 2	 1	 1	 0	 1	 1	 1	 1	 1	 1	486.44	  0.00
579	18	18	v	 0	 1	 9	 2	 2	 1	 1	 0	 1	 1	 1	 1	 1	 1	444.83	  0.00
580	18	18	v	 0	 1	 9	 0	 1	 2	 2	 0	 1	 1	 1	 2	 2	 1	482.24	  0.00
581	18	18	v	 0	 1	 9	 3	 2	 3	 2	 0	 1	 1	 1	 1	 1	 1	472.28	  0.00
582	18	18	v	 0	 1	 9	 0	 1	 0	 1	 0	 1	 1	 1	 2	 2	 1	494.71	  0.00
583	18	18	v	 0	 1	 9	 1	 1	 2	 2	 1	 1	 1	 1	 2	 2	 1	372.57	  0.00
584	18	18	v	 0	 1	 9	 1	 1	 3	 2	 0	 1	 1	 1	 2	 2	 1	403.58	  0.00
585	18	18	v	 0	 1	 9	 2	 2	 0	 1	 1	 1	 1	 1	 1	 1	 1	466.00	  0.00
586	18	18	v	 0	 1	 9	 0	 1	 3	 2	 1	 1	 1	 1	 2	 2	 1	528.36	  0.00
587	18	18	v	 0	 1	 9	 3	 2	 3	 2	 1	 1	 1	 1	 1	 1	 1	558.67	  0.00
588	18	18	v	 0	 1	 9	 1	 1	 1	 1	 1	 1	 1	 1	 2	 2	 1	412.91	  0.00
589	18	18	v	 0	 1	 9	 2	 2	 1	 1	 1	 1	 1	 1	 1	 1	 1	531.29	  0.00
590	18	18	v	 0	 1	 9	 0	 1	 2	 2	 1	 1	 1	 1	 2	 2	 1	448.37	  0.00
591	18	18	v	 0	 1	 9	 0	 1	 0	 1	 0	 1	 1	 1	 2	 2	 1	422.84	  0.00
592	18	18	v	 0	 1	 9	 1	 1	 3	 2	 0	 1	 1	 1	 2	 2	 1	437.12	  0.00
593	18	18	v	 0	 1	 9	 0	 1	 0	 1	 1	 1	 1	 1	 2	 2	 1	395.73	  0.00
594	18	18	v	 0	 1	 9	 3	 2	 1	 1	 1	 1	 1	 1	 1	 1	 1	434.20	  0.00
595	18	18	v	 0	 1	 9	 2	 2	 3	 2	 1	 1	 1	 1	 1	 1	 1	464.62	  0.00
596	18	18	v	 0	 1	 9	 0	 1	 1	 1	 1	 1	 1	 1	 2	 2	 1	494.66	  0.00
597	18	18	v	 0	 1	 9	 1	 1	 1	 1	 0	 1	 1	 1	 2	 2	 1	445.08	  0.00
598	18	18	v	 0	 1	 9	 1	 1	 2	 2	 0	 1	 1	 1	 2	 2	 1	483.63	  0.00
599	18	18	v	 0	 1	 9	 3	 2	 1	 1	 1	 1	 1	 1	 1	 1	 1	449.01	  0.00
600	18	18	v	 0	 1	 9	 2	 2	 3	 2	 0	 1	 1	 1	 1	 1	 1	423.10	  0.00
601	18	18	v	 0	 1	 9	 1	 1	 3	 2	 1	 1	 1	 1	 2	 2	 1	517.76	  0.00
602	18	18	v	 0	 1	 9	 3	 2	 1	 1	 0	 1	 1	 1	 1	 1	 1	484.01	  0.00
603	18	18	v	 0	 1	 9	 2	 2	 2	 2	 1	 1	 1	 1	 1	 1	 1	458.32	  0.00
604	18	18	v	 0	 1	 9	 0	 1	 3	 2	 0	 1	 1	 1	 2	 2	 1	520.68	  0.00
605	18	18	v	 0	 1	 9	 0	 1	 1	 1	 0	 1	 1	 1	 2	 2	 1	454.98	  0.00
606	18	18	v	 0	 1	 9	 2	 2	 2	 2	 0	 1	 1	 1	 1	 1	 1	557.27	  0.00
607	18	18	v	 0	 1	 9	 3	 2	 3	 2	 0	 1	 1	 1	 1	 1	 1	427.55	  0.00
608	18	18	v	 0	 1	 9	 1	 1	 1	 1	 1	 1	 1	 1	 2	 2	 1	408.81	  0.00
609	18	18	v	 0	 1	 9	 1	 1	 2	 2	 1	 1	 1	 1	 2	 2	 1	383.37	  0.00
610	18	18	v	 0	 1	 9	 1	 1	 0	 1	 1	 1	 1	 1	 2	 2	 1	437.76	  0.00
611	18	18	v	 0	 1	 9	 0	 1	 2	 2	 1	 1	 1	 1	 2	 2	 1	363.97	  0.00
612	18	18	v	 0	 1	 9	 3	 2	 3	 2	 1	 1	 1	 1	 1	 1	 1	506.72	  0.00
613	18	18	v	 0	 1	 9	 0	 1	 2	 2	 0	 1	 1	 1	 2	 2	 1	480.78	  0.00
614	18	18	v	 0	 1	 9	 3	 2	 0	 1	 0	 1	 1	 1	 1	 1	 1	591.36	  0.00
615	18	18	v	 0	 1	 9	 1	 1	 1	 1	 0	 1	 1	 1	 2	 2	 1	349.53	  0.00
616	18	18	v	 0	 1	 9	 2	 2	 0	 1	 0	 1	 1	 1	 1	 1	 1	516.04	  0.00
617	18	18	v	 0	 1	 9	 1	 1	 0	 1	 1	 1	 1	 1	 2	 2	 1	466.29	  0.00
618	18	18	v	 0	 1	 9	 0	 1	 3	 2	 0	 1	 1	 1	 2	 2	 1	744.67	  0.00
619	18	18	v	 0	 1	 9	 2	 2	 3	 2	 1	 1	 1	 1	 1	 1	 1	589.57	  0.00
620	18	18	v	 0	 1	 9	 1	 1	 3	 2	 1	 1	 1	 1	 2	 2	 1	403.62	  0.00
621	18	18	v	 0	 1	 9	 2	 2	 0	 1	 1	 1	 1	 1	 1	 1	 1	1722.25	  0.00
622	18	18	v	 0	 1	 9	 3	 2	 2	 2	 1	 1	 1	 1	 1	 1	 1	494.68	  0.00
623	18	18	v	 0	 1	 9	 3	 2	 0	 1	 0	 1	 1	 1	 1	 1	 1	437.02	  0.00
624	18	18	v	 0	 1	 9	 2	 2	 1	 1	 1	 1	 1	 1	 1	 1	 1	395.41	  0.00
625	18	18	v	 0	 1	 9	 1	 1	 2	 2	 0	 1	 1	 1	 2	 2	 1	497.88	  0.00
626	18	18	v	 0	 1	 9	 3	 2	 2	 2	 0	 1	 1	 1	 1	 1	 1	511.13	  0.00
627	18	18	v	 0	 1	 9	 2	 2	 3	 2	 0	 1	 1	 1	 1	 1	 1	485.40	  0.00
628	18	18	v	 0	 1	 9	 0	 1	 3	 2	 1	 1	 1	 1	 2	 2	 1	443.68	  0.00
629	18	18	v	 0	 1	 9	 2	 2	 2	 2	 1	 1	 1	 1	 1	 1	 1	481.37	  0.00
630	18	18	v	 0	 1	 9	 2	 2	 2	 2	 0	 1	 1	 1	 1	 1	 1	424.46	  0.00
631	18	18	v	 0	 1	 9	 0	 1	 1	 1	 1	 1	 1	 1	 2	 2	 1	398.86	  0.00
632	18	18	v	 0	 1	 9	 3	 2	 1	 1	 0	 1	 1	 1	 1	 1	 1	493.35	  0.00
633	18	18	v	 0	 1	 9	 3	 2	 2	 2	 0	 1	 1	 1	 1	 1	 1	491.61	  0.00
634	18	18	v	 0	 1	 9	 1	 1	 0	 1	 0	 1	 1	 1	 2	 2	 1	497.89	  0.00
635	18	18	v	 0	 1	 9	 3	 2	 2	 2	 1	 1	 1	 1	 1	 1	 1	511.32	  0.00
636	18	18	v	 0	 1	 9	 2	 2	 0	 1	 0	 1	 1	 1	 1	 1	 1	389.55	  0.00
637	18	18	v	 0	 1	 9	 3	 2	 0	 1	 1	 1	 1	 1	 1	 1	 1	475.94	  0.00
638	18	18	v	 0	 1	 9	 3	 2	 0	 1	 1	 1	 1	 1	 1	 1	 1	450.27	  0.00
639	18	18	v	 0	 1	 9	 1	 1	 0	 1	 0	 1	 1	 1	 2	 2	 1	472.61	  0.00
640	18	18	v	 0	 1	10	 3	 2	 2	 2	 1	 1	 1	 1	 1	 1	 1	790.72	  0.00
641	18	18	v	 0	 1	10	 1	 1	 2	 2	 0	 1	 1	 1	 1	 1	 1	715.95	  0.00
642	18	18	v	 0	 1	10	 0	 1	 0	 1	 0	 1	 1	 1	 2	 2	 1	601.39	  0.00
643	18	18	v	 0	 1	10	 3	 2	 2	 2	 1	 1	 1	 1	 1	 1	 1	534.86	  0.00
644	18	18	v	 0	 1	10	 3	 2	 1	 1	 1	 1	 1	 1	 1	 1	 1	492.52	  0.00
645	18	18	v	 0	 1	10	 3	 2	 1	 1	 0	 1	 1	 1	 2	 2	 1	554.65	  0.00
646	18	18	v	 0	 1	10	 3	 2	 0	 1	 0	 1	 1	 1	 2	 2	 1	576.35	  0.00
647	18	18	v	 0	 1	10	 1	 1	 0	 1	 1	 1	 1	 1	 2	 1	 0	509.18	  0.00
648	18	18	v	 0	 1	10	 0	 1	 1	 1	 0	 1	 1	 1	 2	 2	 1	898.84	  0.00
649	18	18	v	 0	 1	10	 0	 1	 2	 2	 0	 1	 1	 1	 1	 1	 1	616.06	  0.00
650	18	18	v	 0	 1	10	 3	 2	 3	 2	 1	 1	 1	 1	 1	 1	 1	589.80	  0.00
651	18	18	v	 0	 1	10	 0	 1	 0	 1	 1	 1	 1	 1	 2	 2	 1	507.11	  0.00
652	18	18	v	 0	 1	10	 1	 1	 2	 2	 1	 1	 1	 1	 2	 2	 1	585.18	  0.00
653	18	18	v	 0	 1	10	 3	 2	 0	 1	 1	 1	 1	 1	 1	 1	 1	629.78	  0.00
654	18	18	v	 0	 1	10	 0	 1	 1	 1	 1	 1	 1	 1	 2	 2	 1	555.49	  0.00
655	18	18	v	 0	 1	10	 1	 1	 1	 1	 1	 1	 1	 1	 2	 2	 1	480.91	  0.00
656	18	18	v	 0	 1	10	 1	 1	 1	 1	 0	 1	 1	 1	 2	 2	 1	542.92	  0.00
657	18	18	v	 0	 1	10	 1	 1	 0	 1	 0	 1	 1	 1	 2	 2	 1	412.76	  0.00
658	18	18	v	 0	 1	10	 0	 1	 1	 1	 0	 1	 1	 1	 2	 2	 1	402.59	  0.00
659	18	18	v	 0	 1	10	 1	 1	 0	 1	 1	 1	 1	 1	 2	 2	 1	544.59	  0.00
660	18	18	v	 0	 1	10	 2	 2	 0	 1	 0	 1	 1	 1	 2	 2	 1	478.30	  0.00
661	18	18	v	 0	 1	10	 1	 1	 3	 2	 1	 1	 1	 1	 2	 2	 1	395.24	  0.00
662	18	18	v	 0	 1	10	 2	 2	 2	 2	 0	 1	 1	 1	 1	 1	 1	481.09	  0.00
663	18	18	v	 0	 1	10	 0	 1	 3	 2	 1	 1	 1	 1	 2	 2	 1	510.97	  0.00
664	18	18	v	 0	 1	10	 1	 1	 1	 1	 1	 1	 1	 1	 2	 2	 1	420.40	  0.00
665	18	18	v	 0	 1	10	 1	 1	 3	 2	 1	 1	 1	 1	 2	 2	 1	378.46	  0.00
666	18	18	v	 0	 1	10	 3	 2	 1	 1	 1	 1	 1	 1	 1	 1	 1	520.59	  0.00
667	18	18	v	 0	 1	10	 0	 1	 1	 1	 1	 1	 1	 1	 2	 2	 1	518.42	  0.00
668	18	18	v	 0	 1	10	 0	 1	 0	 1	 1	 1	 1	 1	 2	 2	 1	419.21	  0.00
669	18	18	v	 0	 1	10	 2	 2	 0	 1	 1	 1	 1	 1	 1	 2	 0	369.16	  0.00
670	18	18	v	 0	 1	10	 2	 2	 1	 1	 1	 1	 1	 1	 1	 2	 0	398.81	  0.00
671	18	18	v	 0	 1	10	 3	 2	 2	 2	 0	 1	 1	 1	 1	 1	 1	660.98	  0.00
672	18	18	v	 0	 1	10	 2	 2	 1	 1	 0	 1	 1	 1	 2	 2	 1	594.56	  0.00
673	18	18	v	 0	 1	10	 2	 2	 1	 1	 0	 1	 1	 1	 2	 2	 1	584.29	  0.00
674	18	18	v	 0	 1	10	 0	 1	 3	 2	 1	 1	 1	 1	 2	 2	 1	701.14	  0.00
675	18	18	v	 0	 1	10	 0	 1	 2	 2	 0	 1	 1	 1	 1	 1	 1	514.55	  0.00
676	18	18	v	 0	 1	10	 2	 2	 3	 2	 0	 1	 1	 1	 1	 1	 1	1248.32	  0.00
677	18	18	v	 0	 1	10	 2	 2	 3	 2	 1	 1	 1	 1	 1	 1	 1	765.02	  0.00
678	18	18	v	 0	 1	10	 1	 1	 3	 2	 0	 1	 1	 1	 1	 1	 1	570.39	  0.00
679	18	18	v	 0	 1	10	 2	 2	 2	 2	 0	 1	 1	 1	 1	 1	 1	520.12	  0.00
680	18	18	v	 0	 1	10	 3	 2	 3	 2	 0	 1	 1	 1	 1	 1	 1	749.09	  0.00
681	18	18	v	 0	 1	10	 0	 1	 3	 2	 0	 1	 1	 1	 1	 1	 1	578.27	  0.00
682	18	18	v	 0	 1	10	 2	 2	 0	 1	 1	 1	 1	 1	 1	 1	 1	656.02	  0.00
683	18	18	v	 0	 1	10	 3	 2	 0	 1	 1	 1	 1	 1	 1	 1	 1	901.72	  0.00
684	18	18	v	 0	 1	10	 0	 1	 0	 1	 0	 1	 1	 1	 2	 2	 1	506.81	  0.00
685	18	18	v	 0	 1	10	 2	 2	 1	 1	 1	 1	 1	 1	 1	 1	 1	768.68	  0.00
686	18	18	v	 0	 1	10	 2	 2	 2	 2	 1	 1	 1	 1	 1	 1	 1	406.03	  0.00
687	18	18	v	 0	 1	10	 2	 2	 2	 2	 1	 1	 1	 1	 1	 1	 1	530.86	  0.00
688	18	18	v	 0	 1	10	 3	 2	 0	 1	 0	 1	 1	 1	 2	 2	 1	496.60	  0.00
689	18	18	v	 0	 1	10	 1	 1	 2	 2	 0	 1	 1	 1	 1	 1	 1	1422.57	  0.00
690	18	18	v	 0	 1	10	 3	 2	 2	 2	 0	 1	 1	 1	 1	 1	 1	522.97	  0.00
691	18	18	v	 0	 1	10	 0	 1	 2	 2	 1	 1	 1	 1	 2	 2	 1	504.78	  0.00
692	18	18	v	 0	 1	10	 3	 2	 1	 1	 0	 1	 1	 1	 2	 2	 1	590.62	  0.00
693	18	18	v	 0	 1	10	 3	 2	 3	 2	 0	 1	 1	 1	 1	 1	 1	708.27	  0.00
694	18	18	v	 0	 1	10	 1	 1	 0	 1	 0	 1	 1	 1	 2	 1	 0	656.72	  0.00
695	18	18	v	 0	 1	10	 1	 1	 2	 2	 1	 1	 1	 1	 2	 2	 1	686.36	  0.00
696	18	18	v	 0	 1	10	 0	 1	 3	 2	 0	 1	 1	 1	 1	 1	 1	635.87	  0.00
697	18	18	v	 0	 1	10	 2	 2	 0	 1	 0	 1	 1	 1	 2	 2	 1	577.47	  0.00
698	18	18	v	 0	 1	10	 0	 1	 2	 2	 1	 1	 1	 1	 2	 2	 1	1791.24	  0.00
699	18	18	v	 0	 1	10	 2	 2	 3	 2	 1	 1	 1	 1	 1	 1	 1	491.11	  0.00
700	18	18	v	 0	 1	10	 1	 1	 1	 1	 0	 1	 1	 1	 2	 2	 1	607.86	  0.00
701	18	18	v	 0	 1	10	 3	 2	 3	 2	 1	 1	 1	 1	 1	 2	 0	653.61	  0.00
702	18	18	v	 0	 1	10	 1	 1	 3	 2	 0	 1	 1	 1	 1	 1	 1	603.17	  0.00
703	18	18	v	 0	 1	10	 2	 2	 3	 2	 0	 1	 1	 1	 1	 1	 1	888.81	  0.00
704	18	18	v	 0	 1	11	 1	 1	 1	 1	 0	 1	 1	 1	 2	 2	 1	629.73	  0.00
705	18	18	v	 0	 1	11	 1	 1	 3	 2	 0	 1	 1	 1	 1	 1	 1	595.70	  0.00
706	18	18	v	 0	 1	11	 2	 2	 2	 2	 1	 1	 1	 1	 1	 1	 1	666.03	  0.00
707	18	18	v	 0	 1	11	 3	 2	 2	 2	 1	 1	 1	 1	 1	 1	 1	440.05	  0.00
708	18	18	v	 0	 1	11	 3	 2	 3	 2	 1	 1	 1	 1	 1	 1	 1	398.27	  0.00
709	18	18	v	 0	 1	11	 0	 1	 3	 2	 0	 1	 1	 1	 1	 1	 1	604.92	  0.00
710	18	18	v	 0	 1	11	 0	 1	 3	 2	 1	 1	 1	 1	 2	 2	 1	579.03	  0.00
711	18	18	v	 0	 1	11	 2	 2	 1	 1	 1	 1	 1	 1	 1	 1	 1	569.26	  0.00
712	18	18	v	 0	 1	11	 2	 2	 0	 1	 1	 1	 1	 1	 1	 1	 1	590.45	  0.00
713	18	18	v	 0	 1	11	 1	 1	 2	 2	 0	 1	 1	 1	 1	 1	 1	740.56	  0.00
714	18	18	v	 0	 1	11	 1	 1	 1	 1	 0	 1	 1	 1	 2	 2	 1	498.48	  0.00
715	18	18	v	 0	 1	11	 0	 1	 1	 1	 0	 1	 1	 1	 2	 2	 1	456.77	  0.00
716	18	18	v	 0	 1	11	 0	 1	 0	 1	 1	 1	 1	 1	 2	 2	 1	478.99	  0.00
717	18	18	v	 0	 1	11	 3	 2	 1	 1	 0	 1	 1	 1	 2	 2	 1	1077.57	  0.00
718	18	18	v	 0	 1	11	 1	 1	 2	 2	 1	 1	 1	 1	 2	 2	 1	443.08	  0.00
719	18	18	v	 0	 1	11	 1	 1	 2	 2	 0	 1	 1	 1	 1	 1	 1	536.41	  0.00
720	18	18	v	 0	 1	11	 0	 1	 2	 2	 1	 1	 1	 1	 2	 2	 1	518.71	  0.00
721	18	18	v	 0	 1	11	 1	 1	 3	 2	 0	 1	 1	 1	 1	 1	 1	500.91	  0.00
722	18	18	v	 0	 1	11	 2	 2	 1	 1	 0	 1	 1	 1	 2	 2	 1	619.23	  0.00
723	18	18	v	 0	 1	11	 1	 1	 0	 1	 1	 1	 1	 1	 2	 2	 1	488.62	  0.00
724	18	18	v	 0	 1	11	 2	 2	 3	 2	 1	 1	 1	 1	 1	 1	 1	527.69	  0.00
725	18	18	v	 0	 1	11	 0	 1	 0	 1	 1	 1	 1	 1	 2	 2	 1	637.98	  0.00
726	18	18	v	 0	 1	11	 2	 2	 3	 2	 1	 1	 1	 1	 1	 1	 1	579.94	  0.00
727	18	18	v	 0	 1	11	 1	 1	 1	 1	 1	 1	 1	 1	 2	 2	 1	569.45	  0.00
728	18	18	v	 0	 1	11	 1	 1	 3	 2	 1	 1	 1	 1	 2	 2	 1	432.23	  0.00
729	18	18	v	 0	 1	11	 2	 2	 2	 2	 1	 1	 1	 1	 1	 1	 1	485.83	  0.00
730	18	18	v	 0	 1	11	 1	 1	 3	 2	 1	 1	 1	 1	 2	 2	 1	588.17	  0.00
731	18	18	v	 0	 1	11	 0	 1	 2	 2	 0	 1	 1	 1	 1	 1	 1	602.26	  0.00
732	18	18	v	 0	 1	11	 3	 2	 0	 1	 0	 1	 1	 1	 2	 2	 1	536.45	  0.00
733	18	18	v	 0	 1	11	 2	 2	 3	 2	 0	 1	 1	 1	 1	 1	 1	830.67	  0.00
734	18	18	v	 0	 1	11	 2	 2	 1	 1	 1	 1	 1	 1	 1	 1	 1	668.53	  0.00
735	18	18	v	 0	 1	11	 3	 2	 2	 2	 0	 1	 1	 1	 1	 2	 0	506.51	  0.00
736	18	18	v	 0	 1	11	 2	 2	 0	 1	 0	 1	 1	 1	 2	 2	 1	760.83	  0.00
737	18	18	v	 0	 1	11	 3	 2	 1	 1	 1	 1	 1	 1	 1	 1	 1	821.73	  0.00
738	18	18	v	 0	 1	11	 1	 1	 1	 1	 1	 1	 1	 1	 2	 2	 1	507.66	  0.00
739	18	18	v	 0	 1	11	 1	 1	 2	 2	 1	 1	 1	 1	 2	 2	 1	1066.06	  0.00
740	18	18	v	 0	 1	11	 3	 2	 0	 1	 0	 1	 1	 1	 2	 2	 1	623.45	  0.00
741	18	18	v	 0	 1	11	 3	 2	 2	 2	 0	 1	 1	 1	 1	 1	 1	501.43	  0.00
742	18	18	v	 0	 1	11	 2	 2	 2	 2	 0	 1	 1	 1	 1	 1	 1	459.74	  0.00
743	18	18	v	 0	 1	11	 1	 1	 0	 1	 1	 1	 1	 1	 2	 2	 1	546.10	  0.00
744	18	18	v	 0	 1	11	 0	 1	 3	 2	 0	 1	 1	 1	 1	 1	 1	599.41	  0.00
745	18	18	v	 0	 1	11	 0	 1	 2	 2	 0	 1	 1	 1	 1	 1	 1	509.37	  0.00
746	18	18	v	 0	 1	11	 1	 1	 0	 1	 0	 1	 1	 1	 2	 2	 1	635.79	  0.00
747	18	18	v	 0	 1	11	 0	 1	 2	 2	 1	 1	 1	 1	 2	 2	 1	449.67	  0.00
748	18	18	v	 0	 1	11	 3	 2	 1	 1	 1	 1	 1	 1	 1	 1	 1	480.22	  0.00
749	18	18	v	 0	 1	11	 3	 2	 0	 1	 1	 1	 1	 1	 1	 1	 1	502.63	  0.00
750	18	18	v	 0	 1	11	 2	 2	 0	 1	 0	 1	 1	 1	 2	 2	 1	484.82	  0.00
751	18	18	v	 0	 1	11	 0	 1	 1	 1	 1	 1	 1	 1	 2	 2	 1	483.26	  0.00
752	18	18	v	 0	 1	11	 0	 1	 1	 1	 1	 1	 1	 1	 2	 2	 1	464.75	  0.00
753	18	18	v	 0	 1	11	 3	 2	 2	 2	 1	 1	 1	 1	 1	 1	 1	519.61	  0.00
754	18	18	v	 0	 1	11	 0	 1	 0	 1	 0	 1	 1	 1	 2	 2	 1	725.14	  0.00
755	18	18	v	 0	 1	11	 3	 2	 1	 1	 0	 1	 1	 1	 2	 2	 1	555.12	  0.00
756	18	18	v	 0	 1	11	 2	 2	 0	 1	 1	 1	 1	 1	 1	 1	 1	537.38	  0.00
757	18	18	v	 0	 1	11	 2	 2	 1	 1	 0	 1	 1	 1	 2	 2	 1	767.55	  0.00
758	18	18	v	 0	 1	11	 3	 2	 3	 2	 1	 1	 1	 1	 1	 1	 1	573.35	  0.00
759	18	18	v	 0	 1	11	 3	 2	 0	 1	 1	 1	 1	 1	 1	 1	 1	459.77	  0.00
760	18	18	v	 0	 1	11	 3	 2	 3	 2	 0	 1	 1	 1	 1	 2	 0	689.98	  0.00
761	18	18	v	 0	 1	11	 3	 2	 3	 2	 0	 1	 1	 1	 1	 1	 1	647.16	  0.00
762	18	18	v	 0	 1	11	 0	 1	 3	 2	 1	 1	 1	 1	 2	 2	 1	605.19	  0.00
763	18	18	v	 0	 1	11	 0	 1	 0	 1	 0	 1	 1	 1	 2	 2	 1	1019.28	  0.00
764	18	18	v	 0	 1	11	 0	 1	 1	 1	 0	 1	 1	 1	 2	 2	 1	656.81	  0.00
765	18	18	v	 0	 1	11	 2	 2	 2	 2	 0	 1	 1	 1	 1	 1	 1	478.91	  0.00
766	18	18	v	 0	 1	11	 2	 2	 3	 2	 0	 1	 1	 1	 1	 1	 1	549.23	  0.00
767	18	18	v	 0	 1	11	 1	 1	 0	 1	 0	 1	 1	 1	 2	 2	 1	587.44	  0.00
768	18	18	v	 0	 1	12	 1	 1	 2	 2	 1	 1	 1	 1	 2	 2	 1	705.47	  0.00
769	18	18	v	 0	 1	12	 2	 2	 0	 1	 1	 1	 1	 1	 1	 1	 1	479.77	  0.00
770	18	18	v	 0	 1	12	 1	 1	 2	 2	 1	 1	 1	 1	 2	 2	 1	605.03	  0.00
771	18	18	v	 0	 1	12	 1	 1	 0	 1	 0	 1	 1	 1	 2	 2	 1	827.06	  0.00
772	18	18	v	 0	 1	12	 3	 2	 3	 2	 0	 1	 1	 1	 1	 1	 1	464.93	  0.00
773	18	18	v	 0	 1	12	 0	 1	 2	 2	 0	 1	 1	 1	 1	 1	 1	583.41	  0.00
774	18	18	v	 0	 1	12	 3	 2	 3	 2	 1	 1	 1	 1	 1	 1	 1	701.47	  0.00
775	18	18	v	 0	 1	12	 2	 2	 2	 2	 0	 1	 1	 1	 1	 1	 1	475.38	  0.00
776	18	18	v	 0	 1	12	 3	 2	 3	 2	 0	 1	 1	 1	 1	 1	 1	457.74	  0.00
777	18	18	v	 0	 1	12	 3	 2	 2	 2	 0	 1	 1	 1	 1	 1	 1	600.05	  0.00
778	18	18	v	 0	 1	12	 1	 1	 1	 1	 0	 1	 1	 1	 2	 2	 1	669.39	  0.00
779	18	18	v	 0	 1	12	 0	 1	 2	 2	 0	 1	 1	 1	 1	 1	 1	499.34	  0.00
780	18	18	v	 0	 1	12	 2	 2	 2	 2	 1	 1	 1	 1	 1	 1	 1	665.67	  0.00
781	18	18	v	 0	 1	12	 0	 1	 0	 1	 0	 1	 1	 1	 2	 2	 1	567.70	  0.00
782	18	18	v	 0	 1	12	 2	 2	 3	 2	 1	 1	 1	 1	 1	 1	 1	509.88	  0.00
783	18	18	v	 0	 1	12	 3	 2	 1	 1	 0	 1	 1	 1	 2	 2	 1	860.17	  0.00
784	18	18	v	 0	 1	12	 0	 1	 0	 1	 0	 1	 1	 1	 2	 2	 1	753.99	  0.00
785	18	18	v	 0	 1	12	 3	 2	 1	 1	 1	 1	 1	 1	 1	 1	 1	583.68	  0.00
786	18	18	v	 0	 1	12	 3	 2	 3	 2	 1	 1	 1	 1	 1	 1	 1	517.04	  0.00
787	18	18	v	 0	 1	12	 1	 1	 3	 2	 1	 1	 1	 1	 2	 2	 1	515.45	  0.00
788	18	18	v	 0	 1	12	 3	 2	 0	 1	 1	 1	 1	 1	 1	 1	 1	657.42	  0.00
789	18	18	v	 0	 1	12	 0	 1	 3	 2	 0	 1	 1	 1	 1	 1	 1	615.67	  0.00
790	18	18	v	 0	 1	12	 0	 1	 0	 1	 1	 1	 1	 1	 2	 2	 1	549.81	  0.00
791	18	18	v	 0	 1	12	 0	 1	 2	 2	 1	 1	 1	 1	 2	 2	 1	611.43	  0.00
792	18	18	v	 0	 1	12	 2	 2	 0	 1	 0	 1	 1	 1	 2	 2	 1	866.09	  0.00
793	18	18	v	 0	 1	12	 2	 2	 3	 2	 1	 1	 1	 1	 1	 1	 1	951.91	  0.00
794	18	18	v	 0	 1	12	 3	 2	 1	 1	 0	 1	 1	 1	 2	 2	 1	605.52	  0.00
795	18	18	v	 0	 1	12	 3	 2	 2	 2	 1	 1	 1	 1	 1	 2	 0	627.52	  0.00
796	18	18	v	 0	 1	12	 2	 2	 1	 1	 1	 1	 1	 1	 1	 1	 1	608.62	  0.00
797	18	18	v	 0	 1	12	 2	 2	 3	 2	 0	 1	 1	 1	 1	 1	 1	622.99	  0.00
798	18	18	v	 0	 1	12	 2	 2	 0	 1	 1	 1	 1	 1	 1	 1	 1	572.84	  0.00
799	18	18	v	 0	 1	12	 0	 1	 0	 1	 1	 1	 1	 1	 2	 1	 0	459.35	  0.00
800	18	18	v	 0	 1	12	 0	 1	 1	 1	 0	 1	 1	 1	 2	 2	 1	761.58	  0.00
801	18	18	v	 0	 1	12	 0	 1	 1	 1	 1	 1	 1	 1	 2	 2	 1	1015.54	  0.00
802	18	18	v	 0	 1	12	 2	 2	 2	 2	 1	 1	 1	 1	 1	 1	 1	556.19	  0.00
803	18	18	v	 0	 1	12	 0	 1	 2	 2	 1	 1	 1	 1	 2	 2	 1	674.39	  0.00
804	18	18	v	 0	 1	12	 1	 1	 1	 1	 0	 1	 1	 1	 2	 2	 1	584.35	  0.00
805	18	18	v	 0	 1	12	 0	 1	 3	 2	 1	 1	 1	 1	 2	 2	 1	550.39	  0.00
806	18	18	v	 0	 1	12	 3	 2	 0	 1	 0	 1	 1	 1	 2	 2	 1	580.85	  0.00
807	18	18	v	 0	 1	12	 1	 1	 3	 2	 0	 1	 1	 1	 1	 1	 1	586.86	  0.00
808	18	18	v	 0	 1	12	 0	 1	 1	 1	 1	 1	 1	 1	 2	 2	 1	681.10	  0.00
809	18	18	v	 0	 1	12	 2	 2	 1	 1	 1	 1	 1	 1	 1	 1	 1	567.23	  0.00
810	18	18	v	 0	 1	12	 1	 1	 3	 2	 1	 1	 1	 1	 2	 2	 1	620.29	  0.00
811	18	18	v	 0	 1	12	 2	 2	 1	 1	 0	 1	 1	 1	 2	 2	 1	562.40	  0.00
812	18	18	v	 0	 1	12	 1	 1	 1	 1	 1	 1	 1	 1	 2	 2	 1	664.68	  0.00
813	18	18	v	 0	 1	12	 2	 2	 2	 2	 0	 1	 1	 1	 1	 1	 1	598.72	  0.00
814	18	18	v	 0	 1	12	 3	 2	 2	 2	 0	 1	 1	 1	 1	 1	 1	644.88	  0.00
815	18	18	v	 0	 1	12	 0	 1	 3	 2	 0	 1	 1	 1	 1	 2	 0	907.00	  0.00
816	18	18	v	 0	 1	12	 2	 2	 3	 2	 0	 1	 1	 1	 1	 1	 1	456.76	  0.00
817	18	18	v	 0	 1	12	 1	 1	 2	 2	 0	 1	 1	 1	 1	 1	 1	479.10	  0.00
818	18	18	v	 0	 1	12	 1	 1	 2	 2	 0	 1	 1	 1	 1	 1	 1	461.42	  0.00
819	18	18	v	 0	 1	12	 2	 2	 1	 1	 0	 1	 1	 1	 2	 2	 1	603.73	  0.00
820	18	18	v	 0	 1	12	 1	 1	 0	 1	 0	 1	 1	 1	 2	 2	 1	592.82	  0.00
821	18	18	v	 0	 1	12	 0	 1	 3	 2	 1	 1	 1	 1	 2	 2	 1	639.14	  0.00
822	18	18	v	 0	 1	12	 1	 1	 1	 1	 1	 1	 1	 1	 2	 2	 1	533.21	  0.00
823	18	18	v	 0	 1	12	 1	 1	 0	 1	 1	 1	 1	 1	 2	 2	 1	491.29	  0.00
824	18	18	v	 0	 1	12	 3	 2	 2	 2	 1	 1	 1	 1	 1	 1	 1	505.83	  0.00
825	18	18	v	 0	 1	12	 1	 1	 0	 1	 1	 1	 1	 1	 2	 2	 1	471.45	  0.00
826	18	18	v	 0	 1	12	 0	 1	 1	 1	 0	 1	 1	 1	 2	 2	 1	670.42	  0.00
827	18	18	v	 0	 1	12	 2	 2	 0	 1	 0	 1	 1	 1	 2	 2	 1	548.49	  0.00
828	18	18	v	 0	 1	12	 3	 2	 0	 1	 0	 1	 1	 1	 2	 2	 1	441.87	  0.00
829	18	18	v	 0	 1	12	 3	 2	 0	 1	 1	 1	 1	 1	 1	 1	 1	656.08	  0.00
830	18	18	v	 0	 1	12	 3	 2	 1	 1	 1	 1	 1	 1	 1	 1	 1	470.18	  0.00
831	18	18	v	 0	 1	12	 1	 1	 3	 2	 0	 1	 1	 1	 1	 1	 1	1500.42	  0.00
832	18	18	v	 0	 1	13	 1	 1	 0	 1	 1	 1	 1	 1	 2	 2	 1	577.36	  0.00
833	18	18	v	 0	 1	13	 3	 2	 0	 1	 1	 1	 1	 1	 1	 1	 1	623.47	  0.00
834	18	18	v	 0	 1	13	 3	 2	 2	 2	 1	 1	 1	 1	 1	 1	 1	437.62	  0.00
835	18	18	v	 0	 1	13	 3	 2	 3	 2	 0	 1	 1	 1	 1	 1	 1	523.95	  0.00
836	18	18	v	 0	 1	13	 3	 2	 2	 2	 0	 1	 1	 1	 1	 1	 1	482.21	  0.00
837	18	18	v	 0	 1	13	 0	 1	 3	 2	 0	 1	 1	 1	 1	 1	 1	527.57	  0.00
838	18	18	v	 0	 1	13	 2	 2	 0	 1	 0	 1	 1	 1	 2	 2	 1	493.84	  0.00
839	18	18	v	 0	 1	13	 0	 1	 2	 2	 0	 1	 1	 1	 1	 1	 1	828.24	  0.00
840	18	18	v	 0	 1	13	 1	 1	 3	 2	 0	 1	 1	 1	 1	 1	 1	521.92	  0.00
841	18	18	v	 0	 1	13	 1	 1	 3	 2	 1	 1	 1	 1	 2	 2	 1	616.30	  0.00
842	18	18	v	 0	 1	13	 1	 1	 1	 1	 1	 1	 1	 1	 2	 2	 1	486.42	  0.00
843	18	18	v	 0	 1	13	 0	 1	 0	 1	 1	 1	 1	 1	 2	 2	 1	388.73	  0.00
844	18	18	v	 0	 1	13	 1	 1	 0	 1	 0	 1	 1	 1	 2	 1	 0	562.20	  0.00
845	18	18	v	 0	 1	13	 0	 1	 0	 1	 1	 1	 1	 1	 2	 2	 1	752.18	  0.00
846	18	18	v	 0	 1	13	 3	 2	 1	 1	 0	 1	 1	 1	 2	 2	 1	622.29	  0.00
847	18	18	v	 0	 1	13	 2	 2	 2	 2	 1	 1	 1	 1	 1	 1	 1	580.47	  0.00
848	18	18	v	 0	 1	13	 2	 2	 2	 2	 0	 1	 1	 1	 1	 1	 1	506.51	  0.00
849	18	18	v	 0	 1	13	 2	 2	 0	 1	 1	 1	 1	 1	 1	 1	 1	368.74	  0.00
850	18	18	v	 0	 1	13	 3	 2	 2	 2	 1	 1	 1	 1	 1	 1	 1	415.18	  0.00
851	18	18	v	 0	 1	13	 0	 1	 3	 2	 1	 1	 1	 1	 2	 2	 1	621.67	  0.00
852	18	18	v	 0	 1	13	 2	 2	 3	 2	 0	 1	 1	 1	 1	 1	 1	563.84	  0.00
853	18	18	v	 0	 1	13	 3	 2	 0	 1	 0	 1	 1	 1	 2	 2	 1	706.08	  0.00
854	18	18	v	 0	 1	13	 2	 2	 0	 1	 0	 1	 1	 1	 2	 2	 1	511.04	  0.00
855	18	18	v	 0	 1	13	 3	 2	 1	 1	 1	 1	 1	 1	 1	 1	 1	597.13	  0.00
856	18	18	v	 0	 1	13	 3	 2	 2	 2	 0	 1	 1	 1	 1	 1	 1	579.50	  0.00
857	18	18	v	 0	 1	13	 2	 2	 3	 2	 0	 1	 1	 1	 1	 1	 1	401.66	  0.00
858	18	18	v	 0	 1	13	 3	 2	 0	 1	 0	 1	 1	 1	 2	 2	 1	576.15	  0.00
859	18	18	v	 0	 1	13	 0	 1	 2	 2	 1	 1	 1	 1	 2	 2	 1	566.33	  0.00
860	18	18	v	 0	 1	13	 0	 1	 1	 1	 0	 1	 1	 1	 2	 2	 1	588.48	  0.00
861	18	18	v	 0	 1	13	 0	 1	 1	 1	 1	 1	 1	 1	 2	 2	 1	426.50	  0.00
862	18	18	v	 0	 1	13	 1	 1	 3	 2	 1	 1	 1	 1	 2	 2	 1	496.09	  0.00
863	18	18	v	 0	 1	13	 2	 2	 2	 2	 1	 1	 1	 1	 1	 1	 1	574.42	  0.00
864	18	18	v	 0	 1	13	 1	 1	 2	 2	 0	 1	 1	 1	 1	 1	 1	916.56	  0.00
865	18	18	v	 0	 1	13	 2	 2	 1	 1	 1	 1	 1	 1	 1	 2	 0	474.21	  0.00
866	18	18	v	 0	 1	13	 0	 1	 1	 1	 0	 1	 1	 1	 2	 2	 1	584.56	  0.00
867	18	18	v	 0	 1	13	 2	 2	 3	 2	 1	 1	 1	 1	 1	 1	 1	526.80	  0.00
868	18	18	v	 0	 1	13	 0	 1	 3	 2	 1	 1	 1	 1	 2	 2	 1	533.09	  0.00
869	18	18	v	 0	 1	13	 2	 2	 1	 1	 0	 1	 1	 1	 2	 2	 1	579.25	  0.00
870	18	18	v	 0	 1	13	 0	 1	 1	 1	 1	 1	 1	 1	 2	 2	 1	472.58	  0.00
871	18	18	v	 0	 1	13	 3	 2	 3	 2	 0	 1	 1	 1	 1	 1	 1	599.74	  0.00
872	18	18	v	 0	 1	13	 1	 1	 2	 2	 1	 1	 1	 1	 2	 2	 1	580.99	  0.00
873	18	18	v	 0	 1	13	 0	 1	 2	 2	 0	 1	 1	 1	 1	 1	 1	539.16	  0.00
874	18	18	v	 0	 1	13	 2	 2	 1	 1	 1	 1	 1	 1	 1	 1	 1	745.39	  0.00
875	18	18	v	 0	 1	13	 3	 2	 0	 1	 1	 1	 1	 1	 1	 1	 1	759.34	  0.00
876	18	18	v	 0	 1	13	 2	 2	 0	 1	 1	 1	 1	 1	 1	 1	 1	541.24	  0.00
877	18	18	v	 0	 1	13	 0	 1	 3	 2	 0	 1	 1	 1	 1	 1	 1	1747.47	  0.00
878	18	18	v	 0	 1	13	 1	 1	 3	 2	 0	 1	 1	 1	 1	 1	 1	454.96	  0.00
879	18	18	v	 0	 1	13	 1	 1	 2	 2	 1	 1	 1	 1	 2	 2	 1	493.30	  0.00
880	18	18	v	 0	 1	13	 1	 1	 1	 1	 0	 1	 1	 1	 2	 2	 1	443.52	  0.00
881	18	18	v	 0	 1	13	 1	 1	 1	 1	 0	 1	 1	 1	 2	 2	 1	401.83	  0.00
882	18	18	v	 0	 1	13	 1	 1	 1	 1	 1	 1	 1	 1	 2	 2	 1	456.45	  0.00
883	18	18	v	 0	 1	13	 1	 1	 0	 1	 1	 1	 1	 1	 2	 2	 1	374.79	  0.00
884	18	18	v	 0	 1	13	 1	 1	 2	 2	 0	 1	 1	 1	 1	 1	 1	669.11	  0.00
885	18	18	v	 0	 1	13	 2	 2	 1	 1	 0	 1	 1	 1	 2	 2	 1	523.24	  0.00
886	18	18	v	 0	 1	13	 3	 2	 3	 2	 1	 1	 1	 1	 1	 1	 1	680.77	  0.00
887	18	18	v	 0	 1	13	 2	 2	 3	 2	 1	 1	 1	 1	 1	 1	 1	574.59	  0.00
888	18	18	v	 0	 1	13	 3	 2	 1	 1	 1	 1	 1	 1	 1	 1	 1	588.73	  0.00
889	18	18	v	 0	 1	13	 2	 2	 2	 2	 0	 1	 1	 1	 1	 1	 1	610.87	  0.00
890	18	18	v	 0	 1	13	 0	 1	 2	 2	 1	 1	 1	 1	 2	 2	 1	424.83	  0.00
891	18	18	v	 0	 1	13	 3	 2	 1	 1	 0	 1	 1	 1	 2	 1	 0	479.51	  0.00
892	18	18	v	 0	 1	13	 3	 2	 3	 2	 1	 1	 1	 1	 1	 1	 1	533.85	  0.00
893	18	18	v	 0	 1	13	 0	 1	 0	 1	 0	 1	 1	 1	 2	 2	 1	556.02	  0.00
894	18	18	v	 0	 1	13	 0	 1	 0	 1	 0	 1	 1	 1	 2	 2	 1	378.30	  0.00
895	18	18	v	 0	 1	13	 1	 1	 0	 1	 0	 1	 1	 1	 2	 2	 1	655.81	  0.00
